#!ascii label  , from subject sub-01 vox2ras=TkReg
627
29533  -25.719  -64.699  29.496 0.0000000000
51590  -45.292  -46.099  27.017 0.0000000000
58294  -48.443  -39.558  25.781 0.0000000000
61616  -55.137  -36.026  22.192 0.0000000000
47670  -43.952  -50.161  25.748 0.0000000000
59420  -51.793  -37.363  24.199 0.0000000000
65713  -56.511  -31.637  17.167 0.0000000000
68618  -59.346  -28.061  17.083 0.0000000000
49696  -47.650  -47.540  27.165 0.0000000000
52507  -48.524  -43.756  25.612 0.0000000000
54359  -46.360  -42.769  25.944 0.0000000000
31905  -27.850  -64.324  31.973 0.0000000000
33038  -31.419  -62.305  29.757 0.0000000000
37679  -33.047  -57.839  31.907 0.0000000000
43432  -34.533  -53.668  32.838 0.0000000000
45647  -39.267  -52.890  30.760 0.0000000000
45677  -43.051  -52.602  29.039 0.0000000000
46688  -46.135  -50.405  28.260 0.0000000000
53449  -50.943  -42.492  24.272 0.0000000000
71484  -61.528  -26.276  16.294 0.0000000000
50661  -46.052  -46.471  28.272 0.0000000000
52498  -46.906  -44.642  27.137 0.0000000000
52503  -45.931  -44.194  26.474 0.0000000000
33035  -28.237  -63.419  30.724 0.0000000000
30730  -30.165  -63.829  30.575 0.0000000000
45689  -39.333  -52.377  28.253 0.0000000000
45660  -41.705  -53.033  29.653 0.0000000000
44666  -41.689  -52.931  27.653 0.0000000000
49694  -44.496  -48.349  26.625 0.0000000000
47647  -44.156  -49.777  28.300 0.0000000000
49683  -44.864  -47.624  28.007 0.0000000000
47657  -47.246  -49.407  27.827 0.0000000000
55283  -48.912  -41.686  26.808 0.0000000000
53439  -49.968  -42.835  25.353 0.0000000000
56257  -50.427  -40.748  25.933 0.0000000000
60511  -53.560  -36.594  23.418 0.0000000000
58351  -53.232  -38.839  24.361 0.0000000000
58373  -55.282  -38.344  22.830 0.0000000000
58410  -56.672  -38.584  20.762 0.0000000000
64691  -59.074  -31.885  18.168 0.0000000000
62668  -57.760  -33.799  18.078 0.0000000000
45752  -41.991  -52.253  25.182 0.0000000000
60562  -52.674  -36.201  20.800 0.0000000000
67657  -57.870  -29.668  17.723 0.0000000000
66677  -59.901  -30.358  17.510 0.0000000000
70597  -61.992  -26.865  15.147 0.0000000000
48739  -48.056  -48.317  25.999 0.0000000000
51593  -47.855  -45.359  26.398 0.0000000000
54353  -47.227  -43.070  26.914 0.0000000000
29505  -27.386  -65.078  30.960 0.0000000000
33047  -33.381  -61.408  29.251 0.0000000000
35295  -32.507  -60.164  30.772 0.0000000000
36506  -33.739  -59.269  29.943 0.0000000000
38910  -33.989  -57.320  30.284 0.0000000000
41200  -34.600  -54.948  30.517 0.0000000000
42343  -36.625  -54.252  30.619 0.0000000000
45631  -36.868  -52.399  31.734 0.0000000000
42346  -40.982  -54.563  30.032 0.0000000000
45714  -43.665  -52.069  27.189 0.0000000000
45694  -44.742  -51.442  28.052 0.0000000000
44682  -46.004  -52.414  27.153 0.0000000000
45716  -47.345  -51.336  27.116 0.0000000000
46697  -48.322  -49.807  26.571 0.0000000000
58298  -52.095  -39.417  25.391 0.0000000000
61669  -56.745  -35.370  18.455 0.0000000000
60564  -57.323  -35.994  20.670 0.0000000000
29503  -25.034  -64.786  31.260 0.0000000000
50667  -45.380  -46.054  27.602 0.0000000000
51584  -45.727  -45.578  27.993 0.0000000000
51591  -45.688  -45.262  26.986 0.0000000000
45710  -39.218  -51.985  27.360 0.0000000000
45690  -40.317  -52.827  28.248 0.0000000000
45712  -40.929  -52.888  26.857 0.0000000000
49695  -44.777  -47.560  27.107 0.0000000000
49682  -44.560  -48.469  27.501 0.0000000000
50659  -44.971  -46.981  27.985 0.0000000000
49684  -45.666  -47.520  28.244 0.0000000000
56256  -49.357  -40.901  26.201 0.0000000000
57242  -48.912  -39.937  26.469 0.0000000000
60530  -54.144  -36.016  22.787 0.0000000000
60512  -54.429  -36.785  23.321 0.0000000000
60513  -55.179  -36.873  22.836 0.0000000000
58387  -56.010  -38.259  22.042 0.0000000000
59460  -56.232  -37.542  21.826 0.0000000000
63688  -59.378  -32.668  17.142 0.0000000000
63672  -58.994  -33.055  17.526 0.0000000000
63687  -59.056  -33.394  16.883 0.0000000000
68615  -57.274  -29.070  16.245 0.0000000000
68607  -58.455  -28.953  17.350 0.0000000000
67650  -59.016  -29.949  18.242 0.0000000000
67660  -60.222  -29.356  17.543 0.0000000000
66694  -60.533  -29.429  16.634 0.0000000000
68611  -60.668  -28.351  17.043 0.0000000000
70585  -62.066  -26.649  16.101 0.0000000000
49698  -48.234  -48.333  26.548 0.0000000000
50674  -47.852  -46.593  26.255 0.0000000000
50669  -47.844  -46.557  26.894 0.0000000000
53425  -46.371  -43.617  26.801 0.0000000000
53431  -47.052  -43.879  26.939 0.0000000000
55263  -46.757  -42.473  26.535 0.0000000000
55281  -47.495  -41.739  26.691 0.0000000000
56238  -47.042  -41.562  25.579 0.0000000000
29521  -28.047  -65.147  30.173 0.0000000000
30728  -28.685  -64.449  31.142 0.0000000000
31914  -30.651  -63.264  30.085 0.0000000000
37677  -31.678  -57.875  32.010 0.0000000000
36497  -32.613  -59.075  31.161 0.0000000000
36505  -33.305  -59.644  30.336 0.0000000000
36499  -33.728  -58.744  30.389 0.0000000000
37701  -33.916  -58.213  29.979 0.0000000000
38891  -33.604  -57.304  31.035 0.0000000000
42322  -35.018  -54.258  31.740 0.0000000000
42342  -35.923  -54.289  30.308 0.0000000000
42323  -36.445  -54.066  31.869 0.0000000000
45657  -38.434  -52.410  30.049 0.0000000000
45644  -36.800  -52.124  30.974 0.0000000000
45646  -38.314  -52.653  30.904 0.0000000000
44638  -37.705  -53.500  31.051 0.0000000000
44640  -39.291  -53.361  31.041 0.0000000000
42345  -39.798  -54.400  30.137 0.0000000000
44641  -39.908  -53.459  30.655 0.0000000000
45661  -42.586  -52.797  29.636 0.0000000000
44649  -42.025  -53.253  29.996 0.0000000000
44657  -42.944  -53.035  29.268 0.0000000000
44668  -43.270  -52.758  28.437 0.0000000000
45734  -43.464  -52.220  26.173 0.0000000000
46701  -44.000  -51.129  26.385 0.0000000000
47649  -45.239  -49.549  28.185 0.0000000000
46686  -44.569  -50.371  28.041 0.0000000000
46687  -45.320  -50.412  28.136 0.0000000000
44670  -45.177  -52.426  27.998 0.0000000000
44671  -45.860  -51.886  27.868 0.0000000000
45697  -47.095  -50.840  27.654 0.0000000000
48720  -47.369  -48.455  27.406 0.0000000000
47658  -47.706  -49.387  27.137 0.0000000000
48721  -47.997  -48.524  26.976 0.0000000000
47672  -48.048  -49.327  25.759 0.0000000000
33032  -27.599  -63.298  32.028 0.0000000000
31896  -27.125  -63.660  32.755 0.0000000000
30704  -26.806  -64.182  32.608 0.0000000000
51601  -48.003  -45.454  25.683 0.0000000000
51602  -48.423  -44.400  25.181 0.0000000000
53448  -50.600  -42.771  24.529 0.0000000000
59400  -51.203  -37.969  24.770 0.0000000000
58322  -51.222  -38.503  25.273 0.0000000000
58323  -52.018  -38.623  25.299 0.0000000000
56300  -53.825  -39.758  23.083 0.0000000000
56286  -53.159  -40.262  23.728 0.0000000000
62661  -58.482  -34.915  18.467 0.0000000000
61670  -57.446  -34.816  18.228 0.0000000000
61655  -57.550  -35.416  19.104 0.0000000000
61654  -56.717  -35.570  19.517 0.0000000000
60566  -58.114  -35.935  19.532 0.0000000000
59480  -57.426  -37.173  20.294 0.0000000000
69622  -59.377  -27.207  16.161 0.0000000000
70582  -60.423  -26.895  16.509 0.0000000000
71502  -60.259  -25.975  15.331 0.0000000000
71503  -60.647  -25.356  14.985 0.0000000000
50662  -46.827  -46.425  28.121 0.0000000000
51586  -47.110  -45.546  27.731 0.0000000000
51585  -46.465  -45.408  28.056 0.0000000000
52497  -46.248  -44.499  27.139 0.0000000000
53437  -46.037  -43.375  25.951 0.0000000000
31906  -28.302  -63.816  31.565 0.0000000000
31907  -29.037  -63.910  31.292 0.0000000000
33045  -30.893  -62.493  29.590 0.0000000000
45673  -39.387  -52.513  29.195 0.0000000000
45659  -40.349  -53.076  30.034 0.0000000000
45674  -40.361  -52.841  29.210 0.0000000000
45675  -41.460  -52.950  29.060 0.0000000000
45692  -42.469  -52.752  27.984 0.0000000000
48738  -44.248  -49.185  26.173 0.0000000000
47664  -44.193  -50.045  26.701 0.0000000000
48719  -44.347  -49.152  26.981 0.0000000000
48700  -44.592  -48.916  28.125 0.0000000000
47650  -45.752  -49.462  28.182 0.0000000000
47651  -46.593  -49.446  28.257 0.0000000000
48702  -46.125  -48.479  28.148 0.0000000000
49685  -46.485  -47.447  28.214 0.0000000000
33034  -27.474  -62.811  30.743 0.0000000000
54362  -48.396  -42.514  26.785 0.0000000000
53438  -49.206  -43.039  25.777 0.0000000000
54368  -49.728  -42.392  26.004 0.0000000000
55298  -50.043  -41.650  26.176 0.0000000000
55299  -50.889  -41.560  25.932 0.0000000000
60509  -52.118  -36.996  23.614 0.0000000000
59421  -52.503  -37.444  24.496 0.0000000000
60497  -53.698  -37.153  23.771 0.0000000000
58372  -54.533  -38.369  23.334 0.0000000000
65702  -57.509  -31.534  18.403 0.0000000000
63670  -56.953  -32.971  17.291 0.0000000000
63660  -58.189  -32.986  18.054 0.0000000000
62670  -58.742  -34.360  17.998 0.0000000000
50680  -44.784  -46.530  25.581 0.0000000000
49728  -44.317  -47.367  25.224 0.0000000000
58320  -49.135  -38.979  25.087 0.0000000000
59440  -51.474  -37.285  23.191 0.0000000000
60528  -52.236  -36.721  22.636 0.0000000000
60546  -52.853  -36.222  21.832 0.0000000000
61635  -54.224  -35.785  21.557 0.0000000000
66675  -56.971  -30.771  17.128 0.0000000000
66668  -57.945  -30.590  18.460 0.0000000000
65715  -59.634  -31.196  17.612 0.0000000000
65726  -59.756  -31.284  16.617 0.0000000000
69612  -61.672  -27.460  16.336 0.0000000000
69638  -61.904  -27.855  15.500 0.0000000000
49729  -47.623  -47.492  25.290 0.0000000000
52506  -47.904  -44.088  26.115 0.0000000000
52499  -47.244  -45.091  27.182 0.0000000000
52505  -47.563  -44.485  26.821 0.0000000000
53433  -47.885  -43.400  26.603 0.0000000000
55282  -48.172  -41.685  26.898 0.0000000000
56240  -47.897  -40.876  26.556 0.0000000000
51608  -45.599  -44.970  25.449 0.0000000000
53446  -45.981  -43.365  25.290 0.0000000000
56255  -46.502  -41.291  24.771 0.0000000000
29519  -26.129  -64.777  30.041 0.0000000000
29535  -27.744  -64.692  29.136 0.0000000000
34216  -33.519  -60.832  27.811 0.0000000000
34198  -30.960  -61.510  29.216 0.0000000000
34186  -31.745  -61.180  30.274 0.0000000000
34187  -32.242  -61.330  30.205 0.0000000000
35314  -33.771  -60.207  29.544 0.0000000000
40117  -34.201  -56.256  28.817 0.0000000000
41223  -34.333  -55.478  29.392 0.0000000000
44627  -34.645  -52.722  32.050 0.0000000000
45643  -35.738  -52.266  31.115 0.0000000000
44628  -35.657  -52.815  32.091 0.0000000000
42324  -37.029  -54.083  31.747 0.0000000000
41201  -37.737  -54.560  30.968 0.0000000000
44648  -41.122  -53.400  30.068 0.0000000000
44693  -41.553  -52.889  26.688 0.0000000000
45713  -42.756  -52.716  27.005 0.0000000000
45693  -43.778  -51.846  28.034 0.0000000000
46694  -44.232  -50.851  27.296 0.0000000000
44669  -44.038  -52.482  27.981 0.0000000000
44681  -45.363  -53.058  27.362 0.0000000000
45717  -48.004  -51.469  26.574 0.0000000000
46695  -47.354  -50.270  27.370 0.0000000000
46696  -48.093  -50.369  26.830 0.0000000000
45736  -48.185  -50.955  25.964 0.0000000000
46713  -47.978  -50.152  25.541 0.0000000000
29486  -25.735  -64.806  31.940 0.0000000000
58295  -49.502  -39.150  25.888 0.0000000000
57244  -50.930  -39.879  26.032 0.0000000000
55301  -52.008  -41.166  25.149 0.0000000000
58324  -52.721  -39.070  25.022 0.0000000000
56275  -52.578  -40.448  24.446 0.0000000000
54379  -51.756  -41.301  24.103 0.0000000000
60575  -53.417  -35.964  20.198 0.0000000000
61636  -54.920  -35.783  21.165 0.0000000000
62679  -56.932  -33.830  17.314 0.0000000000
61707  -55.946  -34.890  16.835 0.0000000000
61668  -55.866  -35.691  18.774 0.0000000000
61653  -55.842  -35.738  19.879 0.0000000000
61624  -56.223  -35.934  21.265 0.0000000000
59471  -57.267  -37.416  20.955 0.0000000000
29532  -25.150  -64.750  29.524 0.0000000000
45711  -40.302  -52.711  27.245 0.0000000000
45731  -40.018  -52.097  26.367 0.0000000000
50673  -44.928  -46.665  26.627 0.0000000000
50666  -45.004  -46.771  27.582 0.0000000000
50660  -45.299  -46.655  28.083 0.0000000000
58279  -48.115  -39.904  26.021 0.0000000000
61615  -54.606  -35.977  22.392 0.0000000000
60531  -54.915  -36.266  22.698 0.0000000000
59459  -55.935  -37.129  22.040 0.0000000000
60532  -55.698  -36.584  22.056 0.0000000000
64721  -59.387  -32.428  16.637 0.0000000000
68617  -58.702  -28.269  16.721 0.0000000000
68608  -59.097  -28.690  17.484 0.0000000000
68609  -59.856  -28.401  17.456 0.0000000000
68610  -60.409  -28.436  17.274 0.0000000000
69601  -60.314  -27.924  17.139 0.0000000000
49697  -48.126  -47.763  26.683 0.0000000000
54351  -46.521  -42.869  26.535 0.0000000000
55262  -46.717  -42.363  26.304 0.0000000000
55279  -46.717  -42.187  25.882 0.0000000000
30714  -28.111  -64.467  31.523 0.0000000000
31915  -31.516  -62.983  29.911 0.0000000000
37678  -32.436  -58.141  31.975 0.0000000000
36491  -32.230  -58.958  31.532 0.0000000000
37693  -32.494  -58.557  31.411 0.0000000000
36498  -33.324  -59.207  30.778 0.0000000000
37694  -33.035  -58.213  31.332 0.0000000000
37695  -33.715  -58.195  30.715 0.0000000000
42315  -34.203  -54.276  32.349 0.0000000000
42316  -34.652  -54.138  32.290 0.0000000000
43450  -35.209  -53.610  32.196 0.0000000000
44639  -38.348  -53.259  31.069 0.0000000000
45648  -39.721  -53.131  30.699 0.0000000000
45676  -42.552  -52.732  28.949 0.0000000000
45662  -43.037  -52.727  29.612 0.0000000000
46712  -43.673  -51.305  25.310 0.0000000000
45695  -45.606  -51.297  28.066 0.0000000000
45696  -46.446  -51.283  27.635 0.0000000000
48722  -48.305  -48.636  26.664 0.0000000000
33026  -27.184  -63.403  32.723 0.0000000000
31901  -27.312  -63.680  32.314 0.0000000000
31900  -27.352  -64.075  32.192 0.0000000000
51594  -48.121  -44.607  25.760 0.0000000000
53441  -50.964  -42.493  24.853 0.0000000000
52522  -50.607  -42.844  24.060 0.0000000000
52523  -50.754  -42.647  23.942 0.0000000000
53454  -50.915  -42.412  23.806 0.0000000000
59401  -51.892  -37.803  25.053 0.0000000000
64719  -55.878  -32.280  16.755 0.0000000000
61657  -58.513  -35.453  18.637 0.0000000000
61656  -58.143  -35.566  19.030 0.0000000000
61640  -57.921  -35.752  19.676 0.0000000000
53430  -46.166  -43.503  26.552 0.0000000000
33044  -30.336  -62.632  29.342 0.0000000000
45672  -38.397  -52.278  29.147 0.0000000000
44665  -41.021  -52.980  27.826 0.0000000000
45691  -41.224  -52.955  28.350 0.0000000000
48701  -45.316  -48.579  28.230 0.0000000000
49686  -47.076  -47.471  27.757 0.0000000000
33031  -27.381  -62.835  31.848 0.0000000000
54363  -49.031  -42.450  26.337 0.0000000000
60510  -52.757  -36.733  23.442 0.0000000000
60496  -53.055  -37.018  24.028 0.0000000000
59441  -54.945  -37.564  23.181 0.0000000000
57304  -54.756  -38.911  23.001 0.0000000000
57317  -54.432  -39.348  22.827 0.0000000000
57318  -55.134  -39.164  22.386 0.0000000000
65703  -58.254  -31.428  18.630 0.0000000000
64689  -57.940  -32.203  18.474 0.0000000000
64690  -58.605  -32.211  18.316 0.0000000000
59458  -51.348  -37.122  22.079 0.0000000000
60561  -51.855  -36.554  20.394 0.0000000000
60563  -53.480  -35.913  21.193 0.0000000000
67667  -57.422  -29.497  16.872 0.0000000000
67666  -56.826  -29.836  16.397 0.0000000000
67656  -57.264  -30.058  17.252 0.0000000000
66676  -57.392  -30.647  17.885 0.0000000000
67649  -58.424  -29.996  18.308 0.0000000000
67652  -59.858  -30.048  17.766 0.0000000000
66670  -59.205  -30.616  18.267 0.0000000000
66671  -59.619  -30.570  17.913 0.0000000000
65727  -59.836  -30.970  17.175 0.0000000000
66684  -59.938  -30.487  16.314 0.0000000000
67679  -60.817  -28.975  16.250 0.0000000000
70583  -61.051  -26.708  16.478 0.0000000000
69611  -61.092  -27.568  16.649 0.0000000000
70584  -61.629  -26.760  16.352 0.0000000000
69623  -61.965  -27.308  15.475 0.0000000000
69624  -61.998  -27.505  15.884 0.0000000000
48754  -47.908  -48.555  25.675 0.0000000000
48769  -47.512  -48.150  24.934 0.0000000000
49712  -47.949  -47.768  26.052 0.0000000000
51592  -47.484  -45.604  27.068 0.0000000000
53427  -47.052  -43.375  26.977 0.0000000000
52504  -47.232  -44.154  26.891 0.0000000000
53432  -47.368  -43.572  26.808 0.0000000000
54361  -47.590  -42.620  26.813 0.0000000000
56239  -47.407  -41.283  25.964 0.0000000000
29520  -27.026  -64.851  30.130 0.0000000000
29522  -28.984  -65.143  30.270 0.0000000000
31913  -29.576  -63.632  30.735 0.0000000000
33070  -32.611  -62.178  28.083 0.0000000000
33071  -33.182  -61.529  27.983 0.0000000000
33059  -33.383  -61.232  28.595 0.0000000000
34199  -31.224  -61.848  29.599 0.0000000000
35312  -32.630  -60.740  30.189 0.0000000000
34200  -32.794  -61.309  30.013 0.0000000000
35329  -33.770  -60.083  28.679 0.0000000000
36512  -33.911  -59.215  28.709 0.0000000000
38928  -34.193  -57.342  29.317 0.0000000000
38942  -34.430  -57.058  28.360 0.0000000000
40097  -34.059  -56.387  29.753 0.0000000000
41193  -34.529  -54.818  31.141 0.0000000000
41199  -34.082  -55.553  30.933 0.0000000000
41209  -34.165  -55.576  30.162 0.0000000000
41210  -34.726  -54.980  29.900 0.0000000000
42341  -35.171  -54.605  30.189 0.0000000000
42330  -36.046  -54.136  31.028 0.0000000000
41211  -36.579  -54.332  30.239 0.0000000000
41212  -37.391  -54.520  30.421 0.0000000000
45630  -36.289  -52.264  31.652 0.0000000000
44629  -36.871  -53.041  32.134 0.0000000000
43461  -36.062  -53.577  32.125 0.0000000000
43475  -38.750  -53.890  31.243 0.0000000000
43474  -37.904  -53.953  31.055 0.0000000000
42332  -38.157  -54.320  30.883 0.0000000000
41202  -38.269  -54.874  30.940 0.0000000000
43477  -40.031  -53.924  30.541 0.0000000000
45732  -41.087  -52.760  26.254 0.0000000000
45733  -42.293  -52.687  26.215 0.0000000000
47656  -44.256  -49.894  27.478 0.0000000000
46685  -44.279  -50.169  27.932 0.0000000000
46689  -46.972  -50.354  28.109 0.0000000000
46702  -48.109  -50.893  26.239 0.0000000000
46703  -48.206  -50.217  26.086 0.0000000000
45755  -47.961  -50.876  25.521 0.0000000000
48755  -48.077  -48.840  25.898 0.0000000000
47671  -47.895  -49.073  25.535 0.0000000000
29487  -26.825  -65.015  31.722 0.0000000000
30712  -26.408  -64.466  32.243 0.0000000000
29504  -26.185  -64.894  30.923 0.0000000000
52512  -49.290  -43.487  24.942 0.0000000000
52513  -49.971  -43.129  24.856 0.0000000000
58297  -51.399  -39.237  25.566 0.0000000000
57245  -51.700  -39.993  25.784 0.0000000000
56259  -51.911  -40.692  25.527 0.0000000000
59403  -53.009  -38.441  24.721 0.0000000000
55322  -52.138  -40.864  23.947 0.0000000000
55313  -52.014  -41.141  24.557 0.0000000000
54386  -51.607  -41.390  23.720 0.0000000000
61651  -54.199  -35.856  20.680 0.0000000000
61652  -54.994  -35.880  20.259 0.0000000000
63671  -57.376  -33.213  17.667 0.0000000000
62680  -57.366  -33.775  17.727 0.0000000000
61688  -56.744  -34.830  17.548 0.0000000000
61687  -55.850  -35.447  17.667 0.0000000000
61639  -57.451  -35.697  20.081 0.0000000000
61638  -56.645  -35.750  20.593 0.0000000000
61637  -55.722  -35.754  20.836 0.0000000000
60549  -56.767  -36.625  21.234 0.0000000000
60550  -57.346  -36.874  20.688 0.0000000000
44678  -40.699  -52.907  27.631 0.0000000000
44679  -41.170  -52.952  27.211 0.0000000000
56241  -48.618  -40.831  26.823 0.0000000000
57243  -49.929  -39.873  26.059 0.0000000000
58386  -55.639  -38.585  22.334 0.0000000000
58374  -55.707  -38.119  22.392 0.0000000000
59443  -55.885  -37.856  22.172 0.0000000000
58398  -56.515  -38.381  21.508 0.0000000000
64705  -59.347  -32.050  17.730 0.0000000000
64704  -59.003  -32.493  17.997 0.0000000000
68616  -57.940  -28.884  16.643 0.0000000000
67658  -58.713  -29.374  17.930 0.0000000000
67659  -59.433  -29.280  17.832 0.0000000000
66685  -60.280  -30.103  16.916 0.0000000000
67668  -60.470  -29.453  17.089 0.0000000000
67669  -60.694  -28.878  16.901 0.0000000000
67680  -61.004  -28.473  16.431 0.0000000000
71485  -62.018  -25.881  16.231 0.0000000000
71486  -62.482  -25.756  15.878 0.0000000000
70598  -62.214  -26.508  15.594 0.0000000000
70610  -61.682  -26.633  14.472 0.0000000000
49713  -48.169  -48.129  26.407 0.0000000000
53426  -46.708  -43.654  26.905 0.0000000000
54352  -46.970  -42.766  26.822 0.0000000000
54360  -47.248  -42.282  26.721 0.0000000000
55280  -47.018  -42.051  26.322 0.0000000000
57224  -47.162  -40.981  25.258 0.0000000000
29488  -27.760  -65.039  31.509 0.0000000000
29506  -28.301  -65.162  30.906 0.0000000000
33046  -32.758  -62.027  29.579 0.0000000000
35296  -33.141  -59.866  30.591 0.0000000000
42329  -35.178  -54.415  30.793 0.0000000000
45656  -37.511  -52.150  29.930 0.0000000000
45655  -36.641  -51.939  30.111 0.0000000000
45645  -37.589  -52.348  30.880 0.0000000000
45632  -37.457  -52.761  31.272 0.0000000000
44630  -37.495  -53.242  31.283 0.0000000000
43487  -40.643  -53.955  30.125 0.0000000000
44650  -42.969  -53.047  30.025 0.0000000000
43516  -43.512  -53.239  28.276 0.0000000000
45753  -42.934  -52.108  25.472 0.0000000000
47648  -45.018  -49.441  28.207 0.0000000000
46680  -43.885  -50.189  28.336 0.0000000000
45715  -46.673  -51.840  27.084 0.0000000000
47659  -48.321  -49.340  26.871 0.0000000000
47665  -48.258  -49.319  26.386 0.0000000000
34170  -26.758  -62.488  32.680 0.0000000000
33025  -27.096  -62.898  32.956 0.0000000000
33015  -27.041  -63.454  33.353 0.0000000000
30713  -27.371  -64.671  32.129 0.0000000000
53447  -50.302  -42.941  24.830 0.0000000000
52521  -50.122  -43.198  24.324 0.0000000000
58321  -50.312  -38.627  25.035 0.0000000000
57285  -53.661  -39.451  23.995 0.0000000000
62660  -58.031  -34.763  18.557 0.0000000000
61689  -57.292  -34.237  17.780 0.0000000000
60565  -57.791  -36.302  20.128 0.0000000000
69608  -59.187  -27.674  16.545 0.0000000000
69609  -59.886  -27.483  16.789 0.0000000000
70595  -59.930  -26.594  16.010 0.0000000000
71494  -60.491  -26.159  15.913 0.0000000000
71495  -61.177  -25.754  15.973 0.0000000000
71496  -61.879  -25.418  16.061 0.0000000000
50668  -47.246  -46.527  27.386 0.0000000000
30715  -28.693  -64.148  31.313 0.0000000000
31912  -28.885  -63.648  30.765 0.0000000000
33037  -30.428  -63.050  29.851 0.0000000000
44605  -33.888  -53.324  32.857 0.0000000000
45658  -39.379  -52.630  30.089 0.0000000000
48699  -44.318  -49.231  27.870 0.0000000000
48682  -44.576  -49.353  28.590 0.0000000000
48703  -46.888  -48.445  28.053 0.0000000000
53434  -48.468  -43.173  26.196 0.0000000000
55297  -49.335  -41.796  26.154 0.0000000000
54369  -50.479  -42.293  25.840 0.0000000000
54370  -51.093  -42.195  25.495 0.0000000000
54371  -51.386  -42.118  24.897 0.0000000000
60494  -52.088  -37.098  23.975 0.0000000000
59422  -53.233  -37.885  24.221 0.0000000000
59423  -54.137  -37.694  23.649 0.0000000000
58352  -53.862  -38.563  23.880 0.0000000000
57303  -54.119  -39.163  23.382 0.0000000000
65714  -57.056  -31.379  17.771 0.0000000000
64703  -57.085  -32.266  17.846 0.0000000000
64688  -57.522  -32.183  18.312 0.0000000000
63659  -57.693  -32.721  18.028 0.0000000000
63661  -58.637  -33.167  17.913 0.0000000000
62669  -58.351  -34.015  18.131 0.0000000000
62662  -58.672  -35.064  18.399 0.0000000000
51599  -45.372  -45.699  26.103 0.0000000000
48753  -43.947  -49.134  25.193 0.0000000000
49710  -44.245  -48.252  25.720 0.0000000000
49711  -44.590  -47.450  26.165 0.0000000000
58319  -48.283  -39.513  24.833 0.0000000000
58350  -49.735  -38.752  24.086 0.0000000000
59419  -50.741  -37.975  23.885 0.0000000000
60545  -52.015  -36.624  21.464 0.0000000000
60529  -53.189  -36.273  22.751 0.0000000000
60547  -53.677  -35.893  22.095 0.0000000000
61621  -54.305  -35.862  22.228 0.0000000000
61622  -54.800  -35.821  21.892 0.0000000000
66683  -56.414  -30.802  16.463 0.0000000000
65704  -58.904  -31.354  18.471 0.0000000000
65705  -59.330  -31.280  18.072 0.0000000000
64722  -59.651  -31.904  17.210 0.0000000000
64735  -59.424  -31.892  16.117 0.0000000000
66693  -60.361  -29.769  16.278 0.0000000000
69610  -60.596  -27.440  16.771 0.0000000000
68620  -61.214  -28.017  16.532 0.0000000000
68629  -61.460  -28.176  16.142 0.0000000000
68644  -61.704  -28.113  15.745 0.0000000000
50681  -47.726  -46.507  25.498 0.0000000000
58278  -47.837  -40.022  25.716 0.0000000000
51600  -45.755  -44.727  26.038 0.0000000000
52519  -45.785  -44.185  25.260 0.0000000000
52511  -45.895  -43.962  25.831 0.0000000000
54367  -46.273  -42.680  25.287 0.0000000000
55296  -46.534  -42.079  25.250 0.0000000000
56237  -46.766  -41.663  25.277 0.0000000000
58293  -47.735  -39.859  25.155 0.0000000000
29534  -26.604  -64.637  29.396 0.0000000000
30764  -26.926  -64.315  28.721 0.0000000000
29508  -29.463  -64.347  30.631 0.0000000000
34201  -33.539  -61.182  29.877 0.0000000000
35313  -33.160  -60.304  30.171 0.0000000000
33048  -33.505  -61.040  28.951 0.0000000000
34209  -33.570  -60.655  28.530 0.0000000000
37707  -34.086  -58.383  29.192 0.0000000000
40081  -33.873  -56.402  30.596 0.0000000000
42356  -35.549  -54.510  29.839 0.0000000000
44616  -33.904  -52.984  32.406 0.0000000000
44617  -34.508  -53.037  32.475 0.0000000000
44637  -35.195  -52.542  31.747 0.0000000000
44618  -35.079  -53.140  32.285 0.0000000000
43463  -37.364  -53.734  31.283 0.0000000000
42331  -37.174  -54.146  31.081 0.0000000000
44647  -40.351  -53.557  30.118 0.0000000000
43488  -41.601  -53.925  30.041 0.0000000000
44692  -41.193  -52.901  26.752 0.0000000000
44680  -41.976  -52.941  27.032 0.0000000000
44667  -42.236  -52.858  27.431 0.0000000000
43517  -44.300  -53.364  28.186 0.0000000000
46728  -47.832  -50.139  25.259 0.0000000000
47681  -47.863  -49.836  25.346 0.0000000000
58296  -50.533  -39.100  25.776 0.0000000000
56258  -51.383  -40.750  26.112 0.0000000000
55300  -51.561  -41.491  25.513 0.0000000000
55312  -51.744  -41.604  24.890 0.0000000000
59402  -52.602  -38.138  24.915 0.0000000000
58299  -52.437  -39.611  25.205 0.0000000000
57264  -52.626  -39.940  24.968 0.0000000000
57246  -52.238  -40.049  25.379 0.0000000000
56260  -52.300  -40.608  25.035 0.0000000000
54378  -51.442  -41.844  24.212 0.0000000000
63685  -56.387  -33.230  16.894 0.0000000000
62693  -56.050  -33.993  16.691 0.0000000000
61708  -56.462  -34.336  17.025 0.0000000000
61686  -54.855  -35.867  18.039 0.0000000000
61667  -55.016  -35.913  19.232 0.0000000000
61623  -55.547  -35.931  21.618 0.0000000000
60533  -56.171  -36.948  21.803 0.0000000000
59470  -56.849  -37.628  21.362 0.0000000000
58399  -57.075  -38.074  21.097 0.0000000000
58411  -57.139  -37.940  20.498 0.0000000000
29507  -29.043  -64.764  30.856 0.0000000000
33016  -27.113  -63.605  33.029 0.0000000000
34202  -33.639  -60.804  29.210 0.0000000000
42308  -33.939  -54.091  32.826 0.0000000000
42309  -34.329  -54.060  32.812 0.0000000000
42310  -34.746  -53.960  32.703 0.0000000000
43431  -34.057  -53.812  33.271 0.0000000000
43433  -34.876  -53.776  32.436 0.0000000000
43449  -34.816  -53.434  32.413 0.0000000000
43462  -36.993  -53.762  32.075 0.0000000000
44606  -34.164  -53.426  33.079 0.0000000000
46674  -44.127  -49.901  29.094 0.0000000000
46675  -44.003  -49.942  28.897 0.0000000000
46679  -43.860  -49.966  28.676 0.0000000000
46727  -47.707  -50.229  24.988 0.0000000000
47638  -43.863  -49.713  29.084 0.0000000000
47639  -44.139  -49.641  29.078 0.0000000000
47643  -43.768  -49.772  28.945 0.0000000000
47644  -44.249  -49.424  29.035 0.0000000000
48665  -44.249  -49.396  28.988 0.0000000000
48666  -44.133  -49.236  28.966 0.0000000000
48683  -44.464  -49.045  28.422 0.0000000000
48740  -48.153  -48.587  26.180 0.0000000000
53440  -50.598  -42.601  25.155 0.0000000000
56287  -53.698  -39.673  23.546 0.0000000000
57241  -48.309  -39.921  26.266 0.0000000000
59442  -55.615  -37.492  22.439 0.0000000000
60495  -52.382  -37.063  23.996 0.0000000000
60548  -56.103  -36.216  21.591 0.0000000000
61614  -54.353  -35.949  22.476 0.0000000000
62694  -56.480  -33.864  16.943 0.0000000000
63673  -59.369  -32.418  17.393 0.0000000000
64702  -56.570  -32.458  17.183 0.0000000000
66669  -58.628  -30.642  18.482 0.0000000000
66686  -60.521  -29.480  16.844 0.0000000000
67651  -59.590  -29.965  17.972 0.0000000000
67661  -60.528  -28.741  17.248 0.0000000000
67670  -60.902  -28.341  16.651 0.0000000000
68619  -60.877  -28.176  16.787 0.0000000000
68643  -61.370  -28.234  15.431 0.0000000000
69602  -60.636  -27.958  16.992 0.0000000000
69603  -60.828  -27.986  16.886 0.0000000000
70596  -60.618  -26.396  16.220 0.0000000000
72415  -61.222  -25.128  15.370 0.0000000000
