#!ascii label  , from subject sub-01 vox2ras=TkReg
901
49888  -40.537  -47.733  17.661 0.0000000000
41370  -24.556  -55.089  20.674 0.0000000000
48849  -31.007  -48.590  18.941 0.0000000000
72476  -48.713  -24.157  9.349 0.0000000000
76477  -54.201  -20.492  6.193 0.0000000000
41281  -17.455  -56.021  27.309 0.0000000000
70629  -45.073  -26.513  11.849 0.0000000000
52609  -42.287  -44.449  17.918 0.0000000000
47772  -35.737  -50.147  17.846 0.0000000000
41339  -20.983  -55.622  23.165 0.0000000000
36548  -22.021  -59.033  26.914 0.0000000000
50823  -37.261  -47.017  16.484 0.0000000000
52621  -38.755  -44.221  16.998 0.0000000000
45824  -28.295  -50.795  19.764 0.0000000000
49862  -33.415  -47.149  18.929 0.0000000000
61790  -42.119  -35.067  10.735 0.0000000000
65786  -45.774  -31.270  10.153 0.0000000000
68711  -49.408  -28.697  9.432 0.0000000000
34142  -13.962  -61.576  32.530 0.0000000000
32988  -10.864  -62.858  36.636 0.0000000000
54465  -36.138  -42.627  15.997 0.0000000000
57444  -36.654  -39.484  13.875 0.0000000000
58552  -39.171  -38.129  11.713 0.0000000000
35318  -17.396  -60.531  29.026 0.0000000000
39034  -25.686  -57.020  22.521 0.0000000000
40217  -27.839  -55.891  22.319 0.0000000000
47793  -38.297  -49.262  17.266 0.0000000000
44732  -23.816  -52.470  22.066 0.0000000000
41368  -22.791  -55.457  21.453 0.0000000000
38996  -24.045  -57.813  23.810 0.0000000000
49843  -38.309  -47.273  18.863 0.0000000000
49885  -35.371  -47.189  17.403 0.0000000000
64769  -41.082  -32.205  11.341 0.0000000000
63755  -43.771  -33.208  10.569 0.0000000000
66730  -42.210  -30.238  11.274 0.0000000000
69704  -46.108  -27.494  9.532 0.0000000000
69720  -48.699  -26.559  8.726 0.0000000000
69723  -50.894  -27.436  8.749 0.0000000000
71583  -50.241  -25.243  7.743 0.0000000000
72506  -51.387  -24.504  7.099 0.0000000000
54430  -36.968  -43.431  19.382 0.0000000000
53533  -37.549  -43.296  16.427 0.0000000000
55388  -35.217  -42.136  18.688 0.0000000000
58484  -33.930  -38.528  15.426 0.0000000000
60666  -34.966  -37.010  13.993 0.0000000000
57481  -37.774  -38.953  12.556 0.0000000000
60696  -37.082  -36.569  12.633 0.0000000000
61766  -38.787  -35.276  11.904 0.0000000000
48826  -29.519  -49.039  19.760 0.0000000000
37705  -15.499  -58.615  29.359 0.0000000000
36532  -17.654  -58.646  27.406 0.0000000000
30667  -11.211  -64.456  37.665 0.0000000000
30645  -9.533  -64.124  38.982 0.0000000000
68649  -43.533  -28.419  12.559 0.0000000000
54442  -41.845  -42.185  17.857 0.0000000000
47770  -33.574  -49.599  17.707 0.0000000000
41324  -19.314  -56.016  24.900 0.0000000000
37754  -19.708  -58.134  26.086 0.0000000000
38979  -21.853  -57.808  24.847 0.0000000000
77444  -55.319  -19.730  5.704 0.0000000000
48919  -38.681  -48.200  15.875 0.0000000000
50865  -39.563  -46.405  15.627 0.0000000000
50842  -38.650  -46.039  16.337 0.0000000000
44747  -24.651  -52.578  20.954 0.0000000000
42499  -26.635  -53.657  19.858 0.0000000000
46787  -25.863  -50.297  19.893 0.0000000000
49835  -27.831  -47.465  19.469 0.0000000000
50799  -29.880  -46.669  18.563 0.0000000000
50757  -31.342  -46.022  19.790 0.0000000000
48878  -31.857  -47.570  17.510 0.0000000000
47803  -33.972  -48.295  16.404 0.0000000000
48898  -36.467  -48.697  15.958 0.0000000000
59598  -44.311  -37.384  11.718 0.0000000000
68689  -44.362  -28.437  10.153 0.0000000000
66755  -47.029  -29.892  9.626 0.0000000000
73464  -53.034  -23.626  6.474 0.0000000000
32998  -12.089  -62.047  34.816 0.0000000000
31858  -12.652  -63.938  36.169 0.0000000000
53551  -40.408  -43.928  15.472 0.0000000000
54482  -39.360  -42.471  15.805 0.0000000000
55417  -39.215  -41.098  16.419 0.0000000000
56383  -33.883  -40.883  17.183 0.0000000000
56407  -36.179  -40.677  15.110 0.0000000000
57393  -38.521  -39.736  16.176 0.0000000000
57447  -39.173  -39.499  14.411 0.0000000000
57468  -41.037  -39.659  13.642 0.0000000000
58555  -42.223  -38.589  11.740 0.0000000000
60708  -41.439  -36.725  11.056 0.0000000000
63739  -39.800  -33.470  11.688 0.0000000000
43593  -28.927  -53.973  21.619 0.0000000000
36488  -13.987  -59.501  32.125 0.0000000000
35287  -15.951  -61.083  30.617 0.0000000000
36521  -19.900  -59.799  28.025 0.0000000000
29444  -8.673  -64.834  39.365 0.0000000000
40215  -25.899  -56.478  21.913 0.0000000000
40195  -27.043  -56.841  22.702 0.0000000000
40231  -26.157  -55.906  21.448 0.0000000000
48863  -39.712  -48.675  17.943 0.0000000000
42470  -24.183  -53.918  20.621 0.0000000000
42455  -22.816  -54.023  21.300 0.0000000000
40229  -24.269  -56.054  21.335 0.0000000000
40213  -23.940  -56.678  22.047 0.0000000000
65760  -41.257  -31.113  12.151 0.0000000000
65773  -41.867  -31.199  11.041 0.0000000000
66718  -41.903  -30.054  12.218 0.0000000000
71553  -47.659  -24.514  10.681 0.0000000000
71564  -47.759  -25.032  9.535 0.0000000000
71572  -48.660  -25.152  8.724 0.0000000000
70694  -49.037  -26.029  8.504 0.0000000000
72485  -49.103  -24.544  8.604 0.0000000000
72486  -49.540  -24.252  8.134 0.0000000000
55389  -35.903  -42.792  18.718 0.0000000000
60617  -34.767  -36.558  15.734 0.0000000000
60695  -36.446  -36.940  12.859 0.0000000000
60668  -36.828  -35.466  14.209 0.0000000000
60686  -37.499  -35.538  13.274 0.0000000000
48828  -30.570  -48.763  19.587 0.0000000000
47712  -30.440  -49.917  20.982 0.0000000000
47733  -31.348  -49.076  19.926 0.0000000000
38949  -16.666  -57.444  28.000 0.0000000000
38950  -17.109  -57.322  27.446 0.0000000000
75497  -53.786  -21.613  5.951 0.0000000000
30657  -10.706  -64.461  38.305 0.0000000000
51690  -42.281  -45.299  18.655 0.0000000000
54457  -42.008  -42.941  17.582 0.0000000000
47771  -34.671  -50.055  18.026 0.0000000000
47755  -36.012  -50.337  18.651 0.0000000000
42438  -21.165  -54.641  22.985 0.0000000000
42418  -20.941  -53.915  24.038 0.0000000000
42398  -19.719  -54.932  25.043 0.0000000000
41338  -20.417  -55.732  23.732 0.0000000000
38992  -20.567  -57.240  24.807 0.0000000000
40178  -21.289  -56.726  23.818 0.0000000000
37776  -25.228  -58.515  24.399 0.0000000000
37775  -24.175  -58.286  24.518 0.0000000000
50863  -37.625  -47.150  15.679 0.0000000000
50864  -38.628  -46.504  15.719 0.0000000000
50824  -38.103  -46.596  16.731 0.0000000000
46748  -25.185  -50.619  21.868 0.0000000000
45808  -25.462  -51.200  20.217 0.0000000000
47710  -25.605  -49.482  21.314 0.0000000000
49810  -26.839  -47.324  20.699 0.0000000000
50754  -28.291  -46.297  20.613 0.0000000000
49836  -28.900  -47.291  19.148 0.0000000000
50755  -29.243  -45.943  20.150 0.0000000000
49813  -33.803  -47.580  20.515 0.0000000000
50780  -32.894  -47.076  19.166 0.0000000000
50801  -31.413  -46.644  18.267 0.0000000000
50822  -32.529  -46.917  18.254 0.0000000000
48894  -33.033  -47.634  16.977 0.0000000000
49903  -33.503  -47.402  17.176 0.0000000000
49886  -36.549  -47.155  17.088 0.0000000000
49905  -35.557  -47.460  16.509 0.0000000000
49926  -36.692  -47.537  15.780 0.0000000000
48917  -37.287  -48.157  15.465 0.0000000000
60722  -42.760  -35.824  10.899 0.0000000000
60711  -44.703  -36.466  11.495 0.0000000000
61778  -44.235  -35.676  11.258 0.0000000000
64784  -44.236  -32.243  10.365 0.0000000000
62782  -46.032  -33.961  11.043 0.0000000000
69656  -44.339  -27.347  11.926 0.0000000000
68676  -43.452  -28.391  11.026 0.0000000000
70666  -44.676  -27.215  10.776 0.0000000000
68709  -47.451  -28.298  9.199 0.0000000000
67746  -46.817  -29.072  9.420 0.0000000000
67748  -48.664  -29.558  9.720 0.0000000000
66744  -48.831  -30.407  10.325 0.0000000000
73463  -52.063  -23.590  6.684 0.0000000000
74473  -51.837  -22.601  6.714 0.0000000000
74474  -52.506  -22.834  6.363 0.0000000000
34140  -13.186  -60.571  33.337 0.0000000000
34128  -12.826  -60.812  33.799 0.0000000000
34129  -13.070  -61.446  33.577 0.0000000000
31872  -13.523  -63.664  35.236 0.0000000000
31847  -13.255  -64.472  37.443 0.0000000000
51727  -39.106  -45.325  15.980 0.0000000000
51729  -40.112  -45.576  15.545 0.0000000000
52635  -39.341  -44.461  15.612 0.0000000000
54466  -36.986  -42.951  15.965 0.0000000000
54481  -38.588  -42.858  15.710 0.0000000000
55439  -38.639  -42.098  15.832 0.0000000000
54468  -39.743  -41.864  16.248 0.0000000000
55416  -37.844  -41.705  15.624 0.0000000000
57379  -33.493  -39.521  17.762 0.0000000000
57442  -34.881  -39.089  14.284 0.0000000000
56406  -35.139  -40.493  15.084 0.0000000000
56429  -36.344  -39.897  14.556 0.0000000000
57392  -37.650  -39.883  15.691 0.0000000000
57417  -37.591  -39.620  14.811 0.0000000000
57419  -39.287  -39.428  15.563 0.0000000000
57446  -38.274  -39.465  14.153 0.0000000000
58535  -38.802  -38.566  11.941 0.0000000000
57483  -39.713  -39.372  12.502 0.0000000000
57497  -40.251  -39.057  11.878 0.0000000000
57485  -41.830  -39.630  12.786 0.0000000000
58554  -41.127  -38.667  11.575 0.0000000000
59596  -41.883  -37.732  11.298 0.0000000000
59595  -40.803  -37.554  11.222 0.0000000000
62736  -38.908  -34.308  12.872 0.0000000000
62762  -39.511  -34.330  11.589 0.0000000000
63730  -39.504  -33.616  12.560 0.0000000000
44757  -27.548  -52.512  19.524 0.0000000000
42487  -28.056  -54.010  20.778 0.0000000000
44750  -28.611  -52.807  20.612 0.0000000000
35317  -16.488  -60.023  28.840 0.0000000000
35299  -15.555  -60.104  29.662 0.0000000000
35300  -16.456  -60.823  29.932 0.0000000000
37739  -20.718  -58.585  26.373 0.0000000000
37738  -19.885  -58.606  26.510 0.0000000000
36537  -21.472  -59.469  27.517 0.0000000000
37788  -26.111  -57.922  23.588 0.0000000000
38998  -27.511  -57.788  23.719 0.0000000000
39018  -28.235  -56.676  23.321 0.0000000000
41326  -28.966  -55.686  23.301 0.0000000000
47792  -37.270  -49.679  17.183 0.0000000000
47756  -36.952  -50.253  18.791 0.0000000000
43590  -22.747  -53.397  22.092 0.0000000000
43589  -21.919  -53.905  22.398 0.0000000000
40211  -22.144  -56.162  22.473 0.0000000000
39012  -22.571  -57.147  23.586 0.0000000000
40194  -23.406  -56.825  22.600 0.0000000000
39014  -24.557  -57.615  23.302 0.0000000000
49866  -37.548  -47.217  17.937 0.0000000000
50804  -38.281  -46.643  17.553 0.0000000000
49840  -35.148  -47.696  19.314 0.0000000000
49884  -34.301  -47.191  17.690 0.0000000000
49865  -36.329  -47.346  18.100 0.0000000000
63753  -41.845  -33.307  10.668 0.0000000000
62779  -43.335  -34.104  10.722 0.0000000000
63754  -42.741  -33.220  10.511 0.0000000000
64783  -43.166  -32.223  10.472 0.0000000000
65784  -43.664  -31.191  10.366 0.0000000000
70680  -45.755  -26.721  9.991 0.0000000000
71562  -46.327  -26.211  9.830 0.0000000000
70682  -47.406  -26.343  9.140 0.0000000000
69707  -49.249  -27.757  8.954 0.0000000000
69708  -50.168  -28.014  9.139 0.0000000000
69722  -50.027  -27.198  8.559 0.0000000000
70696  -50.743  -26.682  8.224 0.0000000000
70704  -51.217  -26.158  8.000 0.0000000000
72496  -50.853  -24.611  7.257 0.0000000000
73452  -50.550  -23.484  7.270 0.0000000000
33028  -14.900  -61.805  32.135 0.0000000000
33009  -14.336  -62.770  33.594 0.0000000000
33020  -15.289  -62.550  33.044 0.0000000000
53520  -38.268  -43.798  17.968 0.0000000000
53534  -38.273  -43.538  16.364 0.0000000000
54455  -37.481  -43.643  17.866 0.0000000000
54439  -36.309  -43.297  18.034 0.0000000000
54452  -35.565  -42.654  16.675 0.0000000000
58464  -33.496  -38.670  17.266 0.0000000000
59540  -34.182  -37.382  15.667 0.0000000000
59559  -34.287  -37.782  14.822 0.0000000000
58518  -35.551  -38.559  13.472 0.0000000000
57464  -37.185  -39.149  13.076 0.0000000000
58532  -36.573  -37.997  12.673 0.0000000000
59583  -37.567  -37.320  12.208 0.0000000000
59592  -38.386  -37.148  11.873 0.0000000000
60705  -38.833  -36.339  11.802 0.0000000000
60697  -38.009  -36.137  12.251 0.0000000000
46789  -28.879  -50.393  20.128 0.0000000000
45803  -29.454  -51.591  21.195 0.0000000000
46770  -29.646  -50.690  20.884 0.0000000000
36516  -16.162  -58.820  28.524 0.0000000000
35332  -17.414  -59.862  28.334 0.0000000000
31845  -10.820  -63.970  37.056 0.0000000000
32970  -10.239  -62.299  38.235 0.0000000000
30665  -10.230  -63.610  37.994 0.0000000000
31821  -9.712  -63.288  38.785 0.0000000000
31820  -9.390  -63.462  39.116 0.0000000000
55391  -41.589  -41.048  18.553 0.0000000000
47751  -31.838  -48.932  18.609 0.0000000000
47734  -32.299  -49.517  19.717 0.0000000000
41283  -19.183  -55.053  26.358 0.0000000000
41308  -18.731  -55.828  25.608 0.0000000000
38962  -18.257  -57.341  26.297 0.0000000000
40165  -19.042  -56.677  25.356 0.0000000000
38977  -20.438  -57.690  25.380 0.0000000000
37757  -21.916  -58.212  25.527 0.0000000000
38994  -22.365  -57.618  24.347 0.0000000000
37774  -23.180  -58.132  24.829 0.0000000000
37742  -23.254  -58.791  26.166 0.0000000000
77443  -54.758  -19.959  6.077 0.0000000000
48902  -39.545  -48.271  16.879 0.0000000000
50843  -40.424  -46.844  16.076 0.0000000000
49930  -39.874  -47.008  15.747 0.0000000000
51713  -39.078  -45.073  16.680 0.0000000000
51687  -38.963  -45.258  17.931 0.0000000000
51701  -39.022  -44.813  18.082 0.0000000000
53521  -38.547  -44.031  18.428 0.0000000000
53508  -37.812  -44.033  19.235 0.0000000000
42483  -24.723  -53.666  20.434 0.0000000000
41386  -26.354  -54.922  20.496 0.0000000000
43626  -25.553  -52.970  19.891 0.0000000000
45821  -25.901  -51.104  19.620 0.0000000000
46810  -26.803  -50.282  19.372 0.0000000000
48825  -26.058  -48.382  20.768 0.0000000000
48844  -26.487  -48.438  19.900 0.0000000000
47748  -27.572  -49.345  19.419 0.0000000000
48846  -28.204  -48.372  19.368 0.0000000000
49837  -29.579  -47.504  18.856 0.0000000000
48848  -30.238  -48.069  18.845 0.0000000000
50737  -31.031  -45.983  20.748 0.0000000000
50777  -30.781  -46.046  18.939 0.0000000000
49861  -30.832  -47.109  18.017 0.0000000000
48861  -31.332  -48.016  17.904 0.0000000000
47769  -32.545  -48.853  17.558 0.0000000000
47788  -33.492  -48.743  16.781 0.0000000000
47789  -34.479  -49.410  16.941 0.0000000000
49904  -34.435  -47.454  16.886 0.0000000000
47805  -35.426  -49.042  16.393 0.0000000000
47806  -36.111  -49.374  16.537 0.0000000000
47808  -37.658  -49.162  16.598 0.0000000000
48881  -38.754  -48.758  16.786 0.0000000000
44740  -24.208  -52.528  21.580 0.0000000000
61793  -44.711  -34.937  11.240 0.0000000000
67709  -42.561  -29.124  11.806 0.0000000000
67727  -43.215  -29.467  10.707 0.0000000000
66740  -45.342  -30.085  9.827 0.0000000000
68707  -45.689  -28.329  9.592 0.0000000000
66753  -45.728  -29.462  9.638 0.0000000000
65787  -46.696  -31.349  10.231 0.0000000000
65788  -47.501  -31.370  10.375 0.0000000000
74475  -53.323  -22.715  6.035 0.0000000000
76476  -53.247  -20.577  6.553 0.0000000000
34117  -12.109  -60.921  34.943 0.0000000000
32997  -11.673  -62.279  35.484 0.0000000000
31886  -13.370  -63.000  34.310 0.0000000000
31871  -12.238  -63.072  35.175 0.0000000000
31857  -11.331  -63.432  36.247 0.0000000000
31846  -11.833  -64.273  36.987 0.0000000000
50844  -40.875  -46.354  16.318 0.0000000000
51714  -41.244  -45.570  16.428 0.0000000000
53535  -41.228  -43.880  16.093 0.0000000000
53549  -38.949  -43.538  15.627 0.0000000000
54483  -40.296  -43.066  15.643 0.0000000000
54470  -41.092  -42.800  16.290 0.0000000000
55419  -40.706  -42.096  16.509 0.0000000000
55418  -40.233  -41.601  16.659 0.0000000000
55400  -39.720  -40.541  17.177 0.0000000000
55398  -34.460  -41.584  18.075 0.0000000000
55413  -35.057  -42.090  16.107 0.0000000000
56404  -33.691  -40.346  16.111 0.0000000000
55436  -34.538  -41.284  15.689 0.0000000000
56384  -36.437  -41.333  15.410 0.0000000000
56385  -37.169  -40.850  15.448 0.0000000000
56387  -38.875  -40.086  16.731 0.0000000000
57466  -38.992  -39.501  13.309 0.0000000000
57448  -40.174  -39.566  14.626 0.0000000000
59597  -43.166  -37.912  11.679 0.0000000000
60709  -42.462  -36.782  11.132 0.0000000000
60721  -41.885  -35.931  10.888 0.0000000000
61776  -39.678  -35.333  11.376 0.0000000000
61777  -40.635  -35.324  11.002 0.0000000000
62777  -41.348  -34.233  10.738 0.0000000000
63740  -40.525  -33.241  11.214 0.0000000000
64761  -40.660  -32.059  12.354 0.0000000000
41373  -27.203  -55.139  21.142 0.0000000000
41356  -28.172  -55.222  22.073 0.0000000000
44743  -29.475  -52.691  21.645 0.0000000000
35280  -13.676  -60.364  32.398 0.0000000000
37698  -14.663  -59.156  30.794 0.0000000000
35285  -14.767  -60.357  30.751 0.0000000000
34157  -14.464  -61.231  31.825 0.0000000000
34158  -15.493  -61.698  31.722 0.0000000000
37736  -18.433  -58.030  26.538 0.0000000000
36534  -18.786  -59.170  27.331 0.0000000000
35334  -19.150  -60.245  28.623 0.0000000000
29446  -10.661  -65.213  40.032 0.0000000000
30633  -9.588  -64.419  39.172 0.0000000000
31812  -8.985  -63.002  39.425 0.0000000000
40230  -25.257  -55.960  21.340 0.0000000000
41371  -25.724  -55.404  20.836 0.0000000000
48883  -39.896  -48.295  17.447 0.0000000000
41369  -23.540  -55.328  21.063 0.0000000000
65761  -41.780  -30.672  12.897 0.0000000000
66717  -41.648  -30.656  11.674 0.0000000000
72467  -48.371  -23.992  10.468 0.0000000000
72477  -49.259  -23.882  8.833 0.0000000000
41255  -17.359  -55.927  27.761 0.0000000000
40127  -16.929  -56.549  27.836 0.0000000000
40146  -17.443  -56.594  27.010 0.0000000000
75498  -54.519  -21.248  5.719 0.0000000000
53523  -42.275  -43.476  17.831 0.0000000000
46828  -35.274  -50.339  18.509 0.0000000000
42437  -20.611  -54.930  23.538 0.0000000000
42417  -20.100  -54.947  24.260 0.0000000000
40177  -20.582  -56.578  24.168 0.0000000000
40191  -20.945  -56.264  23.547 0.0000000000
50840  -37.147  -47.145  15.922 0.0000000000
50841  -37.857  -46.715  16.055 0.0000000000
46769  -25.404  -50.129  21.614 0.0000000000
50735  -29.079  -46.031  21.330 0.0000000000
49839  -34.162  -47.518  19.591 0.0000000000
49838  -33.298  -47.277  19.670 0.0000000000
50803  -32.731  -46.967  18.629 0.0000000000
49883  -33.108  -47.038  17.956 0.0000000000
49906  -36.513  -47.265  16.241 0.0000000000
50862  -37.158  -47.366  15.693 0.0000000000
60723  -43.473  -35.578  11.060 0.0000000000
61791  -42.979  -34.946  10.840 0.0000000000
64785  -45.299  -32.250  10.424 0.0000000000
64786  -46.250  -32.174  10.491 0.0000000000
69672  -44.368  -27.342  11.105 0.0000000000
70628  -44.726  -26.903  11.426 0.0000000000
68710  -48.452  -28.483  9.225 0.0000000000
67747  -47.707  -29.240  9.457 0.0000000000
75495  -51.658  -21.840  7.029 0.0000000000
34141  -13.476  -61.136  32.857 0.0000000000
33018  -13.754  -61.748  32.866 0.0000000000
52634  -38.919  -44.302  16.116 0.0000000000
54467  -37.933  -42.771  15.801 0.0000000000
57443  -35.573  -39.414  14.012 0.0000000000
57416  -35.273  -39.864  14.694 0.0000000000
56408  -36.957  -40.052  15.078 0.0000000000
56430  -37.004  -39.716  14.457 0.0000000000
57445  -37.466  -39.476  13.922 0.0000000000
57496  -39.496  -38.873  11.868 0.0000000000
58553  -40.109  -38.310  11.520 0.0000000000
59594  -39.847  -37.342  11.401 0.0000000000
45809  -28.015  -52.075  19.734 0.0000000000
44749  -28.114  -52.677  20.019 0.0000000000
45810  -28.596  -51.662  20.262 0.0000000000
35301  -17.523  -60.982  29.819 0.0000000000
35319  -18.340  -60.700  29.183 0.0000000000
37740  -21.559  -58.590  26.292 0.0000000000
36547  -21.144  -59.029  26.889 0.0000000000
32981  -10.997  -61.790  37.019 0.0000000000
51689  -41.929  -45.658  18.158 0.0000000000
38997  -26.774  -58.014  23.775 0.0000000000
39016  -26.589  -57.434  23.108 0.0000000000
40216  -26.910  -56.214  22.003 0.0000000000
40196  -27.691  -56.501  22.732 0.0000000000
40197  -28.408  -56.030  22.946 0.0000000000
47774  -37.615  -49.887  18.043 0.0000000000
43591  -23.516  -52.641  22.712 0.0000000000
42468  -22.894  -54.719  21.122 0.0000000000
42454  -22.263  -54.468  21.629 0.0000000000
42453  -21.652  -54.694  22.276 0.0000000000
41353  -22.125  -55.499  21.971 0.0000000000
40212  -22.890  -56.278  22.067 0.0000000000
39033  -24.774  -57.134  22.598 0.0000000000
39015  -25.516  -57.569  23.121 0.0000000000
37787  -25.394  -58.066  23.738 0.0000000000
49867  -38.453  -46.770  18.295 0.0000000000
49842  -37.264  -47.667  18.838 0.0000000000
64781  -41.485  -32.727  10.834 0.0000000000
64782  -42.011  -32.213  10.752 0.0000000000
65783  -42.640  -31.179  10.698 0.0000000000
71551  -46.265  -25.826  10.354 0.0000000000
71552  -46.997  -25.096  10.464 0.0000000000
70693  -48.256  -26.063  8.803 0.0000000000
69706  -48.221  -27.237  8.933 0.0000000000
69721  -49.199  -26.845  8.624 0.0000000000
71574  -49.956  -25.623  7.981 0.0000000000
70695  -49.895  -26.195  8.172 0.0000000000
70702  -50.181  -25.751  7.961 0.0000000000
70703  -50.565  -25.933  7.926 0.0000000000
71584  -51.053  -25.489  7.602 0.0000000000
73442  -49.738  -23.311  8.620 0.0000000000
72495  -50.088  -24.359  7.582 0.0000000000
54441  -37.489  -43.698  18.752 0.0000000000
54440  -36.919  -43.572  18.388 0.0000000000
54438  -35.630  -42.830  17.762 0.0000000000
54453  -36.205  -43.152  16.896 0.0000000000
60640  -34.489  -36.967  14.881 0.0000000000
60665  -34.580  -37.406  14.458 0.0000000000
58506  -34.985  -38.622  13.942 0.0000000000
59571  -35.140  -37.892  13.646 0.0000000000
58519  -36.232  -38.448  12.977 0.0000000000
59572  -35.669  -37.821  13.215 0.0000000000
60685  -36.533  -36.220  13.312 0.0000000000
61736  -38.288  -34.910  13.766 0.0000000000
47730  -29.051  -49.888  20.003 0.0000000000
46790  -29.313  -50.442  20.500 0.0000000000
47731  -29.583  -49.750  20.283 0.0000000000
47694  -30.949  -50.224  21.525 0.0000000000
37721  -16.905  -57.808  27.756 0.0000000000
37713  -16.545  -58.282  28.161 0.0000000000
37714  -16.917  -58.681  27.950 0.0000000000
35331  -16.898  -59.592  28.267 0.0000000000
36518  -17.340  -59.089  27.833 0.0000000000
31844  -10.378  -63.270  37.618 0.0000000000
30666  -10.481  -64.047  37.765 0.0000000000
30646  -9.983  -64.329  38.822 0.0000000000
30656  -10.060  -63.893  38.267 0.0000000000
54443  -42.323  -42.797  18.240 0.0000000000
55392  -42.244  -42.045  18.610 0.0000000000
47752  -32.824  -49.583  18.657 0.0000000000
47753  -33.830  -50.110  18.867 0.0000000000
42378  -19.906  -54.698  25.731 0.0000000000
42377  -19.335  -55.161  25.551 0.0000000000
38978  -21.191  -57.750  25.094 0.0000000000
37756  -21.012  -58.165  25.754 0.0000000000
38995  -23.312  -57.711  24.061 0.0000000000
37760  -24.910  -58.836  25.185 0.0000000000
37759  -23.875  -58.703  25.524 0.0000000000
37758  -22.872  -58.390  25.562 0.0000000000
49907  -39.376  -47.855  16.092 0.0000000000
49929  -39.041  -47.539  15.706 0.0000000000
50805  -38.776  -45.908  18.243 0.0000000000
52594  -38.712  -44.647  19.008 0.0000000000
52607  -38.805  -44.350  18.290 0.0000000000
43616  -24.956  -53.077  20.423 0.0000000000
42484  -25.354  -53.825  20.088 0.0000000000
44748  -25.222  -52.194  20.572 0.0000000000
44755  -25.878  -52.020  19.637 0.0000000000
45822  -26.505  -51.312  19.338 0.0000000000
46788  -26.341  -49.789  19.724 0.0000000000
49834  -26.955  -47.628  19.828 0.0000000000
49833  -26.466  -47.859  20.311 0.0000000000
48845  -27.251  -48.392  19.465 0.0000000000
47747  -26.721  -49.256  19.591 0.0000000000
49859  -29.559  -46.910  18.678 0.0000000000
49860  -30.080  -47.130  18.380 0.0000000000
49811  -32.308  -46.850  20.403 0.0000000000
49790  -32.471  -46.926  20.879 0.0000000000
50738  -31.867  -46.493  20.674 0.0000000000
50714  -31.549  -46.281  21.394 0.0000000000
50756  -30.322  -45.781  19.852 0.0000000000
50820  -31.834  -46.926  17.861 0.0000000000
49881  -31.552  -47.182  17.756 0.0000000000
47768  -31.926  -48.542  17.877 0.0000000000
48862  -32.047  -48.333  17.576 0.0000000000
48895  -33.496  -47.904  16.655 0.0000000000
48880  -33.020  -48.273  16.794 0.0000000000
47804  -34.555  -48.622  16.375 0.0000000000
49864  -35.244  -47.352  18.346 0.0000000000
48897  -35.641  -48.136  16.001 0.0000000000
47807  -36.895  -49.324  16.476 0.0000000000
48918  -38.157  -48.199  15.584 0.0000000000
48900  -38.325  -48.685  16.280 0.0000000000
48901  -39.137  -48.263  16.346 0.0000000000
44741  -24.718  -51.985  21.555 0.0000000000
43615  -24.336  -53.127  20.839 0.0000000000
59585  -44.025  -38.208  12.093 0.0000000000
60712  -45.753  -36.400  11.694 0.0000000000
62780  -44.323  -34.116  10.930 0.0000000000
67710  -42.958  -28.758  12.387 0.0000000000
68688  -44.009  -28.227  10.584 0.0000000000
67718  -43.249  -28.871  10.885 0.0000000000
67728  -43.613  -29.099  10.492 0.0000000000
66739  -44.144  -30.149  10.154 0.0000000000
67729  -44.576  -29.217  9.903 0.0000000000
70679  -45.280  -27.177  10.179 0.0000000000
67745  -46.036  -28.993  9.482 0.0000000000
66754  -46.212  -29.675  9.621 0.0000000000
66741  -46.375  -30.506  9.865 0.0000000000
66742  -47.244  -30.672  9.954 0.0000000000
65790  -48.950  -31.057  10.961 0.0000000000
72507  -51.874  -24.413  7.022 0.0000000000
75496  -52.481  -21.657  6.422 0.0000000000
33007  -12.631  -61.654  34.126 0.0000000000
34116  -11.835  -61.690  35.268 0.0000000000
50866  -40.221  -46.351  15.704 0.0000000000
52636  -39.955  -44.637  15.376 0.0000000000
51730  -40.673  -45.840  15.859 0.0000000000
52637  -40.799  -44.763  15.750 0.0000000000
52622  -41.540  -44.631  16.583 0.0000000000
53552  -40.833  -44.014  15.708 0.0000000000
54484  -40.789  -43.525  15.785 0.0000000000
54469  -40.260  -42.281  16.111 0.0000000000
55401  -40.350  -40.680  17.642 0.0000000000
56372  -33.991  -40.940  17.731 0.0000000000
55412  -34.166  -41.434  16.838 0.0000000000
55399  -34.907  -42.274  17.373 0.0000000000
58483  -33.552  -38.870  16.330 0.0000000000
57414  -33.754  -39.617  15.713 0.0000000000
55437  -35.490  -41.324  15.456 0.0000000000
55438  -36.034  -41.297  15.424 0.0000000000
56386  -38.102  -40.438  16.171 0.0000000000
57480  -37.355  -38.900  12.682 0.0000000000
57465  -38.070  -39.355  13.184 0.0000000000
57467  -39.986  -39.612  13.484 0.0000000000
58537  -42.487  -39.163  12.245 0.0000000000
57486  -42.717  -39.608  12.885 0.0000000000
58538  -43.454  -38.894  12.394 0.0000000000
59584  -43.559  -38.345  12.018 0.0000000000
58556  -42.853  -38.663  11.967 0.0000000000
60720  -41.153  -35.916  10.986 0.0000000000
61775  -39.207  -35.844  11.647 0.0000000000
60706  -39.514  -36.409  11.480 0.0000000000
62763  -40.336  -34.294  11.038 0.0000000000
62776  -40.908  -34.772  10.866 0.0000000000
62764  -40.806  -33.745  10.891 0.0000000000
42485  -26.179  -54.231  20.050 0.0000000000
42486  -27.277  -54.297  20.458 0.0000000000
43605  -28.613  -53.620  21.023 0.0000000000
42472  -28.198  -54.482  21.324 0.0000000000
42456  -29.029  -54.596  22.269 0.0000000000
42441  -29.196  -54.984  22.800 0.0000000000
42457  -29.613  -54.196  22.542 0.0000000000
45791  -30.209  -52.013  22.118 0.0000000000
46771  -32.615  -50.017  21.031 0.0000000000
36487  -13.603  -59.951  32.623 0.0000000000
37699  -15.045  -58.560  30.311 0.0000000000
36503  -15.233  -59.350  29.779 0.0000000000
35286  -15.470  -60.789  30.479 0.0000000000
34172  -14.999  -60.899  31.037 0.0000000000
34173  -15.453  -61.207  31.103 0.0000000000
38963  -18.834  -57.666  26.099 0.0000000000
37737  -19.174  -58.211  26.346 0.0000000000
36535  -19.688  -59.274  27.234 0.0000000000
37725  -19.234  -58.782  26.852 0.0000000000
36520  -18.996  -59.673  27.951 0.0000000000
29445  -9.441  -65.066  39.529 0.0000000000
30632  -8.792  -64.085  39.135 0.0000000000
39035  -26.420  -56.815  22.450 0.0000000000
41354  -26.955  -55.669  21.479 0.0000000000
47794  -38.865  -49.222  17.834 0.0000000000
43604  -23.615  -53.146  21.450 0.0000000000
43603  -23.122  -53.627  21.354 0.0000000000
42469  -23.450  -54.240  20.872 0.0000000000
40228  -23.448  -56.052  21.509 0.0000000000
40214  -24.962  -56.627  21.909 0.0000000000
49817  -38.163  -47.699  19.755 0.0000000000
64770  -41.562  -31.699  11.104 0.0000000000
65772  -41.484  -31.257  11.429 0.0000000000
66729  -41.758  -30.815  11.345 0.0000000000
71573  -49.501  -25.245  8.155 0.0000000000
71582  -49.813  -24.790  7.852 0.0000000000
54429  -36.465  -43.076  19.083 0.0000000000
55378  -36.059  -42.238  19.716 0.0000000000
60667  -35.823  -36.111  14.045 0.0000000000
60684  -35.791  -36.967  13.303 0.0000000000
48827  -29.924  -48.813  19.774 0.0000000000
47732  -30.500  -49.186  20.358 0.0000000000
47713  -31.121  -49.636  20.899 0.0000000000
37722  -17.302  -58.162  27.445 0.0000000000
75505  -54.599  -21.970  5.655 0.0000000000
30658  -11.638  -64.665  38.387 0.0000000000
30647  -11.114  -64.735  39.009 0.0000000000
30634  -10.701  -64.811  39.556 0.0000000000
46827  -34.766  -50.375  18.756 0.0000000000
46815  -35.207  -50.536  19.310 0.0000000000
46816  -36.216  -50.370  19.582 0.0000000000
43575  -21.535  -53.827  23.108 0.0000000000
43561  -21.848  -53.498  23.746 0.0000000000
42399  -20.383  -54.310  25.069 0.0000000000
41325  -19.885  -55.929  24.332 0.0000000000
40176  -19.818  -56.759  24.852 0.0000000000
38993  -21.377  -57.272  24.394 0.0000000000
37786  -24.675  -58.106  23.926 0.0000000000
49928  -37.960  -47.532  15.478 0.0000000000
45801  -25.129  -51.292  21.222 0.0000000000
46768  -25.445  -50.354  20.929 0.0000000000
47728  -25.698  -49.882  20.630 0.0000000000
49789  -26.975  -47.134  21.708 0.0000000000
50753  -27.523  -46.697  21.120 0.0000000000
50774  -27.543  -46.863  20.096 0.0000000000
50775  -28.468  -46.545  19.594 0.0000000000
50776  -29.618  -46.305  19.021 0.0000000000
49812  -32.825  -47.135  20.296 0.0000000000
50758  -32.146  -46.663  19.818 0.0000000000
50778  -31.712  -46.336  19.014 0.0000000000
50779  -32.379  -46.773  19.101 0.0000000000
50821  -32.196  -46.872  18.033 0.0000000000
49882  -32.240  -47.239  17.591 0.0000000000
48879  -32.426  -47.948  17.087 0.0000000000
49902  -32.840  -47.396  17.277 0.0000000000
49925  -36.113  -47.618  16.019 0.0000000000
48916  -36.554  -47.984  15.604 0.0000000000
49927  -37.195  -47.619  15.544 0.0000000000
60710  -43.594  -36.524  11.277 0.0000000000
63756  -44.849  -33.244  10.703 0.0000000000
68665  -43.952  -27.903  12.431 0.0000000000
68664  -43.368  -28.229  11.871 0.0000000000
69655  -43.881  -27.808  11.368 0.0000000000
69671  -44.034  -27.869  10.844 0.0000000000
69686  -44.186  -27.927  10.624 0.0000000000
68708  -46.514  -28.270  9.365 0.0000000000
66756  -47.841  -30.072  9.748 0.0000000000
66743  -48.029  -30.727  10.098 0.0000000000
66757  -48.344  -30.202  9.948 0.0000000000
73462  -51.296  -24.003  6.871 0.0000000000
73453  -51.349  -23.235  6.889 0.0000000000
51728  -39.484  -45.469  15.665 0.0000000000
55440  -39.037  -41.887  16.029 0.0000000000
56371  -33.721  -40.364  17.398 0.0000000000
57415  -34.592  -39.568  14.817 0.0000000000
56428  -35.716  -40.034  14.742 0.0000000000
57418  -38.362  -39.487  15.224 0.0000000000
57482  -38.744  -39.092  12.304 0.0000000000
57484  -40.814  -39.440  12.499 0.0000000000
58536  -41.714  -39.192  12.085 0.0000000000
60707  -40.427  -36.381  11.145 0.0000000000
62735  -38.699  -34.558  12.499 0.0000000000
61767  -39.201  -34.797  11.690 0.0000000000
62751  -39.041  -34.312  12.182 0.0000000000
63738  -39.325  -33.869  11.973 0.0000000000
43628  -26.991  -53.105  19.551 0.0000000000
42500  -27.103  -53.615  19.927 0.0000000000
43617  -27.538  -53.324  19.926 0.0000000000
43606  -29.098  -53.376  21.515 0.0000000000
36509  -15.812  -59.271  28.974 0.0000000000
34174  -16.466  -61.458  30.930 0.0000000000
34189  -16.992  -61.196  30.290 0.0000000000
37755  -20.218  -58.137  25.932 0.0000000000
36546  -20.418  -58.992  26.880 0.0000000000
36536  -20.586  -59.447  27.416 0.0000000000
51703  -42.084  -45.197  18.027 0.0000000000
52608  -41.896  -44.526  17.203 0.0000000000
37777  -26.279  -58.454  24.215 0.0000000000
37778  -27.353  -58.402  24.260 0.0000000000
39017  -27.619  -57.144  23.220 0.0000000000
47773  -36.671  -50.111  17.904 0.0000000000
43577  -23.005  -53.059  23.339 0.0000000000
43576  -22.236  -53.370  23.076 0.0000000000
43588  -21.524  -54.234  22.654 0.0000000000
41352  -21.528  -55.559  22.574 0.0000000000
40192  -21.714  -56.456  23.181 0.0000000000
40193  -22.696  -56.700  22.858 0.0000000000
39013  -23.512  -57.288  23.277 0.0000000000
39032  -24.026  -57.142  22.748 0.0000000000
49887  -37.536  -46.974  17.123 0.0000000000
49863  -34.234  -47.246  18.633 0.0000000000
62778  -42.392  -34.161  10.641 0.0000000000
65785  -44.728  -31.214  10.146 0.0000000000
70651  -45.127  -26.502  11.168 0.0000000000
70668  -45.630  -26.215  10.711 0.0000000000
70681  -46.553  -26.642  9.494 0.0000000000
71563  -46.831  -25.787  9.703 0.0000000000
69705  -47.031  -27.390  9.197 0.0000000000
72497  -51.564  -24.972  7.358 0.0000000000
33019  -14.377  -62.057  32.679 0.0000000000
53519  -37.710  -43.527  17.134 0.0000000000
54454  -36.960  -43.604  17.178 0.0000000000
58465  -33.848  -37.805  16.630 0.0000000000
58505  -34.494  -38.612  14.529 0.0000000000
57462  -35.880  -38.948  13.354 0.0000000000
57463  -36.355  -39.114  13.311 0.0000000000
58520  -36.715  -38.838  12.921 0.0000000000
58533  -37.140  -38.405  12.555 0.0000000000
59581  -36.220  -37.605  12.868 0.0000000000
59582  -36.811  -37.467  12.568 0.0000000000
58534  -38.258  -38.211  12.010 0.0000000000
58551  -38.732  -37.676  11.808 0.0000000000
59593  -39.088  -37.180  11.674 0.0000000000
61753  -38.347  -34.917  12.757 0.0000000000
61754  -38.925  -34.461  13.652 0.0000000000
46812  -28.443  -50.257  19.705 0.0000000000
45811  -29.132  -50.926  20.664 0.0000000000
46750  -30.149  -50.962  21.621 0.0000000000
47711  -30.087  -50.423  21.102 0.0000000000
47692  -30.259  -50.703  21.327 0.0000000000
38934  -16.101  -57.604  28.665 0.0000000000
38933  -15.724  -58.132  29.036 0.0000000000
36517  -16.489  -59.199  28.345 0.0000000000
36549  -22.962  -59.137  26.865 0.0000000000
32980  -10.653  -62.342  37.276 0.0000000000
31856  -10.727  -63.230  36.915 0.0000000000
31833  -10.047  -63.114  38.324 0.0000000000
32961  -9.575  -62.670  39.351 0.0000000000
32956  -9.339  -62.415  39.764 0.0000000000
68650  -44.261  -28.256  13.001 0.0000000000
69640  -44.508  -27.518  12.655 0.0000000000
69657  -45.059  -26.858  12.560 0.0000000000
55390  -40.863  -40.624  18.348 0.0000000000
47735  -33.140  -49.977  19.704 0.0000000000
41257  -18.669  -55.121  27.331 0.0000000000
41282  -18.034  -55.741  26.600 0.0000000000
40147  -17.951  -56.638  26.390 0.0000000000
40164  -18.467  -56.634  25.879 0.0000000000
38975  -18.790  -57.190  25.791 0.0000000000
38976  -19.549  -57.547  25.625 0.0000000000
38991  -20.082  -57.312  25.140 0.0000000000
37741  -22.452  -58.654  26.239 0.0000000000
39011  -21.854  -57.059  23.847 0.0000000000
37773  -22.439  -58.052  25.004 0.0000000000
49908  -39.882  -47.690  16.466 0.0000000000
50825  -38.758  -45.781  17.258 0.0000000000
51688  -38.960  -45.028  18.569 0.0000000000
51700  -39.044  -44.776  17.538 0.0000000000
52606  -38.789  -44.186  17.677 0.0000000000
54431  -37.443  -43.827  19.813 0.0000000000
41384  -24.848  -54.275  20.381 0.0000000000
41385  -25.487  -54.690  20.330 0.0000000000
42498  -25.981  -53.568  19.800 0.0000000000
43627  -26.288  -52.958  19.584 0.0000000000
44756  -26.786  -52.252  19.299 0.0000000000
45823  -27.600  -51.403  19.407 0.0000000000
47691  -25.401  -49.016  22.628 0.0000000000
47729  -26.074  -49.352  20.211 0.0000000000
49809  -26.373  -47.775  20.753 0.0000000000
46811  -27.893  -50.265  19.463 0.0000000000
47749  -28.675  -49.536  19.627 0.0000000000
47750  -29.317  -49.196  19.722 0.0000000000
48847  -29.245  -48.441  19.346 0.0000000000
50736  -30.069  -45.897  20.997 0.0000000000
50800  -30.397  -46.569  18.455 0.0000000000
48860  -30.617  -47.532  18.269 0.0000000000
47787  -32.838  -48.476  16.981 0.0000000000
47790  -35.450  -49.711  17.083 0.0000000000
48896  -34.565  -47.942  16.375 0.0000000000
47791  -36.360  -49.821  17.111 0.0000000000
48899  -37.470  -48.736  15.960 0.0000000000
48882  -39.216  -48.761  17.354 0.0000000000
44733  -24.118  -51.856  22.691 0.0000000000
59599  -45.168  -37.137  11.790 0.0000000000
61792  -43.823  -34.885  11.079 0.0000000000
62781  -45.496  -34.316  11.120 0.0000000000
67695  -42.533  -29.325  12.544 0.0000000000
67717  -42.935  -29.252  10.999 0.0000000000
68663  -43.045  -28.729  11.369 0.0000000000
66738  -43.157  -30.070  10.630 0.0000000000
70667  -45.089  -26.961  10.558 0.0000000000
69702  -44.732  -28.036  10.020 0.0000000000
68706  -44.964  -28.456  9.821 0.0000000000
67744  -45.363  -29.094  9.644 0.0000000000
64788  -47.683  -31.943  10.822 0.0000000000
74484  -54.373  -22.775  5.859 0.0000000000
34107  -11.635  -61.460  35.857 0.0000000000
32989  -11.155  -62.273  36.350 0.0000000000
33008  -13.386  -62.092  33.485 0.0000000000
31885  -12.718  -62.414  34.369 0.0000000000
31870  -11.515  -62.831  35.746 0.0000000000
30668  -12.097  -64.575  37.766 0.0000000000
50826  -40.766  -47.055  16.813 0.0000000000
53550  -39.695  -43.659  15.384 0.0000000000
53522  -41.835  -43.654  17.006 0.0000000000
54456  -41.656  -42.633  17.106 0.0000000000
55402  -41.127  -41.794  17.164 0.0000000000
56361  -34.178  -40.908  18.604 0.0000000000
54464  -35.657  -42.388  16.045 0.0000000000
57391  -33.530  -39.752  16.753 0.0000000000
56382  -33.770  -40.710  16.733 0.0000000000
56405  -34.176  -40.450  15.468 0.0000000000
55435  -33.871  -41.002  16.146 0.0000000000
55414  -35.945  -41.889  15.657 0.0000000000
55415  -36.761  -41.936  15.549 0.0000000000
56373  -39.698  -40.087  17.403 0.0000000000
56374  -40.254  -40.110  18.063 0.0000000000
57394  -39.525  -39.614  16.670 0.0000000000
61789  -41.342  -35.215  10.840 0.0000000000
63752  -41.143  -33.231  10.859 0.0000000000
64768  -40.314  -32.686  11.754 0.0000000000
65748  -41.374  -31.550  13.096 0.0000000000
41372  -26.550  -55.439  21.083 0.0000000000
41355  -27.467  -55.558  21.740 0.0000000000
42471  -27.598  -54.761  21.094 0.0000000000
41374  -27.718  -55.046  21.481 0.0000000000
41340  -28.773  -55.356  22.724 0.0000000000
45802  -28.972  -52.316  21.027 0.0000000000
44735  -29.932  -52.919  22.486 0.0000000000
43594  -29.502  -53.659  22.098 0.0000000000
47714  -31.998  -49.732  20.820 0.0000000000
35278  -13.358  -60.260  33.046 0.0000000000
34156  -13.892  -60.803  32.179 0.0000000000
36494  -14.368  -59.651  31.133 0.0000000000
35298  -15.029  -59.886  30.123 0.0000000000
35281  -14.108  -60.364  31.691 0.0000000000
38961  -17.629  -57.329  26.859 0.0000000000
37735  -17.898  -57.853  26.810 0.0000000000
37723  -17.971  -58.387  27.045 0.0000000000
37724  -18.608  -58.602  26.893 0.0000000000
36533  -18.073  -58.922  27.374 0.0000000000
36519  -18.142  -59.497  27.870 0.0000000000
35333  -18.252  -60.088  28.504 0.0000000000
36538  -22.414  -59.494  27.593 0.0000000000
35335  -20.084  -60.336  28.720 0.0000000000
76483  -54.866  -20.588  5.605 0.0000000000
30631  -8.053  -64.038  39.258 0.0000000000
31811  -8.378  -63.002  39.412 0.0000000000
33029  -15.385  -62.135  32.376 0.0000000000
35275  -13.376  -59.850  33.313 0.0000000000
35277  -13.224  -60.331  33.347 0.0000000000
35316  -15.968  -59.775  29.036 0.0000000000
36502  -14.783  -59.530  30.447 0.0000000000
36510  -16.156  -59.594  28.763 0.0000000000
37712  -15.929  -58.465  28.747 0.0000000000
40126  -16.515  -57.076  28.266 0.0000000000
40218  -28.304  -55.637  22.516 0.0000000000
40232  -26.635  -55.819  21.510 0.0000000000
41234  -17.170  -56.025  28.064 0.0000000000
41307  -18.245  -56.195  26.071 0.0000000000
41387  -26.845  -54.980  20.775 0.0000000000
42397  -19.311  -55.462  25.121 0.0000000000
42416  -19.628  -55.443  24.690 0.0000000000
43618  -28.076  -53.501  20.411 0.0000000000
44742  -28.959  -52.957  21.169 0.0000000000
46809  -26.231  -50.742  19.500 0.0000000000
47693  -30.470  -50.547  21.395 0.0000000000
47709  -25.586  -49.915  20.939 0.0000000000
47754  -34.392  -50.265  18.723 0.0000000000
48915  -36.254  -47.836  15.818 0.0000000000
50759  -32.684  -47.038  19.594 0.0000000000
50802  -32.146  -46.713  18.520 0.0000000000
50867  -40.577  -46.361  15.934 0.0000000000
53509  -38.333  -44.291  18.986 0.0000000000
55411  -33.885  -41.079  16.580 0.0000000000
57495  -39.048  -38.707  11.899 0.0000000000
59560  -34.664  -37.887  14.177 0.0000000000
60683  -35.375  -37.414  13.511 0.0000000000
62750  -38.658  -34.747  12.288 0.0000000000
63729  -39.240  -33.907  12.232 0.0000000000
67730  -49.159  -29.826  10.052 0.0000000000
68675  -43.133  -28.792  11.090 0.0000000000
69687  -44.537  -27.681  10.451 0.0000000000
69688  -45.026  -27.364  10.264 0.0000000000
69703  -45.234  -27.645  9.926 0.0000000000
70650  -44.757  -26.936  10.999 0.0000000000
