#!ascii label  , from subject sub-01 vox2ras=TkReg
1676
49637  -38.031  -45.976  32.530 0.0000000000
70559  -53.515  -25.877  20.588 0.0000000000
59437  -43.371  -36.209  24.010 0.0000000000
40063  -9.979  -57.091  31.702 0.0000000000
42351  -26.691  -52.927  31.219 0.0000000000
46665  -7.228  -50.240  31.724 0.0000000000
46568  -7.798  -50.771  38.255 0.0000000000
63644  -49.311  -32.784  20.487 0.0000000000
52524  -6.545  -44.438  24.094 0.0000000000
37590  -9.904  -58.826  41.838 0.0000000000
52510  -39.323  -44.493  26.908 0.0000000000
48659  -35.059  -47.378  30.306 0.0000000000
47596  -31.504  -47.660  33.594 0.0000000000
72391  -55.407  -24.243  18.027 0.0000000000
60544  -46.610  -35.818  21.722 0.0000000000
40131  -23.110  -56.245  27.423 0.0000000000
55234  -6.451  -41.527  29.165 0.0000000000
43469  -10.593  -52.922  31.342 0.0000000000
43533  -8.042  -52.318  26.486 0.0000000000
40163  -11.172  -56.176  25.846 0.0000000000
39990  -16.017  -55.826  40.214 0.0000000000
42250  -13.049  -54.656  43.314 0.0000000000
59362  -41.121  -36.966  27.232 0.0000000000
44598  -29.176  -50.346  35.243 0.0000000000
46684  -26.941  -50.033  29.870 0.0000000000
44600  -6.224  -51.032  35.032 0.0000000000
43398  -11.035  -53.173  36.700 0.0000000000
67643  -50.867  -29.699  20.436 0.0000000000
36450  -18.427  -56.711  36.265 0.0000000000
37685  -20.566  -57.630  32.068 0.0000000000
48685  -8.746  -47.761  28.061 0.0000000000
46747  -6.300  -50.334  23.073 0.0000000000
47501  -11.609  -50.376  39.679 0.0000000000
43340  -11.215  -53.323  40.269 0.0000000000
38824  -9.359  -57.997  37.952 0.0000000000
52468  -40.122  -44.418  31.797 0.0000000000
48664  -38.145  -46.305  29.861 0.0000000000
50651  -39.484  -44.622  29.190 0.0000000000
48641  -36.434  -47.076  30.877 0.0000000000
48695  -37.335  -48.118  28.534 0.0000000000
47614  -35.216  -47.508  32.751 0.0000000000
71463  -54.946  -24.858  19.674 0.0000000000
69596  -49.228  -27.510  18.668 0.0000000000
71476  -51.977  -25.340  17.807 0.0000000000
71478  -53.352  -24.583  17.262 0.0000000000
60525  -45.101  -36.582  22.880 0.0000000000
59413  -40.192  -36.421  24.413 0.0000000000
60521  -41.396  -35.555  22.904 0.0000000000
60557  -43.002  -35.440  21.513 0.0000000000
41194  -12.086  -54.901  31.927 0.0000000000
42349  -12.151  -53.726  29.018 0.0000000000
40102  -11.129  -56.449  28.580 0.0000000000
38959  -9.182  -57.734  26.440 0.0000000000
38913  -9.194  -57.664  29.636 0.0000000000
36431  -14.906  -57.241  39.214 0.0000000000
37593  -13.801  -56.935  41.273 0.0000000000
58257  -40.554  -37.692  28.929 0.0000000000
55261  -39.725  -42.210  28.807 0.0000000000
55295  -38.795  -42.850  26.626 0.0000000000
56221  -38.957  -40.746  29.143 0.0000000000
57211  -38.390  -39.259  28.279 0.0000000000
46593  -31.101  -49.320  36.841 0.0000000000
48655  -31.364  -46.745  30.519 0.0000000000
47624  -29.525  -48.020  32.077 0.0000000000
73382  -54.970  -22.655  14.624 0.0000000000
75458  -55.901  -21.132  13.802 0.0000000000
44576  -6.949  -51.197  37.125 0.0000000000
43409  -8.360  -53.175  35.606 0.0000000000
43353  -8.992  -52.095  37.951 0.0000000000
64676  -50.391  -31.455  20.513 0.0000000000
61665  -45.537  -33.515  18.778 0.0000000000
62677  -47.410  -32.695  18.513 0.0000000000
65711  -48.559  -31.559  18.195 0.0000000000
41148  -19.159  -55.768  37.281 0.0000000000
38825  -20.472  -56.766  36.166 0.0000000000
50630  -6.255  -46.755  31.970 0.0000000000
51566  -6.872  -45.496  30.438 0.0000000000
47640  -8.149  -49.333  29.803 0.0000000000
44719  -8.391  -52.999  23.313 0.0000000000
44706  -6.489  -51.271  24.642 0.0000000000
44738  -7.211  -52.389  21.521 0.0000000000
46584  -13.087  -51.013  39.061 0.0000000000
39974  -11.702  -56.513  42.757 0.0000000000
43331  -12.311  -53.778  41.535 0.0000000000
41125  -10.498  -56.499  41.015 0.0000000000
39996  -9.868  -56.657  39.732 0.0000000000
38810  -9.239  -57.769  39.808 0.0000000000
52492  -39.758  -43.866  28.930 0.0000000000
47554  -31.804  -48.139  35.549 0.0000000000
47576  -33.724  -47.866  34.114 0.0000000000
48617  -33.491  -47.082  31.947 0.0000000000
73361  -56.589  -23.314  17.107 0.0000000000
71493  -53.646  -24.312  15.283 0.0000000000
61620  -47.615  -34.371  21.400 0.0000000000
61647  -44.876  -34.371  19.930 0.0000000000
42382  -25.504  -53.070  27.645 0.0000000000
40134  -25.036  -54.956  28.564 0.0000000000
54354  -7.755  -42.711  26.746 0.0000000000
43479  -7.823  -51.720  31.342 0.0000000000
43491  -7.720  -51.825  29.039 0.0000000000
43495  -9.846  -53.059  29.382 0.0000000000
43537  -11.127  -53.051  26.076 0.0000000000
40210  -9.198  -55.405  22.821 0.0000000000
44535  -15.764  -53.787  39.842 0.0000000000
45530  -14.176  -52.533  41.494 0.0000000000
41127  -14.501  -55.263  42.446 0.0000000000
38795  -13.213  -57.157  43.036 0.0000000000
59397  -41.394  -36.181  25.536 0.0000000000
58290  -39.157  -37.846  26.277 0.0000000000
43445  -27.874  -52.487  33.347 0.0000000000
46630  -30.394  -48.993  34.978 0.0000000000
45628  -28.224  -50.450  32.975 0.0000000000
44662  -26.961  -51.554  30.699 0.0000000000
48609  -5.815  -48.142  33.376 0.0000000000
47578  -5.666  -49.007  34.524 0.0000000000
44619  -6.549  -50.960  33.151 0.0000000000
43437  -7.993  -53.188  33.711 0.0000000000
43424  -10.804  -53.200  34.361 0.0000000000
40051  -11.702  -55.543  33.913 0.0000000000
69575  -52.313  -27.289  20.897 0.0000000000
67646  -48.802  -29.788  18.620 0.0000000000
43351  -17.571  -54.809  38.648 0.0000000000
36439  -16.522  -56.552  38.073 0.0000000000
36447  -15.961  -56.930  36.786 0.0000000000
38923  -24.213  -56.695  30.279 0.0000000000
37688  -22.842  -56.836  31.831 0.0000000000
37645  -21.430  -56.352  33.931 0.0000000000
37643  -19.881  -56.929  34.174 0.0000000000
37640  -17.470  -57.531  34.215 0.0000000000
53416  -5.838  -43.067  30.425 0.0000000000
52494  -7.823  -44.398  28.215 0.0000000000
50670  -7.667  -46.384  25.623 0.0000000000
45699  -7.276  -50.705  27.149 0.0000000000
48723  -6.288  -48.973  25.280 0.0000000000
49730  -5.565  -47.756  24.134 0.0000000000
47510  -9.705  -50.157  39.149 0.0000000000
46527  -12.644  -51.601  42.009 0.0000000000
46524  -11.189  -51.557  40.494 0.0000000000
44532  -10.134  -51.810  39.317 0.0000000000
43356  -11.115  -53.553  38.866 0.0000000000
40015  -10.897  -56.093  37.561 0.0000000000
40037  -9.738  -57.316  34.895 0.0000000000
35238  -8.219  -60.738  40.095 0.0000000000
36434  -7.856  -59.992  38.159 0.0000000000
38856  -8.865  -58.923  32.699 0.0000000000
51551  -39.256  -45.168  32.134 0.0000000000
51535  -38.460  -45.039  33.642 0.0000000000
48623  -38.239  -46.263  30.891 0.0000000000
49661  -39.058  -45.614  30.243 0.0000000000
48622  -37.304  -46.562  31.516 0.0000000000
48642  -37.078  -46.822  30.684 0.0000000000
49627  -37.655  -45.814  33.037 0.0000000000
48608  -36.909  -46.439  32.406 0.0000000000
71462  -54.214  -25.371  20.096 0.0000000000
70567  -51.726  -26.547  19.924 0.0000000000
70575  -50.363  -25.928  17.497 0.0000000000
71471  -51.948  -25.729  18.684 0.0000000000
71472  -52.728  -25.310  18.531 0.0000000000
60524  -43.736  -36.441  23.231 0.0000000000
60493  -45.104  -35.759  24.465 0.0000000000
59418  -43.813  -36.132  24.332 0.0000000000
59434  -40.919  -35.807  24.132 0.0000000000
59455  -42.657  -36.088  23.597 0.0000000000
60523  -42.672  -36.128  22.874 0.0000000000
40065  -11.571  -55.911  31.801 0.0000000000
40073  -11.440  -56.106  30.754 0.0000000000
40072  -10.580  -56.750  30.712 0.0000000000
40083  -10.173  -56.989  29.593 0.0000000000
40071  -9.811  -57.279  30.785 0.0000000000
35263  -14.420  -57.540  37.582 0.0000000000
35248  -14.345  -57.589  39.514 0.0000000000
55243  -39.505  -41.448  29.319 0.0000000000
55260  -39.507  -41.925  28.590 0.0000000000
56207  -39.151  -40.237  29.720 0.0000000000
56206  -39.026  -39.821  29.419 0.0000000000
73375  -55.926  -22.744  15.398 0.0000000000
74407  -55.644  -22.103  14.549 0.0000000000
75441  -57.257  -21.013  15.106 0.0000000000
46567  -7.368  -50.963  37.897 0.0000000000
43364  -8.014  -52.184  37.087 0.0000000000
44549  -8.251  -51.289  38.101 0.0000000000
64675  -50.001  -32.038  20.366 0.0000000000
65665  -51.167  -31.208  21.903 0.0000000000
61650  -47.484  -33.048  20.268 0.0000000000
62665  -46.825  -32.930  18.880 0.0000000000
62667  -48.247  -32.507  19.410 0.0000000000
64686  -49.080  -32.053  19.325 0.0000000000
42281  -20.287  -55.339  35.822 0.0000000000
41157  -20.863  -55.919  35.397 0.0000000000
41196  -27.360  -53.255  32.317 0.0000000000
40094  -26.432  -54.257  31.431 0.0000000000
53450  -6.673  -43.464  24.316 0.0000000000
48627  -6.712  -48.238  31.869 0.0000000000
48645  -6.886  -47.633  31.396 0.0000000000
46666  -7.504  -50.155  31.126 0.0000000000
43586  -8.027  -53.634  22.090 0.0000000000
44730  -7.582  -52.779  22.306 0.0000000000
44739  -7.405  -52.939  21.511 0.0000000000
47550  -13.940  -50.387  37.565 0.0000000000
46585  -13.746  -51.096  38.491 0.0000000000
38791  -10.604  -57.769  42.514 0.0000000000
39973  -11.083  -56.716  42.033 0.0000000000
38802  -9.905  -57.572  41.077 0.0000000000
39987  -9.862  -57.029  40.842 0.0000000000
38801  -9.714  -58.336  40.850 0.0000000000
51563  -39.893  -44.198  29.743 0.0000000000
51580  -39.602  -44.283  28.965 0.0000000000
53414  -40.095  -43.567  29.566 0.0000000000
54328  -40.249  -42.877  29.701 0.0000000000
48619  -35.049  -47.369  31.961 0.0000000000
47613  -34.885  -47.614  32.657 0.0000000000
48638  -34.336  -47.048  31.153 0.0000000000
48657  -33.354  -46.626  30.404 0.0000000000
72392  -56.041  -23.778  17.577 0.0000000000
72394  -54.067  -24.468  17.821 0.0000000000
71482  -53.390  -24.489  16.172 0.0000000000
72396  -55.283  -23.916  17.021 0.0000000000
72397  -55.964  -23.546  16.654 0.0000000000
61619  -46.759  -35.302  21.617 0.0000000000
62629  -48.456  -34.224  22.696 0.0000000000
61604  -47.470  -34.609  22.864 0.0000000000
60559  -45.093  -35.712  21.463 0.0000000000
61630  -43.500  -34.873  20.835 0.0000000000
61632  -45.845  -35.177  20.981 0.0000000000
61633  -46.758  -34.390  20.766 0.0000000000
56210  -6.437  -40.669  28.373 0.0000000000
55264  -7.219  -41.291  26.790 0.0000000000
55246  -7.429  -42.210  27.912 0.0000000000
43467  -8.712  -52.907  31.684 0.0000000000
43481  -8.835  -53.056  30.611 0.0000000000
43482  -9.734  -53.017  30.437 0.0000000000
41254  -12.337  -55.005  27.476 0.0000000000
43525  -11.675  -53.414  27.149 0.0000000000
42395  -12.114  -54.569  25.797 0.0000000000
42436  -11.281  -54.319  23.990 0.0000000000
40175  -10.353  -56.027  24.049 0.0000000000
40161  -9.804  -56.971  24.715 0.0000000000
42259  -16.067  -55.020  40.448 0.0000000000
43339  -15.097  -54.692  41.002 0.0000000000
41129  -15.196  -55.604  40.890 0.0000000000
36422  -13.231  -57.607  41.129 0.0000000000
37592  -13.533  -57.200  41.873 0.0000000000
36416  -12.476  -58.367  42.263 0.0000000000
37587  -12.054  -57.912  43.165 0.0000000000
59378  -40.988  -36.839  26.420 0.0000000000
58266  -39.900  -37.914  28.074 0.0000000000
58275  -39.143  -38.087  27.149 0.0000000000
58292  -40.451  -37.253  26.482 0.0000000000
58317  -40.279  -37.189  25.976 0.0000000000
44589  -28.461  -51.760  35.636 0.0000000000
43416  -28.172  -52.608  34.428 0.0000000000
43430  -28.213  -52.049  33.982 0.0000000000
46620  -32.204  -48.043  34.540 0.0000000000
46612  -31.517  -48.274  35.050 0.0000000000
46642  -30.844  -48.201  34.333 0.0000000000
47641  -28.208  -48.152  31.036 0.0000000000
47623  -28.677  -48.896  32.279 0.0000000000
46678  -27.452  -49.748  30.928 0.0000000000
45651  -27.572  -50.907  31.580 0.0000000000
45681  -26.873  -51.047  30.185 0.0000000000
45680  -26.554  -50.784  29.309 0.0000000000
45595  -6.031  -50.555  35.952 0.0000000000
45612  -5.875  -50.247  34.609 0.0000000000
45613  -5.985  -50.273  34.046 0.0000000000
44608  -6.200  -50.860  34.128 0.0000000000
43452  -7.327  -51.737  33.415 0.0000000000
43435  -7.099  -51.663  34.294 0.0000000000
43397  -10.172  -52.918  36.562 0.0000000000
43423  -9.885  -53.070  34.536 0.0000000000
42296  -11.245  -53.692  35.107 0.0000000000
41182  -11.822  -54.538  34.007 0.0000000000
40029  -11.654  -54.941  35.595 0.0000000000
69553  -51.804  -28.450  21.261 0.0000000000
68563  -52.793  -27.853  22.020 0.0000000000
68544  -52.796  -28.271  22.604 0.0000000000
66667  -50.069  -30.671  19.526 0.0000000000
66673  -48.553  -30.705  18.205 0.0000000000
67641  -50.027  -29.708  19.642 0.0000000000
69590  -49.765  -28.190  19.648 0.0000000000
44557  -17.851  -54.175  37.078 0.0000000000
38820  -19.041  -56.428  37.180 0.0000000000
40003  -18.159  -56.173  38.192 0.0000000000
37613  -17.979  -56.602  36.951 0.0000000000
36443  -16.379  -56.642  37.580 0.0000000000
36455  -16.940  -56.919  35.963 0.0000000000
40150  -24.717  -56.028  27.299 0.0000000000
40112  -24.562  -56.011  28.981 0.0000000000
40111  -24.125  -56.609  28.546 0.0000000000
38901  -21.364  -57.036  30.637 0.0000000000
38903  -23.048  -57.232  30.648 0.0000000000
37687  -22.001  -56.923  31.839 0.0000000000
37673  -22.685  -56.518  32.353 0.0000000000
37671  -21.206  -57.218  32.875 0.0000000000
37644  -20.468  -56.668  34.234 0.0000000000
37670  -20.416  -57.509  32.924 0.0000000000
37653  -17.495  -57.335  33.552 0.0000000000
53400  -5.553  -43.480  31.097 0.0000000000
49676  -8.387  -47.023  29.154 0.0000000000
51578  -7.330  -45.320  29.634 0.0000000000
50656  -8.324  -46.244  28.706 0.0000000000
51587  -8.421  -45.458  27.308 0.0000000000
49701  -8.141  -47.090  26.384 0.0000000000
43520  -8.037  -52.510  27.463 0.0000000000
44659  -7.563  -51.333  28.226 0.0000000000
43532  -7.684  -51.757  26.387 0.0000000000
45772  -6.212  -51.023  23.724 0.0000000000
46704  -6.239  -50.136  24.953 0.0000000000
47674  -5.943  -49.656  24.392 0.0000000000
48756  -5.645  -48.475  24.314 0.0000000000
47690  -6.028  -49.204  23.642 0.0000000000
48785  -6.382  -48.418  23.340 0.0000000000
48512  -10.901  -49.831  38.914 0.0000000000
44520  -13.576  -52.849  42.935 0.0000000000
46528  -13.223  -51.824  42.006 0.0000000000
44519  -12.838  -52.928  43.080 0.0000000000
43329  -11.991  -53.681  40.588 0.0000000000
45515  -11.580  -52.589  41.050 0.0000000000
44527  -10.891  -52.418  40.164 0.0000000000
44526  -10.483  -51.787  39.828 0.0000000000
44533  -10.740  -52.559  39.768 0.0000000000
44541  -10.730  -52.753  39.608 0.0000000000
43345  -11.227  -54.094  39.657 0.0000000000
40012  -9.515  -57.439  38.503 0.0000000000
40008  -10.234  -56.538  38.617 0.0000000000
40019  -9.915  -57.317  37.123 0.0000000000
40026  -10.100  -57.237  35.953 0.0000000000
38828  -9.460  -58.018  36.824 0.0000000000
34078  -7.719  -61.018  39.461 0.0000000000
36430  -8.216  -59.832  39.292 0.0000000000
52469  -40.275  -44.156  30.739 0.0000000000
48697  -38.014  -46.689  28.474 0.0000000000
49681  -38.472  -45.751  28.310 0.0000000000
49674  -39.094  -45.307  29.403 0.0000000000
50627  -39.645  -44.834  30.380 0.0000000000
48660  -35.882  -47.485  30.252 0.0000000000
48661  -36.584  -47.374  30.126 0.0000000000
48679  -37.592  -47.130  29.197 0.0000000000
48620  -35.633  -47.271  31.966 0.0000000000
72385  -54.846  -24.676  18.978 0.0000000000
70579  -50.348  -25.699  16.520 0.0000000000
70592  -51.100  -25.432  15.853 0.0000000000
70605  -51.752  -25.189  15.231 0.0000000000
71480  -52.051  -25.081  17.090 0.0000000000
71473  -53.631  -24.805  18.330 0.0000000000
60526  -46.075  -36.266  22.445 0.0000000000
61603  -46.630  -35.277  23.203 0.0000000000
60507  -45.902  -36.258  23.556 0.0000000000
61592  -45.478  -34.910  24.051 0.0000000000
58344  -38.934  -37.622  24.564 0.0000000000
59432  -39.378  -36.521  23.421 0.0000000000
59466  -40.007  -35.465  22.574 0.0000000000
60537  -40.191  -35.193  21.759 0.0000000000
61627  -40.735  -34.688  20.747 0.0000000000
60539  -42.382  -35.782  22.186 0.0000000000
60541  -44.528  -36.213  22.159 0.0000000000
42317  -11.978  -53.819  32.098 0.0000000000
43484  -11.532  -53.385  30.070 0.0000000000
42325  -12.119  -53.966  30.970 0.0000000000
41232  -11.818  -55.724  28.890 0.0000000000
40125  -11.109  -56.534  27.372 0.0000000000
38960  -9.878  -57.215  26.309 0.0000000000
40101  -10.275  -57.057  28.163 0.0000000000
38932  -9.405  -57.551  28.396 0.0000000000
36433  -15.468  -56.873  39.737 0.0000000000
38804  -14.986  -56.387  40.790 0.0000000000
36426  -14.701  -57.416  39.930 0.0000000000
58267  -40.627  -37.472  28.061 0.0000000000
54358  -39.469  -43.269  27.869 0.0000000000
54366  -39.206  -43.544  26.986 0.0000000000
55278  -39.540  -42.616  28.196 0.0000000000
55276  -38.682  -41.842  27.751 0.0000000000
55275  -38.125  -41.465  27.923 0.0000000000
56220  -38.477  -39.985  28.983 0.0000000000
57213  -39.598  -38.569  28.782 0.0000000000
45583  -30.175  -49.802  36.323 0.0000000000
47626  -31.840  -47.067  32.015 0.0000000000
47609  -31.046  -47.458  32.926 0.0000000000
48634  -30.491  -47.256  31.276 0.0000000000
47642  -29.369  -47.380  30.497 0.0000000000
74417  -53.911  -22.457  13.553 0.0000000000
74426  -54.717  -21.514  13.005 0.0000000000
74427  -55.024  -21.299  13.007 0.0000000000
76442  -55.308  -20.623  12.433 0.0000000000
43392  -6.720  -51.350  36.129 0.0000000000
43407  -7.381  -51.843  35.644 0.0000000000
43380  -7.636  -51.827  36.818 0.0000000000
43382  -8.627  -52.898  37.269 0.0000000000
43383  -9.624  -52.779  37.354 0.0000000000
66662  -50.765  -30.265  20.414 0.0000000000
66635  -51.435  -30.434  21.723 0.0000000000
62675  -45.821  -32.977  18.083 0.0000000000
63681  -46.707  -32.724  17.540 0.0000000000
64731  -47.424  -32.345  17.334 0.0000000000
63668  -48.025  -32.386  18.190 0.0000000000
65700  -49.304  -31.665  19.166 0.0000000000
43370  -18.338  -54.437  36.841 0.0000000000
42275  -19.665  -55.369  36.356 0.0000000000
38822  -19.885  -56.777  36.558 0.0000000000
37621  -19.658  -56.624  36.246 0.0000000000
38918  -20.644  -56.030  30.219 0.0000000000
37684  -20.004  -57.614  31.898 0.0000000000
51555  -5.680  -45.358  32.122 0.0000000000
51564  -6.013  -45.180  31.604 0.0000000000
50641  -6.330  -46.164  31.570 0.0000000000
49675  -7.760  -47.112  30.076 0.0000000000
48667  -8.470  -48.122  29.209 0.0000000000
43558  -8.214  -52.707  25.008 0.0000000000
44697  -7.403  -51.829  25.159 0.0000000000
44708  -7.461  -52.066  24.578 0.0000000000
45773  -6.465  -51.380  23.121 0.0000000000
45788  -6.748  -51.422  22.442 0.0000000000
47558  -13.576  -49.426  36.196 0.0000000000
47534  -12.594  -49.711  37.935 0.0000000000
47512  -12.141  -50.362  39.727 0.0000000000
41120  -12.347  -55.655  42.602 0.0000000000
43332  -12.399  -53.792  42.292 0.0000000000
41119  -11.945  -55.682  41.920 0.0000000000
41118  -11.812  -55.620  41.112 0.0000000000
41132  -10.979  -56.197  40.387 0.0000000000
41136  -10.849  -56.199  39.958 0.0000000000
41131  -10.223  -56.574  40.535 0.0000000000
39994  -9.217  -57.171  40.001 0.0000000000
38819  -9.294  -57.777  38.805 0.0000000000
51598  -39.274  -44.763  27.059 0.0000000000
50664  -38.839  -45.062  27.945 0.0000000000
51583  -39.432  -44.219  28.462 0.0000000000
52496  -39.526  -43.920  28.388 0.0000000000
53424  -39.825  -43.464  28.794 0.0000000000
55231  -40.016  -41.974  29.807 0.0000000000
46633  -33.418  -47.940  33.986 0.0000000000
47587  -34.629  -47.823  33.564 0.0000000000
47599  -34.001  -47.881  32.993 0.0000000000
47610  -32.410  -47.268  32.685 0.0000000000
48636  -32.562  -46.755  31.178 0.0000000000
71501  -52.995  -24.675  14.565 0.0000000000
72414  -54.838  -23.417  15.486 0.0000000000
72405  -55.930  -23.380  16.140 0.0000000000
62649  -49.058  -33.664  21.405 0.0000000000
63625  -49.928  -33.102  22.369 0.0000000000
62642  -49.301  -33.870  22.354 0.0000000000
61644  -41.894  -34.498  20.053 0.0000000000
61648  -45.862  -34.036  19.820 0.0000000000
61649  -46.785  -33.491  20.147 0.0000000000
42360  -26.112  -52.920  30.110 0.0000000000
41239  -25.889  -53.596  29.857 0.0000000000
41291  -25.478  -53.725  28.155 0.0000000000
41289  -24.667  -55.230  26.893 0.0000000000
55303  -7.253  -42.363  25.392 0.0000000000
52515  -7.194  -44.336  25.183 0.0000000000
44642  -7.400  -51.141  31.596 0.0000000000
44643  -7.616  -51.342  30.543 0.0000000000
43492  -7.893  -52.048  29.724 0.0000000000
43506  -8.375  -52.994  28.516 0.0000000000
43521  -8.373  -53.045  27.436 0.0000000000
43496  -10.812  -52.970  29.225 0.0000000000
43523  -10.116  -53.021  27.350 0.0000000000
43535  -9.344  -53.180  26.488 0.0000000000
44711  -10.118  -52.895  24.425 0.0000000000
45544  -14.386  -52.333  40.401 0.0000000000
45535  -14.874  -52.837  40.520 0.0000000000
43337  -14.409  -53.922  42.334 0.0000000000
42251  -13.911  -54.662  43.187 0.0000000000
39983  -14.306  -56.328  41.922 0.0000000000
39977  -13.753  -56.369  42.848 0.0000000000
41122  -13.493  -55.552  43.202 0.0000000000
39975  -12.362  -56.466  43.126 0.0000000000
37586  -11.453  -58.074  43.031 0.0000000000
37584  -10.355  -58.548  42.590 0.0000000000
59416  -42.251  -35.819  24.644 0.0000000000
59417  -42.982  -35.813  24.438 0.0000000000
59399  -42.564  -35.621  25.303 0.0000000000
55320  -38.696  -43.438  24.831 0.0000000000
58314  -38.231  -38.140  25.225 0.0000000000
59414  -40.760  -36.353  24.857 0.0000000000
42312  -27.788  -52.875  33.394 0.0000000000
42338  -27.398  -52.869  32.096 0.0000000000
47553  -31.366  -48.623  36.088 0.0000000000
46611  -30.769  -48.776  35.530 0.0000000000
45602  -29.678  -49.722  35.192 0.0000000000
47595  -30.197  -48.191  33.726 0.0000000000
46652  -28.927  -49.521  33.385 0.0000000000
45619  -28.712  -50.390  34.191 0.0000000000
44624  -27.885  -51.674  32.940 0.0000000000
44644  -27.474  -51.811  31.550 0.0000000000
43500  -26.892  -52.154  31.046 0.0000000000
44675  -26.073  -51.660  29.140 0.0000000000
76447  -55.759  -19.693  11.879 0.0000000000
77420  -56.429  -19.206  11.711 0.0000000000
78385  -56.656  -18.703  10.652 0.0000000000
49651  -6.089  -47.339  32.648 0.0000000000
47616  -6.525  -48.993  32.624 0.0000000000
47589  -5.823  -48.895  33.785 0.0000000000
46645  -6.217  -49.589  33.277 0.0000000000
45634  -6.685  -50.534  32.662 0.0000000000
43478  -7.421  -51.327  32.145 0.0000000000
43466  -8.205  -52.266  32.034 0.0000000000
43455  -9.393  -53.058  32.535 0.0000000000
43421  -7.691  -53.059  34.726 0.0000000000
43438  -9.056  -53.237  33.567 0.0000000000
43456  -10.424  -52.893  32.409 0.0000000000
42311  -11.709  -53.741  33.148 0.0000000000
40056  -11.675  -55.775  32.887 0.0000000000
40055  -10.854  -56.485  32.778 0.0000000000
70558  -52.662  -26.546  20.593 0.0000000000
65721  -47.675  -31.433  17.346 0.0000000000
67664  -47.636  -29.985  17.602 0.0000000000
67654  -47.624  -29.283  17.638 0.0000000000
69591  -50.792  -27.622  20.092 0.0000000000
44536  -16.397  -54.164  39.290 0.0000000000
41137  -16.715  -55.579  39.926 0.0000000000
42270  -18.343  -55.206  38.066 0.0000000000
39998  -17.593  -56.050  38.833 0.0000000000
38811  -16.331  -56.294  39.385 0.0000000000
36442  -15.761  -56.828  37.624 0.0000000000
40114  -25.509  -54.857  30.113 0.0000000000
38925  -25.244  -55.606  31.141 0.0000000000
38906  -24.837  -56.023  31.438 0.0000000000
38921  -22.931  -57.219  29.781 0.0000000000
38904  -23.790  -57.124  30.843 0.0000000000
37675  -24.158  -56.500  32.184 0.0000000000
37660  -23.753  -56.028  32.639 0.0000000000
37646  -22.477  -55.994  33.552 0.0000000000
38835  -21.637  -56.408  34.932 0.0000000000
37633  -21.323  -56.443  34.997 0.0000000000
36469  -20.140  -56.532  34.803 0.0000000000
36467  -18.847  -56.912  35.361 0.0000000000
37655  -19.398  -57.340  33.609 0.0000000000
37641  -18.407  -57.400  34.283 0.0000000000
36466  -18.053  -57.064  35.408 0.0000000000
36465  -17.191  -57.230  35.428 0.0000000000
54329  -6.082  -42.378  29.869 0.0000000000
52481  -6.371  -44.295  30.373 0.0000000000
53417  -6.322  -43.385  29.817 0.0000000000
53422  -6.958  -43.343  28.966 0.0000000000
53428  -7.875  -43.451  27.367 0.0000000000
52508  -7.866  -44.477  25.800 0.0000000000
51604  -7.234  -45.109  25.027 0.0000000000
45664  -7.586  -50.762  29.245 0.0000000000
46682  -7.830  -50.102  28.478 0.0000000000
47653  -7.694  -49.422  27.173 0.0000000000
44685  -6.916  -51.298  25.850 0.0000000000
46698  -6.470  -49.875  25.524 0.0000000000
47662  -7.301  -48.817  26.170 0.0000000000
49699  -6.690  -47.655  25.391 0.0000000000
49715  -6.393  -47.269  24.886 0.0000000000
50684  -6.273  -46.338  24.102 0.0000000000
49746  -6.032  -47.340  23.591 0.0000000000
46558  -13.372  -51.548  40.326 0.0000000000
47503  -12.602  -51.165  40.902 0.0000000000
47490  -11.983  -50.830  40.660 0.0000000000
45517  -11.996  -52.297  42.194 0.0000000000
46521  -11.712  -51.794  41.753 0.0000000000
47489  -11.455  -50.809  40.128 0.0000000000
46531  -10.912  -51.100  39.983 0.0000000000
46542  -9.271  -50.971  39.382 0.0000000000
45543  -8.738  -51.193  38.728 0.0000000000
44551  -9.486  -51.943  38.528 0.0000000000
43355  -10.601  -52.649  38.853 0.0000000000
43369  -11.390  -53.703  37.981 0.0000000000
41141  -11.074  -55.568  39.381 0.0000000000
41150  -11.158  -55.320  38.264 0.0000000000
41160  -11.478  -55.193  36.753 0.0000000000
40027  -10.823  -56.461  35.794 0.0000000000
40038  -10.409  -56.736  34.845 0.0000000000
38849  -9.540  -57.103  33.185 0.0000000000
36411  -9.715  -59.541  42.053 0.0000000000
35230  -8.620  -60.425  41.353 0.0000000000
37595  -9.319  -59.283  40.947 0.0000000000
37603  -8.728  -59.338  39.724 0.0000000000
37607  -8.696  -59.118  38.857 0.0000000000
37612  -8.667  -59.114  37.914 0.0000000000
37617  -8.018  -59.698  36.923 0.0000000000
38827  -8.959  -58.715  36.494 0.0000000000
38838  -9.066  -58.321  34.740 0.0000000000
38848  -9.256  -57.608  33.745 0.0000000000
38857  -9.071  -58.005  32.718 0.0000000000
38893  -8.791  -58.294  30.714 0.0000000000
38911  -8.398  -59.034  30.182 0.0000000000
50615  -38.739  -45.686  32.370 0.0000000000
51543  -38.992  -45.121  32.955 0.0000000000
50607  -38.295  -45.577  33.079 0.0000000000
49648  -38.296  -46.101  31.708 0.0000000000
50625  -39.091  -45.615  31.538 0.0000000000
49647  -37.602  -46.278  32.165 0.0000000000
49636  -37.331  -46.104  32.670 0.0000000000
71461  -53.345  -25.599  19.964 0.0000000000
71452  -54.464  -25.450  21.010 0.0000000000
70560  -54.052  -25.624  20.711 0.0000000000
70568  -52.446  -26.145  20.096 0.0000000000
71465  -51.880  -26.036  19.276 0.0000000000
71466  -52.547  -25.759  19.516 0.0000000000
59456  -43.129  -36.219  23.748 0.0000000000
60506  -44.388  -36.433  23.985 0.0000000000
59438  -43.642  -36.252  24.150 0.0000000000
59436  -42.498  -35.900  24.145 0.0000000000
59435  -41.733  -35.779  24.212 0.0000000000
40064  -10.761  -56.589  31.728 0.0000000000
35257  -13.830  -57.940  38.238 0.0000000000
45554  -7.788  -51.196  37.887 0.0000000000
45542  -8.269  -51.191  38.239 0.0000000000
63645  -49.645  -32.568  20.680 0.0000000000
64664  -50.133  -32.211  21.044 0.0000000000
63640  -49.760  -32.776  21.409 0.0000000000
62653  -48.960  -33.152  20.626 0.0000000000
62658  -47.905  -32.653  19.893 0.0000000000
63650  -49.137  -32.639  20.140 0.0000000000
42298  -21.328  -55.007  34.684 0.0000000000
42290  -20.830  -55.424  35.297 0.0000000000
41162  -21.395  -55.744  34.958 0.0000000000
41207  -27.305  -53.173  32.001 0.0000000000
41206  -26.921  -53.524  31.825 0.0000000000
47617  -7.043  -49.388  31.970 0.0000000000
47618  -7.321  -49.458  31.596 0.0000000000
47627  -7.332  -49.806  31.541 0.0000000000
43585  -7.567  -53.306  21.599 0.0000000000
46586  -14.432  -51.364  38.163 0.0000000000
38790  -10.213  -58.247  42.169 0.0000000000
39972  -10.402  -57.497  41.983 0.0000000000
38797  -10.017  -58.002  41.538 0.0000000000
38796  -9.764  -58.797  41.318 0.0000000000
53397  -40.418  -43.627  30.544 0.0000000000
52479  -40.004  -43.966  29.680 0.0000000000
53398  -40.276  -43.467  30.038 0.0000000000
53399  -40.266  -43.220  29.839 0.0000000000
48639  -35.112  -47.355  31.124 0.0000000000
48658  -34.271  -46.893  30.349 0.0000000000
72387  -56.164  -23.987  18.600 0.0000000000
72395  -54.645  -24.267  17.452 0.0000000000
61613  -47.606  -34.666  22.183 0.0000000000
61612  -46.916  -35.301  22.447 0.0000000000
60560  -45.752  -35.928  21.390 0.0000000000
61618  -46.351  -35.600  21.350 0.0000000000
56199  -6.163  -40.770  29.225 0.0000000000
55245  -7.135  -41.575  28.128 0.0000000000
43468  -9.615  -52.952  31.499 0.0000000000
41279  -11.621  -55.961  26.512 0.0000000000
42396  -12.255  -54.898  26.429 0.0000000000
41305  -11.479  -55.510  25.380 0.0000000000
41323  -11.282  -55.082  24.336 0.0000000000
41304  -10.863  -55.708  24.587 0.0000000000
40174  -9.765  -56.745  23.968 0.0000000000
40162  -10.466  -56.518  25.195 0.0000000000
41134  -15.878  -55.593  40.295 0.0000000000
41130  -15.624  -55.331  40.575 0.0000000000
41133  -15.478  -55.874  40.541 0.0000000000
36417  -13.105  -57.715  41.817 0.0000000000
52517  -39.355  -44.699  26.287 0.0000000000
58276  -39.929  -37.699  27.192 0.0000000000
45592  -29.555  -50.376  36.116 0.0000000000
44590  -28.905  -50.894  35.548 0.0000000000
43404  -28.598  -51.420  34.989 0.0000000000
44597  -28.885  -50.677  34.992 0.0000000000
46643  -31.882  -47.803  34.023 0.0000000000
46631  -31.663  -48.076  34.564 0.0000000000
47646  -27.568  -48.509  30.061 0.0000000000
46683  -26.604  -50.136  29.240 0.0000000000
44592  -6.059  -50.815  35.531 0.0000000000
45604  -5.901  -50.376  35.267 0.0000000000
44599  -6.011  -50.676  34.831 0.0000000000
44607  -5.999  -50.539  34.407 0.0000000000
43434  -6.574  -51.303  34.593 0.0000000000
43411  -10.632  -53.214  35.573 0.0000000000
42288  -11.320  -53.703  36.044 0.0000000000
41168  -11.520  -54.246  35.599 0.0000000000
68583  -51.189  -28.969  20.628 0.0000000000
68562  -52.298  -28.544  21.881 0.0000000000
68561  -51.707  -29.152  21.333 0.0000000000
67642  -50.416  -29.998  19.963 0.0000000000
67648  -49.943  -30.278  19.424 0.0000000000
68599  -50.747  -29.436  20.309 0.0000000000
68582  -50.896  -28.806  20.404 0.0000000000
37620  -18.839  -56.719  36.323 0.0000000000
37614  -18.643  -56.566  37.018 0.0000000000
37619  -18.244  -56.677  36.459 0.0000000000
36449  -17.667  -56.658  36.624 0.0000000000
36456  -17.870  -56.850  35.995 0.0000000000
40132  -24.107  -56.423  27.683 0.0000000000
38880  -21.382  -57.277  31.371 0.0000000000
37686  -21.362  -57.354  32.136 0.0000000000
53381  -5.081  -43.692  31.716 0.0000000000
48668  -8.591  -47.491  28.692 0.0000000000
49679  -8.667  -46.983  28.284 0.0000000000
50663  -8.569  -46.230  27.712 0.0000000000
49688  -8.517  -47.159  27.196 0.0000000000
43519  -7.913  -52.002  27.533 0.0000000000
46730  -6.116  -50.400  23.594 0.0000000000
47683  -5.923  -49.933  23.981 0.0000000000
47682  -5.763  -49.227  24.019 0.0000000000
46729  -6.050  -49.813  23.583 0.0000000000
47700  -6.333  -49.319  23.310 0.0000000000
46746  -6.298  -49.792  23.199 0.0000000000
47511  -11.631  -49.999  39.103 0.0000000000
43334  -13.320  -53.741  43.294 0.0000000000
45520  -13.283  -52.336  42.696 0.0000000000
43336  -11.609  -53.607  40.206 0.0000000000
44522  -11.504  -52.821  40.629 0.0000000000
43344  -11.205  -53.650  39.704 0.0000000000
40013  -9.817  -57.083  38.142 0.0000000000
40018  -9.630  -57.596  37.730 0.0000000000
32960  -6.932  -62.244  38.865 0.0000000000
34077  -6.952  -61.706  39.090 0.0000000000
48680  -37.998  -46.445  29.298 0.0000000000
48681  -38.307  -46.012  29.199 0.0000000000
49677  -38.353  -46.005  29.450 0.0000000000
50626  -39.385  -45.262  30.664 0.0000000000
50638  -39.325  -45.293  30.300 0.0000000000
51553  -39.817  -44.692  30.807 0.0000000000
48663  -37.577  -46.762  29.891 0.0000000000
48621  -36.374  -46.987  31.644 0.0000000000
48607  -36.277  -46.872  32.378 0.0000000000
48640  -35.820  -47.285  31.059 0.0000000000
71469  -54.903  -24.733  19.228 0.0000000000
72382  -55.583  -24.632  19.969 0.0000000000
69600  -49.022  -27.012  17.598 0.0000000000
69599  -48.284  -27.432  17.373 0.0000000000
70576  -51.180  -25.766  18.077 0.0000000000
70580  -51.308  -25.332  16.913 0.0000000000
70581  -51.890  -25.062  16.627 0.0000000000
71467  -53.505  -25.295  19.259 0.0000000000
71468  -54.375  -24.856  19.093 0.0000000000
71474  -54.212  -24.682  18.565 0.0000000000
61602  -46.041  -35.497  23.963 0.0000000000
58368  -39.555  -36.946  24.082 0.0000000000
59453  -41.005  -35.555  23.335 0.0000000000
59452  -39.950  -35.713  23.307 0.0000000000
59467  -40.547  -35.487  22.970 0.0000000000
60538  -41.183  -35.340  22.449 0.0000000000
60540  -43.417  -36.071  22.182 0.0000000000
41204  -12.190  -55.109  30.710 0.0000000000
40084  -11.229  -56.316  29.728 0.0000000000
41218  -11.923  -55.556  29.839 0.0000000000
41253  -11.849  -55.778  27.717 0.0000000000
38914  -9.737  -57.268  28.947 0.0000000000
38931  -8.693  -58.073  28.701 0.0000000000
38930  -8.266  -58.549  28.879 0.0000000000
36432  -15.250  -57.044  39.454 0.0000000000
36427  -15.017  -57.092  40.266 0.0000000000
54350  -39.801  -42.894  28.616 0.0000000000
56222  -39.270  -41.265  29.082 0.0000000000
55259  -39.132  -41.577  28.470 0.0000000000
55258  -38.625  -41.170  28.543 0.0000000000
56236  -38.146  -40.867  28.462 0.0000000000
57202  -39.554  -38.839  29.317 0.0000000000
46601  -30.662  -49.638  36.714 0.0000000000
48635  -31.556  -46.919  31.253 0.0000000000
47625  -30.689  -47.380  32.108 0.0000000000
73381  -54.208  -23.266  14.585 0.0000000000
73399  -54.360  -22.693  14.124 0.0000000000
74418  -54.768  -22.113  13.811 0.0000000000
74419  -55.236  -21.565  13.528 0.0000000000
75462  -55.340  -20.995  13.002 0.0000000000
44584  -6.553  -51.155  36.511 0.0000000000
43393  -7.249  -51.621  36.229 0.0000000000
43379  -7.096  -51.415  36.703 0.0000000000
43352  -8.478  -51.990  37.606 0.0000000000
43365  -8.533  -52.335  37.516 0.0000000000
43366  -9.195  -52.507  37.845 0.0000000000
65692  -50.619  -30.923  20.448 0.0000000000
66656  -51.120  -30.396  20.938 0.0000000000
65684  -50.869  -31.136  21.059 0.0000000000
62664  -46.058  -33.158  18.559 0.0000000000
62676  -46.546  -32.900  18.318 0.0000000000
62691  -46.856  -32.818  18.129 0.0000000000
63682  -47.190  -32.625  17.696 0.0000000000
64687  -49.510  -32.005  19.758 0.0000000000
65691  -50.183  -31.471  20.030 0.0000000000
66661  -50.361  -30.792  19.939 0.0000000000
43387  -19.938  -54.768  35.727 0.0000000000
40016  -20.478  -56.627  36.006 0.0000000000
41153  -20.136  -55.963  36.207 0.0000000000
40011  -20.030  -56.533  36.398 0.0000000000
37622  -20.080  -56.903  36.423 0.0000000000
38900  -20.523  -56.675  30.882 0.0000000000
38899  -19.491  -56.076  30.909 0.0000000000
50640  -6.014  -45.767  31.932 0.0000000000
48646  -7.552  -48.226  30.855 0.0000000000
44710  -9.047  -52.960  24.306 0.0000000000
43557  -7.882  -52.438  24.829 0.0000000000
44709  -8.108  -52.630  24.346 0.0000000000
44729  -6.890  -51.976  22.737 0.0000000000
47535  -13.188  -50.372  38.336 0.0000000000
47522  -12.300  -50.077  38.870 0.0000000000
47523  -12.582  -50.625  39.382 0.0000000000
39981  -11.116  -56.327  41.330 0.0000000000
41126  -11.330  -56.038  40.698 0.0000000000
39991  -9.441  -57.420  40.323 0.0000000000
38814  -9.290  -57.475  39.490 0.0000000000
38813  -9.116  -58.165  39.158 0.0000000000
51597  -39.157  -45.079  26.991 0.0000000000
50657  -38.959  -45.094  28.678 0.0000000000
50655  -39.313  -44.738  28.909 0.0000000000
54327  -40.159  -42.718  29.530 0.0000000000
48694  -36.462  -48.084  28.580 0.0000000000
46621  -33.073  -47.946  34.204 0.0000000000
48596  -35.435  -47.237  33.221 0.0000000000
47601  -35.145  -47.623  33.129 0.0000000000
48618  -34.325  -47.298  31.964 0.0000000000
47612  -34.251  -47.621  32.641 0.0000000000
47611  -33.456  -47.468  32.690 0.0000000000
47598  -33.417  -47.710  33.144 0.0000000000
48616  -32.765  -46.939  31.814 0.0000000000
48656  -32.379  -46.625  30.462 0.0000000000
73362  -57.113  -22.864  17.455 0.0000000000
71491  -52.506  -24.801  15.558 0.0000000000
71483  -53.730  -24.283  15.597 0.0000000000
71492  -53.248  -24.575  15.092 0.0000000000
72413  -54.069  -23.817  15.314 0.0000000000
72422  -53.781  -23.736  14.673 0.0000000000
73369  -56.509  -23.003  16.177 0.0000000000
62648  -48.384  -33.735  21.105 0.0000000000
62641  -48.485  -34.204  21.858 0.0000000000
62630  -49.285  -33.836  23.290 0.0000000000
61594  -47.135  -34.488  23.243 0.0000000000
60556  -41.996  -35.103  21.589 0.0000000000
61628  -41.540  -34.691  20.838 0.0000000000
61629  -42.502  -34.804  20.837 0.0000000000
61646  -43.837  -34.334  19.969 0.0000000000
61663  -43.973  -33.923  18.947 0.0000000000
61634  -47.556  -33.695  20.715 0.0000000000
42368  -25.842  -52.997  29.001 0.0000000000
42383  -25.705  -52.921  28.353 0.0000000000
41313  -24.810  -54.180  26.730 0.0000000000
56224  -6.608  -40.606  27.213 0.0000000000
55285  -7.432  -41.982  26.151 0.0000000000
54364  -7.497  -42.805  25.796 0.0000000000
53443  -7.227  -43.538  25.275 0.0000000000
43480  -8.274  -52.500  30.835 0.0000000000
43494  -8.941  -53.196  29.517 0.0000000000
43493  -8.322  -52.799  29.632 0.0000000000
43507  -9.038  -53.283  28.447 0.0000000000
43497  -11.662  -53.330  28.986 0.0000000000
43524  -10.980  -52.971  27.202 0.0000000000
44687  -10.478  -52.919  25.892 0.0000000000
44686  -10.061  -52.931  25.742 0.0000000000
43551  -11.020  -52.999  24.900 0.0000000000
41336  -10.311  -55.074  23.334 0.0000000000
42435  -10.672  -54.290  23.479 0.0000000000
38973  -9.529  -57.321  25.306 0.0000000000
45536  -15.295  -53.129  39.998 0.0000000000
44534  -15.284  -53.426  40.343 0.0000000000
42256  -14.903  -54.999  41.342 0.0000000000
43338  -14.744  -54.214  41.397 0.0000000000
42255  -14.550  -54.798  42.149 0.0000000000
42252  -14.311  -54.416  42.769 0.0000000000
42254  -14.382  -54.953  42.758 0.0000000000
38803  -14.718  -56.467  40.942 0.0000000000
38800  -14.323  -56.487  41.340 0.0000000000
38798  -13.627  -56.972  42.459 0.0000000000
39982  -13.982  -56.497  42.306 0.0000000000
39976  -13.040  -56.414  43.211 0.0000000000
38794  -12.538  -57.223  43.282 0.0000000000
36408  -11.638  -58.552  42.869 0.0000000000
36407  -11.083  -58.808  42.883 0.0000000000
37585  -10.840  -58.286  42.863 0.0000000000
59398  -41.849  -35.845  25.312 0.0000000000
54365  -38.978  -43.335  26.405 0.0000000000
55309  -38.690  -43.195  25.602 0.0000000000
58274  -38.543  -38.327  26.768 0.0000000000
58289  -38.386  -38.219  26.070 0.0000000000
58315  -39.082  -37.726  25.466 0.0000000000
59396  -40.835  -36.712  25.669 0.0000000000
59415  -41.534  -35.966  24.862 0.0000000000
43429  -28.093  -52.607  33.954 0.0000000000
42318  -27.616  -52.981  32.888 0.0000000000
43458  -27.647  -52.530  32.575 0.0000000000
46619  -30.775  -48.584  34.906 0.0000000000
46618  -30.462  -49.338  35.064 0.0000000000
45594  -30.262  -49.208  35.397 0.0000000000
46629  -29.785  -49.469  34.903 0.0000000000
47608  -29.793  -48.076  32.925 0.0000000000
46662  -28.402  -49.726  32.663 0.0000000000
46651  -28.504  -49.923  33.012 0.0000000000
45629  -28.269  -50.919  33.496 0.0000000000
44625  -28.103  -51.641  33.432 0.0000000000
45665  -27.258  -51.091  30.846 0.0000000000
44654  -27.250  -51.791  31.180 0.0000000000
43485  -27.365  -52.289  31.638 0.0000000000
43513  -26.712  -51.779  30.559 0.0000000000
43512  -26.327  -52.079  30.209 0.0000000000
44661  -26.578  -51.483  30.059 0.0000000000
45701  -26.113  -50.867  28.275 0.0000000000
44689  -25.774  -51.653  28.015 0.0000000000
76443  -55.909  -20.241  12.673 0.0000000000
78372  -56.895  -18.698  11.167 0.0000000000
49650  -5.834  -47.384  32.980 0.0000000000
48625  -6.075  -48.039  32.956 0.0000000000
47615  -6.247  -48.481  32.865 0.0000000000
48588  -5.295  -48.238  34.880 0.0000000000
48599  -5.496  -48.217  34.008 0.0000000000
45620  -6.257  -50.300  33.372 0.0000000000
46635  -6.044  -49.847  33.680 0.0000000000
46653  -6.484  -49.842  32.788 0.0000000000
44632  -7.007  -51.009  32.392 0.0000000000
43464  -7.075  -51.347  32.873 0.0000000000
43453  -7.806  -52.402  33.039 0.0000000000
43454  -8.384  -53.074  32.681 0.0000000000
43408  -7.599  -52.695  35.631 0.0000000000
43420  -7.419  -52.103  34.903 0.0000000000
43439  -10.185  -52.945  33.468 0.0000000000
43440  -11.082  -53.113  33.312 0.0000000000
40040  -11.680  -55.257  34.824 0.0000000000
40050  -11.008  -56.358  33.840 0.0000000000
70539  -52.821  -27.074  21.179 0.0000000000
69555  -53.118  -27.224  21.704 0.0000000000
60479  -43.523  -35.325  24.867 0.0000000000
64716  -47.869  -32.015  17.598 0.0000000000
64715  -47.630  -31.864  17.288 0.0000000000
65722  -48.147  -31.328  17.790 0.0000000000
66680  -47.913  -30.669  17.740 0.0000000000
67655  -48.079  -29.687  18.074 0.0000000000
68602  -48.523  -28.676  18.440 0.0000000000
69574  -51.545  -27.828  20.798 0.0000000000
69592  -51.509  -27.281  20.339 0.0000000000
70557  -51.963  -27.104  20.521 0.0000000000
44544  -16.755  -54.092  38.570 0.0000000000
43350  -17.047  -54.570  38.981 0.0000000000
42264  -16.832  -54.976  39.985 0.0000000000
41138  -17.177  -55.375  39.550 0.0000000000
43359  -18.699  -54.950  37.163 0.0000000000
41147  -18.737  -55.689  37.835 0.0000000000
38815  -17.777  -56.307  38.087 0.0000000000
38812  -17.017  -56.247  38.715 0.0000000000
39997  -16.898  -56.037  39.470 0.0000000000
37605  -16.484  -56.447  38.739 0.0000000000
37604  -15.912  -56.590  39.321 0.0000000000
37608  -16.329  -56.557  38.495 0.0000000000
36448  -16.765  -56.720  36.728 0.0000000000
36441  -15.117  -57.148  37.630 0.0000000000
36446  -15.187  -57.350  36.852 0.0000000000
40135  -25.380  -54.651  29.452 0.0000000000
41238  -25.746  -54.206  29.929 0.0000000000
38939  -24.432  -56.131  29.792 0.0000000000
38924  -24.784  -55.834  30.625 0.0000000000
38905  -24.346  -56.687  31.138 0.0000000000
38936  -22.769  -57.075  29.043 0.0000000000
38882  -23.058  -57.095  31.395 0.0000000000
38883  -23.810  -57.048  31.585 0.0000000000
37689  -23.664  -56.842  32.021 0.0000000000
37674  -23.548  -56.511  32.265 0.0000000000
37658  -21.590  -56.529  33.178 0.0000000000
37659  -22.599  -56.139  32.978 0.0000000000
38836  -22.166  -56.030  34.229 0.0000000000
37634  -21.855  -56.203  34.447 0.0000000000
36479  -19.605  -56.757  34.729 0.0000000000
36468  -19.628  -56.612  35.284 0.0000000000
36478  -19.003  -57.055  34.805 0.0000000000
38863  -18.978  -57.262  32.382 0.0000000000
37669  -19.478  -57.451  32.645 0.0000000000
37668  -18.419  -57.218  32.905 0.0000000000
36477  -18.259  -57.304  34.891 0.0000000000
36476  -17.380  -57.541  34.874 0.0000000000
54293  -5.167  -42.741  31.488 0.0000000000
54310  -5.580  -42.294  30.685 0.0000000000
51565  -6.440  -45.170  30.945 0.0000000000
52480  -5.994  -44.352  31.102 0.0000000000
52491  -7.431  -44.779  29.034 0.0000000000
52490  -6.951  -44.303  29.363 0.0000000000
52493  -7.261  -43.872  28.710 0.0000000000
53423  -7.511  -43.385  28.271 0.0000000000
50671  -8.254  -46.293  26.412 0.0000000000
51596  -8.266  -45.193  26.423 0.0000000000
51595  -7.780  -45.645  25.625 0.0000000000
50677  -7.044  -46.420  25.014 0.0000000000
45663  -7.505  -50.904  30.209 0.0000000000
44652  -7.597  -51.360  29.222 0.0000000000
44673  -7.398  -51.168  27.407 0.0000000000
45679  -7.532  -50.727  28.469 0.0000000000
45678  -7.509  -50.441  27.777 0.0000000000
46691  -7.618  -49.911  27.556 0.0000000000
46690  -7.342  -50.027  27.004 0.0000000000
44707  -6.806  -51.617  24.579 0.0000000000
44696  -6.971  -51.528  25.306 0.0000000000
45737  -6.398  -50.941  25.014 0.0000000000
47660  -6.389  -49.385  25.359 0.0000000000
47661  -6.961  -49.470  25.989 0.0000000000
48724  -6.561  -48.451  25.505 0.0000000000
48725  -7.320  -48.066  25.928 0.0000000000
48757  -5.619  -47.900  24.383 0.0000000000
49714  -5.764  -47.503  24.507 0.0000000000
49731  -5.656  -47.566  24.246 0.0000000000
50676  -6.237  -46.845  24.388 0.0000000000
50683  -5.760  -47.167  24.104 0.0000000000
50695  -5.972  -47.081  23.777 0.0000000000
50694  -5.662  -47.439  24.044 0.0000000000
47509  -9.318  -50.009  39.178 0.0000000000
45534  -14.303  -52.437  40.938 0.0000000000
46559  -14.116  -51.920  39.858 0.0000000000
46546  -13.819  -51.974  40.798 0.0000000000
46534  -12.964  -51.435  41.558 0.0000000000
46533  -12.721  -51.430  41.650 0.0000000000
47491  -12.505  -51.256  41.293 0.0000000000
47487  -12.033  -51.420  41.954 0.0000000000
44518  -12.395  -52.952  42.595 0.0000000000
44517  -12.167  -52.952  41.879 0.0000000000
45521  -11.126  -52.144  40.822 0.0000000000
45522  -11.361  -51.816  41.193 0.0000000000
46525  -11.639  -51.332  40.993 0.0000000000
46532  -11.324  -51.189  40.315 0.0000000000
47488  -10.886  -50.619  39.567 0.0000000000
46530  -10.196  -51.114  39.597 0.0000000000
45533  -9.675  -51.252  39.356 0.0000000000
46541  -9.081  -51.107  39.139 0.0000000000
44531  -9.564  -51.407  39.140 0.0000000000
44539  -9.266  -51.563  38.703 0.0000000000
44553  -10.778  -52.896  39.472 0.0000000000
44552  -10.254  -52.338  39.045 0.0000000000
43368  -11.234  -53.208  38.389 0.0000000000
41140  -10.766  -56.159  39.563 0.0000000000
42265  -11.201  -55.376  39.526 0.0000000000
40009  -10.675  -56.173  38.219 0.0000000000
41149  -10.803  -55.961  38.676 0.0000000000
41151  -11.379  -54.745  37.744 0.0000000000
41154  -11.305  -55.356  37.374 0.0000000000
40021  -11.235  -55.933  36.628 0.0000000000
40049  -9.923  -56.919  33.777 0.0000000000
40048  -9.487  -57.384  34.314 0.0000000000
35223  -8.982  -60.332  41.719 0.0000000000
35229  -8.431  -60.922  40.513 0.0000000000
36419  -8.315  -60.077  40.821 0.0000000000
36420  -8.748  -59.777  41.328 0.0000000000
37594  -8.701  -59.654  40.961 0.0000000000
37599  -8.810  -59.451  40.457 0.0000000000
36425  -8.261  -59.972  40.055 0.0000000000
36435  -8.163  -59.767  38.665 0.0000000000
37606  -8.313  -59.540  38.228 0.0000000000
37611  -8.172  -59.631  37.624 0.0000000000
37624  -8.465  -59.284  36.311 0.0000000000
38832  -8.825  -58.834  35.595 0.0000000000
38847  -8.972  -58.526  33.753 0.0000000000
38872  -8.954  -58.215  31.722 0.0000000000
51552  -39.601  -45.047  31.472 0.0000000000
52457  -39.359  -44.493  32.462 0.0000000000
48644  -38.438  -46.103  30.273 0.0000000000
48624  -38.633  -45.970  30.544 0.0000000000
48643  -37.798  -46.538  30.504 0.0000000000
48597  -36.246  -46.509  33.100 0.0000000000
48598  -36.824  -46.231  32.802 0.0000000000
50606  -37.581  -45.552  33.719 0.0000000000
71453  -55.087  -24.987  20.473 0.0000000000
70566  -50.828  -26.807  19.398 0.0000000000
70571  -50.318  -26.494  18.578 0.0000000000
70572  -51.304  -26.201  18.988 0.0000000000
59433  -40.079  -36.038  23.902 0.0000000000
59454  -41.849  -35.804  23.499 0.0000000000
60522  -41.801  -35.747  22.850 0.0000000000
40082  -9.563  -57.385  30.200 0.0000000000
36436  -15.028  -57.107  38.439 0.0000000000
35253  -14.575  -57.422  38.968 0.0000000000
35258  -14.487  -57.449  38.354 0.0000000000
35252  -14.059  -57.789  38.977 0.0000000000
55244  -39.807  -42.008  29.262 0.0000000000
57203  -39.725  -38.766  29.814 0.0000000000
47540  -31.329  -49.048  37.377 0.0000000000
48654  -30.331  -47.026  30.521 0.0000000000
73383  -55.476  -22.614  15.018 0.0000000000
75420  -57.590  -21.330  15.851 0.0000000000
45566  -6.947  -51.037  37.475 0.0000000000
43363  -7.624  -51.574  37.185 0.0000000000
44564  -7.743  -51.395  37.557 0.0000000000
44565  -8.121  -51.739  37.497 0.0000000000
64649  -50.668  -31.769  21.455 0.0000000000
64628  -50.888  -31.940  22.324 0.0000000000
62656  -46.353  -33.357  19.265 0.0000000000
62657  -47.090  -32.885  19.643 0.0000000000
62666  -47.587  -32.690  19.194 0.0000000000
62678  -47.901  -32.617  19.001 0.0000000000
63669  -48.244  -32.458  18.866 0.0000000000
63657  -48.878  -32.351  19.531 0.0000000000
63658  -49.254  -32.387  19.931 0.0000000000
42289  -20.587  -54.890  35.291 0.0000000000
42282  -20.623  -55.651  35.596 0.0000000000
38826  -20.793  -56.780  35.965 0.0000000000
41188  -27.470  -53.358  32.651 0.0000000000
54372  -6.957  -42.667  24.774 0.0000000000
54380  -6.645  -42.535  24.095 0.0000000000
49652  -6.294  -47.314  32.211 0.0000000000
49663  -6.505  -47.167  31.690 0.0000000000
48628  -7.325  -48.971  31.591 0.0000000000
47628  -7.655  -49.504  31.062 0.0000000000
43571  -8.425  -53.463  22.720 0.0000000000
44731  -8.063  -53.190  22.595 0.0000000000
47536  -13.783  -50.658  38.030 0.0000000000
46572  -13.529  -51.455  39.418 0.0000000000
38792  -11.191  -57.440  42.870 0.0000000000
39980  -10.382  -56.869  41.420 0.0000000000
39986  -9.651  -57.682  40.663 0.0000000000
38807  -9.363  -58.179  40.247 0.0000000000
51576  -39.739  -44.302  29.422 0.0000000000
52489  -39.883  -43.906  29.315 0.0000000000
53420  -40.002  -43.447  29.227 0.0000000000
53415  -40.187  -43.216  29.569 0.0000000000
48637  -33.489  -46.758  31.157 0.0000000000
73358  -56.681  -23.377  18.058 0.0000000000
72402  -53.952  -24.286  17.018 0.0000000000
72403  -54.352  -24.095  16.361 0.0000000000
72404  -55.242  -23.589  16.013 0.0000000000
62616  -48.307  -33.902  23.396 0.0000000000
61631  -44.582  -34.960  20.843 0.0000000000
42405  -25.191  -52.934  26.738 0.0000000000
55265  -7.539  -42.031  27.259 0.0000000000
54343  -7.628  -42.712  27.696 0.0000000000
42359  -12.353  -54.400  27.825 0.0000000000
43511  -12.136  -53.714  27.918 0.0000000000
42366  -12.328  -54.465  27.258 0.0000000000
43538  -12.040  -53.781  26.403 0.0000000000
43552  -11.708  -53.590  25.359 0.0000000000
43560  -11.352  -53.602  24.403 0.0000000000
42415  -11.694  -54.436  24.808 0.0000000000
41322  -10.719  -55.417  23.914 0.0000000000
40190  -10.297  -55.611  23.605 0.0000000000
43343  -16.072  -54.692  40.335 0.0000000000
43342  -15.461  -54.380  40.621 0.0000000000
42257  -15.309  -54.935  40.816 0.0000000000
41128  -14.674  -55.640  41.885 0.0000000000
36418  -13.532  -57.253  41.310 0.0000000000
37591  -13.140  -57.598  42.479 0.0000000000
37588  -12.617  -57.803  42.940 0.0000000000
36409  -12.109  -58.305  42.791 0.0000000000
59379  -41.443  -36.351  26.328 0.0000000000
55294  -38.553  -42.365  26.820 0.0000000000
58265  -39.401  -38.175  27.784 0.0000000000
58291  -39.841  -37.564  26.461 0.0000000000
58316  -39.790  -37.398  25.772 0.0000000000
43403  -28.333  -52.145  35.075 0.0000000000
43417  -28.368  -51.861  34.550 0.0000000000
47636  -28.671  -48.376  31.782 0.0000000000
46673  -27.922  -49.496  31.888 0.0000000000
45640  -27.806  -50.749  32.356 0.0000000000
74435  -53.635  -21.461  11.940 0.0000000000
46622  -5.755  -49.767  34.951 0.0000000000
46634  -5.845  -49.655  34.156 0.0000000000
43451  -6.731  -51.339  33.728 0.0000000000
43436  -7.490  -52.364  34.006 0.0000000000
43396  -9.033  -53.144  36.534 0.0000000000
43410  -9.504  -53.131  35.586 0.0000000000
42302  -11.413  -53.715  34.134 0.0000000000
41176  -11.610  -54.389  34.884 0.0000000000
69554  -52.383  -27.756  21.429 0.0000000000
66674  -49.024  -31.064  18.497 0.0000000000
66665  -49.128  -30.521  18.651 0.0000000000
67647  -49.499  -29.939  19.126 0.0000000000
68597  -49.765  -29.158  19.555 0.0000000000
68603  -49.142  -28.893  19.110 0.0000000000
69573  -50.952  -28.435  20.457 0.0000000000
43357  -17.226  -54.325  38.250 0.0000000000
38817  -18.892  -56.327  37.459 0.0000000000
40004  -18.587  -56.097  37.942 0.0000000000
38816  -18.578  -56.368  37.521 0.0000000000
37610  -18.058  -56.466  37.579 0.0000000000
37609  -17.246  -56.454  37.844 0.0000000000
36444  -16.897  -56.534  37.539 0.0000000000
40151  -24.884  -55.373  27.613 0.0000000000
40133  -24.723  -56.037  28.043 0.0000000000
38938  -24.150  -56.719  29.400 0.0000000000
38902  -22.213  -57.170  30.561 0.0000000000
38881  -22.221  -57.153  31.359 0.0000000000
37672  -21.829  -56.713  32.529 0.0000000000
37657  -20.881  -56.952  33.485 0.0000000000
37656  -20.198  -57.204  33.621 0.0000000000
37639  -16.525  -57.669  34.061 0.0000000000
36475  -16.430  -57.715  34.729 0.0000000000
50652  -7.235  -46.168  30.314 0.0000000000
50653  -7.833  -46.248  29.529 0.0000000000
51579  -7.881  -45.663  29.022 0.0000000000
51582  -8.199  -45.419  28.264 0.0000000000
52495  -8.233  -44.988  27.781 0.0000000000
49700  -7.511  -47.125  25.723 0.0000000000
43504  -7.818  -52.000  28.547 0.0000000000
44651  -7.694  -51.654  28.583 0.0000000000
44658  -7.693  -51.592  27.826 0.0000000000
44672  -7.362  -51.349  26.761 0.0000000000
45756  -6.262  -50.988  24.325 0.0000000000
46714  -6.106  -50.440  24.256 0.0000000000
47667  -6.011  -49.234  24.868 0.0000000000
48742  -5.861  -48.375  24.830 0.0000000000
47673  -5.773  -49.048  24.418 0.0000000000
48770  -5.683  -48.481  23.898 0.0000000000
49745  -5.792  -47.772  23.738 0.0000000000
48784  -6.053  -48.603  23.579 0.0000000000
45526  -14.006  -52.579  42.000 0.0000000000
45529  -13.722  -52.282  41.837 0.0000000000
45525  -13.544  -52.313  42.290 0.0000000000
45524  -13.081  -51.998  42.463 0.0000000000
46523  -12.546  -51.842  42.395 0.0000000000
43330  -12.228  -53.724  40.985 0.0000000000
44516  -12.053  -52.957  41.265 0.0000000000
44515  -11.977  -53.025  41.005 0.0000000000
45528  -10.697  -51.619  40.042 0.0000000000
44540  -10.125  -52.076  39.188 0.0000000000
43348  -10.889  -53.343  39.853 0.0000000000
43349  -11.046  -53.811  39.593 0.0000000000
40001  -9.525  -56.902  39.555 0.0000000000
40002  -10.063  -56.605  39.307 0.0000000000
40007  -9.676  -56.970  38.935 0.0000000000
40014  -10.285  -56.666  37.776 0.0000000000
40020  -10.518  -56.675  36.830 0.0000000000
38829  -9.726  -57.631  36.423 0.0000000000
38834  -9.558  -57.739  35.766 0.0000000000
35244  -7.975  -60.553  39.492 0.0000000000
36429  -7.806  -60.302  38.801 0.0000000000
35249  -7.414  -60.691  38.125 0.0000000000
38837  -8.807  -59.027  34.703 0.0000000000
48718  -38.081  -47.216  27.437 0.0000000000
49680  -38.253  -46.355  27.705 0.0000000000
48698  -38.249  -46.072  28.884 0.0000000000
49678  -38.676  -45.598  29.091 0.0000000000
49662  -39.202  -45.336  29.807 0.0000000000
50650  -39.440  -44.855  29.508 0.0000000000
51562  -39.845  -44.455  30.172 0.0000000000
52478  -40.138  -43.944  30.047 0.0000000000
48677  -36.638  -47.902  29.418 0.0000000000
48678  -37.323  -47.692  29.315 0.0000000000
48662  -37.101  -47.125  29.954 0.0000000000
48606  -35.619  -47.233  32.531 0.0000000000
72386  -55.393  -24.525  19.091 0.0000000000
72383  -56.340  -24.185  19.715 0.0000000000
70574  -49.623  -26.258  17.071 0.0000000000
70590  -49.637  -25.961  15.863 0.0000000000
70591  -50.151  -25.651  15.685 0.0000000000
70593  -51.824  -25.104  16.065 0.0000000000
71481  -52.486  -24.801  16.598 0.0000000000
71477  -52.678  -24.940  17.609 0.0000000000
72390  -54.655  -24.546  18.432 0.0000000000
60527  -46.630  -35.896  22.055 0.0000000000
60508  -46.514  -35.903  22.757 0.0000000000
61593  -46.341  -34.712  23.589 0.0000000000
59451  -39.219  -36.021  22.777 0.0000000000
59465  -39.185  -35.611  21.788 0.0000000000
60536  -39.686  -35.231  21.291 0.0000000000
60555  -40.980  -34.848  21.438 0.0000000000
60558  -44.055  -35.530  21.532 0.0000000000
60542  -45.523  -36.215  21.935 0.0000000000
55233  -5.964  -41.433  29.917 0.0000000000
43470  -11.440  -53.287  31.176 0.0000000000
42335  -12.282  -54.038  29.733 0.0000000000
41205  -12.338  -54.884  29.775 0.0000000000
41219  -12.320  -55.060  29.157 0.0000000000
41233  -12.310  -55.085  28.305 0.0000000000
40145  -10.906  -56.542  26.326 0.0000000000
40124  -10.399  -56.954  26.934 0.0000000000
38948  -9.708  -57.444  27.308 0.0000000000
38947  -8.935  -57.926  27.592 0.0000000000
37602  -15.658  -56.864  39.874 0.0000000000
38805  -15.404  -56.421  40.429 0.0000000000
37601  -15.162  -57.244  40.323 0.0000000000
36424  -14.610  -56.980  40.590 0.0000000000
36423  -14.091  -57.157  40.590 0.0000000000
35242  -13.905  -57.672  40.032 0.0000000000
35237  -13.447  -57.678  40.573 0.0000000000
59352  -41.229  -37.112  28.138 0.0000000000
53436  -39.346  -43.871  27.394 0.0000000000
54357  -39.212  -42.989  27.338 0.0000000000
55277  -39.129  -42.309  27.690 0.0000000000
55293  -38.130  -41.884  27.006 0.0000000000
55292  -37.519  -41.310  27.265 0.0000000000
55274  -37.733  -41.022  28.037 0.0000000000
56219  -37.873  -39.839  28.386 0.0000000000
56205  -38.945  -39.746  29.206 0.0000000000
57201  -39.166  -39.320  29.088 0.0000000000
57212  -39.131  -38.815  28.475 0.0000000000
45593  -29.740  -49.879  35.705 0.0000000000
47637  -29.419  -47.635  31.218 0.0000000000
74406  -55.143  -22.283  14.335 0.0000000000
74425  -53.940  -21.720  12.695 0.0000000000
75460  -54.393  -21.304  12.484 0.0000000000
75461  -54.802  -20.940  12.436 0.0000000000
76413  -57.059  -20.813  14.761 0.0000000000
44583  -6.198  -50.926  36.239 0.0000000000
44593  -6.318  -51.136  35.801 0.0000000000
43418  -6.548  -51.289  35.324 0.0000000000
43406  -6.886  -51.472  35.695 0.0000000000
43394  -7.654  -52.188  36.327 0.0000000000
43381  -8.030  -52.417  37.010 0.0000000000
43395  -8.059  -52.972  36.484 0.0000000000
67631  -51.231  -29.736  20.834 0.0000000000
67607  -52.044  -29.286  21.961 0.0000000000
67606  -51.563  -29.803  21.458 0.0000000000
66617  -51.500  -30.681  22.342 0.0000000000
61684  -45.290  -33.229  18.179 0.0000000000
63697  -46.547  -32.594  17.132 0.0000000000
64700  -48.341  -31.997  18.095 0.0000000000
64701  -48.708  -32.040  18.739 0.0000000000
65712  -49.052  -31.474  18.693 0.0000000000
66666  -49.570  -30.897  18.989 0.0000000000
44568  -18.596  -54.442  36.406 0.0000000000
43371  -19.025  -54.772  36.446 0.0000000000
42274  -19.131  -55.324  36.900 0.0000000000
43372  -19.734  -55.030  36.079 0.0000000000
41152  -19.602  -55.887  36.691 0.0000000000
40010  -19.417  -56.175  37.006 0.0000000000
37615  -19.474  -56.602  36.830 0.0000000000
37625  -19.097  -56.777  35.956 0.0000000000
41261  -22.537  -55.773  27.258 0.0000000000
40130  -22.062  -55.953  27.814 0.0000000000
40109  -22.267  -56.559  28.733 0.0000000000
40090  -21.324  -56.266  29.387 0.0000000000
38919  -21.328  -56.613  30.024 0.0000000000
38879  -20.550  -57.298  31.415 0.0000000000
38878  -19.493  -57.187  31.685 0.0000000000
52470  -5.151  -44.502  32.052 0.0000000000
52471  -5.544  -44.429  31.619 0.0000000000
50642  -6.715  -45.982  30.883 0.0000000000
49664  -6.917  -46.933  30.977 0.0000000000
48684  -8.550  -48.608  27.755 0.0000000000
43534  -8.365  -52.912  26.344 0.0000000000
43547  -7.888  -52.131  25.695 0.0000000000
43548  -7.960  -52.451  25.335 0.0000000000
44718  -7.425  -52.337  23.485 0.0000000000
44717  -6.669  -51.690  23.753 0.0000000000
45787  -6.301  -50.893  23.051 0.0000000000
47549  -13.466  -49.809  37.296 0.0000000000
42249  -12.621  -54.699  42.754 0.0000000000
43333  -12.692  -53.766  43.011 0.0000000000
42248  -12.364  -54.726  42.009 0.0000000000
42247  -12.293  -54.706  41.280 0.0000000000
42246  -12.194  -54.516  40.769 0.0000000000
42253  -11.950  -54.785  40.386 0.0000000000
42258  -11.574  -54.930  39.914 0.0000000000
41139  -10.083  -56.538  39.826 0.0000000000
39992  -9.608  -56.912  40.369 0.0000000000
39995  -9.516  -56.806  39.981 0.0000000000
40006  -9.393  -57.245  39.228 0.0000000000
51605  -39.310  -45.059  26.066 0.0000000000
49693  -38.594  -45.759  27.414 0.0000000000
50658  -39.228  -44.632  28.524 0.0000000000
50665  -39.077  -44.617  28.029 0.0000000000
51588  -39.035  -44.878  27.568 0.0000000000
51589  -39.206  -44.502  27.787 0.0000000000
52502  -39.332  -44.224  27.707 0.0000000000
53429  -39.554  -43.615  28.208 0.0000000000
53421  -40.121  -43.027  29.211 0.0000000000
54340  -40.007  -42.895  29.012 0.0000000000
47564  -32.762  -47.836  34.534 0.0000000000
46632  -32.791  -47.901  34.242 0.0000000000
47584  -32.680  -47.806  33.912 0.0000000000
47577  -34.581  -47.711  33.961 0.0000000000
47600  -34.765  -47.808  33.051 0.0000000000
47586  -33.932  -47.928  33.574 0.0000000000
47585  -33.453  -47.863  33.739 0.0000000000
47597  -32.606  -47.610  33.407 0.0000000000
72420  -52.854  -24.636  14.316 0.0000000000
73373  -54.682  -23.218  15.105 0.0000000000
73368  -55.844  -23.212  15.800 0.0000000000
73374  -55.323  -23.072  15.358 0.0000000000
63624  -49.474  -33.369  21.683 0.0000000000
62643  -49.814  -33.568  23.088 0.0000000000
62652  -48.223  -33.102  20.504 0.0000000000
41221  -26.221  -53.869  30.724 0.0000000000
41264  -25.859  -53.307  29.480 0.0000000000
41263  -25.607  -53.859  28.996 0.0000000000
41262  -25.358  -54.197  28.293 0.0000000000
41290  -25.178  -54.297  27.559 0.0000000000
40149  -24.126  -56.112  26.894 0.0000000000
40148  -23.561  -55.909  26.766 0.0000000000
53442  -6.841  -43.477  24.718 0.0000000000
52514  -6.805  -44.266  24.696 0.0000000000
45649  -7.151  -50.685  32.016 0.0000000000
45650  -7.394  -50.849  31.171 0.0000000000
43505  -7.989  -52.502  28.566 0.0000000000
43483  -10.702  -52.999  30.277 0.0000000000
43510  -11.572  -53.280  28.011 0.0000000000
43509  -10.889  -52.955  28.200 0.0000000000
43508  -9.975  -53.037  28.347 0.0000000000
43522  -9.150  -53.268  27.405 0.0000000000
43549  -8.728  -53.056  25.575 0.0000000000
44700  -9.516  -52.974  25.166 0.0000000000
44720  -9.545  -53.114  23.698 0.0000000000
43559  -10.770  -53.110  24.010 0.0000000000
43573  -10.219  -53.543  23.487 0.0000000000
43572  -9.162  -53.661  23.080 0.0000000000
43587  -8.608  -53.910  22.563 0.0000000000
38974  -10.060  -56.970  25.738 0.0000000000
45531  -14.635  -52.835  41.047 0.0000000000
43341  -14.908  -53.933  40.958 0.0000000000
44525  -14.738  -53.560  41.264 0.0000000000
44524  -14.434  -53.193  41.884 0.0000000000
44521  -14.147  -53.264  42.565 0.0000000000
43335  -14.028  -53.775  42.980 0.0000000000
39988  -14.931  -55.972  41.136 0.0000000000
39984  -14.648  -56.185  41.509 0.0000000000
39979  -14.544  -56.069  42.074 0.0000000000
38799  -13.871  -56.715  41.879 0.0000000000
39978  -14.284  -56.134  42.420 0.0000000000
41123  -14.271  -55.584  42.743 0.0000000000
41121  -12.768  -55.565  43.155 0.0000000000
38793  -11.852  -57.293  43.214 0.0000000000
37583  -10.037  -58.912  42.313 0.0000000000
59380  -41.991  -35.855  26.204 0.0000000000
54375  -39.131  -43.658  26.291 0.0000000000
54374  -39.021  -43.711  25.485 0.0000000000
58345  -39.799  -37.049  24.960 0.0000000000
58346  -40.310  -36.951  25.477 0.0000000000
42301  -28.075  -52.895  34.631 0.0000000000
42307  -28.024  -52.974  34.037 0.0000000000
41183  -27.609  -53.215  33.187 0.0000000000
42326  -27.528  -52.963  32.446 0.0000000000
47541  -31.601  -48.694  36.538 0.0000000000
46603  -31.181  -48.550  35.643 0.0000000000
46602  -30.873  -49.089  36.188 0.0000000000
45584  -30.402  -49.399  36.012 0.0000000000
45601  -29.273  -50.171  35.071 0.0000000000
46641  -29.698  -49.236  34.418 0.0000000000
46663  -29.058  -48.867  32.685 0.0000000000
45610  -29.271  -50.050  34.851 0.0000000000
44604  -28.546  -51.132  34.478 0.0000000000
44614  -28.039  -52.010  33.439 0.0000000000
44633  -27.657  -51.815  32.110 0.0000000000
43471  -27.531  -52.451  32.076 0.0000000000
42352  -27.170  -52.654  31.636 0.0000000000
43499  -26.496  -52.495  30.686 0.0000000000
43527  -25.910  -52.381  29.416 0.0000000000
43541  -25.718  -52.404  28.462 0.0000000000
76446  -55.099  -20.093  11.665 0.0000000000
77425  -56.115  -19.081  10.712 0.0000000000
78386  -57.232  -18.302  10.682 0.0000000000
50628  -5.903  -46.900  32.693 0.0000000000
48626  -6.307  -48.057  32.568 0.0000000000
46654  -6.810  -49.778  32.319 0.0000000000
46644  -6.025  -49.370  33.614 0.0000000000
47602  -6.143  -48.852  33.198 0.0000000000
47603  -6.342  -49.319  32.989 0.0000000000
46664  -6.863  -50.249  32.319 0.0000000000
43465  -7.654  -51.722  32.488 0.0000000000
43422  -8.717  -53.269  34.616 0.0000000000
43457  -11.313  -53.151  32.257 0.0000000000
41186  -12.041  -54.708  33.020 0.0000000000
70541  -53.900  -25.829  21.057 0.0000000000
70540  -53.429  -26.452  21.246 0.0000000000
64627  -50.537  -32.575  22.746 0.0000000000
60492  -43.895  -35.723  24.473 0.0000000000
60480  -44.148  -35.258  24.546 0.0000000000
65730  -46.653  -31.414  16.417 0.0000000000
65731  -47.238  -31.225  16.916 0.0000000000
66679  -47.438  -30.588  17.267 0.0000000000
66689  -46.923  -30.459  16.755 0.0000000000
67663  -47.233  -29.531  17.172 0.0000000000
68605  -47.479  -28.675  17.367 0.0000000000
68606  -47.900  -28.445  17.828 0.0000000000
69595  -48.483  -27.738  18.032 0.0000000000
69597  -50.089  -27.265  19.362 0.0000000000
43347  -16.275  -54.432  40.018 0.0000000000
42260  -16.366  -54.785  40.252 0.0000000000
42263  -16.401  -55.307  40.206 0.0000000000
39993  -16.188  -55.955  39.916 0.0000000000
43358  -17.999  -54.631  37.778 0.0000000000
41144  -18.258  -55.605  38.383 0.0000000000
41143  -17.652  -55.562  38.958 0.0000000000
42267  -17.393  -55.041  39.177 0.0000000000
41142  -17.215  -55.726  39.399 0.0000000000
38808  -15.889  -56.306  39.897 0.0000000000
36437  -15.493  -56.862  38.526 0.0000000000
41220  -25.821  -54.486  30.418 0.0000000000
40093  -25.773  -55.006  30.864 0.0000000000
40113  -24.978  -55.407  29.692 0.0000000000
40092  -25.268  -55.301  30.329 0.0000000000
38907  -25.581  -55.430  31.522 0.0000000000
38864  -24.639  -56.165  32.220 0.0000000000
40110  -23.335  -56.781  28.360 0.0000000000
38937  -23.535  -57.046  29.124 0.0000000000
38922  -23.677  -57.127  29.973 0.0000000000
38884  -24.368  -56.625  31.879 0.0000000000
37661  -24.324  -56.204  32.361 0.0000000000
38850  -23.969  -55.850  32.787 0.0000000000
40031  -22.530  -55.692  34.084 0.0000000000
40023  -21.264  -56.336  35.208 0.0000000000
38831  -20.895  -56.697  35.556 0.0000000000
37628  -20.939  -56.958  35.730 0.0000000000
37632  -20.361  -56.565  34.968 0.0000000000
37627  -20.082  -56.507  36.030 0.0000000000
37626  -19.682  -56.590  35.779 0.0000000000
36458  -19.300  -56.690  35.777 0.0000000000
37654  -18.466  -57.345  33.578 0.0000000000
37642  -19.228  -57.200  34.266 0.0000000000
36454  -16.097  -57.186  36.045 0.0000000000
36464  -16.268  -57.520  35.392 0.0000000000
53401  -5.999  -43.707  30.611 0.0000000000
51577  -6.772  -44.899  30.196 0.0000000000
54330  -6.705  -42.462  29.115 0.0000000000
54342  -7.288  -42.591  28.416 0.0000000000
52501  -8.298  -44.765  27.205 0.0000000000
52500  -8.165  -44.145  26.892 0.0000000000
53435  -7.831  -43.493  26.275 0.0000000000
51603  -6.658  -45.577  24.387 0.0000000000
46676  -7.490  -50.564  30.904 0.0000000000
46677  -7.743  -50.276  30.157 0.0000000000
44653  -7.485  -51.001  28.864 0.0000000000
47645  -8.364  -49.249  28.474 0.0000000000
43546  -7.666  -51.845  25.762 0.0000000000
45719  -6.955  -50.686  26.477 0.0000000000
45718  -6.680  -50.715  25.930 0.0000000000
46699  -6.911  -50.273  26.296 0.0000000000
47652  -7.312  -49.675  26.673 0.0000000000
48704  -7.905  -48.470  26.734 0.0000000000
49687  -8.033  -47.687  26.461 0.0000000000
49716  -6.852  -47.150  25.210 0.0000000000
48743  -6.121  -47.833  25.068 0.0000000000
51611  -6.269  -46.389  23.814 0.0000000000
51617  -6.384  -46.420  23.430 0.0000000000
50706  -6.277  -46.959  23.391 0.0000000000
49760  -6.342  -47.625  23.315 0.0000000000
46555  -8.603  -50.843  38.902 0.0000000000
46573  -14.224  -51.621  38.930 0.0000000000
46571  -12.936  -51.254  39.789 0.0000000000
46545  -13.248  -51.490  41.073 0.0000000000
46557  -12.862  -51.247  40.669 0.0000000000
47513  -12.465  -50.901  40.236 0.0000000000
47502  -12.211  -50.803  40.478 0.0000000000
45518  -12.534  -52.245  42.620 0.0000000000
46522  -12.182  -51.775  42.255 0.0000000000
45516  -11.609  -52.319  41.504 0.0000000000
46526  -11.988  -51.505  41.793 0.0000000000
47486  -11.994  -51.184  41.259 0.0000000000
47500  -10.959  -50.368  39.353 0.0000000000
47499  -10.229  -50.348  39.234 0.0000000000
46543  -9.987  -50.743  39.417 0.0000000000
47498  -9.540  -50.402  39.267 0.0000000000
46554  -8.142  -51.044  38.450 0.0000000000
44538  -8.587  -51.392  38.288 0.0000000000
44550  -8.619  -51.722  37.942 0.0000000000
43354  -9.753  -52.255  38.405 0.0000000000
43367  -10.176  -52.573  38.121 0.0000000000
43384  -10.677  -52.840  37.486 0.0000000000
43385  -11.271  -53.389  37.543 0.0000000000
42261  -11.356  -54.967  39.603 0.0000000000
42262  -11.308  -54.320  39.628 0.0000000000
42266  -11.290  -54.644  39.443 0.0000000000
41145  -10.699  -56.104  39.102 0.0000000000
41146  -11.066  -55.344  39.024 0.0000000000
42269  -11.325  -54.381  38.860 0.0000000000
42272  -11.411  -54.243  38.208 0.0000000000
42273  -11.449  -54.079  37.609 0.0000000000
42280  -11.410  -53.862  36.905 0.0000000000
41161  -11.536  -54.556  36.328 0.0000000000
40028  -11.424  -55.729  35.654 0.0000000000
40039  -11.241  -56.112  34.819 0.0000000000
40054  -10.019  -56.889  32.629 0.0000000000
36404  -9.978  -59.215  42.334 0.0000000000
34066  -8.610  -61.193  40.620 0.0000000000
35231  -8.789  -60.536  41.496 0.0000000000
36410  -8.900  -59.936  41.748 0.0000000000
37589  -9.439  -59.425  41.533 0.0000000000
37600  -9.375  -58.868  40.458 0.0000000000
38806  -9.152  -58.909  40.064 0.0000000000
38809  -9.094  -58.566  39.619 0.0000000000
38818  -9.035  -58.460  38.351 0.0000000000
38823  -9.063  -58.617  37.431 0.0000000000
36440  -7.656  -60.154  37.483 0.0000000000
37618  -8.600  -59.216  37.106 0.0000000000
38833  -9.195  -58.233  35.714 0.0000000000
38839  -9.355  -57.767  34.854 0.0000000000
38858  -9.455  -57.338  32.622 0.0000000000
38873  -9.385  -57.615  31.732 0.0000000000
38894  -9.237  -57.724  30.798 0.0000000000
37704  -8.173  -58.759  29.222 0.0000000000
35222  -8.767  -60.220  41.653 0.0000000000
36405  -10.128  -59.116  42.477 0.0000000000
36428  -15.329  -56.994  40.110 0.0000000000
36457  -18.733  -56.800  35.952 0.0000000000
36480  -19.919  -56.598  34.720 0.0000000000
37597  -14.885  -56.822  40.663 0.0000000000
37598  -15.198  -56.710  40.492 0.0000000000
37616  -19.717  -56.823  36.760 0.0000000000
37631  -19.905  -56.506  35.368 0.0000000000
37690  -23.984  -56.867  32.064 0.0000000000
38821  -19.278  -56.361  37.065 0.0000000000
38830  -20.795  -56.947  36.015 0.0000000000
39985  -14.892  -55.957  41.202 0.0000000000
39989  -15.194  -55.986  40.809 0.0000000000
39999  -18.120  -55.952  38.557 0.0000000000
40000  -9.259  -57.076  39.712 0.0000000000
40005  -19.072  -56.152  37.462 0.0000000000
40017  -21.242  -56.523  35.665 0.0000000000
40022  -11.526  -55.309  36.203 0.0000000000
40144  -10.359  -56.848  26.106 0.0000000000
41124  -14.497  -55.894  42.349 0.0000000000
41135  -9.987  -56.638  40.200 0.0000000000
41155  -11.465  -54.640  37.134 0.0000000000
41156  -20.524  -55.970  35.790 0.0000000000
41181  -27.769  -53.242  33.763 0.0000000000
41280  -12.152  -55.330  26.861 0.0000000000
41306  -12.029  -55.311  26.169 0.0000000000
41337  -10.958  -54.866  23.721 0.0000000000
42268  -17.899  -55.096  38.563 0.0000000000
42271  -18.706  -55.217  37.539 0.0000000000
42336  -12.373  -54.554  29.359 0.0000000000
42337  -27.166  -53.055  31.884 0.0000000000
42350  -12.348  -54.244  28.739 0.0000000000
42367  -25.647  -53.293  28.403 0.0000000000
42375  -12.251  -54.439  26.471 0.0000000000
42376  -12.313  -54.741  26.892 0.0000000000
42434  -9.875  -54.315  23.080 0.0000000000
43346  -15.768  -54.132  40.257 0.0000000000
43405  -6.571  -51.297  35.742 0.0000000000
43419  -6.988  -51.555  35.079 0.0000000000
43446  -28.102  -52.128  33.654 0.0000000000
43498  -12.036  -53.577  28.547 0.0000000000
43526  -12.217  -53.943  27.232 0.0000000000
43536  -10.256  -52.967  26.381 0.0000000000
43539  -12.264  -54.259  26.852 0.0000000000
43550  -9.584  -53.077  25.867 0.0000000000
43574  -10.978  -53.702  23.747 0.0000000000
44523  -13.998  -52.793  42.388 0.0000000000
44528  -14.636  -53.082  41.320 0.0000000000
44529  -14.980  -53.493  40.800 0.0000000000
44530  -15.461  -53.862  40.395 0.0000000000
44537  -8.374  -51.371  38.101 0.0000000000
44542  -10.824  -53.120  39.809 0.0000000000
44554  -10.892  -53.324  39.682 0.0000000000
44591  -29.360  -50.179  35.402 0.0000000000
44615  -28.269  -51.552  33.846 0.0000000000
44660  -7.466  -51.068  28.445 0.0000000000
44674  -7.412  -51.052  27.859 0.0000000000
44698  -7.677  -52.049  25.188 0.0000000000
44699  -8.686  -52.925  24.878 0.0000000000
44701  -10.411  -52.913  25.363 0.0000000000
44716  -6.401  -51.310  24.176 0.0000000000
44721  -10.208  -53.029  23.810 0.0000000000
45519  -12.935  -52.366  42.934 0.0000000000
45523  -12.773  -51.959  42.530 0.0000000000
45527  -10.264  -51.475  39.602 0.0000000000
45532  -9.250  -51.278  39.042 0.0000000000
45541  -8.152  -51.288  38.019 0.0000000000
45555  -7.870  -51.048  38.184 0.0000000000
45576  -6.646  -51.014  37.216 0.0000000000
45603  -30.260  -49.166  35.053 0.0000000000
45611  -29.788  -49.593  35.117 0.0000000000
45698  -7.077  -50.944  26.719 0.0000000000
45700  -7.436  -50.830  27.947 0.0000000000
46529  -13.552  -52.088  41.811 0.0000000000
46535  -13.554  -51.945  41.518 0.0000000000
46536  -13.927  -52.227  41.206 0.0000000000
46544  -13.164  -51.206  40.853 0.0000000000
46681  -7.601  -50.055  27.671 0.0000000000
46693  -26.645  -49.715  29.204 0.0000000000
47485  -11.881  -50.995  40.788 0.0000000000
47492  -12.780  -51.305  41.234 0.0000000000
47575  -32.859  -47.984  34.336 0.0000000000
47588  -35.065  -47.673  33.391 0.0000000000
47666  -5.845  -48.992  24.651 0.0000000000
48705  -8.425  -47.969  27.227 0.0000000000
48741  -5.784  -48.774  24.593 0.0000000000
49649  -38.808  -45.846  30.898 0.0000000000
49673  -38.740  -45.754  29.711 0.0000000000
49759  -6.067  -48.084  23.517 0.0000000000
50639  -39.480  -45.022  30.100 0.0000000000
50654  -39.186  -45.056  29.144 0.0000000000
50675  -5.880  -47.220  24.288 0.0000000000
50682  -5.701  -47.501  24.272 0.0000000000
51575  -39.686  -44.535  29.747 0.0000000000
51581  -7.709  -45.116  28.845 0.0000000000
51606  -39.347  -44.850  26.621 0.0000000000
52467  -39.691  -44.874  32.018 0.0000000000
52509  -8.229  -44.618  26.552 0.0000000000
54341  -40.173  -42.940  29.389 0.0000000000
54373  -7.224  -42.837  25.246 0.0000000000
56235  -37.800  -40.401  28.335 0.0000000000
60505  -43.907  -36.511  23.774 0.0000000000
60543  -46.294  -35.958  21.583 0.0000000000
61704  -45.180  -33.063  17.812 0.0000000000
62659  -48.648  -32.684  20.037 0.0000000000
62690  -46.385  -32.827  17.760 0.0000000000
62708  -45.970  -32.795  17.391 0.0000000000
63639  -49.326  -33.058  21.013 0.0000000000
63651  -49.488  -32.450  20.194 0.0000000000
63698  -47.146  -32.460  17.234 0.0000000000
64665  -50.400  -31.715  20.839 0.0000000000
64730  -47.300  -31.984  16.941 0.0000000000
65701  -49.878  -31.290  19.525 0.0000000000
66618  -51.876  -30.078  22.557 0.0000000000
68598  -50.495  -28.943  20.115 0.0000000000
69539  -53.262  -27.378  22.367 0.0000000000
70570  -49.660  -26.578  17.872 0.0000000000
70578  -49.634  -26.073  16.280 0.0000000000
71460  -52.892  -25.917  20.204 0.0000000000
72389  -54.149  -24.600  18.310 0.0000000000
72412  -53.553  -24.306  15.064 0.0000000000
