#!ascii label  , from subject sub-01 vox2ras=TkReg
1191
97868  -54.934  2.685  14.566 0.0000000000
107090  -44.833  13.315  1.651 0.0000000000
104487  -45.456  11.008  10.019 0.0000000000
104500  -53.495  10.737  8.152 0.0000000000
104634  -50.043  10.349  -2.723 0.0000000000
106278  -52.180  12.889  3.325 0.0000000000
102781  -51.210  8.585  1.386 0.0000000000
103662  -47.999  10.057  6.973 0.0000000000
92420  -49.771  -3.752  14.781 0.0000000000
96064  -50.110  1.351  17.482 0.0000000000
113769  -42.960  22.722  5.168 0.0000000000
111720  -46.535  19.900  0.255 0.0000000000
107930  -48.296  14.864  -5.837 0.0000000000
102584  -50.407  8.365  17.397 0.0000000000
109483  -47.243  17.624  7.630 0.0000000000
106206  -51.353  12.893  10.384 0.0000000000
102625  -54.180  8.614  14.360 0.0000000000
101770  -49.942  7.549  12.582 0.0000000000
99453  -45.887  4.501  11.479 0.0000000000
98680  -55.517  3.861  13.169 0.0000000000
102892  -50.601  8.975  -5.307 0.0000000000
103761  -53.393  8.615  -2.227 0.0000000000
102829  -49.397  7.740  -1.791 0.0000000000
102778  -47.264  8.416  1.206 0.0000000000
95167  -50.141  -0.772  14.803 0.0000000000
96061  -47.432  0.694  16.984 0.0000000000
114385  -40.651  23.316  8.285 0.0000000000
110395  -47.672  17.075  -2.808 0.0000000000
101711  -47.019  7.367  17.103 0.0000000000
103574  -47.575  9.249  13.554 0.0000000000
108661  -42.033  15.612  3.645 0.0000000000
107803  -46.077  14.851  5.383 0.0000000000
106252  -53.575  12.217  5.644 0.0000000000
107794  -52.253  14.342  6.918 0.0000000000
106220  -53.642  12.429  9.632 0.0000000000
105318  -52.877  11.710  13.372 0.0000000000
103610  -54.405  10.065  11.876 0.0000000000
101759  -52.712  7.622  13.738 0.0000000000
103621  -52.318  9.256  10.283 0.0000000000
101789  -46.871  7.801  9.708 0.0000000000
105466  -46.711  11.762  -0.315 0.0000000000
106291  -48.878  12.302  2.715 0.0000000000
104584  -51.582  10.742  -0.046 0.0000000000
104573  -54.338  10.441  1.448 0.0000000000
104547  -52.474  10.170  4.545 0.0000000000
104508  -50.629  10.639  7.418 0.0000000000
103680  -49.934  9.898  4.401 0.0000000000
103688  -46.318  9.320  4.288 0.0000000000
92423  -52.131  -2.852  14.134 0.0000000000
95160  -52.680  -0.209  16.051 0.0000000000
96968  -53.323  1.529  17.818 0.0000000000
112332  -37.671  20.392  7.316 0.0000000000
112357  -40.352  20.244  4.524 0.0000000000
111029  -43.027  18.312  2.288 0.0000000000
108698  -45.008  15.618  -0.046 0.0000000000
107137  -46.538  13.821  -2.299 0.0000000000
105525  -48.786  12.372  -5.402 0.0000000000
105534  -48.261  11.128  -7.081 0.0000000000
107179  -47.488  13.932  -7.631 0.0000000000
99406  -47.135  4.522  16.605 0.0000000000
99396  -50.240  4.510  17.462 0.0000000000
100137  -52.844  5.499  17.763 0.0000000000
107782  -47.008  14.937  8.459 0.0000000000
107806  -49.217  15.168  5.453 0.0000000000
108606  -49.781  15.915  8.494 0.0000000000
105349  -48.329  11.412  10.377 0.0000000000
104438  -50.708  10.796  13.980 0.0000000000
103546  -52.820  9.100  16.451 0.0000000000
100916  -55.094  6.391  15.925 0.0000000000
100162  -53.844  5.651  14.637 0.0000000000
99430  -51.234  4.619  13.557 0.0000000000
97874  -49.412  2.782  11.963 0.0000000000
103618  -49.516  9.249  10.004 0.0000000000
100932  -47.876  6.212  12.161 0.0000000000
97919  -47.191  2.273  10.590 0.0000000000
96993  -54.551  1.483  15.211 0.0000000000
97871  -55.050  2.148  14.057 0.0000000000
98673  -55.523  3.726  13.871 0.0000000000
102865  -49.175  8.119  -4.386 0.0000000000
101922  -50.266  7.859  -3.653 0.0000000000
101919  -47.782  8.093  -2.681 0.0000000000
101896  -47.036  8.150  -1.089 0.0000000000
103604  -46.253  9.671  11.904 0.0000000000
107078  -43.645  14.069  3.005 0.0000000000
105385  -53.690  11.464  6.312 0.0000000000
106238  -53.591  12.195  7.749 0.0000000000
105374  -53.801  11.564  8.410 0.0000000000
105354  -54.302  11.560  10.338 0.0000000000
104481  -54.294  10.560  10.212 0.0000000000
103608  -53.461  9.226  11.092 0.0000000000
104490  -52.910  9.778  9.065 0.0000000000
104614  -48.904  10.462  -1.941 0.0000000000
104582  -49.485  10.611  -0.038 0.0000000000
104616  -51.016  10.066  -1.848 0.0000000000
102816  -53.180  8.105  -0.278 0.0000000000
103732  -54.038  9.231  -0.710 0.0000000000
102783  -53.502  8.752  1.604 0.0000000000
103696  -53.688  9.617  3.265 0.0000000000
103705  -52.547  9.267  2.676 0.0000000000
103681  -50.850  9.942  4.239 0.0000000000
103703  -50.763  9.236  2.893 0.0000000000
102754  -46.770  9.058  3.324 0.0000000000
96096  -49.933  0.344  16.291 0.0000000000
95159  -51.615  -0.188  15.766 0.0000000000
96098  -51.889  0.204  16.566 0.0000000000
95144  -53.469  -0.071  16.470 0.0000000000
96966  -51.816  1.402  18.069 0.0000000000
114402  -41.417  23.348  5.857 0.0000000000
113766  -39.651  21.911  5.764 0.0000000000
113782  -41.505  21.936  4.673 0.0000000000
111682  -41.841  19.339  3.305 0.0000000000
113100  -42.697  20.950  3.626 0.0000000000
112395  -45.585  20.151  1.676 0.0000000000
111031  -44.569  18.852  1.349 0.0000000000
110367  -45.381  17.276  -0.407 0.0000000000
107893  -45.820  14.770  -1.062 0.0000000000
109584  -46.189  16.747  -1.344 0.0000000000
108732  -48.484  15.989  -4.303 0.0000000000
107155  -47.828  13.848  -4.616 0.0000000000
107163  -48.199  13.763  -5.832 0.0000000000
105535  -49.494  11.616  -6.686 0.0000000000
106400  -48.231  12.849  -7.217 0.0000000000
106399  -47.391  12.738  -7.360 0.0000000000
107180  -48.010  14.372  -7.406 0.0000000000
100887  -42.658  6.069  17.924 0.0000000000
99390  -42.289  4.653  17.998 0.0000000000
99392  -44.138  4.784  17.755 0.0000000000
98656  -45.883  3.518  16.580 0.0000000000
100130  -45.793  5.706  17.456 0.0000000000
102582  -48.774  7.496  17.262 0.0000000000
100893  -48.456  6.705  17.457 0.0000000000
100895  -50.409  6.699  17.544 0.0000000000
100136  -51.907  5.564  17.920 0.0000000000
101691  -50.906  7.620  17.626 0.0000000000
110993  -46.528  18.476  9.017 0.0000000000
109461  -46.184  16.913  9.549 0.0000000000
109462  -47.181  16.956  8.954 0.0000000000
106276  -50.354  12.880  3.323 0.0000000000
107051  -49.218  13.648  4.267 0.0000000000
107053  -51.199  13.925  4.355 0.0000000000
107021  -51.814  14.059  8.814 0.0000000000
108614  -51.309  15.515  7.731 0.0000000000
107006  -50.776  13.858  9.222 0.0000000000
106231  -49.427  12.948  9.038 0.0000000000
105365  -49.849  12.176  10.223 0.0000000000
105338  -49.579  11.200  11.623 0.0000000000
105339  -50.429  11.562  11.672 0.0000000000
104431  -54.080  10.300  14.031 0.0000000000
104429  -52.925  10.891  15.007 0.0000000000
103557  -53.855  9.123  15.448 0.0000000000
101715  -53.986  7.478  16.860 0.0000000000
101729  -54.530  7.441  15.362 0.0000000000
100163  -54.548  5.439  14.878 0.0000000000
101742  -54.044  7.432  14.796 0.0000000000
102639  -51.541  7.863  12.882 0.0000000000
100930  -51.790  6.295  14.047 0.0000000000
100929  -50.862  6.439  13.382 0.0000000000
99439  -50.097  4.296  12.854 0.0000000000
100178  -49.711  5.168  12.787 0.0000000000
104507  -49.569  10.393  7.391 0.0000000000
103639  -50.603  9.842  8.829 0.0000000000
103637  -48.554  9.771  8.485 0.0000000000
100948  -46.131  6.215  11.030 0.0000000000
101774  -47.187  6.797  11.312 0.0000000000
100187  -46.485  5.426  11.604 0.0000000000
99455  -47.438  4.245  12.235 0.0000000000
98705  -46.410  3.556  11.480 0.0000000000
97033  -45.826  1.830  10.019 0.0000000000
94303  -55.168  -1.499  14.189 0.0000000000
98688  -54.424  3.768  12.538 0.0000000000
104663  -51.654  10.136  -4.316 0.0000000000
104654  -52.640  9.615  -3.074 0.0000000000
102868  -51.766  8.449  -3.609 0.0000000000
102831  -51.918  7.983  -1.705 0.0000000000
102814  -50.680  8.117  -0.821 0.0000000000
102780  -49.996  8.521  1.269 0.0000000000
102796  -48.171  8.321  0.174 0.0000000000
94297  -49.671  -1.715  14.486 0.0000000000
95166  -49.062  -0.804  14.791 0.0000000000
96062  -48.536  0.966  17.006 0.0000000000
114999  -43.203  24.233  6.820 0.0000000000
111742  -47.372  18.770  -1.522 0.0000000000
109609  -49.579  16.924  -4.330 0.0000000000
109628  -49.202  16.788  -5.981 0.0000000000
101685  -45.445  6.946  17.555 0.0000000000
102609  -47.439  7.829  16.218 0.0000000000
103552  -49.007  8.849  15.181 0.0000000000
108636  -46.632  15.680  5.863 0.0000000000
106263  -53.408  12.655  4.242 0.0000000000
107829  -52.217  14.001  5.055 0.0000000000
107036  -52.757  13.144  5.487 0.0000000000
107026  -52.443  13.522  7.554 0.0000000000
106995  -52.598  13.040  10.206 0.0000000000
105341  -52.151  12.488  11.797 0.0000000000
106195  -53.438  12.206  11.640 0.0000000000
105320  -54.165  11.172  12.537 0.0000000000
103593  -54.416  9.892  12.749 0.0000000000
102624  -53.872  8.065  14.185 0.0000000000
102664  -53.820  8.985  12.301 0.0000000000
102663  -52.753  8.459  12.349 0.0000000000
102676  -50.873  8.807  11.248 0.0000000000
102688  -47.464  8.589  9.110 0.0000000000
105359  -44.147  11.611  9.099 0.0000000000
106319  -46.368  12.228  0.736 0.0000000000
106288  -46.074  12.568  2.507 0.0000000000
105431  -48.181  11.575  1.233 0.0000000000
105433  -50.140  11.543  1.399 0.0000000000
105435  -52.126  11.936  1.589 0.0000000000
104618  -53.196  9.935  -1.617 0.0000000000
104586  -53.492  10.848  0.145 0.0000000000
106308  -53.332  12.191  2.189 0.0000000000
105410  -54.405  11.299  3.417 0.0000000000
104538  -53.702  10.767  5.013 0.0000000000
104524  -52.953  10.569  6.201 0.0000000000
104499  -52.558  10.085  8.396 0.0000000000
104523  -52.116  10.712  6.417 0.0000000000
104534  -50.302  10.620  5.727 0.0000000000
103671  -48.117  10.093  5.880 0.0000000000
103701  -48.840  9.257  2.996 0.0000000000
103678  -47.679  9.736  4.853 0.0000000000
94299  -51.645  -1.629  14.563 0.0000000000
94300  -52.516  -1.458  14.493 0.0000000000
94302  -54.412  -1.552  14.541 0.0000000000
95162  -54.424  -0.588  15.277 0.0000000000
96099  -54.416  0.448  15.749 0.0000000000
97854  -54.113  2.426  16.719 0.0000000000
111004  -38.386  18.616  6.166 0.0000000000
113066  -38.956  20.934  5.986 0.0000000000
111007  -39.473  18.598  5.042 0.0000000000
110338  -41.039  17.632  3.737 0.0000000000
109559  -41.970  16.868  3.019 0.0000000000
108685  -43.542  15.761  1.826 0.0000000000
113090  -44.041  21.631  4.163 0.0000000000
112379  -43.663  20.049  2.715 0.0000000000
110356  -44.015  17.332  1.225 0.0000000000
107101  -44.827  13.938  0.853 0.0000000000
107114  -45.806  13.520  -0.757 0.0000000000
105497  -46.525  12.498  -1.654 0.0000000000
104632  -47.921  11.289  -3.064 0.0000000000
108722  -46.941  15.546  -2.592 0.0000000000
106368  -48.169  12.576  -4.469 0.0000000000
104661  -50.281  11.184  -4.597 0.0000000000
104670  -50.810  10.476  -5.680 0.0000000000
103794  -49.336  9.604  -5.970 0.0000000000
104668  -46.946  10.405  -5.868 0.0000000000
106390  -46.126  12.512  -6.642 0.0000000000
108767  -48.342  16.275  -7.988 0.0000000000
97837  -46.885  2.140  16.887 0.0000000000
97839  -48.566  2.334  16.963 0.0000000000
100131  -46.852  5.730  17.142 0.0000000000
99408  -48.893  4.631  16.916 0.0000000000
97841  -50.263  2.430  17.793 0.0000000000
98649  -51.811  3.423  18.089 0.0000000000
98650  -52.755  3.451  18.089 0.0000000000
98652  -54.166  3.925  17.131 0.0000000000
105371  -45.871  12.099  8.776 0.0000000000
107049  -47.121  13.472  4.467 0.0000000000
107805  -48.161  15.046  5.455 0.0000000000
108624  -48.253  16.439  6.528 0.0000000000
108641  -51.302  15.494  5.984 0.0000000000
109486  -50.320  16.737  7.360 0.0000000000
109464  -49.133  16.725  8.094 0.0000000000
107783  -48.090  14.894  8.459 0.0000000000
106229  -47.757  12.723  8.825 0.0000000000
104489  -47.092  11.131  10.103 0.0000000000
104465  -47.830  10.167  11.970 0.0000000000
104436  -48.949  9.705  13.722 0.0000000000
103554  -50.354  9.406  15.892 0.0000000000
105317  -51.937  11.776  13.683 0.0000000000
104418  -51.509  10.514  15.780 0.0000000000
103544  -51.247  9.270  17.055 0.0000000000
101693  -53.115  7.125  17.255 0.0000000000
100139  -54.295  5.590  16.977 0.0000000000
99410  -54.918  4.671  16.022 0.0000000000
99423  -55.112  4.594  14.584 0.0000000000
99422  -54.369  4.904  14.354 0.0000000000
98678  -53.801  4.071  13.226 0.0000000000
101741  -53.102  7.193  14.347 0.0000000000
99420  -52.668  4.944  14.188 0.0000000000
98686  -52.154  3.414  12.739 0.0000000000
97876  -51.605  2.891  12.035 0.0000000000
97898  -49.870  2.330  11.190 0.0000000000
103640  -51.658  9.784  8.941 0.0000000000
102684  -50.596  9.046  10.565 0.0000000000
102675  -49.534  8.537  11.351 0.0000000000
102681  -47.481  8.073  10.136 0.0000000000
102674  -48.535  8.034  11.393 0.0000000000
101769  -49.045  7.109  12.499 0.0000000000
99437  -48.087  4.564  12.497 0.0000000000
98707  -48.066  2.990  11.683 0.0000000000
97860  -54.482  2.580  15.730 0.0000000000
97001  -55.131  1.564  13.765 0.0000000000
97872  -55.358  2.782  13.588 0.0000000000
97869  -55.322  3.277  14.090 0.0000000000
102864  -48.132  8.431  -3.909 0.0000000000
101931  -48.241  8.087  -3.274 0.0000000000
102845  -47.273  8.452  -3.114 0.0000000000
103588  -45.739  9.266  12.295 0.0000000000
104463  -46.083  9.942  11.442 0.0000000000
107079  -44.128  13.752  2.513 0.0000000000
107064  -43.956  13.784  3.270 0.0000000000
107080  -45.086  12.961  2.517 0.0000000000
104511  -53.352  10.900  6.858 0.0000000000
105378  -53.646  11.470  7.363 0.0000000000
104501  -53.773  11.101  8.694 0.0000000000
104492  -53.877  10.849  9.169 0.0000000000
104491  -53.511  10.082  9.278 0.0000000000
104615  -49.935  10.172  -1.753 0.0000000000
103759  -50.779  10.118  -2.256 0.0000000000
102799  -52.206  8.375  0.540 0.0000000000
102800  -53.297  8.432  0.786 0.0000000000
102782  -52.409  8.774  1.718 0.0000000000
103714  -53.144  8.953  2.208 0.0000000000
102770  -51.980  9.109  2.345 0.0000000000
103704  -51.662  9.355  2.853 0.0000000000
102769  -51.380  8.934  2.237 0.0000000000
92421  -50.637  -3.653  14.541 0.0000000000
96082  -50.397  0.870  17.218 0.0000000000
96097  -51.010  0.318  16.465 0.0000000000
96083  -51.544  0.670  17.262 0.0000000000
96065  -52.027  0.812  17.713 0.0000000000
96982  -51.239  1.090  17.658 0.0000000000
114403  -42.439  23.301  5.707 0.0000000000
113768  -41.866  22.705  5.172 0.0000000000
113783  -42.518  22.129  4.621 0.0000000000
113088  -42.172  21.449  4.141 0.0000000000
113089  -43.086  21.617  4.083 0.0000000000
112410  -47.040  20.349  0.878 0.0000000000
112396  -46.543  20.395  1.510 0.0000000000
111709  -46.421  20.126  0.843 0.0000000000
111043  -45.524  18.874  0.261 0.0000000000
111719  -46.038  19.198  -0.099 0.0000000000
110376  -45.931  17.398  -0.904 0.0000000000
111062  -46.312  18.285  -0.964 0.0000000000
108740  -48.688  15.712  -4.994 0.0000000000
107921  -48.142  15.105  -5.097 0.0000000000
106392  -48.533  12.918  -6.539 0.0000000000
107170  -48.242  13.945  -6.704 0.0000000000
107938  -48.380  15.060  -6.812 0.0000000000
100910  -42.429  6.624  17.322 0.0000000000
100888  -43.554  6.138  18.047 0.0000000000
100128  -43.887  5.520  18.100 0.0000000000
99393  -45.040  4.809  17.239 0.0000000000
102583  -49.391  7.846  17.298 0.0000000000
101689  -49.013  7.274  17.389 0.0000000000
101690  -49.921  7.485  17.497 0.0000000000
109482  -46.219  17.776  7.442 0.0000000000
110312  -46.678  18.238  8.391 0.0000000000
110300  -47.356  17.590  8.557 0.0000000000
110313  -47.576  17.664  8.110 0.0000000000
106277  -51.321  12.877  3.295 0.0000000000
107070  -50.801  13.361  3.867 0.0000000000
107071  -51.667  13.363  3.855 0.0000000000
107007  -51.691  13.644  9.401 0.0000000000
107769  -51.217  14.171  9.065 0.0000000000
106218  -51.078  13.249  9.785 0.0000000000
106217  -50.139  12.815  9.492 0.0000000000
106205  -50.850  12.788  10.037 0.0000000000
105351  -50.652  12.310  10.612 0.0000000000
105352  -51.343  12.587  10.868 0.0000000000
103568  -54.028  9.603  14.820 0.0000000000
102613  -54.187  8.519  15.406 0.0000000000
101743  -54.373  7.907  15.225 0.0000000000
101771  -50.887  7.743  12.722 0.0000000000
100928  -50.177  6.488  12.985 0.0000000000
100172  -50.284  5.799  13.079 0.0000000000
101756  -49.799  6.906  12.803 0.0000000000
104506  -48.705  10.172  7.472 0.0000000000
104496  -49.176  10.112  8.042 0.0000000000
103650  -48.101  9.842  7.780 0.0000000000
100207  -45.999  5.549  11.341 0.0000000000
100937  -46.671  6.123  11.445 0.0000000000
99454  -46.768  4.362  11.907 0.0000000000
97894  -46.102  2.899  11.075 0.0000000000
98704  -45.453  3.438  11.208 0.0000000000
95173  -55.487  -0.824  13.927 0.0000000000
98689  -55.270  3.905  12.461 0.0000000000
102893  -51.301  8.984  -4.946 0.0000000000
103786  -52.102  9.056  -4.149 0.0000000000
102885  -51.657  8.734  -4.317 0.0000000000
101908  -49.299  7.717  -2.401 0.0000000000
102847  -50.910  8.051  -3.182 0.0000000000
102830  -50.413  7.897  -2.069 0.0000000000
102797  -49.587  8.284  0.195 0.0000000000
102813  -49.089  7.889  -0.990 0.0000000000
102811  -46.593  8.063  -0.435 0.0000000000
95165  -48.055  -0.890  14.885 0.0000000000
96081  -49.213  0.666  16.816 0.0000000000
114987  -42.537  24.379  7.514 0.0000000000
111084  -49.471  18.010  -2.977 0.0000000000
110411  -49.791  17.573  -3.957 0.0000000000
111757  -49.926  19.046  -2.810 0.0000000000
102637  -46.817  8.773  13.843 0.0000000000
102622  -47.728  8.656  14.906 0.0000000000
102623  -48.498  8.778  15.154 0.0000000000
103564  -48.568  9.083  14.575 0.0000000000
108649  -41.592  15.741  4.490 0.0000000000
107056  -53.285  12.652  4.947 0.0000000000
106251  -53.177  12.661  5.655 0.0000000000
106233  -53.619  12.329  8.723 0.0000000000
106232  -52.937  12.808  8.178 0.0000000000
107023  -53.027  12.899  9.153 0.0000000000
107008  -52.495  13.258  9.591 0.0000000000
107009  -53.093  12.864  9.975 0.0000000000
106996  -53.022  12.836  10.429 0.0000000000
106209  -53.576  12.413  10.659 0.0000000000
104468  -54.486  10.678  11.377 0.0000000000
105329  -54.309  11.295  11.811 0.0000000000
104453  -54.433  10.654  12.280 0.0000000000
102665  -54.267  9.392  12.620 0.0000000000
103592  -54.244  9.567  12.216 0.0000000000
103622  -53.178  9.348  10.375 0.0000000000
102678  -53.135  8.823  11.608 0.0000000000
102677  -52.143  8.709  11.547 0.0000000000
103606  -51.863  8.989  10.866 0.0000000000
105430  -47.293  11.808  1.087 0.0000000000
105449  -47.916  11.321  0.490 0.0000000000
104583  -50.516  10.573  -0.019 0.0000000000
105451  -49.801  11.086  0.650 0.0000000000
105452  -50.833  11.135  0.716 0.0000000000
105434  -51.154  11.634  1.480 0.0000000000
105453  -51.851  11.360  0.713 0.0000000000
103760  -53.179  9.048  -2.755 0.0000000000
104637  -52.947  9.775  -2.441 0.0000000000
103745  -53.634  9.068  -1.756 0.0000000000
103725  -54.379  9.729  0.960 0.0000000000
104603  -54.019  10.111  -0.294 0.0000000000
105456  -54.087  11.049  1.293 0.0000000000
105436  -53.058  11.885  1.504 0.0000000000
105438  -54.227  11.157  1.958 0.0000000000
106297  -54.300  11.984  3.124 0.0000000000
105423  -54.369  11.277  2.701 0.0000000000
104556  -52.959  9.824  4.024 0.0000000000
104549  -53.977  10.579  4.189 0.0000000000
104548  -53.351  10.228  4.525 0.0000000000
104525  -53.466  10.900  5.857 0.0000000000
104537  -53.124  10.463  5.299 0.0000000000
104536  -52.312  10.572  5.464 0.0000000000
104545  -50.594  10.378  4.929 0.0000000000
104544  -49.776  10.278  5.087 0.0000000000
104533  -49.286  10.393  5.759 0.0000000000
102779  -48.670  8.598  1.241 0.0000000000
102767  -49.237  8.893  2.180 0.0000000000
102766  -47.841  8.872  2.556 0.0000000000
103689  -47.185  9.394  4.100 0.0000000000
102755  -47.476  9.187  3.429 0.0000000000
94298  -50.713  -1.722  14.569 0.0000000000
95168  -51.179  -0.783  14.945 0.0000000000
95170  -53.019  -0.728  14.988 0.0000000000
95169  -52.147  -0.693  15.001 0.0000000000
94301  -53.466  -1.271  14.680 0.0000000000
94289  -53.678  -0.957  14.989 0.0000000000
94290  -53.924  -1.048  15.015 0.0000000000
95161  -53.582  -0.661  15.384 0.0000000000
96085  -53.284  0.616  17.380 0.0000000000
96086  -53.972  0.531  16.605 0.0000000000
96984  -53.855  1.435  17.141 0.0000000000
96985  -54.266  1.445  16.243 0.0000000000
112322  -36.993  20.225  8.880 0.0000000000
111660  -36.416  19.566  8.912 0.0000000000
111665  -37.113  19.622  7.666 0.0000000000
110997  -37.307  18.751  7.214 0.0000000000
111668  -37.592  19.524  6.951 0.0000000000
113742  -39.945  22.315  9.091 0.0000000000
113749  -39.458  22.293  8.408 0.0000000000
113076  -40.288  21.437  4.948 0.0000000000
113067  -39.216  21.624  6.153 0.0000000000
112349  -39.455  20.247  5.326 0.0000000000
111673  -39.184  19.442  5.379 0.0000000000
111676  -39.810  19.572  4.830 0.0000000000
111009  -40.091  18.607  4.526 0.0000000000
111677  -40.454  19.376  4.260 0.0000000000
111018  -42.253  18.408  2.826 0.0000000000
110339  -41.691  17.573  3.180 0.0000000000
110346  -42.278  17.433  2.724 0.0000000000
108673  -43.061  15.726  2.354 0.0000000000
109561  -43.181  16.544  2.059 0.0000000000
112368  -44.037  20.605  3.075 0.0000000000
112380  -44.364  20.128  2.417 0.0000000000
110357  -44.484  17.304  0.702 0.0000000000
111041  -44.346  17.844  1.033 0.0000000000
109568  -44.251  16.491  0.940 0.0000000000
108686  -44.063  15.693  1.269 0.0000000000
107875  -44.956  14.802  0.338 0.0000000000
106331  -45.378  13.392  0.345 0.0000000000
107886  -45.402  14.810  -0.386 0.0000000000
107894  -46.263  14.690  -1.758 0.0000000000
107127  -46.067  13.840  -1.429 0.0000000000
106358  -46.460  12.971  -1.990 0.0000000000
105498  -47.002  11.930  -2.241 0.0000000000
106359  -46.925  12.886  -2.865 0.0000000000
111071  -47.634  18.238  -1.955 0.0000000000
110385  -47.174  17.372  -2.150 0.0000000000
109599  -47.260  16.408  -2.693 0.0000000000
106376  -48.281  12.882  -5.000 0.0000000000
106375  -47.856  13.204  -4.345 0.0000000000
105516  -48.791  12.144  -4.958 0.0000000000
105507  -48.391  11.827  -4.180 0.0000000000
105527  -50.364  11.206  -5.398 0.0000000000
105526  -49.419  11.833  -5.756 0.0000000000
104682  -49.018  11.369  -7.178 0.0000000000
103803  -49.598  10.210  -6.497 0.0000000000
103802  -48.736  10.052  -6.355 0.0000000000
103793  -48.515  9.444  -5.703 0.0000000000
104669  -47.666  10.090  -6.083 0.0000000000
104674  -47.247  10.956  -6.554 0.0000000000
106391  -46.849  12.185  -7.014 0.0000000000
106398  -46.645  12.863  -7.109 0.0000000000
107169  -46.183  13.293  -6.933 0.0000000000
107178  -46.651  13.729  -7.398 0.0000000000
108755  -48.791  15.961  -7.004 0.0000000000
97848  -44.471  2.507  16.731 0.0000000000
98657  -46.751  3.550  16.563 0.0000000000
97850  -46.382  2.603  16.729 0.0000000000
97851  -47.188  2.768  16.715 0.0000000000
97838  -47.555  2.105  16.865 0.0000000000
97852  -47.952  2.799  16.683 0.0000000000
101686  -46.317  7.001  17.593 0.0000000000
100891  -46.530  6.467  17.512 0.0000000000
100892  -47.509  6.595  17.470 0.0000000000
100134  -49.803  5.746  17.323 0.0000000000
100150  -49.101  5.370  17.085 0.0000000000
99409  -49.516  4.892  17.158 0.0000000000
98647  -49.718  3.276  17.409 0.0000000000
98648  -50.780  3.402  17.822 0.0000000000
99398  -52.341  4.491  17.963 0.0000000000
99399  -53.226  4.520  17.799 0.0000000000
98651  -53.554  3.501  17.619 0.0000000000
99400  -53.935  4.636  17.341 0.0000000000
108603  -46.626  15.978  8.822 0.0000000000
106227  -45.603  12.991  8.524 0.0000000000
106290  -47.904  12.240  2.637 0.0000000000
106272  -46.530  12.610  3.120 0.0000000000
106260  -47.689  12.932  3.955 0.0000000000
107826  -49.731  14.464  4.899 0.0000000000
107825  -48.678  14.339  4.936 0.0000000000
108637  -47.677  15.728  5.985 0.0000000000
108638  -48.719  15.841  5.982 0.0000000000
107810  -52.307  14.192  5.938 0.0000000000
107809  -51.797  14.832  5.511 0.0000000000
107793  -51.886  15.017  6.368 0.0000000000
108607  -50.708  15.762  8.370 0.0000000000
109487  -50.917  16.244  7.168 0.0000000000
109465  -50.148  16.681  8.110 0.0000000000
109485  -49.449  16.931  7.545 0.0000000000
108605  -48.693  15.933  8.313 0.0000000000
107784  -49.208  14.831  8.530 0.0000000000
106216  -48.982  12.573  9.343 0.0000000000
106230  -48.802  12.987  8.856 0.0000000000
105363  -48.074  12.002  9.543 0.0000000000
105362  -47.078  11.531  9.588 0.0000000000
105348  -47.565  11.329  10.047 0.0000000000
104477  -47.306  10.727  10.716 0.0000000000
104478  -48.517  10.909  11.203 0.0000000000
104451  -49.912  10.643  12.946 0.0000000000
104466  -49.099  10.657  12.000 0.0000000000
104437  -49.682  9.942  14.039 0.0000000000
104426  -49.978  9.672  14.761 0.0000000000
104427  -50.579  10.112  15.119 0.0000000000
105326  -52.301  12.223  12.490 0.0000000000
104419  -52.472  10.522  15.585 0.0000000000
105299  -51.928  11.024  15.250 0.0000000000
104412  -52.058  10.247  16.252 0.0000000000
104411  -51.479  9.959  16.541 0.0000000000
103545  -52.227  9.563  16.636 0.0000000000
102586  -51.962  8.391  17.150 0.0000000000
102598  -52.473  8.658  16.825 0.0000000000
100913  -54.573  6.535  16.568 0.0000000000
100151  -54.841  5.586  16.368 0.0000000000
100154  -55.075  5.469  15.700 0.0000000000
99412  -55.039  4.781  15.361 0.0000000000
100164  -54.881  5.256  15.185 0.0000000000
99433  -54.148  4.544  13.757 0.0000000000
99421  -53.504  5.007  14.272 0.0000000000
102641  -53.502  8.330  13.408 0.0000000000
101760  -53.487  7.770  14.110 0.0000000000
100173  -51.042  5.554  13.597 0.0000000000
100174  -51.866  5.235  14.098 0.0000000000
99431  -52.169  4.448  13.842 0.0000000000
98676  -51.669  3.941  13.330 0.0000000000
98675  -51.102  4.094  13.219 0.0000000000
98684  -49.727  3.483  12.473 0.0000000000
97875  -50.418  2.753  12.071 0.0000000000
104509  -51.804  10.582  7.397 0.0000000000
104498  -51.263  10.288  8.237 0.0000000000
103629  -49.977  9.541  9.437 0.0000000000
103619  -50.367  9.250  10.081 0.0000000000
102683  -49.893  8.966  10.613 0.0000000000
100938  -47.301  6.207  11.793 0.0000000000
101775  -47.791  7.172  11.522 0.0000000000
100939  -47.922  6.595  12.016 0.0000000000
102659  -48.568  7.471  11.941 0.0000000000
100933  -48.452  6.313  12.380 0.0000000000
100177  -48.788  5.380  12.568 0.0000000000
100176  -47.924  5.652  12.343 0.0000000000
98706  -47.431  3.461  11.829 0.0000000000
98682  -47.827  3.882  12.303 0.0000000000
97896  -47.700  2.655  11.239 0.0000000000
97920  -48.072  2.210  10.474 0.0000000000
96101  -54.982  0.358  14.747 0.0000000000
96104  -55.034  0.918  14.127 0.0000000000
97002  -55.392  1.677  12.923 0.0000000000
102883  -49.880  8.348  -4.826 0.0000000000
101934  -50.318  8.060  -4.271 0.0000000000
101933  -49.693  7.924  -4.064 0.0000000000
101920  -48.650  7.845  -2.906 0.0000000000
101907  -48.324  7.809  -2.152 0.0000000000
101897  -48.048  7.895  -1.394 0.0000000000
101906  -47.422  8.084  -1.844 0.0000000000
102658  -46.620  9.040  13.140 0.0000000000
103573  -46.992  9.210  13.168 0.0000000000
107836  -42.747  14.858  3.645 0.0000000000
107837  -43.466  14.256  3.603 0.0000000000
107822  -45.559  14.133  4.796 0.0000000000
106243  -53.585  12.138  6.728 0.0000000000
106234  -54.020  11.875  9.223 0.0000000000
106221  -54.144  12.030  9.983 0.0000000000
105366  -54.175  11.376  9.650 0.0000000000
103624  -54.346  10.064  11.089 0.0000000000
104480  -53.943  9.920  9.934 0.0000000000
103633  -53.546  9.690  9.927 0.0000000000
103632  -52.887  9.559  9.629 0.0000000000
104597  -48.098  10.798  -1.279 0.0000000000
105468  -48.435  10.940  -0.017 0.0000000000
104598  -48.912  10.509  -0.749 0.0000000000
104599  -50.171  10.224  -0.835 0.0000000000
104600  -51.316  10.262  -0.860 0.0000000000
102832  -53.056  7.940  -1.370 0.0000000000
102833  -53.629  8.473  -1.013 0.0000000000
102817  -53.974  8.672  0.080 0.0000000000
102801  -54.015  8.731  1.031 0.0000000000
102785  -54.242  9.240  1.691 0.0000000000
103708  -54.338  9.766  2.347 0.0000000000
103715  -53.789  9.009  2.218 0.0000000000
103695  -53.069  9.565  3.378 0.0000000000
103694  -52.219  9.750  3.565 0.0000000000
103682  -51.645  9.996  4.126 0.0000000000
103693  -51.217  9.627  3.551 0.0000000000
103692  -50.289  9.550  3.629 0.0000000000
95158  -50.585  -0.130  15.573 0.0000000000
95143  -52.994  0.084  16.856 0.0000000000
96084  -52.453  0.397  17.165 0.0000000000
96066  -52.589  0.881  17.889 0.0000000000
96967  -52.732  1.556  18.178 0.0000000000
113042  -38.026  21.210  8.645 0.0000000000
114389  -40.553  23.463  7.299 0.0000000000
113760  -39.943  22.927  6.695 0.0000000000
114401  -40.653  23.326  6.343 0.0000000000
113767  -40.425  22.406  5.434 0.0000000000
113086  -40.622  20.961  4.573 0.0000000000
112364  -40.805  19.942  4.064 0.0000000000
112365  -41.430  20.183  3.786 0.0000000000
112366  -42.295  20.176  3.389 0.0000000000
111683  -42.746  19.392  2.836 0.0000000000
112382  -46.261  20.585  2.398 0.0000000000
112394  -44.908  19.931  1.905 0.0000000000
111707  -45.018  19.362  1.378 0.0000000000
111042  -44.911  18.359  0.686 0.0000000000
109575  -45.137  16.442  -0.329 0.0000000000
108704  -45.490  15.593  -0.706 0.0000000000
109583  -45.726  16.436  -0.952 0.0000000000
108712  -45.968  15.513  -1.336 0.0000000000
108713  -46.439  15.494  -1.944 0.0000000000
109607  -48.511  16.467  -3.730 0.0000000000
109600  -47.832  16.457  -3.329 0.0000000000
107920  -47.882  14.787  -4.683 0.0000000000
107162  -47.952  14.062  -5.155 0.0000000000
106383  -48.593  12.729  -5.788 0.0000000000
106384  -49.099  12.286  -6.425 0.0000000000
106393  -49.029  12.296  -7.035 0.0000000000
105540  -48.553  11.704  -7.303 0.0000000000
105533  -47.593  11.563  -7.119 0.0000000000
101706  -42.189  7.178  16.625 0.0000000000
100886  -41.723  6.067  17.689 0.0000000000
100127  -42.939  5.423  18.198 0.0000000000
98655  -44.915  3.653  16.695 0.0000000000
98645  -44.281  4.172  17.136 0.0000000000
99404  -45.589  4.325  16.731 0.0000000000
99394  -46.000  5.058  16.961 0.0000000000
101712  -47.731  7.355  17.244 0.0000000000
101688  -48.153  7.222  17.466 0.0000000000
100894  -49.403  6.733  17.413 0.0000000000
99397  -51.345  4.501  17.836 0.0000000000
100135  -50.877  5.633  17.705 0.0000000000
100896  -51.443  6.630  17.696 0.0000000000
100897  -52.470  6.477  17.615 0.0000000000
110299  -46.714  17.941  9.321 0.0000000000
108604  -47.633  15.989  8.489 0.0000000000
106292  -49.894  12.427  2.712 0.0000000000
106261  -48.613  13.103  3.923 0.0000000000
107069  -49.879  13.340  3.838 0.0000000000
107052  -50.274  13.869  4.374 0.0000000000
107790  -51.938  14.446  7.908 0.0000000000
108629  -51.793  15.058  7.243 0.0000000000
107789  -51.625  14.950  8.014 0.0000000000
107768  -50.958  14.405  8.983 0.0000000000
107785  -50.370  14.671  8.774 0.0000000000
107020  -50.287  13.962  8.968 0.0000000000
105364  -49.116  12.112  9.994 0.0000000000
104479  -49.133  11.100  11.429 0.0000000000
105350  -49.438  11.599  10.891 0.0000000000
105324  -50.432  11.211  12.499 0.0000000000
105310  -53.375  11.226  13.854 0.0000000000
105309  -52.741  11.337  14.348 0.0000000000
104430  -53.532  10.630  14.550 0.0000000000
103567  -53.531  10.064  15.093 0.0000000000
103556  -53.186  9.575  15.766 0.0000000000
102599  -53.382  8.546  16.447 0.0000000000
102600  -54.162  8.218  16.166 0.0000000000
101730  -54.659  7.485  15.925 0.0000000000
100153  -54.798  5.977  15.367 0.0000000000
100915  -54.655  6.861  15.420 0.0000000000
100920  -54.238  6.311  15.030 0.0000000000
100919  -53.461  6.494  14.633 0.0000000000
102640  -52.249  8.022  13.047 0.0000000000
101740  -52.331  7.041  14.047 0.0000000000
101758  -51.569  7.316  13.420 0.0000000000
99440  -50.732  4.298  13.129 0.0000000000
99429  -50.495  4.957  13.163 0.0000000000
99438  -49.128  4.367  12.654 0.0000000000
104497  -50.135  10.224  8.130 0.0000000000
103638  -49.548  9.856  8.735 0.0000000000
103628  -48.877  9.483  9.414 0.0000000000
101778  -46.914  7.170  10.632 0.0000000000
100949  -46.836  6.525  11.245 0.0000000000
100188  -47.292  5.093  12.141 0.0000000000
97895  -46.848  2.800  11.212 0.0000000000
97918  -46.351  2.322  10.631 0.0000000000
97917  -45.459  2.434  10.780 0.0000000000
94306  -55.390  -1.758  13.359 0.0000000000
104652  -51.047  10.496  -3.688 0.0000000000
104653  -52.038  10.014  -3.543 0.0000000000
103775  -52.028  9.720  -4.060 0.0000000000
103776  -52.365  9.263  -3.692 0.0000000000
102869  -52.584  8.638  -3.296 0.0000000000
102848  -51.821  8.230  -2.737 0.0000000000
102849  -53.015  8.211  -2.424 0.0000000000
102815  -52.070  8.043  -0.576 0.0000000000
102798  -50.957  8.336  0.322 0.0000000000
102812  -47.628  8.134  -0.604 0.0000000000
102795  -46.882  8.173  0.194 0.0000000000
93379  -50.231  -2.750  14.507 0.0000000000
95155  -47.604  -0.571  15.639 0.0000000000
95156  -48.485  -0.355  15.624 0.0000000000
95157  -49.511  -0.167  15.476 0.0000000000
96063  -49.523  1.218  17.228 0.0000000000
114381  -41.284  23.289  8.997 0.0000000000
114986  -41.799  24.214  7.305 0.0000000000
114998  -42.382  24.170  6.775 0.0000000000
114392  -42.889  23.800  6.214 0.0000000000
111729  -47.044  19.423  -0.835 0.0000000000
110396  -48.489  17.268  -3.050 0.0000000000
110409  -49.060  16.886  -3.524 0.0000000000
109608  -49.105  16.464  -4.196 0.0000000000
109618  -49.264  16.463  -5.037 0.0000000000
108746  -48.867  15.785  -5.962 0.0000000000
109619  -49.612  17.213  -4.874 0.0000000000
102608  -46.609  7.648  16.059 0.0000000000
102594  -48.473  7.793  16.958 0.0000000000
102610  -48.738  8.564  15.941 0.0000000000
102611  -49.558  8.688  16.199 0.0000000000
108622  -46.166  16.409  6.268 0.0000000000
109503  -46.736  17.141  6.897 0.0000000000
106279  -53.018  12.831  3.586 0.0000000000
107054  -52.005  13.798  4.353 0.0000000000
107055  -52.715  13.212  4.474 0.0000000000
106242  -53.111  12.679  6.176 0.0000000000
107029  -52.569  13.395  6.514 0.0000000000
107022  -52.294  13.639  8.666 0.0000000000
106994  -52.211  13.292  9.936 0.0000000000
106207  -52.034  13.148  10.412 0.0000000000
106192  -51.712  12.788  10.922 0.0000000000
106193  -52.240  12.728  11.264 0.0000000000
106194  -52.949  12.596  11.398 0.0000000000
106183  -53.338  12.098  12.124 0.0000000000
105353  -54.129  11.877  10.770 0.0000000000
105328  -53.724  11.705  12.164 0.0000000000
105319  -53.674  11.361  13.092 0.0000000000
104441  -54.251  10.603  13.201 0.0000000000
103577  -54.317  9.713  13.737 0.0000000000
102642  -54.264  9.135  13.197 0.0000000000
102679  -53.635  9.125  11.627 0.0000000000
102662  -51.519  8.302  12.300 0.0000000000
102661  -50.291  8.276  12.151 0.0000000000
103636  -47.716  9.348  8.303 0.0000000000
102697  -47.087  8.972  7.960 0.0000000000
102687  -46.541  8.008  9.097 0.0000000000
101777  -46.170  6.806  10.395 0.0000000000
100206  -45.444  5.269  11.219 0.0000000000
106303  -45.696  12.659  1.659 0.0000000000
106304  -46.652  12.252  1.737 0.0000000000
106305  -47.573  12.019  1.870 0.0000000000
105417  -48.508  11.923  1.974 0.0000000000
105450  -48.814  11.115  0.515 0.0000000000
105432  -49.136  11.532  1.306 0.0000000000
105418  -49.493  11.936  2.049 0.0000000000
105419  -50.502  11.992  2.103 0.0000000000
106293  -50.911  12.467  2.686 0.0000000000
106294  -51.917  12.487  2.537 0.0000000000
104636  -52.104  10.043  -2.619 0.0000000000
104617  -52.221  10.148  -1.743 0.0000000000
104601  -52.396  10.407  -0.851 0.0000000000
104619  -53.732  9.765  -1.072 0.0000000000
104602  -53.298  10.354  -0.661 0.0000000000
104585  -52.602  10.920  -0.036 0.0000000000
105454  -52.820  11.467  0.756 0.0000000000
106307  -52.569  12.269  2.088 0.0000000000
106295  -52.783  12.563  2.752 0.0000000000
106296  -53.632  12.422  2.912 0.0000000000
106280  -53.860  12.361  3.703 0.0000000000
106264  -53.966  12.032  4.597 0.0000000000
104550  -54.306  10.747  3.658 0.0000000000
105403  -54.121  11.232  4.624 0.0000000000
105395  -53.854  11.403  5.369 0.0000000000
104510  -52.805  10.478  7.227 0.0000000000
104522  -51.032  10.892  6.534 0.0000000000
104546  -51.532  10.379  4.782 0.0000000000
104535  -51.328  10.743  5.612 0.0000000000
104521  -49.937  10.594  6.577 0.0000000000
104520  -48.901  10.376  6.669 0.0000000000
102768  -50.378  8.822  2.172 0.0000000000
103702  -49.781  9.239  2.917 0.0000000000
103691  -49.293  9.572  3.728 0.0000000000
103690  -48.147  9.460  3.752 0.0000000000
103679  -48.864  9.982  4.748 0.0000000000
93380  -51.166  -2.654  14.458 0.0000000000
93381  -51.977  -2.429  14.326 0.0000000000
93382  -52.698  -2.271  14.109 0.0000000000
93383  -53.619  -2.199  14.097 0.0000000000
94305  -54.898  -2.087  13.959 0.0000000000
95172  -55.115  -0.806  14.646 0.0000000000
95145  -54.078  -0.221  16.047 0.0000000000
113049  -37.950  21.141  7.719 0.0000000000
113755  -39.263  22.280  7.271 0.0000000000
113057  -38.582  21.421  6.955 0.0000000000
112333  -38.097  20.659  6.890 0.0000000000
111672  -38.619  19.446  5.892 0.0000000000
111006  -38.914  18.576  5.600 0.0000000000
110322  -39.430  17.567  5.531 0.0000000000
110323  -40.054  17.259  5.008 0.0000000000
109546  -40.850  16.980  4.109 0.0000000000
109547  -41.478  16.634  3.603 0.0000000000
111017  -41.397  18.472  3.423 0.0000000000
109548  -42.064  16.226  3.125 0.0000000000
108672  -42.567  15.645  2.920 0.0000000000
107847  -43.277  14.744  2.693 0.0000000000
107848  -43.830  14.313  2.117 0.0000000000
113784  -43.516  22.195  4.627 0.0000000000
113101  -43.590  21.082  3.583 0.0000000000
112367  -43.173  20.315  3.110 0.0000000000
111695  -43.543  19.297  2.341 0.0000000000
111696  -44.380  19.337  1.800 0.0000000000
111030  -44.008  18.355  1.547 0.0000000000
110348  -43.437  17.411  1.791 0.0000000000
109567  -43.735  16.533  1.501 0.0000000000
107100  -44.344  14.432  1.305 0.0000000000
106318  -45.408  12.972  0.816 0.0000000000
107126  -45.696  14.170  -0.750 0.0000000000
106347  -46.160  12.945  -1.220 0.0000000000
105482  -47.245  11.358  -1.256 0.0000000000
104613  -47.893  10.934  -2.156 0.0000000000
104633  -48.831  10.728  -2.971 0.0000000000
110377  -46.511  17.409  -1.463 0.0000000000
109593  -46.629  16.439  -1.971 0.0000000000
107902  -46.707  14.686  -2.499 0.0000000000
108723  -47.432  15.590  -3.301 0.0000000000
107147  -47.510  13.873  -3.828 0.0000000000
107138  -47.023  13.819  -3.117 0.0000000000
105508  -49.156  11.355  -4.159 0.0000000000
104651  -49.889  11.031  -3.899 0.0000000000
104662  -50.902  10.845  -4.738 0.0000000000
104671  -51.353  10.107  -4.981 0.0000000000
103796  -51.163  9.602  -5.361 0.0000000000
105536  -50.198  11.105  -6.197 0.0000000000
103804  -50.081  10.336  -6.420 0.0000000000
102891  -49.688  9.077  -5.458 0.0000000000
102890  -49.066  9.225  -5.492 0.0000000000
103784  -48.047  9.170  -5.242 0.0000000000
105532  -46.560  11.464  -6.419 0.0000000000
107948  -48.247  15.391  -7.690 0.0000000000
107947  -47.616  15.089  -8.054 0.0000000000
96060  -46.274  0.358  17.100 0.0000000000
97849  -45.448  2.603  16.659 0.0000000000
96981  -46.519  1.969  16.917 0.0000000000
96962  -47.982  1.483  16.960 0.0000000000
96963  -49.006  1.656  17.143 0.0000000000
96964  -49.835  1.738  17.528 0.0000000000
100890  -45.575  6.382  17.675 0.0000000000
100147  -47.028  5.191  16.792 0.0000000000
100132  -47.922  6.014  17.207 0.0000000000
100148  -47.559  5.277  16.835 0.0000000000
99407  -48.067  4.490  16.701 0.0000000000
98659  -48.704  3.483  16.889 0.0000000000
97840  -49.428  2.344  17.375 0.0000000000
96965  -50.702  1.592  17.761 0.0000000000
97842  -51.264  2.411  18.130 0.0000000000
97843  -52.273  2.414  18.298 0.0000000000
97844  -53.104  2.445  18.068 0.0000000000
97853  -53.642  2.396  17.458 0.0000000000
98661  -53.978  3.172  17.103 0.0000000000
98662  -54.419  3.627  16.399 0.0000000000
105370  -44.890  12.198  8.705 0.0000000000
105360  -45.147  11.521  9.254 0.0000000000
107066  -45.678  12.916  3.439 0.0000000000
107823  -46.574  14.123  4.957 0.0000000000
107050  -48.147  13.576  4.458 0.0000000000
107824  -47.619  14.222  4.979 0.0000000000
107804  -47.110  14.911  5.484 0.0000000000
108623  -47.210  16.465  6.420 0.0000000000
109504  -47.782  17.067  7.052 0.0000000000
107828  -51.558  14.482  4.834 0.0000000000
107808  -51.093  15.236  5.272 0.0000000000
107807  -50.205  15.272  5.360 0.0000000000
108628  -51.314  15.664  6.785 0.0000000000
109507  -50.480  16.406  6.556 0.0000000000
108639  -49.745  16.104  5.896 0.0000000000
108625  -49.198  16.507  6.417 0.0000000000
109505  -48.830  16.931  7.031 0.0000000000
109484  -48.210  17.227  7.786 0.0000000000
109463  -48.042  16.938  8.322 0.0000000000
107018  -48.496  13.803  8.572 0.0000000000
107017  -47.384  13.846  8.484 0.0000000000
105372  -46.821  12.049  8.965 0.0000000000
105361  -46.132  11.496  9.414 0.0000000000
104488  -46.478  11.025  10.108 0.0000000000
104464  -46.713  10.075  11.474 0.0000000000
103605  -46.948  9.754  12.116 0.0000000000
104449  -47.985  9.829  12.695 0.0000000000
104450  -48.728  9.984  13.015 0.0000000000
103575  -48.388  9.458  13.752 0.0000000000
103576  -49.015  9.467  14.143 0.0000000000
103553  -49.659  8.925  15.618 0.0000000000
103542  -50.046  8.881  16.278 0.0000000000
105340  -51.520  12.323  11.547 0.0000000000
105325  -51.235  11.657  12.647 0.0000000000
105316  -51.202  11.386  13.545 0.0000000000
105308  -51.951  11.395  14.626 0.0000000000
104439  -51.428  11.323  14.173 0.0000000000
104410  -51.032  9.674  16.730 0.0000000000
103536  -50.722  8.909  17.197 0.0000000000
102585  -51.302  8.491  17.356 0.0000000000
101692  -52.039  7.605  17.338 0.0000000000
100898  -53.316  6.338  17.421 0.0000000000
101694  -53.664  6.869  17.204 0.0000000000
100138  -53.619  5.515  17.424 0.0000000000
99401  -54.453  4.696  16.729 0.0000000000
98664  -54.963  3.818  15.319 0.0000000000
99424  -55.476  4.120  14.199 0.0000000000
99435  -55.413  4.206  13.898 0.0000000000
99434  -54.980  4.467  13.782 0.0000000000
98679  -54.785  4.192  13.124 0.0000000000
100161  -52.798  5.736  14.420 0.0000000000
99432  -53.168  4.442  13.839 0.0000000000
98677  -52.705  3.893  13.357 0.0000000000
97877  -52.817  3.004  11.975 0.0000000000
98685  -50.916  3.609  12.765 0.0000000000
103641  -52.436  9.727  9.119 0.0000000000
103631  -51.941  9.491  9.625 0.0000000000
103630  -50.976  9.468  9.516 0.0000000000
103620  -51.275  9.179  10.308 0.0000000000
103627  -48.112  9.308  8.992 0.0000000000
101779  -47.813  7.883  10.826 0.0000000000
102660  -49.254  7.946  12.093 0.0000000000
100934  -49.448  6.176  12.741 0.0000000000
98683  -48.514  3.446  12.187 0.0000000000
93384  -54.310  -2.290  13.903 0.0000000000
95171  -53.411  -0.852  14.985 0.0000000000
96067  -53.048  1.046  17.989 0.0000000000
96961  -46.795  1.414  17.042 0.0000000000
96979  -45.108  1.638  16.908 0.0000000000
96980  -46.001  1.844  16.922 0.0000000000
96983  -51.660  0.942  17.764 0.0000000000
96999  -54.873  1.508  14.386 0.0000000000
98646  -49.122  2.824  17.173 0.0000000000
98658  -47.641  3.586  16.600 0.0000000000
98660  -49.451  4.143  17.107 0.0000000000
98672  -55.331  3.733  14.446 0.0000000000
99395  -46.642  5.016  16.789 0.0000000000
99405  -46.312  4.362  16.619 0.0000000000
100126  -41.979  5.376  18.071 0.0000000000
100133  -48.843  6.049  17.244 0.0000000000
100149  -48.402  5.356  16.940 0.0000000000
100186  -45.948  5.200  11.438 0.0000000000
100899  -53.984  6.426  17.146 0.0000000000
100911  -43.335  6.580  17.553 0.0000000000
100918  -52.668  6.569  14.370 0.0000000000
101687  -47.206  7.064  17.576 0.0000000000
101713  -52.321  8.134  17.043 0.0000000000
101714  -52.897  7.907  16.939 0.0000000000
101757  -50.521  7.093  12.997 0.0000000000
101768  -48.314  6.965  12.119 0.0000000000
101898  -48.825  7.729  -1.736 0.0000000000
101909  -50.077  7.786  -2.923 0.0000000000
101921  -49.477  7.789  -3.274 0.0000000000
101932  -48.887  7.964  -3.651 0.0000000000
101947  -49.966  8.098  -4.455 0.0000000000
101948  -50.212  8.201  -4.553 0.0000000000
102593  -47.686  7.579  16.935 0.0000000000
102595  -49.728  8.499  16.814 0.0000000000
102596  -50.425  8.744  17.088 0.0000000000
102597  -51.837  8.934  17.096 0.0000000000
102612  -53.800  8.795  15.855 0.0000000000
102638  -47.510  8.968  14.124 0.0000000000
102784  -54.078  8.954  1.668 0.0000000000
102802  -54.264  9.190  1.299 0.0000000000
102818  -54.246  9.125  0.702 0.0000000000
102846  -47.845  8.269  -3.233 0.0000000000
102850  -53.442  8.368  -1.823 0.0000000000
102866  -49.703  8.104  -4.440 0.0000000000
102867  -51.009  8.151  -4.007 0.0000000000
102881  -47.803  8.931  -4.651 0.0000000000
102882  -48.776  8.747  -5.017 0.0000000000
102884  -50.733  8.454  -4.643 0.0000000000
102886  -52.201  8.835  -3.873 0.0000000000
103537  -50.895  8.815  17.306 0.0000000000
103543  -50.586  9.191  16.731 0.0000000000
103555  -52.482  10.015  16.097 0.0000000000
103563  -47.934  9.121  14.192 0.0000000000
103565  -49.448  9.296  14.763 0.0000000000
103566  -50.063  9.432  15.210 0.0000000000
103589  -46.571  9.344  12.611 0.0000000000
103590  -47.410  9.586  12.732 0.0000000000
103591  -48.018  9.594  13.124 0.0000000000
103607  -52.698  9.013  10.942 0.0000000000
103609  -54.049  9.492  11.520 0.0000000000
103623  -53.937  9.681  10.552 0.0000000000
103706  -53.402  9.283  2.759 0.0000000000
103707  -54.089  9.497  2.751 0.0000000000
103716  -54.191  9.308  2.077 0.0000000000
103717  -54.352  9.698  1.732 0.0000000000
103733  -54.266  9.610  0.159 0.0000000000
103742  -50.226  10.180  -2.226 0.0000000000
103743  -50.479  10.120  -2.079 0.0000000000
103744  -53.335  9.454  -2.203 0.0000000000
103758  -50.521  10.181  -2.396 0.0000000000
103785  -51.739  9.444  -4.491 0.0000000000
103795  -50.311  9.802  -6.020 0.0000000000
103801  -48.089  9.904  -6.119 0.0000000000
104417  -50.889  9.917  16.231 0.0000000000
104420  -53.154  10.363  15.207 0.0000000000
104428  -51.341  10.940  14.866 0.0000000000
104440  -53.827  10.837  13.758 0.0000000000
104452  -50.697  11.155  13.129 0.0000000000
104467  -49.888  11.041  12.133 0.0000000000
104476  -45.894  10.367  10.868 0.0000000000
104495  -48.618  9.990  7.947 0.0000000000
104557  -53.558  9.939  3.833 0.0000000000
104558  -54.130  10.108  3.407 0.0000000000
104559  -54.403  10.647  3.066 0.0000000000
104565  -54.371  10.052  2.804 0.0000000000
104566  -54.389  10.436  2.298 0.0000000000
104581  -48.881  10.736  -0.044 0.0000000000
104587  -54.164  10.451  0.543 0.0000000000
104604  -54.220  10.082  0.094 0.0000000000
104635  -51.113  10.148  -2.752 0.0000000000
104649  -48.123  11.572  -3.591 0.0000000000
104650  -48.703  11.252  -3.673 0.0000000000
104675  -47.917  10.547  -6.610 0.0000000000
104676  -48.937  10.841  -6.958 0.0000000000
104677  -49.804  10.820  -6.688 0.0000000000
104678  -50.346  10.500  -6.309 0.0000000000
104683  -49.315  11.263  -7.002 0.0000000000
105300  -52.416  11.107  15.005 0.0000000000
105327  -53.185  12.001  12.593 0.0000000000
105342  -53.953  11.829  11.348 0.0000000000
105343  -54.406  11.349  10.985 0.0000000000
105373  -47.428  12.038  9.201 0.0000000000
105375  -53.925  11.350  9.037 0.0000000000
105404  -54.325  11.193  4.047 0.0000000000
105420  -51.434  12.118  2.098 0.0000000000
105421  -51.915  12.218  2.076 0.0000000000
105422  -54.027  11.864  2.396 0.0000000000
105437  -53.727  11.601  1.714 0.0000000000
105448  -47.169  11.594  0.346 0.0000000000
105455  -53.601  11.280  0.959 0.0000000000
105467  -47.760  11.146  -0.379 0.0000000000
105481  -46.534  12.174  -1.158 0.0000000000
105506  -47.564  12.014  -3.356 0.0000000000
105517  -49.630  11.465  -4.762 0.0000000000
105518  -50.396  11.224  -4.902 0.0000000000
105539  -47.988  12.179  -7.461 0.0000000000
105541  -49.115  11.730  -7.187 0.0000000000
106181  -52.526  12.489  11.804 0.0000000000
106182  -52.980  12.365  12.049 0.0000000000
106208  -52.747  12.843  10.758 0.0000000000
106210  -54.107  12.013  10.446 0.0000000000
106215  -48.392  12.555  9.131 0.0000000000
106219  -51.574  13.251  10.008 0.0000000000
106237  -52.989  12.712  7.143 0.0000000000
106262  -49.110  13.224  3.873 0.0000000000
106265  -54.218  11.567  4.291 0.0000000000
106273  -47.330  12.561  3.253 0.0000000000
106274  -48.270  12.623  3.348 0.0000000000
106275  -49.286  12.875  3.460 0.0000000000
106281  -54.262  11.786  3.865 0.0000000000
106289  -46.986  12.323  2.535 0.0000000000
106306  -52.154  12.250  2.073 0.0000000000
106332  -45.869  12.792  -0.227 0.0000000000
106367  -47.611  12.884  -3.761 0.0000000000
106401  -48.812  12.123  -7.252 0.0000000000
107005  -50.246  13.575  9.096 0.0000000000
107019  -49.654  13.674  8.837 0.0000000000
107037  -53.208  12.658  5.405 0.0000000000
107065  -44.614  13.354  3.315 0.0000000000
107067  -46.712  12.908  3.806 0.0000000000
107068  -49.364  13.265  3.863 0.0000000000
107072  -52.334  13.257  3.895 0.0000000000
107089  -44.256  14.061  1.663 0.0000000000
107113  -45.408  13.910  -0.086 0.0000000000
107156  -48.148  13.444  -5.285 0.0000000000
107786  -51.380  14.633  8.591 0.0000000000
107787  -51.859  14.210  8.505 0.0000000000
107827  -50.713  14.607  4.797 0.0000000000
107846  -42.656  15.210  3.229 0.0000000000
107860  -43.406  15.255  2.127 0.0000000000
107861  -43.846  14.867  1.710 0.0000000000
107874  -44.425  14.889  1.006 0.0000000000
107903  -47.169  14.715  -3.226 0.0000000000
107912  -47.589  14.749  -3.944 0.0000000000
107929  -48.056  14.518  -5.315 0.0000000000
108615  -51.685  15.020  7.728 0.0000000000
108626  -49.695  16.525  6.332 0.0000000000
108627  -50.916  15.936  6.365 0.0000000000
108640  -50.577  15.875  5.891 0.0000000000
108660  -41.465  16.013  3.971 0.0000000000
108697  -44.544  15.650  0.624 0.0000000000
108731  -47.941  15.673  -4.002 0.0000000000
108739  -48.193  15.474  -4.610 0.0000000000
109466  -50.763  16.340  7.807 0.0000000000
109506  -49.748  16.782  6.769 0.0000000000
109508  -50.916  16.104  6.709 0.0000000000
109518  -49.992  16.511  6.290 0.0000000000
109519  -50.201  16.283  6.127 0.0000000000
109533  -41.124  16.347  4.331 0.0000000000
109560  -42.524  16.524  2.610 0.0000000000
109574  -44.681  16.460  0.312 0.0000000000
109592  -46.171  16.119  -1.515 0.0000000000
110301  -47.819  17.459  8.140 0.0000000000
110314  -47.895  17.523  7.919 0.0000000000
110329  -39.850  17.917  4.856 0.0000000000
110330  -40.426  17.663  4.402 0.0000000000
110347  -42.817  17.350  2.314 0.0000000000
110366  -44.903  17.285  0.127 0.0000000000
110386  -47.870  17.669  -2.497 0.0000000000
110397  -49.242  17.437  -3.244 0.0000000000
110398  -49.577  17.636  -3.434 0.0000000000
110410  -49.522  17.093  -3.732 0.0000000000
110420  -49.726  17.886  -4.436 0.0000000000
111001  -46.316  18.586  8.866 0.0000000000
111003  -37.854  18.682  6.690 0.0000000000
111010  -40.713  18.517  3.984 0.0000000000
111019  -42.736  18.777  2.601 0.0000000000
111028  -42.576  17.880  2.525 0.0000000000
111053  -45.183  17.799  0.031 0.0000000000
111054  -45.624  18.270  -0.272 0.0000000000
111063  -46.958  18.270  -1.509 0.0000000000
111072  -48.507  18.255  -2.341 0.0000000000
111661  -36.884  19.872  8.359 0.0000000000
111664  -36.657  19.332  8.165 0.0000000000
111669  -38.084  19.466  6.413 0.0000000000
111681  -41.070  19.320  3.755 0.0000000000
111684  -43.273  19.771  2.748 0.0000000000
111694  -42.994  18.956  2.496 0.0000000000
111708  -45.752  19.593  0.787 0.0000000000
111728  -46.189  18.830  -0.576 0.0000000000
112323  -37.374  20.527  8.247 0.0000000000
112340  -37.906  20.108  6.727 0.0000000000
112341  -38.415  20.345  6.331 0.0000000000
112348  -38.975  20.181  5.748 0.0000000000
112356  -39.869  20.430  4.981 0.0000000000
112358  -40.894  20.493  4.225 0.0000000000
112371  -46.933  20.772  3.230 0.0000000000
112383  -47.298  20.618  2.457 0.0000000000
113056  -38.057  20.923  7.216 0.0000000000
113058  -39.123  21.915  6.657 0.0000000000
113074  -39.248  20.645  5.607 0.0000000000
113075  -39.638  21.199  5.393 0.0000000000
113085  -40.127  20.869  4.852 0.0000000000
113087  -41.336  21.067  4.267 0.0000000000
113099  -41.963  20.795  3.796 0.0000000000
113743  -40.368  22.269  9.663 0.0000000000
113750  -40.402  22.811  8.820 0.0000000000
113756  -39.956  22.964  7.830 0.0000000000
113759  -39.534  22.243  6.288 0.0000000000
113781  -40.814  21.591  4.737 0.0000000000
114380  -40.777  23.153  8.724 0.0000000000
114386  -41.122  23.901  7.857 0.0000000000
114390  -41.286  23.870  6.767 0.0000000000
114391  -42.038  23.842  6.278 0.0000000000
114981  -42.677  24.412  8.396 0.0000000000
114997  -41.858  24.104  6.745 0.0000000000
