#!ascii label  , from subject sub-01 vox2ras=TkReg
936
35267  -13.866  -58.115  36.428 0.0000000000
48814  -38.177  -48.024  21.283 0.0000000000
56337  -35.465  -41.074  21.184 0.0000000000
49689  -30.592  -46.316  27.352 0.0000000000
65761  -41.780  -30.672  12.897 0.0000000000
60643  -37.270  -35.218  15.357 0.0000000000
48718  -38.081  -47.216  27.437 0.0000000000
48774  -35.227  -46.978  24.485 0.0000000000
68613  -47.281  -28.292  16.791 0.0000000000
70617  -50.745  -25.043  14.433 0.0000000000
73410  -52.748  -23.137  13.111 0.0000000000
58343  -37.989  -38.073  24.316 0.0000000000
58432  -33.940  -38.051  19.022 0.0000000000
60553  -39.242  -35.218  20.748 0.0000000000
61681  -43.265  -34.451  17.941 0.0000000000
43565  -24.442  -52.349  25.066 0.0000000000
35235  -12.267  -58.920  41.442 0.0000000000
53480  -38.453  -44.082  22.453 0.0000000000
55292  -37.519  -41.310  27.265 0.0000000000
46749  -25.260  -49.922  22.310 0.0000000000
50735  -29.079  -46.031  21.330 0.0000000000
74461  -50.821  -22.057  8.074 0.0000000000
75466  -54.624  -20.654  11.833 0.0000000000
62738  -40.677  -33.922  14.366 0.0000000000
63696  -45.961  -32.468  16.439 0.0000000000
37665  -15.551  -57.319  32.122 0.0000000000
32952  -9.096  -61.897  40.436 0.0000000000
69618  -49.116  -26.347  15.936 0.0000000000
59450  -38.546  -36.398  22.242 0.0000000000
43562  -22.583  -53.346  23.950 0.0000000000
35251  -13.420  -58.447  38.890 0.0000000000
50806  -38.999  -45.536  19.009 0.0000000000
50740  -39.945  -45.380  22.291 0.0000000000
48759  -26.904  -47.265  24.917 0.0000000000
49764  -27.254  -47.021  22.663 0.0000000000
49734  -29.726  -45.835  24.458 0.0000000000
48791  -36.436  -48.258  22.887 0.0000000000
49792  -34.357  -47.883  21.783 0.0000000000
49815  -36.072  -48.301  19.847 0.0000000000
48686  -28.264  -47.595  29.073 0.0000000000
47669  -26.100  -48.833  26.371 0.0000000000
71552  -46.997  -25.096  10.464 0.0000000000
73442  -49.738  -23.311  8.620 0.0000000000
74425  -53.940  -21.720  12.695 0.0000000000
59510  -35.083  -36.384  17.333 0.0000000000
61737  -39.030  -34.804  14.522 0.0000000000
61720  -44.294  -33.894  16.591 0.0000000000
40128  -20.555  -55.193  27.738 0.0000000000
40088  -19.262  -55.581  29.783 0.0000000000
38862  -18.426  -57.113  32.239 0.0000000000
40085  -16.651  -56.346  29.292 0.0000000000
32962  -9.881  -62.266  39.071 0.0000000000
48765  -38.323  -47.356  24.176 0.0000000000
50700  -39.209  -45.623  24.113 0.0000000000
50672  -38.937  -45.341  27.075 0.0000000000
48690  -32.997  -46.361  29.075 0.0000000000
49721  -32.619  -45.952  25.653 0.0000000000
48732  -35.340  -46.826  27.204 0.0000000000
48749  -36.960  -48.055  25.799 0.0000000000
66707  -45.089  -30.273  14.310 0.0000000000
68653  -46.565  -27.722  14.698 0.0000000000
70632  -47.634  -25.520  12.942 0.0000000000
71544  -49.351  -24.218  12.276 0.0000000000
73418  -50.197  -23.531  11.487 0.0000000000
71510  -51.377  -24.663  13.830 0.0000000000
57310  -34.586  -39.320  23.147 0.0000000000
57334  -33.703  -39.882  19.913 0.0000000000
58392  -36.067  -37.706  21.651 0.0000000000
59473  -36.732  -36.236  20.113 0.0000000000
60582  -38.371  -35.521  18.210 0.0000000000
60622  -39.559  -35.669  16.734 0.0000000000
61660  -41.251  -34.521  19.306 0.0000000000
41312  -24.309  -54.483  26.293 0.0000000000
42400  -21.453  -53.894  25.501 0.0000000000
78402  -54.650  -18.838  8.097 0.0000000000
36407  -11.083  -58.808  42.883 0.0000000000
53509  -38.333  -44.291  18.986 0.0000000000
55367  -37.283  -42.932  21.085 0.0000000000
53457  -38.777  -44.230  24.018 0.0000000000
55328  -38.295  -42.543  23.964 0.0000000000
56294  -36.252  -41.359  24.110 0.0000000000
57235  -36.483  -39.714  26.114 0.0000000000
49751  -32.440  -46.265  23.123 0.0000000000
45721  -25.733  -50.991  27.401 0.0000000000
44724  -24.924  -50.670  24.583 0.0000000000
74452  -51.339  -22.111  10.271 0.0000000000
76453  -52.507  -20.692  9.797 0.0000000000
76455  -53.843  -19.641  9.345 0.0000000000
77424  -55.431  -19.304  10.725 0.0000000000
35270  -12.850  -59.792  34.427 0.0000000000
34100  -12.236  -60.317  37.111 0.0000000000
64748  -40.686  -32.518  13.358 0.0000000000
61717  -42.049  -35.508  15.571 0.0000000000
63706  -43.114  -33.598  14.548 0.0000000000
64751  -44.043  -31.869  14.209 0.0000000000
65730  -46.653  -31.414  16.417 0.0000000000
36474  -15.478  -57.946  34.475 0.0000000000
34085  -11.811  -60.201  38.946 0.0000000000
34070  -10.796  -60.847  41.494 0.0000000000
34063  -9.257  -60.660  41.665 0.0000000000
35257  -13.830  -57.940  38.238 0.0000000000
49817  -38.163  -47.699  19.755 0.0000000000
49818  -38.971  -47.196  20.311 0.0000000000
49796  -39.306  -46.994  21.184 0.0000000000
48745  -28.274  -46.510  26.024 0.0000000000
49718  -28.972  -46.003  25.315 0.0000000000
49703  -30.506  -46.053  26.373 0.0000000000
48792  -37.331  -48.239  22.533 0.0000000000
48812  -36.437  -48.398  21.834 0.0000000000
48831  -36.912  -48.439  20.383 0.0000000000
49816  -37.070  -48.184  19.616 0.0000000000
48688  -30.925  -46.496  29.054 0.0000000000
48670  -30.059  -46.898  29.802 0.0000000000
48708  -29.239  -46.795  28.056 0.0000000000
48727  -28.275  -46.905  27.031 0.0000000000
72477  -49.259  -23.882  8.833 0.0000000000
55378  -36.059  -42.238  19.716 0.0000000000
55377  -35.156  -41.351  19.799 0.0000000000
60619  -36.520  -35.359  16.149 0.0000000000
60642  -36.064  -35.383  15.052 0.0000000000
60669  -38.061  -35.169  14.597 0.0000000000
41257  -18.669  -55.121  27.331 0.0000000000
40107  -20.104  -55.465  28.437 0.0000000000
40106  -18.786  -55.376  28.816 0.0000000000
40075  -17.427  -56.135  29.931 0.0000000000
40104  -17.068  -56.080  28.573 0.0000000000
48737  -38.253  -47.005  26.341 0.0000000000
49725  -38.770  -46.024  25.452 0.0000000000
49693  -38.594  -45.759  27.414 0.0000000000
48674  -34.158  -46.721  29.632 0.0000000000
48712  -33.736  -46.235  28.318 0.0000000000
48692  -34.863  -47.062  28.811 0.0000000000
48696  -37.690  -47.609  28.401 0.0000000000
48716  -37.053  -48.185  27.656 0.0000000000
48736  -38.173  -47.888  26.538 0.0000000000
48750  -37.783  -48.074  25.621 0.0000000000
67683  -46.025  -29.337  15.157 0.0000000000
67699  -45.793  -28.996  14.544 0.0000000000
68635  -46.676  -28.144  15.315 0.0000000000
69646  -49.479  -25.661  14.982 0.0000000000
69645  -48.847  -25.865  14.743 0.0000000000
70616  -49.713  -25.250  14.427 0.0000000000
71524  -48.204  -24.955  12.550 0.0000000000
70635  -50.260  -24.801  14.003 0.0000000000
71527  -50.964  -24.336  13.180 0.0000000000
70618  -51.505  -25.087  14.619 0.0000000000
58341  -35.942  -38.561  24.322 0.0000000000
58378  -34.844  -38.659  22.808 0.0000000000
58380  -36.858  -37.741  22.510 0.0000000000
59465  -39.185  -35.611  21.788 0.0000000000
59463  -37.639  -36.346  21.181 0.0000000000
59475  -37.982  -35.680  20.823 0.0000000000
59499  -37.345  -35.656  18.597 0.0000000000
60570  -38.877  -34.988  19.666 0.0000000000
60583  -39.050  -35.073  18.518 0.0000000000
61659  -40.415  -34.597  19.596 0.0000000000
43553  -25.142  -52.539  26.220 0.0000000000
42381  -25.116  -53.545  26.932 0.0000000000
42404  -24.691  -53.254  26.067 0.0000000000
42419  -22.012  -53.461  24.602 0.0000000000
78396  -55.327  -18.521  8.791 0.0000000000
78397  -56.300  -18.131  8.937 0.0000000000
36415  -11.816  -58.905  42.458 0.0000000000
51661  -39.284  -44.936  20.574 0.0000000000
52594  -38.712  -44.647  19.008 0.0000000000
52566  -38.477  -44.506  20.942 0.0000000000
54432  -37.605  -43.904  20.440 0.0000000000
54410  -38.110  -43.679  22.026 0.0000000000
51605  -39.310  -45.059  26.066 0.0000000000
51620  -39.313  -45.136  24.178 0.0000000000
53444  -39.214  -44.154  25.486 0.0000000000
55293  -38.130  -41.884  27.006 0.0000000000
55308  -38.447  -42.723  25.757 0.0000000000
55317  -37.640  -42.066  25.241 0.0000000000
56295  -37.240  -41.868  23.772 0.0000000000
55316  -36.996  -41.606  25.571 0.0000000000
56270  -35.815  -40.170  25.261 0.0000000000
56272  -36.606  -40.412  26.464 0.0000000000
50734  -28.207  -46.346  21.726 0.0000000000
49738  -34.477  -46.392  25.024 0.0000000000
49736  -32.505  -46.031  24.418 0.0000000000
49752  -33.504  -46.543  23.611 0.0000000000
49812  -32.825  -47.135  20.296 0.0000000000
46692  -26.338  -49.781  28.593 0.0000000000
47675  -25.829  -48.838  25.382 0.0000000000
45757  -25.304  -50.299  25.173 0.0000000000
45790  -24.940  -50.513  22.815 0.0000000000
45789  -24.813  -51.267  22.228 0.0000000000
73420  -51.604  -23.478  12.164 0.0000000000
73429  -50.860  -23.011  10.934 0.0000000000
74433  -52.118  -22.724  12.054 0.0000000000
75460  -54.393  -21.304  12.484 0.0000000000
74444  -52.540  -21.423  11.125 0.0000000000
75470  -53.662  -20.596  11.035 0.0000000000
76454  -53.088  -20.314  9.976 0.0000000000
76450  -54.212  -20.079  10.696 0.0000000000
77427  -54.636  -19.270  9.699 0.0000000000
76451  -54.878  -19.643  10.897 0.0000000000
57352  -33.722  -38.944  19.468 0.0000000000
56360  -33.758  -40.257  18.211 0.0000000000
64760  -40.020  -32.812  12.458 0.0000000000
63718  -40.335  -33.342  13.667 0.0000000000
60624  -41.864  -35.511  16.696 0.0000000000
60672  -40.951  -35.747  15.654 0.0000000000
60625  -42.283  -35.456  16.537 0.0000000000
62706  -44.658  -33.334  16.544 0.0000000000
61742  -43.922  -34.171  15.924 0.0000000000
63708  -44.391  -32.966  15.235 0.0000000000
63721  -43.561  -32.626  14.320 0.0000000000
64739  -45.076  -32.247  15.141 0.0000000000
65739  -45.483  -31.308  15.169 0.0000000000
64740  -45.996  -32.047  15.799 0.0000000000
37666  -16.576  -57.115  32.633 0.0000000000
37652  -16.559  -57.375  33.416 0.0000000000
36475  -16.430  -57.715  34.729 0.0000000000
37637  -15.171  -57.938  33.508 0.0000000000
36484  -14.166  -58.901  32.973 0.0000000000
37664  -14.523  -58.305  32.119 0.0000000000
34099  -11.472  -61.095  37.007 0.0000000000
34091  -12.079  -60.310  37.944 0.0000000000
34098  -10.982  -61.516  37.523 0.0000000000
32957  -9.784  -61.986  39.920 0.0000000000
34079  -10.325  -61.479  39.978 0.0000000000
34073  -9.670  -61.426  40.961 0.0000000000
34069  -10.160  -60.987  41.601 0.0000000000
34068  -9.390  -61.162  41.285 0.0000000000
48676  -35.786  -47.706  29.455 0.0000000000
69599  -48.284  -27.432  17.373 0.0000000000
69605  -47.554  -27.528  16.216 0.0000000000
69607  -48.955  -26.697  16.782 0.0000000000
58381  -37.995  -37.213  22.518 0.0000000000
43592  -23.870  -52.229  23.476 0.0000000000
43564  -23.598  -53.063  24.457 0.0000000000
35242  -13.905  -57.672  40.032 0.0000000000
35240  -12.497  -58.800  40.484 0.0000000000
50781  -38.939  -46.354  19.135 0.0000000000
50761  -39.438  -46.216  20.420 0.0000000000
51648  -39.326  -44.881  22.183 0.0000000000
56234  -37.409  -39.970  27.996 0.0000000000
48771  -25.763  -48.311  23.813 0.0000000000
48787  -25.844  -48.080  23.095 0.0000000000
48773  -27.172  -47.014  24.102 0.0000000000
50697  -28.602  -46.254  23.510 0.0000000000
50698  -29.544  -45.928  23.114 0.0000000000
48790  -35.621  -48.110  23.300 0.0000000000
49769  -34.345  -47.274  23.027 0.0000000000
48811  -35.498  -48.285  22.182 0.0000000000
49814  -35.044  -48.147  20.544 0.0000000000
49841  -36.162  -47.734  18.996 0.0000000000
47655  -26.978  -48.790  28.986 0.0000000000
47654  -26.479  -48.953  28.387 0.0000000000
48726  -26.971  -47.966  27.253 0.0000000000
47676  -26.319  -48.004  25.554 0.0000000000
71540  -45.992  -25.735  10.898 0.0000000000
74466  -50.500  -22.615  7.800 0.0000000000
73398  -53.810  -23.055  13.963 0.0000000000
74424  -53.062  -22.566  12.959 0.0000000000
58448  -34.661  -36.854  17.937 0.0000000000
61753  -38.347  -34.917  12.757 0.0000000000
61755  -39.809  -34.383  14.383 0.0000000000
61682  -44.099  -34.036  17.965 0.0000000000
61701  -43.480  -34.703  17.051 0.0000000000
61683  -44.726  -33.580  18.075 0.0000000000
41260  -22.035  -55.211  27.340 0.0000000000
40108  -21.249  -55.985  28.569 0.0000000000
38900  -20.523  -56.675  30.882 0.0000000000
38877  -18.478  -56.786  31.551 0.0000000000
38876  -17.526  -56.673  31.398 0.0000000000
38874  -15.821  -57.026  31.098 0.0000000000
37683  -15.033  -57.815  31.196 0.0000000000
38915  -15.557  -57.848  29.477 0.0000000000
48779  -38.483  -47.313  23.173 0.0000000000
49754  -39.035  -46.763  23.058 0.0000000000
49740  -38.830  -46.054  24.451 0.0000000000
50679  -39.007  -45.539  25.978 0.0000000000
48710  -31.856  -46.334  28.258 0.0000000000
49704  -31.627  -46.030  26.577 0.0000000000
48729  -32.570  -46.156  27.792 0.0000000000
49706  -33.842  -46.017  26.705 0.0000000000
48760  -35.243  -46.576  25.497 0.0000000000
48715  -36.174  -47.970  27.741 0.0000000000
48733  -35.967  -47.543  26.978 0.0000000000
48761  -35.880  -47.208  25.171 0.0000000000
48763  -37.156  -48.084  24.752 0.0000000000
48777  -37.263  -48.156  23.658 0.0000000000
48672  -32.204  -46.499  29.778 0.0000000000
66705  -43.397  -30.042  13.597 0.0000000000
67695  -42.533  -29.325  12.544 0.0000000000
67697  -44.326  -29.203  13.496 0.0000000000
68651  -45.128  -28.264  13.629 0.0000000000
69658  -45.860  -26.703  13.034 0.0000000000
69629  -47.225  -27.086  14.937 0.0000000000
70613  -47.141  -26.173  13.387 0.0000000000
70631  -46.729  -26.030  12.795 0.0000000000
71523  -47.669  -25.188  12.409 0.0000000000
71543  -48.587  -24.486  12.059 0.0000000000
72456  -48.968  -23.842  11.534 0.0000000000
73427  -49.387  -23.486  10.816 0.0000000000
72457  -49.944  -23.898  12.101 0.0000000000
72445  -51.419  -24.025  12.859 0.0000000000
72430  -52.452  -24.336  13.776 0.0000000000
71500  -52.407  -24.839  14.574 0.0000000000
72422  -53.781  -23.736  14.673 0.0000000000
56306  -34.441  -40.342  22.218 0.0000000000
56335  -34.255  -40.531  20.270 0.0000000000
57322  -34.138  -39.546  21.815 0.0000000000
58402  -34.349  -38.655  21.201 0.0000000000
58415  -35.161  -37.341  19.734 0.0000000000
58393  -37.192  -37.120  21.542 0.0000000000
58404  -36.261  -37.106  20.610 0.0000000000
59483  -35.700  -36.517  19.067 0.0000000000
59498  -36.338  -35.910  18.495 0.0000000000
59512  -37.108  -35.742  17.812 0.0000000000
60599  -37.848  -35.684  17.169 0.0000000000
60621  -38.632  -35.703  16.545 0.0000000000
60601  -39.371  -35.420  17.576 0.0000000000
61698  -40.889  -34.960  17.845 0.0000000000
61680  -42.369  -34.687  18.099 0.0000000000
61645  -42.839  -34.443  19.980 0.0000000000
61663  -43.973  -33.923  18.947 0.0000000000
41288  -23.934  -55.411  26.507 0.0000000000
42420  -22.909  -53.502  24.785 0.0000000000
41310  -22.813  -54.366  26.070 0.0000000000
41286  -21.908  -54.460  26.511 0.0000000000
41285  -21.030  -54.496  26.462 0.0000000000
55380  -37.125  -43.321  20.212 0.0000000000
55352  -36.444  -41.724  21.547 0.0000000000
50716  -39.757  -45.904  22.939 0.0000000000
51628  -39.605  -45.135  23.065 0.0000000000
53464  -38.607  -44.176  23.390 0.0000000000
54381  -38.606  -43.482  24.208 0.0000000000
55341  -38.370  -43.386  23.302 0.0000000000
55340  -38.069  -42.853  23.101 0.0000000000
56323  -37.065  -41.979  22.714 0.0000000000
56308  -35.993  -41.256  22.910 0.0000000000
56293  -35.250  -40.755  23.548 0.0000000000
57278  -35.769  -39.162  24.866 0.0000000000
58313  -37.324  -38.516  25.081 0.0000000000
57220  -37.444  -39.477  27.344 0.0000000000
58288  -37.550  -38.682  25.886 0.0000000000
49720  -31.479  -45.864  25.412 0.0000000000
49735  -31.104  -45.923  24.003 0.0000000000
50713  -30.890  -46.060  21.817 0.0000000000
49768  -33.405  -46.919  22.422 0.0000000000
49767  -32.251  -46.619  21.790 0.0000000000
43540  -25.604  -52.225  27.617 0.0000000000
43567  -25.326  -51.998  26.001 0.0000000000
46706  -25.727  -49.927  26.462 0.0000000000
45738  -25.516  -50.626  26.075 0.0000000000
44712  -24.701  -51.634  24.993 0.0000000000
44733  -24.118  -51.856  22.691 0.0000000000
73436  -50.068  -22.888  10.038 0.0000000000
74451  -50.600  -22.535  9.988 0.0000000000
75482  -50.909  -22.067  9.465 0.0000000000
74443  -52.010  -21.862  10.888 0.0000000000
74453  -51.705  -21.761  10.187 0.0000000000
75484  -51.838  -21.041  8.571 0.0000000000
76467  -52.378  -20.426  8.080 0.0000000000
76468  -53.043  -19.947  7.529 0.0000000000
76469  -53.894  -19.931  7.105 0.0000000000
77431  -54.533  -19.052  8.675 0.0000000000
77432  -54.975  -18.885  9.252 0.0000000000
35271  -13.357  -59.064  35.238 0.0000000000
35261  -13.142  -58.861  37.082 0.0000000000
35265  -12.602  -59.803  35.625 0.0000000000
55387  -34.687  -41.366  19.032 0.0000000000
65748  -41.374  -31.550  13.096 0.0000000000
60645  -39.463  -35.658  15.978 0.0000000000
61738  -40.064  -34.904  15.097 0.0000000000
61756  -40.677  -34.612  14.804 0.0000000000
61719  -43.703  -34.543  16.351 0.0000000000
62721  -42.083  -34.525  14.795 0.0000000000
62739  -41.795  -33.938  14.486 0.0000000000
63720  -42.688  -33.279  14.301 0.0000000000
64750  -43.082  -32.048  14.005 0.0000000000
65750  -43.647  -31.022  14.004 0.0000000000
65751  -44.547  -31.025  14.255 0.0000000000
66697  -45.913  -30.396  15.522 0.0000000000
67673  -46.747  -29.371  16.396 0.0000000000
36446  -15.187  -57.350  36.852 0.0000000000
36463  -15.377  -57.912  35.261 0.0000000000
36452  -14.508  -58.092  35.720 0.0000000000
36461  -13.648  -59.088  34.408 0.0000000000
36483  -13.623  -59.646  32.954 0.0000000000
35255  -12.786  -59.697  37.625 0.0000000000
35245  -12.129  -59.418  39.757 0.0000000000
35239  -11.855  -59.603  40.748 0.0000000000
34083  -10.421  -61.469  39.089 0.0000000000
34076  -11.307  -60.375  40.846 0.0000000000
35234  -11.659  -59.901  41.602 0.0000000000
35226  -11.040  -59.993  42.263 0.0000000000
36412  -10.204  -59.601  42.356 0.0000000000
32951  -8.825  -62.144  40.678 0.0000000000
34066  -8.610  -61.193  40.620 0.0000000000
35263  -14.420  -57.540  37.582 0.0000000000
35262  -13.717  -58.054  37.391 0.0000000000
49795  -38.524  -47.609  20.772 0.0000000000
49770  -38.809  -47.505  21.705 0.0000000000
48728  -29.593  -46.392  27.066 0.0000000000
49702  -29.299  -46.171  26.251 0.0000000000
48793  -38.259  -47.991  22.259 0.0000000000
48813  -37.325  -48.331  21.352 0.0000000000
49794  -37.732  -48.163  20.486 0.0000000000
48709  -30.694  -46.508  28.240 0.0000000000
48687  -29.695  -46.960  29.027 0.0000000000
72476  -48.713  -24.157  9.349 0.0000000000
55365  -35.843  -41.465  20.788 0.0000000000
55364  -35.390  -41.205  20.390 0.0000000000
41236  -18.276  -55.314  28.126 0.0000000000
41256  -17.851  -55.542  27.532 0.0000000000
40105  -17.840  -55.660  28.777 0.0000000000
49692  -38.396  -46.421  26.937 0.0000000000
48675  -34.951  -47.317  29.510 0.0000000000
48717  -37.860  -48.071  27.588 0.0000000000
48658  -34.271  -46.893  30.349 0.0000000000
67684  -46.552  -28.967  15.745 0.0000000000
68622  -47.011  -28.255  16.036 0.0000000000
70603  -50.156  -25.434  14.997 0.0000000000
70634  -49.487  -24.884  13.682 0.0000000000
71509  -50.751  -24.727  13.930 0.0000000000
58342  -36.918  -38.303  24.293 0.0000000000
58365  -36.375  -38.122  23.482 0.0000000000
58366  -37.514  -37.875  23.409 0.0000000000
59476  -38.609  -35.580  21.094 0.0000000000
59487  -38.499  -35.335  20.450 0.0000000000
59486  -37.964  -35.370  19.854 0.0000000000
60571  -39.742  -34.756  20.056 0.0000000000
42423  -24.539  -52.653  25.450 0.0000000000
78390  -55.896  -18.581  9.324 0.0000000000
36421  -12.747  -58.164  41.570 0.0000000000
36416  -12.476  -58.367  42.263 0.0000000000
35228  -11.952  -59.212  42.048 0.0000000000
53489  -38.495  -44.360  21.795 0.0000000000
53488  -38.175  -44.047  21.528 0.0000000000
53479  -38.281  -43.899  22.032 0.0000000000
52516  -39.319  -44.612  25.472 0.0000000000
53445  -39.252  -44.055  26.252 0.0000000000
55307  -38.090  -42.275  25.995 0.0000000000
55306  -37.533  -41.771  26.266 0.0000000000
55304  -36.575  -40.848  26.013 0.0000000000
55291  -37.098  -40.840  27.169 0.0000000000
47691  -25.401  -49.016  22.628 0.0000000000
49737  -33.565  -46.238  24.731 0.0000000000
49753  -34.422  -46.806  24.030 0.0000000000
47685  -25.607  -48.781  24.354 0.0000000000
46732  -25.276  -49.501  24.339 0.0000000000
46731  -25.135  -49.620  23.543 0.0000000000
75488  -51.347  -21.625  7.841 0.0000000000
73409  -52.336  -23.556  12.985 0.0000000000
74432  -51.501  -23.102  11.657 0.0000000000
74423  -52.554  -22.996  12.781 0.0000000000
75465  -54.045  -20.982  11.714 0.0000000000
76449  -53.478  -20.468  10.670 0.0000000000
76445  -54.495  -20.463  11.493 0.0000000000
57368  -33.520  -39.329  18.746 0.0000000000
58446  -33.525  -38.587  18.236 0.0000000000
62737  -39.612  -33.895  13.475 0.0000000000
62752  -39.212  -33.990  12.773 0.0000000000
63717  -39.827  -33.478  13.229 0.0000000000
64747  -40.023  -33.125  13.096 0.0000000000
61700  -42.527  -35.099  17.089 0.0000000000
62707  -45.429  -32.840  16.865 0.0000000000
62724  -44.541  -33.291  15.850 0.0000000000
63709  -45.180  -32.698  15.920 0.0000000000
37651  -15.683  -57.530  33.148 0.0000000000
37638  -15.652  -57.812  33.792 0.0000000000
37650  -14.872  -58.033  32.991 0.0000000000
32956  -9.339  -62.415  39.764 0.0000000000
32953  -9.588  -61.781  40.399 0.0000000000
58368  -39.555  -36.946  24.082 0.0000000000
43591  -23.516  -52.641  22.712 0.0000000000
35247  -13.677  -58.043  39.575 0.0000000000
35241  -13.199  -58.129  40.207 0.0000000000
35246  -12.913  -58.674  39.619 0.0000000000
49843  -38.309  -47.273  18.863 0.0000000000
51647  -39.744  -45.292  21.416 0.0000000000
51662  -39.307  -44.936  21.469 0.0000000000
48772  -26.333  -47.699  24.021 0.0000000000
49733  -28.639  -46.155  24.343 0.0000000000
50685  -28.838  -46.091  23.925 0.0000000000
50686  -29.240  -45.946  23.868 0.0000000000
50687  -30.068  -45.815  23.694 0.0000000000
48830  -36.255  -48.468  20.849 0.0000000000
48829  -35.683  -48.399  21.347 0.0000000000
49840  -35.148  -47.696  19.314 0.0000000000
49842  -37.264  -47.667  18.838 0.0000000000
48669  -28.826  -47.509  29.917 0.0000000000
47646  -27.568  -48.509  30.061 0.0000000000
48706  -26.864  -48.475  28.091 0.0000000000
48707  -27.677  -47.647  28.141 0.0000000000
48744  -27.162  -47.365  26.080 0.0000000000
48758  -26.175  -48.110  24.871 0.0000000000
71541  -46.484  -25.391  11.151 0.0000000000
59509  -34.371  -37.088  17.285 0.0000000000
59525  -34.493  -36.878  16.545 0.0000000000
61736  -38.288  -34.910  13.766 0.0000000000
61754  -38.925  -34.461  13.652 0.0000000000
61665  -45.537  -33.515  18.778 0.0000000000
62689  -45.586  -32.894  17.596 0.0000000000
40129  -21.203  -55.447  27.876 0.0000000000
40089  -20.477  -55.833  29.382 0.0000000000
38917  -20.039  -55.652  30.148 0.0000000000
38899  -19.491  -56.076  30.909 0.0000000000
40077  -18.789  -55.875  30.525 0.0000000000
40074  -16.959  -56.210  29.691 0.0000000000
38897  -17.423  -56.341  30.663 0.0000000000
38896  -16.474  -56.519  30.208 0.0000000000
38875  -16.671  -56.707  31.152 0.0000000000
38895  -15.516  -57.368  30.268 0.0000000000
38916  -15.955  -56.946  29.381 0.0000000000
49739  -38.637  -46.640  23.836 0.0000000000
49724  -38.535  -46.684  24.821 0.0000000000
49726  -38.783  -45.904  26.041 0.0000000000
50678  -38.905  -45.676  25.490 0.0000000000
49691  -32.199  -46.201  27.639 0.0000000000
48711  -32.760  -46.222  28.391 0.0000000000
48713  -34.734  -46.623  28.153 0.0000000000
48731  -34.430  -46.203  27.333 0.0000000000
48746  -35.065  -46.385  26.460 0.0000000000
48677  -36.638  -47.902  29.418 0.0000000000
48694  -36.462  -48.084  28.580 0.0000000000
48735  -37.493  -48.123  26.675 0.0000000000
48734  -36.632  -48.044  26.793 0.0000000000
48748  -36.294  -47.622  25.994 0.0000000000
48762  -36.381  -47.851  24.982 0.0000000000
48764  -37.956  -48.060  24.500 0.0000000000
48778  -38.077  -48.048  23.385 0.0000000000
48673  -33.193  -46.499  29.724 0.0000000000
48689  -32.006  -46.373  29.076 0.0000000000
66706  -44.421  -30.162  13.922 0.0000000000
67698  -45.269  -29.297  14.001 0.0000000000
68652  -45.948  -28.126  14.234 0.0000000000
69642  -45.891  -27.301  13.660 0.0000000000
69641  -45.075  -27.425  13.178 0.0000000000
69617  -48.245  -26.877  15.803 0.0000000000
69616  -47.426  -27.343  15.625 0.0000000000
69630  -48.120  -26.574  15.164 0.0000000000
70614  -47.803  -25.848  13.722 0.0000000000
69644  -47.944  -26.252  14.466 0.0000000000
70654  -47.251  -25.427  12.390 0.0000000000
71525  -49.220  -24.588  12.853 0.0000000000
72455  -48.195  -24.308  11.327 0.0000000000
73417  -49.633  -23.663  11.529 0.0000000000
72444  -50.601  -24.163  12.693 0.0000000000
72421  -53.279  -24.215  14.454 0.0000000000
57295  -34.457  -40.009  23.314 0.0000000000
58377  -34.409  -39.214  22.565 0.0000000000
58391  -34.987  -38.140  21.904 0.0000000000
58403  -35.154  -37.840  20.859 0.0000000000
58414  -34.276  -38.359  20.111 0.0000000000
58405  -37.071  -36.562  20.783 0.0000000000
58416  -36.077  -36.612  19.774 0.0000000000
59484  -36.524  -35.983  19.295 0.0000000000
59500  -37.865  -35.487  19.011 0.0000000000
60581  -37.911  -35.678  17.823 0.0000000000
60600  -38.635  -35.675  17.340 0.0000000000
61678  -40.601  -34.686  18.666 0.0000000000
60602  -40.025  -35.024  18.043 0.0000000000
61679  -41.492  -34.706  18.362 0.0000000000
61646  -43.837  -34.334  19.969 0.0000000000
61662  -43.051  -34.191  18.967 0.0000000000
41289  -24.667  -55.230  26.893 0.0000000000
41311  -23.602  -54.604  26.112 0.0000000000
43563  -23.263  -53.205  24.233 0.0000000000
42421  -23.592  -53.363  24.913 0.0000000000
42401  -22.501  -53.777  25.451 0.0000000000
41309  -22.223  -54.044  25.945 0.0000000000
42380  -21.271  -54.248  26.129 0.0000000000
36406  -10.533  -58.984  42.711 0.0000000000
53508  -37.812  -44.033  19.235 0.0000000000
55368  -37.678  -43.421  21.419 0.0000000000
55366  -36.684  -42.211  20.886 0.0000000000
55353  -37.315  -42.268  22.243 0.0000000000
49755  -39.145  -46.165  23.528 0.0000000000
49772  -39.385  -46.368  22.958 0.0000000000
52525  -39.194  -44.713  24.536 0.0000000000
51629  -39.423  -45.092  23.678 0.0000000000
52533  -39.031  -44.881  23.933 0.0000000000
52541  -38.839  -44.705  22.966 0.0000000000
53456  -38.632  -44.038  23.706 0.0000000000
55318  -38.127  -42.490  24.923 0.0000000000
55319  -38.484  -42.995  24.678 0.0000000000
55329  -38.450  -43.145  23.804 0.0000000000
56310  -37.401  -42.056  23.142 0.0000000000
56309  -36.776  -41.754  23.157 0.0000000000
56322  -36.611  -41.705  22.371 0.0000000000
57259  -36.158  -39.655  25.607 0.0000000000
57258  -35.777  -39.855  25.256 0.0000000000
58312  -36.439  -38.852  25.013 0.0000000000
57260  -36.828  -39.034  25.637 0.0000000000
57210  -37.807  -39.554  28.006 0.0000000000
57221  -38.269  -38.858  27.493 0.0000000000
58314  -38.231  -38.140  25.225 0.0000000000
49763  -26.400  -47.542  22.329 0.0000000000
48809  -25.790  -48.301  21.905 0.0000000000
49788  -26.321  -47.673  21.347 0.0000000000
49705  -32.691  -46.019  26.934 0.0000000000
49750  -31.513  -46.122  22.593 0.0000000000
50699  -30.534  -45.906  22.904 0.0000000000
49791  -33.201  -47.187  21.274 0.0000000000
44688  -25.611  -51.653  27.154 0.0000000000
44702  -25.461  -51.511  26.347 0.0000000000
47663  -26.285  -48.947  27.706 0.0000000000
46700  -25.906  -49.988  27.381 0.0000000000
44713  -25.054  -51.266  25.370 0.0000000000
44723  -24.496  -51.389  24.159 0.0000000000
44734  -24.670  -51.121  23.138 0.0000000000
73435  -49.537  -23.292  9.696 0.0000000000
73428  -50.296  -23.064  10.661 0.0000000000
74442  -51.285  -22.716  10.976 0.0000000000
75474  -51.085  -22.132  9.865 0.0000000000
74434  -52.964  -21.721  11.795 0.0000000000
75468  -52.346  -21.311  10.723 0.0000000000
75476  -52.061  -21.224  9.915 0.0000000000
76460  -52.439  -20.573  9.196 0.0000000000
76461  -53.002  -19.919  8.729 0.0000000000
76462  -53.795  -19.599  8.157 0.0000000000
77423  -54.909  -19.385  10.370 0.0000000000
77428  -55.465  -18.965  9.761 0.0000000000
77429  -55.890  -19.046  10.217 0.0000000000
35266  -13.129  -58.947  36.155 0.0000000000
56351  -34.726  -40.911  20.042 0.0000000000
56350  -34.415  -40.865  19.500 0.0000000000
64761  -40.660  -32.059  12.354 0.0000000000
60647  -41.572  -35.739  16.028 0.0000000000
61739  -41.325  -35.267  15.223 0.0000000000
61702  -44.212  -34.109  17.182 0.0000000000
62723  -43.858  -33.769  15.396 0.0000000000
61741  -43.280  -34.516  15.613 0.0000000000
62722  -42.957  -34.044  14.825 0.0000000000
62740  -42.415  -33.996  14.566 0.0000000000
64738  -44.246  -32.460  14.654 0.0000000000
65738  -44.795  -31.694  14.577 0.0000000000
65740  -46.058  -31.165  15.837 0.0000000000
66688  -46.385  -30.438  16.164 0.0000000000
36462  -14.365  -58.379  34.976 0.0000000000
35260  -12.756  -59.813  36.679 0.0000000000
34081  -11.373  -60.119  39.924 0.0000000000
32970  -10.239  -62.299  38.235 0.0000000000
34089  -10.700  -61.512  38.204 0.0000000000
34075  -10.849  -60.970  40.820 0.0000000000
34071  -11.203  -60.539  41.409 0.0000000000
35233  -11.213  -60.328  41.873 0.0000000000
34064  -9.763  -60.694  41.811 0.0000000000
35225  -10.357  -60.261  42.136 0.0000000000
35224  -9.693  -60.212  41.996 0.0000000000
31806  -8.297  -62.068  39.896 0.0000000000
32947  -8.628  -61.590  40.431 0.0000000000
50760  -38.886  -47.037  19.642 0.0000000000
50739  -39.777  -46.127  21.834 0.0000000000
49717  -27.883  -46.551  25.198 0.0000000000
49719  -30.216  -45.862  25.338 0.0000000000
48671  -31.165  -46.588  29.803 0.0000000000
71553  -47.659  -24.514  10.681 0.0000000000
55379  -36.731  -42.878  20.073 0.0000000000
60597  -35.835  -35.789  16.821 0.0000000000
59526  -35.100  -36.270  16.486 0.0000000000
60618  -35.534  -35.870  15.873 0.0000000000
60641  -35.197  -36.235  14.902 0.0000000000
41258  -19.850  -55.034  27.372 0.0000000000
41237  -19.142  -55.118  28.049 0.0000000000
40076  -18.192  -55.995  30.207 0.0000000000
40087  -18.136  -55.824  29.472 0.0000000000
40086  -17.340  -56.009  29.301 0.0000000000
40103  -16.468  -56.730  28.638 0.0000000000
40126  -16.515  -57.076  28.266 0.0000000000
48751  -38.334  -47.529  25.390 0.0000000000
48752  -38.479  -46.691  25.635 0.0000000000
49708  -38.579  -46.305  26.166 0.0000000000
49709  -38.723  -45.866  26.591 0.0000000000
48691  -34.000  -46.483  28.996 0.0000000000
48714  -35.500  -47.328  27.921 0.0000000000
67682  -45.526  -29.665  14.560 0.0000000000
68634  -46.226  -28.484  14.780 0.0000000000
69632  -49.592  -25.805  15.397 0.0000000000
69631  -48.928  -26.176  15.335 0.0000000000
70615  -48.740  -25.495  14.058 0.0000000000
70633  -48.528  -25.173  13.297 0.0000000000
71526  -50.357  -24.501  13.363 0.0000000000
72443  -49.927  -24.254  12.670 0.0000000000
58363  -34.873  -39.063  23.556 0.0000000000
58364  -35.436  -38.524  23.552 0.0000000000
58379  -35.729  -38.094  22.661 0.0000000000
58394  -37.953  -36.674  21.806 0.0000000000
59464  -38.255  -36.021  21.564 0.0000000000
59474  -37.356  -35.865  20.451 0.0000000000
59485  -37.253  -35.661  19.558 0.0000000000
60569  -38.375  -35.259  19.001 0.0000000000
60584  -39.708  -34.692  19.046 0.0000000000
42382  -25.504  -53.070  27.645 0.0000000000
42405  -25.191  -52.934  26.738 0.0000000000
42403  -24.011  -53.852  25.580 0.0000000000
43561  -21.848  -53.498  23.746 0.0000000000
42399  -20.383  -54.310  25.069 0.0000000000
78403  -55.022  -18.546  7.715 0.0000000000
78404  -55.784  -17.907  8.100 0.0000000000
36414  -11.325  -59.271  42.581 0.0000000000
50782  -39.282  -45.566  19.681 0.0000000000
51676  -39.100  -44.939  19.429 0.0000000000
52580  -38.616  -44.601  19.843 0.0000000000
53498  -37.837  -44.293  20.183 0.0000000000
54421  -37.786  -43.826  21.069 0.0000000000
55354  -37.756  -43.116  22.138 0.0000000000
50689  -39.189  -45.375  25.071 0.0000000000
50701  -39.259  -45.329  24.358 0.0000000000
51613  -39.361  -45.093  24.935 0.0000000000
53451  -39.109  -44.196  24.857 0.0000000000
55327  -37.803  -42.114  24.160 0.0000000000
55326  -37.097  -41.789  24.638 0.0000000000
55325  -36.576  -41.379  25.036 0.0000000000
56283  -36.138  -40.831  25.105 0.0000000000
55315  -36.561  -41.042  25.686 0.0000000000
56271  -36.352  -40.484  25.895 0.0000000000
56253  -36.461  -39.970  26.333 0.0000000000
57222  -38.871  -38.617  27.875 0.0000000000
50733  -27.598  -46.741  22.089 0.0000000000
49722  -33.626  -46.032  25.809 0.0000000000
49813  -33.803  -47.580  20.515 0.0000000000
45701  -26.113  -50.867  28.275 0.0000000000
47668  -25.829  -49.088  25.809 0.0000000000
46705  -25.663  -49.599  25.730 0.0000000000
46715  -25.454  -49.525  24.913 0.0000000000
45775  -25.105  -50.021  24.409 0.0000000000
45774  -24.807  -50.521  23.786 0.0000000000
73419  -51.001  -23.345  11.504 0.0000000000
75464  -53.415  -21.272  11.621 0.0000000000
75469  -52.948  -20.904  10.952 0.0000000000
75477  -52.598  -20.753  10.171 0.0000000000
35274  -13.107  -60.075  33.586 0.0000000000
57351  -33.676  -39.731  19.554 0.0000000000
56349  -33.816  -40.275  19.059 0.0000000000
60623  -40.692  -35.435  17.004 0.0000000000
60646  -40.460  -35.770  16.105 0.0000000000
61721  -44.617  -33.488  16.964 0.0000000000
62705  -44.276  -33.757  16.000 0.0000000000
63707  -43.557  -33.290  14.692 0.0000000000
38861  -17.550  -56.977  32.087 0.0000000000
37667  -17.515  -57.129  32.842 0.0000000000
37653  -17.495  -57.335  33.552 0.0000000000
37639  -16.525  -57.669  34.061 0.0000000000
36473  -14.565  -58.401  33.876 0.0000000000
34090  -11.348  -60.916  38.130 0.0000000000
34074  -10.174  -61.355  40.789 0.0000000000
68614  -47.669  -27.915  17.268 0.0000000000
69606  -48.102  -27.219  16.616 0.0000000000
70591  -50.151  -25.651  15.685 0.0000000000
70604  -50.971  -25.386  15.088 0.0000000000
70605  -51.752  -25.189  15.231 0.0000000000
58367  -38.656  -37.378  23.553 0.0000000000
58382  -38.768  -36.739  22.898 0.0000000000
59451  -39.219  -36.021  22.777 0.0000000000
60554  -40.155  -34.900  20.887 0.0000000000
43579  -24.145  -52.239  24.357 0.0000000000
42440  -23.959  -52.719  24.518 0.0000000000
43578  -23.644  -52.743  23.975 0.0000000000
43577  -23.005  -53.059  23.339 0.0000000000
35236  -12.819  -58.163  40.917 0.0000000000
52567  -38.868  -44.683  21.580 0.0000000000
52557  -38.726  -44.545  22.253 0.0000000000
55273  -37.366  -40.649  27.707 0.0000000000
47684  -25.478  -48.759  23.533 0.0000000000
48788  -26.582  -47.458  23.148 0.0000000000
49747  -27.129  -47.086  23.471 0.0000000000
49732  -27.788  -46.671  24.359 0.0000000000
49748  -27.880  -46.717  23.597 0.0000000000
49765  -27.597  -46.870  23.146 0.0000000000
50710  -27.999  -46.600  22.792 0.0000000000
50711  -28.873  -46.104  22.448 0.0000000000
50712  -29.848  -45.892  22.114 0.0000000000
48789  -35.017  -47.632  23.649 0.0000000000
48810  -34.893  -48.041  22.808 0.0000000000
49793  -35.137  -48.269  21.445 0.0000000000
46693  -26.645  -49.715  29.204 0.0000000000
70652  -45.783  -25.925  11.463 0.0000000000
73397  -53.117  -23.460  13.641 0.0000000000
74416  -53.495  -22.876  13.534 0.0000000000
74417  -53.911  -22.457  13.553 0.0000000000
58447  -33.965  -37.643  17.899 0.0000000000
61703  -44.675  -33.470  17.462 0.0000000000
62688  -44.938  -33.129  17.263 0.0000000000
63697  -46.547  -32.594  17.132 0.0000000000
40090  -21.324  -56.266  29.387 0.0000000000
38898  -18.305  -56.274  30.932 0.0000000000
38860  -16.674  -56.918  31.856 0.0000000000
38859  -16.156  -56.971  31.566 0.0000000000
48794  -38.884  -47.341  22.502 0.0000000000
50688  -38.966  -45.650  25.074 0.0000000000
49690  -31.646  -46.253  27.524 0.0000000000
48730  -33.342  -46.073  27.610 0.0000000000
49723  -34.500  -46.169  25.967 0.0000000000
48693  -35.620  -47.674  28.644 0.0000000000
48747  -35.770  -46.957  26.218 0.0000000000
48775  -35.723  -47.726  24.238 0.0000000000
48776  -36.417  -48.051  23.964 0.0000000000
48655  -31.364  -46.745  30.519 0.0000000000
66704  -42.457  -29.963  13.075 0.0000000000
67696  -43.290  -29.080  13.033 0.0000000000
68650  -44.261  -28.256  13.001 0.0000000000
69643  -46.881  -26.868  14.082 0.0000000000
69659  -46.525  -26.606  13.410 0.0000000000
70630  -45.821  -26.177  12.337 0.0000000000
70653  -46.582  -25.555  12.016 0.0000000000
71542  -47.511  -24.935  11.699 0.0000000000
72467  -48.371  -23.992  10.468 0.0000000000
73426  -48.837  -23.658  10.549 0.0000000000
73434  -48.896  -23.629  10.126 0.0000000000
72468  -48.837  -23.685  10.866 0.0000000000
72458  -50.770  -23.812  12.125 0.0000000000
72459  -51.219  -23.714  12.139 0.0000000000
73396  -52.686  -23.886  13.587 0.0000000000
72420  -52.854  -24.636  14.316 0.0000000000
72431  -52.904  -24.040  13.859 0.0000000000
73380  -53.650  -23.579  14.270 0.0000000000
56320  -35.019  -40.787  21.590 0.0000000000
56336  -35.029  -40.943  20.644 0.0000000000
56319  -34.278  -40.370  21.179 0.0000000000
57335  -33.846  -39.603  20.389 0.0000000000
58390  -34.465  -38.798  22.071 0.0000000000
58433  -34.776  -37.090  18.690 0.0000000000
59497  -35.411  -36.378  18.255 0.0000000000
59511  -36.084  -35.841  17.695 0.0000000000
60598  -36.891  -35.650  17.040 0.0000000000
60620  -37.656  -35.515  16.363 0.0000000000
61699  -41.655  -35.100  17.463 0.0000000000
61642  -40.383  -34.683  20.354 0.0000000000
61643  -41.016  -34.560  20.165 0.0000000000
61661  -42.147  -34.430  19.097 0.0000000000
61664  -44.849  -33.793  18.925 0.0000000000
42422  -24.157  -52.924  25.081 0.0000000000
42402  -23.283  -53.928  25.505 0.0000000000
41287  -22.976  -55.311  26.720 0.0000000000
41259  -20.996  -54.913  27.145 0.0000000000
42379  -20.707  -54.361  25.899 0.0000000000
41284  -20.275  -54.714  26.503 0.0000000000
79338  -56.537  -17.644  8.281 0.0000000000
54430  -36.968  -43.431  19.382 0.0000000000
55351  -36.078  -41.478  21.349 0.0000000000
49771  -39.422  -46.694  22.319 0.0000000000
50715  -39.755  -46.257  22.371 0.0000000000
51619  -39.509  -45.368  23.700 0.0000000000
54382  -38.794  -43.804  24.509 0.0000000000
55320  -38.696  -43.438  24.831 0.0000000000
54389  -38.662  -43.808  24.060 0.0000000000
54388  -38.559  -43.747  23.693 0.0000000000
54399  -38.426  -43.762  23.074 0.0000000000
54411  -38.324  -43.736  22.619 0.0000000000
54398  -38.206  -43.426  22.742 0.0000000000
55339  -37.838  -42.253  23.365 0.0000000000
56321  -35.843  -41.274  21.773 0.0000000000
56307  -35.147  -40.804  22.537 0.0000000000
56292  -34.599  -40.295  23.108 0.0000000000
57296  -34.734  -39.867  23.788 0.0000000000
56282  -35.504  -40.474  24.508 0.0000000000
57277  -35.508  -39.759  24.833 0.0000000000
58340  -35.252  -39.116  24.235 0.0000000000
56254  -36.847  -40.217  27.097 0.0000000000
57236  -36.878  -39.461  26.398 0.0000000000
57237  -37.799  -38.810  26.710 0.0000000000
49766  -31.593  -46.248  21.904 0.0000000000
43554  -25.442  -52.290  26.810 0.0000000000
43566  -24.832  -52.182  25.503 0.0000000000
45739  -25.654  -50.540  26.810 0.0000000000
45720  -25.568  -51.085  26.757 0.0000000000
43580  -24.509  -51.906  24.836 0.0000000000
44722  -24.097  -51.872  23.667 0.0000000000
74459  -50.009  -22.833  9.346 0.0000000000
74450  -50.035  -22.857  9.750 0.0000000000
74460  -50.404  -22.439  8.760 0.0000000000
75475  -51.402  -21.833  9.764 0.0000000000
75483  -51.219  -21.697  8.908 0.0000000000
75489  -51.893  -21.071  7.414 0.0000000000
76475  -52.510  -20.608  7.085 0.0000000000
77435  -54.426  -19.236  7.630 0.0000000000
78391  -56.317  -18.661  9.838 0.0000000000
34117  -12.109  -60.921  34.943 0.0000000000
34108  -12.033  -60.522  36.202 0.0000000000
55376  -34.773  -41.191  19.445 0.0000000000
58464  -33.496  -38.670  17.266 0.0000000000
60644  -38.429  -35.475  15.699 0.0000000000
60670  -39.233  -35.280  15.277 0.0000000000
60671  -40.299  -35.481  15.579 0.0000000000
61718  -42.616  -35.226  16.170 0.0000000000
61740  -42.400  -34.926  15.325 0.0000000000
62720  -41.357  -34.499  14.756 0.0000000000
63719  -41.319  -33.166  14.125 0.0000000000
64749  -41.899  -32.237  13.826 0.0000000000
65749  -42.436  -31.018  13.633 0.0000000000
65752  -45.061  -30.954  14.613 0.0000000000
66696  -45.470  -30.334  14.888 0.0000000000
67672  -46.307  -29.709  15.806 0.0000000000
64729  -46.566  -32.178  16.493 0.0000000000
35268  -14.426  -57.695  36.882 0.0000000000
36453  -15.123  -57.717  36.108 0.0000000000
35272  -13.785  -58.440  35.709 0.0000000000
36472  -13.588  -59.398  33.659 0.0000000000
36471  -13.173  -59.689  33.957 0.0000000000
37682  -14.533  -58.820  31.273 0.0000000000
35256  -13.254  -58.760  38.024 0.0000000000
35250  -12.649  -59.390  38.707 0.0000000000
34084  -11.083  -60.838  39.064 0.0000000000
34080  -10.931  -60.916  40.001 0.0000000000
35227  -11.542  -59.676  42.189 0.0000000000
35232  -10.769  -60.538  41.920 0.0000000000
36413  -10.758  -59.518  42.585 0.0000000000
31812  -8.985  -63.002  39.425 0.0000000000
31807  -8.716  -62.280  39.917 0.0000000000
32948  -9.090  -61.567  41.148 0.0000000000
34067  -8.877  -60.901  41.301 0.0000000000
34062  -9.002  -60.619  41.594 0.0000000000
36460  -13.301  -59.502  34.134 0.0000000000
41235  -17.570  -55.700  28.149 0.0000000000
42439  -23.822  -52.978  24.596 0.0000000000
49707  -34.492  -46.119  26.601 0.0000000000
49749  -28.247  -46.473  23.963 0.0000000000
50696  -28.188  -46.546  23.318 0.0000000000
50709  -27.647  -46.807  22.518 0.0000000000
52542  -39.116  -44.931  23.479 0.0000000000
53465  -38.810  -44.625  23.587 0.0000000000
53497  -37.643  -44.121  19.732 0.0000000000
54420  -37.471  -43.534  20.678 0.0000000000
55305  -36.834  -41.004  26.424 0.0000000000
56218  -37.675  -39.812  28.180 0.0000000000
56219  -37.873  -39.839  28.386 0.0000000000
56296  -37.666  -42.052  23.584 0.0000000000
56334  -33.835  -40.208  19.792 0.0000000000
57309  -34.375  -39.819  22.898 0.0000000000
57369  -33.596  -38.695  18.995 0.0000000000
58431  -33.568  -38.623  18.738 0.0000000000
60648  -42.117  -35.583  16.343 0.0000000000
61626  -40.401  -34.742  20.665 0.0000000000
61627  -40.735  -34.688  20.747 0.0000000000
62725  -44.865  -32.975  16.298 0.0000000000
69619  -49.630  -25.879  15.626 0.0000000000
74435  -53.635  -21.461  11.940 0.0000000000
74441  -50.786  -22.840  10.631 0.0000000000
78395  -54.834  -18.682  8.336 0.0000000000
