#!ascii label  , from subject sub-01 vox2ras=TkReg
1237
87772  -42.410  -8.490  6.214 0.0000000000
88902  -53.931  -7.173  -4.401 0.0000000000
93405  -50.383  -2.940  10.787 0.0000000000
85971  -51.280  -10.065  2.420 0.0000000000
83017  -52.234  -13.397  9.485 0.0000000000
92528  -46.764  -3.821  -0.583 0.0000000000
97152  -53.308  2.109  -0.066 0.0000000000
97065  -48.655  2.246  8.584 0.0000000000
78370  -46.010  -18.723  11.772 0.0000000000
85952  -45.629  -10.231  4.052 0.0000000000
87871  -47.778  -8.276  -0.625 0.0000000000
90653  -45.273  -5.485  3.337 0.0000000000
93388  -54.631  -2.460  13.177 0.0000000000
95255  -52.995  -0.058  5.431 0.0000000000
97066  -55.870  1.221  7.875 0.0000000000
97994  -50.965  2.764  4.722 0.0000000000
97901  -53.455  2.956  11.075 0.0000000000
89852  -49.591  -6.323  -7.073 0.0000000000
87736  -42.250  -8.249  10.857 0.0000000000
91553  -45.115  -3.633  8.381 0.0000000000
87777  -55.877  -7.530  6.611 0.0000000000
85892  -50.142  -10.679  7.075 0.0000000000
83981  -46.736  -12.066  6.911 0.0000000000
80252  -47.051  -16.457  8.603 0.0000000000
90721  -50.548  -4.720  -4.580 0.0000000000
93564  -47.709  -2.233  -5.936 0.0000000000
93471  -48.284  -2.159  4.898 0.0000000000
94438  -50.663  -0.885  -0.391 0.0000000000
97192  -48.311  1.840  -4.485 0.0000000000
96234  -46.801  -0.149  -0.766 0.0000000000
95275  -45.120  -0.025  3.111 0.0000000000
86837  -44.409  -9.473  5.107 0.0000000000
87816  -44.715  -8.316  3.222 0.0000000000
89723  -43.757  -6.460  4.323 0.0000000000
96102  -55.338  -0.263  14.315 0.0000000000
95179  -55.969  -0.351  10.737 0.0000000000
97004  -55.624  1.736  11.863 0.0000000000
97926  -55.000  3.184  10.220 0.0000000000
89840  -51.761  -6.221  -5.699 0.0000000000
85855  -43.614  -9.954  12.090 0.0000000000
88727  -44.734  -7.587  11.645 0.0000000000
84935  -50.933  -11.883  8.353 0.0000000000
84945  -48.363  -11.898  7.165 0.0000000000
83025  -49.302  -13.246  8.128 0.0000000000
79329  -47.045  -17.373  10.083 0.0000000000
81195  -41.245  -15.258  8.505 0.0000000000
83954  -39.629  -12.528  8.929 0.0000000000
82100  -38.811  -14.364  9.869 0.0000000000
87859  -51.864  -9.001  0.515 0.0000000000
89778  -46.719  -6.513  -0.938 0.0000000000
89800  -48.838  -6.864  -2.765 0.0000000000
91639  -47.239  -5.084  -3.215 0.0000000000
91672  -48.549  -3.619  -5.557 0.0000000000
93544  -46.870  -2.896  -3.351 0.0000000000
92446  -47.688  -3.380  9.900 0.0000000000
93440  -46.740  -2.453  7.195 0.0000000000
94357  -48.855  -1.751  7.618 0.0000000000
95308  -55.375  -0.113  2.356 0.0000000000
95290  -51.685  -0.654  1.868 0.0000000000
95337  -52.708  0.295  -0.513 0.0000000000
95372  -49.828  0.587  -3.749 0.0000000000
97169  -50.406  1.735  -2.640 0.0000000000
96264  -47.260  1.093  -3.108 0.0000000000
97149  -50.431  1.479  -0.862 0.0000000000
97969  -49.354  3.124  6.565 0.0000000000
97116  -47.819  1.472  3.310 0.0000000000
97095  -46.780  2.018  5.820 0.0000000000
96180  -44.109  0.817  5.007 0.0000000000
97074  -46.226  1.788  7.379 0.0000000000
85968  -48.650  -10.784  2.638 0.0000000000
86905  -49.548  -9.841  0.439 0.0000000000
86890  -47.284  -10.022  1.677 0.0000000000
88822  -45.885  -7.353  1.375 0.0000000000
90668  -46.200  -5.488  1.611 0.0000000000
93398  -52.496  -3.091  11.888 0.0000000000
94348  -50.925  -0.772  8.309 0.0000000000
94336  -54.534  -1.210  9.651 0.0000000000
95244  -56.012  -0.256  6.788 0.0000000000
97109  -55.496  1.583  4.316 0.0000000000
97119  -51.804  2.340  2.823 0.0000000000
97973  -53.814  2.592  6.360 0.0000000000
97958  -52.267  3.003  7.371 0.0000000000
97922  -50.527  2.298  10.149 0.0000000000
90749  -47.397  -5.267  -7.256 0.0000000000
89684  -41.419  -7.034  8.588 0.0000000000
91561  -42.747  -5.069  7.553 0.0000000000
90605  -43.866  -5.857  10.140 0.0000000000
90608  -46.515  -5.176  11.070 0.0000000000
91531  -48.346  -4.650  11.529 0.0000000000
89657  -49.369  -6.223  14.134 0.0000000000
91528  -51.163  -4.323  12.914 0.0000000000
87805  -53.203  -8.508  5.152 0.0000000000
86825  -53.092  -8.890  6.908 0.0000000000
85943  -50.871  -10.280  4.336 0.0000000000
85924  -48.749  -11.155  5.180 0.0000000000
85921  -46.079  -10.861  5.665 0.0000000000
81179  -51.988  -15.248  10.772 0.0000000000
79292  -48.938  -17.160  12.363 0.0000000000
80226  -49.422  -16.738  10.502 0.0000000000
81189  -49.949  -15.590  8.815 0.0000000000
82124  -46.469  -14.301  7.377 0.0000000000
85900  -41.973  -9.789  7.095 0.0000000000
90697  -54.603  -5.258  -2.940 0.0000000000
87888  -51.092  -8.276  -1.516 0.0000000000
88890  -51.807  -6.436  -2.992 0.0000000000
91663  -53.181  -3.921  -4.811 0.0000000000
91674  -50.619  -3.755  -6.215 0.0000000000
92587  -49.617  -3.461  -7.365 0.0000000000
93589  -47.137  -2.197  -8.094 0.0000000000
92480  -44.699  -3.841  5.552 0.0000000000
92489  -46.314  -3.583  4.281 0.0000000000
92503  -47.719  -3.709  2.143 0.0000000000
95238  -50.469  -0.692  5.679 0.0000000000
94412  -49.861  -1.606  2.304 0.0000000000
93513  -47.973  -2.457  -0.590 0.0000000000
94463  -47.905  -0.957  -2.919 0.0000000000
95390  -47.618  -0.030  -6.206 0.0000000000
95402  -45.867  -0.488  -7.438 0.0000000000
97128  -48.889  1.246  2.080 0.0000000000
95301  -46.670  0.065  1.569 0.0000000000
94434  -42.991  -0.887  0.900 0.0000000000
94409  -42.498  -1.271  2.456 0.0000000000
95262  -41.966  -0.956  4.582 0.0000000000
87789  -42.908  -8.166  5.670 0.0000000000
87803  -43.820  -8.108  4.436 0.0000000000
88777  -42.986  -7.459  5.307 0.0000000000
96107  -55.582  0.522  12.399 0.0000000000
97881  -55.678  2.927  12.465 0.0000000000
89828  -52.524  -6.617  -5.232 0.0000000000
83958  -51.307  -12.440  8.704 0.0000000000
83957  -50.426  -12.384  8.369 0.0000000000
83027  -50.883  -13.280  8.696 0.0000000000
81188  -40.805  -15.898  8.963 0.0000000000
82102  -40.151  -14.631  8.922 0.0000000000
86880  -52.364  -9.199  2.596 0.0000000000
86893  -51.461  -9.597  1.421 0.0000000000
90681  -46.384  -5.453  -0.413 0.0000000000
90688  -46.889  -5.971  -1.911 0.0000000000
91632  -46.589  -4.430  -1.980 0.0000000000
91645  -46.973  -4.331  -3.475 0.0000000000
92537  -46.750  -3.418  -1.510 0.0000000000
93417  -48.603  -2.858  9.843 0.0000000000
93432  -48.229  -2.587  9.132 0.0000000000
94332  -49.202  -2.192  9.395 0.0000000000
97154  -54.513  1.405  0.800 0.0000000000
96219  -53.780  0.286  0.393 0.0000000000
96240  -53.402  1.415  -0.664 0.0000000000
96255  -52.353  1.176  -1.545 0.0000000000
97161  -52.184  1.687  -1.137 0.0000000000
97159  -50.584  1.618  -1.860 0.0000000000
97150  -51.303  1.631  -0.436 0.0000000000
97955  -49.056  2.847  7.407 0.0000000000
97980  -47.887  2.664  6.044 0.0000000000
97953  -47.847  2.475  7.331 0.0000000000
97084  -45.980  1.884  6.384 0.0000000000
97063  -47.419  1.969  8.322 0.0000000000
85954  -47.411  -10.909  3.590 0.0000000000
85980  -48.081  -10.510  1.985 0.0000000000
86877  -46.144  -9.664  2.542 0.0000000000
89734  -44.753  -6.527  3.167 0.0000000000
88811  -45.132  -7.417  2.402 0.0000000000
89745  -45.415  -6.476  2.320 0.0000000000
89758  -46.030  -6.401  1.161 0.0000000000
90660  -45.894  -5.467  2.543 0.0000000000
93392  -53.688  -2.676  12.506 0.0000000000
93408  -53.260  -2.103  10.866 0.0000000000
94312  -54.819  -1.927  11.387 0.0000000000
96141  -56.227  0.095  9.121 0.0000000000
95215  -56.112  -0.325  8.456 0.0000000000
96162  -56.352  0.214  7.487 0.0000000000
96183  -56.180  0.403  5.216 0.0000000000
97087  -55.665  1.673  5.823 0.0000000000
97986  -54.197  2.184  5.127 0.0000000000
97974  -55.013  2.233  6.254 0.0000000000
97925  -54.051  3.060  10.164 0.0000000000
98721  -53.947  3.231  8.665 0.0000000000
97924  -52.932  2.788  10.168 0.0000000000
97933  -51.204  2.567  9.176 0.0000000000
97900  -52.279  2.706  11.116 0.0000000000
89861  -48.628  -5.802  -7.445 0.0000000000
88737  -41.639  -7.466  9.662 0.0000000000
89680  -42.138  -6.505  9.363 0.0000000000
88732  -42.585  -7.447  10.502 0.0000000000
88729  -46.394  -7.289  12.118 0.0000000000
89670  -45.313  -6.546  11.199 0.0000000000
89672  -47.112  -6.135  11.954 0.0000000000
91530  -47.637  -4.954  11.495 0.0000000000
90592  -48.318  -6.035  12.472 0.0000000000
90581  -48.589  -5.927  15.308 0.0000000000
90595  -50.268  -5.211  13.483 0.0000000000
91520  -50.728  -4.411  14.274 0.0000000000
92425  -51.730  -3.775  13.601 0.0000000000
92422  -51.528  -3.440  14.177 0.0000000000
88778  -54.471  -7.568  4.650 0.0000000000
87793  -54.168  -7.879  5.579 0.0000000000
86813  -52.546  -9.675  7.951 0.0000000000
86824  -51.860  -9.580  6.842 0.0000000000
86839  -51.481  -9.696  5.378 0.0000000000
85909  -50.816  -10.180  6.410 0.0000000000
85925  -49.586  -10.891  5.258 0.0000000000
85908  -49.950  -10.674  6.141 0.0000000000
84944  -47.825  -12.166  7.140 0.0000000000
84974  -47.670  -11.394  5.891 0.0000000000
84958  -46.395  -11.494  6.448 0.0000000000
79301  -47.393  -18.154  11.992 0.0000000000
79330  -48.062  -17.200  10.136 0.0000000000
80241  -48.732  -16.769  9.615 0.0000000000
80242  -49.855  -16.155  9.404 0.0000000000
80253  -48.094  -16.298  8.710 0.0000000000
81216  -47.779  -14.961  7.843 0.0000000000
81215  -46.963  -15.100  7.609 0.0000000000
86810  -40.955  -9.492  7.641 0.0000000000
84940  -41.041  -11.346  7.671 0.0000000000
89806  -55.496  -6.072  -2.419 0.0000000000
86918  -48.525  -9.193  -0.067 0.0000000000
86920  -49.987  -9.490  -0.245 0.0000000000
87873  -49.521  -8.914  -0.833 0.0000000000
89814  -48.884  -6.251  -3.379 0.0000000000
88888  -50.505  -7.105  -3.009 0.0000000000
90707  -51.060  -5.314  -3.951 0.0000000000
90708  -52.068  -4.947  -3.857 0.0000000000
90722  -51.629  -4.529  -4.538 0.0000000000
91675  -51.567  -4.429  -5.735 0.0000000000
91661  -51.155  -4.274  -5.293 0.0000000000
92573  -48.131  -3.107  -5.740 0.0000000000
92574  -48.806  -3.166  -6.361 0.0000000000
93576  -48.420  -2.562  -6.796 0.0000000000
92603  -48.855  -3.215  -8.023 0.0000000000
93575  -47.977  -1.900  -7.140 0.0000000000
91562  -43.364  -4.483  7.362 0.0000000000
91569  -43.358  -4.632  6.305 0.0000000000
92466  -44.803  -3.469  7.123 0.0000000000
93459  -47.486  -2.407  5.527 0.0000000000
93458  -46.606  -2.963  5.087 0.0000000000
93470  -47.508  -2.864  4.378 0.0000000000
92495  -47.471  -3.481  3.406 0.0000000000
92496  -48.321  -3.040  3.081 0.0000000000
95225  -52.542  -0.220  7.089 0.0000000000
94359  -50.558  -0.669  6.816 0.0000000000
95254  -51.980  -0.322  5.159 0.0000000000
94428  -51.381  -0.648  0.710 0.0000000000
95289  -50.926  -0.936  2.281 0.0000000000
94437  -50.009  -1.560  0.395 0.0000000000
93506  -49.385  -2.113  1.127 0.0000000000
94445  -49.623  -1.365  -0.666 0.0000000000
94453  -47.874  -1.470  -2.040 0.0000000000
94454  -48.757  -1.023  -1.805 0.0000000000
97193  -49.163  1.778  -4.312 0.0000000000
95382  -48.519  0.578  -4.585 0.0000000000
97211  -47.274  1.296  -6.163 0.0000000000
96307  -46.961  0.470  -7.424 0.0000000000
97210  -46.612  1.307  -6.386 0.0000000000
95395  -45.040  -0.163  -6.051 0.0000000000
97190  -46.193  1.298  -4.842 0.0000000000
96250  -46.529  0.243  -1.716 0.0000000000
96263  -45.779  0.771  -2.996 0.0000000000
98003  -51.295  2.486  3.798 0.0000000000
97129  -50.273  1.778  1.974 0.0000000000
98002  -50.251  2.596  3.981 0.0000000000
96199  -46.314  0.831  3.364 0.0000000000
96207  -47.409  0.824  2.550 0.0000000000
95287  -45.878  0.089  2.437 0.0000000000
95299  -44.777  -0.747  1.139 0.0000000000
94411  -43.997  -0.960  2.019 0.0000000000
94423  -42.717  -1.123  1.641 0.0000000000
95274  -43.872  -0.515  3.312 0.0000000000
96179  -43.548  0.662  5.414 0.0000000000
96186  -43.032  0.111  5.014 0.0000000000
96178  -42.667  0.224  5.675 0.0000000000
95250  -41.762  -0.591  5.407 0.0000000000
86851  -45.023  -9.778  4.432 0.0000000000
86865  -45.200  -9.331  3.429 0.0000000000
87804  -44.230  -8.309  3.882 0.0000000000
88789  -43.934  -7.383  4.042 0.0000000000
90644  -44.407  -5.548  4.032 0.0000000000
94309  -55.460  -1.660  12.181 0.0000000000
95177  -55.777  -0.499  11.789 0.0000000000
96114  -55.807  0.611  11.292 0.0000000000
97037  -55.804  1.691  9.842 0.0000000000
97937  -55.373  2.651  9.311 0.0000000000
97927  -55.562  2.636  10.461 0.0000000000
97903  -55.241  3.158  11.176 0.0000000000
89839  -50.797  -6.385  -6.248 0.0000000000
86778  -43.547  -9.173  11.793 0.0000000000
88726  -43.767  -7.647  11.238 0.0000000000
86779  -44.145  -8.854  11.879 0.0000000000
84948  -51.136  -10.889  8.088 0.0000000000
85891  -49.529  -10.945  6.647 0.0000000000
83973  -49.752  -11.965  7.985 0.0000000000
83972  -48.999  -12.362  7.795 0.0000000000
83971  -48.157  -12.583  7.468 0.0000000000
79315  -46.432  -18.009  10.983 0.0000000000
79327  -44.903  -17.408  9.467 0.0000000000
82119  -41.664  -14.086  7.767 0.0000000000
83032  -40.459  -12.825  8.108 0.0000000000
83023  -40.180  -13.350  8.444 0.0000000000
83022  -39.491  -13.424  9.111 0.0000000000
88845  -47.189  -7.482  -0.770 0.0000000000
88857  -48.593  -7.747  -1.714 0.0000000000
89789  -47.301  -6.549  -1.843 0.0000000000
89799  -48.026  -6.297  -2.825 0.0000000000
90705  -48.739  -5.574  -3.898 0.0000000000
91659  -48.951  -4.218  -5.130 0.0000000000
91646  -47.370  -4.536  -3.804 0.0000000000
92555  -47.321  -3.803  -4.320 0.0000000000
93555  -47.203  -2.313  -4.381 0.0000000000
92444  -46.116  -3.538  9.109 0.0000000000
92467  -45.516  -3.098  7.350 0.0000000000
93430  -46.670  -2.625  8.107 0.0000000000
94356  -48.099  -2.060  7.655 0.0000000000
94368  -48.895  -1.606  6.573 0.0000000000
95268  -54.087  -0.096  4.805 0.0000000000
95267  -52.959  -0.266  4.403 0.0000000000
95292  -53.936  -0.351  2.479 0.0000000000
95305  -52.914  -0.187  0.958 0.0000000000
95335  -51.404  -0.316  -1.142 0.0000000000
95349  -50.585  -0.165  -2.326 0.0000000000
95360  -51.594  0.566  -2.196 0.0000000000
96268  -50.820  1.018  -3.122 0.0000000000
97180  -49.568  2.172  -3.805 0.0000000000
96280  -47.773  1.725  -4.009 0.0000000000
96252  -49.419  1.637  -2.464 0.0000000000
96251  -48.104  0.918  -2.133 0.0000000000
96236  -48.858  0.960  -1.168 0.0000000000
97982  -49.654  3.144  5.660 0.0000000000
98001  -49.484  2.628  4.236 0.0000000000
97992  -48.987  2.842  4.831 0.0000000000
97104  -47.080  1.868  4.695 0.0000000000
97103  -45.783  1.219  4.398 0.0000000000
96197  -44.712  0.297  3.788 0.0000000000
97094  -45.877  1.777  5.372 0.0000000000
97083  -45.101  1.740  6.004 0.0000000000
97073  -45.047  1.683  7.109 0.0000000000
85969  -49.616  -10.718  2.565 0.0000000000
85983  -50.800  -10.105  1.613 0.0000000000
85981  -48.851  -10.477  1.678 0.0000000000
86891  -48.120  -10.204  1.475 0.0000000000
86903  -47.101  -9.173  0.832 0.0000000000
87830  -45.503  -8.389  2.304 0.0000000000
87844  -46.247  -8.238  1.208 0.0000000000
87856  -46.747  -8.280  0.470 0.0000000000
88844  -46.701  -7.365  -0.097 0.0000000000
90675  -46.294  -5.475  0.662 0.0000000000
91618  -46.600  -4.441  0.145 0.0000000000
93406  -51.570  -2.704  11.043 0.0000000000
94333  -50.483  -2.001  9.799 0.0000000000
94319  -51.717  -2.099  10.400 0.0000000000
94335  -53.302  -1.126  9.523 0.0000000000
95212  -53.885  -0.296  8.048 0.0000000000
94337  -55.360  -1.048  9.587 0.0000000000
95213  -54.803  -0.508  8.132 0.0000000000
96172  -54.513  -0.094  5.977 0.0000000000
95282  -55.601  -0.141  4.029 0.0000000000
97135  -55.666  0.938  2.967 0.0000000000
97133  -54.405  1.815  2.262 0.0000000000
97131  -52.569  2.189  1.870 0.0000000000
97121  -53.581  2.006  3.116 0.0000000000
97996  -53.177  2.157  4.195 0.0000000000
97984  -51.755  2.886  5.522 0.0000000000
98726  -54.511  3.181  7.995 0.0000000000
97959  -53.539  2.956  7.401 0.0000000000
97971  -51.457  3.119  6.456 0.0000000000
97957  -51.091  3.061  7.355 0.0000000000
97944  -50.637  2.748  8.214 0.0000000000
97932  -50.056  2.391  9.072 0.0000000000
88762  -41.420  -7.785  7.230 0.0000000000
89702  -42.093  -6.659  6.399 0.0000000000
89685  -41.837  -6.279  8.218 0.0000000000
90617  -42.978  -5.297  9.039 0.0000000000
91542  -44.081  -4.751  9.329 0.0000000000
89676  -44.280  -6.475  10.659 0.0000000000
90606  -44.567  -5.571  10.319 0.0000000000
91536  -44.989  -4.831  9.990 0.0000000000
92438  -47.165  -3.951  10.251 0.0000000000
91539  -48.035  -4.171  11.033 0.0000000000
92441  -49.572  -3.567  11.202 0.0000000000
89664  -48.668  -6.708  13.006 0.0000000000
90594  -49.734  -5.611  13.009 0.0000000000
91533  -50.134  -4.365  12.148 0.0000000000
92434  -50.642  -3.885  12.031 0.0000000000
92435  -51.580  -3.667  12.295 0.0000000000
93391  -52.919  -3.047  12.896 0.0000000000
93387  -53.711  -2.625  13.391 0.0000000000
87819  -53.748  -8.178  3.480 0.0000000000
86868  -52.381  -9.150  3.597 0.0000000000
87761  -54.000  -8.666  7.306 0.0000000000
87775  -53.902  -8.406  6.718 0.0000000000
87792  -53.345  -8.500  6.151 0.0000000000
86853  -52.368  -9.078  4.700 0.0000000000
85958  -51.141  -10.229  3.310 0.0000000000
85942  -49.970  -10.766  4.389 0.0000000000
85941  -49.058  -11.108  4.380 0.0000000000
85939  -47.173  -11.062  4.466 0.0000000000
85906  -48.524  -11.261  5.724 0.0000000000
85922  -47.003  -11.166  5.306 0.0000000000
85938  -46.294  -10.724  4.680 0.0000000000
85920  -45.071  -10.229  5.487 0.0000000000
80197  -50.487  -16.451  13.385 0.0000000000
79316  -47.658  -17.565  10.949 0.0000000000
79303  -49.028  -17.120  11.519 0.0000000000
80216  -50.852  -16.224  11.564 0.0000000000
80228  -51.093  -15.923  10.861 0.0000000000
81191  -51.163  -15.210  9.538 0.0000000000
82114  -50.690  -14.330  8.751 0.0000000000
82113  -49.496  -14.242  8.319 0.0000000000
83040  -47.816  -13.386  7.575 0.0000000000
83039  -46.922  -13.450  7.303 0.0000000000
86820  -42.170  -9.299  6.743 0.0000000000
87760  -41.202  -8.632  7.477 0.0000000000
88750  -40.895  -8.390  8.377 0.0000000000
86795  -40.936  -8.940  9.673 0.0000000000
86776  -41.573  -9.434  11.146 0.0000000000
88880  -55.669  -6.997  -2.440 0.0000000000
88893  -55.524  -6.534  -3.104 0.0000000000
89831  -54.963  -5.916  -4.116 0.0000000000
86906  -50.476  -9.763  0.509 0.0000000000
87875  -51.687  -8.807  -0.314 0.0000000000
88858  -49.283  -7.934  -1.918 0.0000000000
88875  -51.012  -7.487  -2.347 0.0000000000
88876  -52.114  -6.804  -2.463 0.0000000000
89819  -53.312  -5.288  -3.163 0.0000000000
91647  -53.657  -4.286  -4.110 0.0000000000
90725  -54.066  -4.884  -5.226 0.0000000000
90736  -52.278  -5.009  -5.779 0.0000000000
90735  -51.175  -5.190  -6.344 0.0000000000
90752  -50.781  -4.681  -6.744 0.0000000000
91673  -49.515  -3.587  -5.873 0.0000000000
92576  -50.226  -3.603  -6.994 0.0000000000
91705  -49.639  -4.464  -7.599 0.0000000000
91703  -48.130  -4.202  -8.149 0.0000000000
91702  -47.591  -3.700  -8.127 0.0000000000
92585  -46.601  -3.383  -7.513 0.0000000000
90638  -42.910  -5.535  5.714 0.0000000000
91576  -43.729  -4.765  5.338 0.0000000000
91585  -44.789  -4.687  4.347 0.0000000000
92474  -45.393  -3.193  6.390 0.0000000000
92488  -45.581  -3.880  4.496 0.0000000000
91593  -45.850  -4.718  3.415 0.0000000000
91594  -46.466  -4.489  3.066 0.0000000000
91603  -47.190  -4.241  1.672 0.0000000000
92510  -47.675  -3.660  1.187 0.0000000000
94358  -49.732  -1.173  7.332 0.0000000000
94369  -49.850  -0.994  6.034 0.0000000000
94380  -49.797  -1.086  4.897 0.0000000000
95265  -51.026  -0.740  3.744 0.0000000000
94392  -50.327  -1.089  3.426 0.0000000000
93480  -49.140  -2.020  3.367 0.0000000000
93497  -48.814  -2.655  1.775 0.0000000000
92520  -48.166  -3.069  0.606 0.0000000000
92529  -47.261  -3.063  -0.604 0.0000000000
93523  -47.108  -2.595  -1.753 0.0000000000
94471  -47.522  -1.023  -4.173 0.0000000000
95357  -49.362  -0.172  -3.103 0.0000000000
95370  -48.291  -0.208  -4.065 0.0000000000
94488  -47.574  -1.022  -6.607 0.0000000000
95397  -47.394  -0.161  -7.158 0.0000000000
94500  -46.317  -1.234  -7.746 0.0000000000
96278  -44.995  0.968  -4.053 0.0000000000
97141  -51.303  1.824  0.746 0.0000000000
97140  -49.993  1.357  0.612 0.0000000000
96224  -47.799  0.291  0.745 0.0000000000
97127  -48.033  1.092  2.527 0.0000000000
96215  -47.518  0.457  1.686 0.0000000000
95334  -46.851  -0.309  -0.151 0.0000000000
95332  -44.921  -0.548  -0.506 0.0000000000
95330  -42.898  -0.358  -0.538 0.0000000000
95313  -41.466  -0.559  0.208 0.0000000000
95264  -43.571  -0.124  4.057 0.0000000000
94398  -42.361  -1.223  3.376 0.0000000000
97921  -49.149  2.121  9.991 0.0000000000
97920  -48.072  2.210  10.474 0.0000000000
97050  -47.047  1.871  9.097 0.0000000000
97061  -45.681  1.520  8.226 0.0000000000
97060  -44.658  1.322  8.273 0.0000000000
88776  -42.404  -7.501  5.898 0.0000000000
89829  -53.386  -6.371  -5.073 0.0000000000
83949  -52.535  -12.360  9.639 0.0000000000
83948  -51.933  -12.720  9.137 0.0000000000
83016  -51.587  -13.368  9.014 0.0000000000
80235  -41.365  -16.412  8.991 0.0000000000
86867  -51.819  -9.725  3.033 0.0000000000
86879  -51.757  -9.624  2.174 0.0000000000
85984  -51.348  -9.878  1.902 0.0000000000
91627  -46.532  -4.490  -0.974 0.0000000000
90687  -46.617  -5.463  -1.582 0.0000000000
93404  -49.248  -3.139  10.573 0.0000000000
93418  -49.674  -2.594  10.110 0.0000000000
97153  -54.188  1.823  0.208 0.0000000000
96229  -54.349  1.253  0.366 0.0000000000
97163  -53.655  1.676  -0.413 0.0000000000
97162  -53.055  1.747  -0.892 0.0000000000
97151  -52.334  1.902  -0.245 0.0000000000
97942  -48.743  2.448  8.105 0.0000000000
97954  -48.218  2.578  7.491 0.0000000000
97077  -48.094  2.382  7.846 0.0000000000
97076  -47.723  2.277  7.619 0.0000000000
97064  -48.166  2.226  8.321 0.0000000000
85953  -46.413  -10.563  3.634 0.0000000000
85966  -46.858  -10.512  2.934 0.0000000000
86866  -45.809  -10.005  3.396 0.0000000000
89735  -45.193  -6.228  2.865 0.0000000000
89744  -45.009  -6.789  2.690 0.0000000000
90659  -45.451  -5.907  2.772 0.0000000000
93393  -54.594  -2.331  12.119 0.0000000000
93400  -54.336  -2.193  11.574 0.0000000000
96151  -56.121  0.430  8.570 0.0000000000
97078  -56.176  1.128  6.919 0.0000000000
97975  -55.731  1.664  6.481 0.0000000000
97961  -55.524  1.932  7.200 0.0000000000
97877  -52.817  3.004  11.975 0.0000000000
88922  -49.727  -6.851  -6.676 0.0000000000
88921  -49.174  -7.262  -6.617 0.0000000000
89851  -48.765  -6.548  -7.121 0.0000000000
89862  -49.203  -5.947  -7.359 0.0000000000
87735  -41.741  -8.078  10.313 0.0000000000
88738  -42.136  -7.135  9.951 0.0000000000
89662  -46.822  -7.076  12.188 0.0000000000
89663  -47.486  -6.699  12.365 0.0000000000
92421  -50.637  -3.653  14.541 0.0000000000
88765  -55.984  -7.143  6.151 0.0000000000
87794  -54.905  -7.537  5.742 0.0000000000
87776  -55.104  -7.764  6.421 0.0000000000
84959  -47.467  -11.771  6.655 0.0000000000
84957  -45.614  -11.383  6.581 0.0000000000
83980  -46.006  -11.919  7.037 0.0000000000
78371  -46.703  -18.685  12.136 0.0000000000
80240  -47.594  -16.884  9.376 0.0000000000
81201  -47.492  -15.718  8.114 0.0000000000
81200  -46.501  -15.843  8.037 0.0000000000
83964  -41.504  -12.303  7.620 0.0000000000
88878  -53.949  -6.275  -2.131 0.0000000000
87858  -48.137  -8.942  -0.114 0.0000000000
87872  -48.609  -8.760  -0.631 0.0000000000
90706  -49.842  -5.720  -3.904 0.0000000000
93565  -48.237  -2.792  -6.249 0.0000000000
91552  -44.314  -3.970  8.102 0.0000000000
92455  -45.093  -3.449  7.873 0.0000000000
93478  -47.871  -3.017  3.857 0.0000000000
93479  -48.497  -2.515  3.679 0.0000000000
95241  -53.161  -0.044  6.346 0.0000000000
95240  -52.195  -0.191  6.172 0.0000000000
94427  -50.858  -0.937  0.633 0.0000000000
94455  -50.026  -0.649  -1.708 0.0000000000
97204  -48.491  1.509  -4.681 0.0000000000
97203  -47.804  1.510  -5.274 0.0000000000
97202  -46.868  1.537  -5.576 0.0000000000
97201  -45.928  1.078  -5.680 0.0000000000
97191  -47.272  1.664  -4.738 0.0000000000
95347  -45.398  -0.197  -1.256 0.0000000000
97118  -50.693  2.273  2.978 0.0000000000
96205  -46.000  0.519  3.037 0.0000000000
95276  -45.661  0.315  3.058 0.0000000000
95286  -44.720  -0.600  2.194 0.0000000000
95285  -44.016  -0.833  2.484 0.0000000000
96170  -43.247  0.723  6.119 0.0000000000
86850  -44.534  -9.132  4.140 0.0000000000
87791  -44.092  -8.740  4.536 0.0000000000
88788  -43.494  -7.419  4.680 0.0000000000
89724  -44.257  -6.530  3.704 0.0000000000
95175  -55.710  -0.685  12.935 0.0000000000
96127  -56.012  0.592  10.211 0.0000000000
97015  -55.789  1.717  10.839 0.0000000000
97904  -55.670  2.717  11.435 0.0000000000
98690  -55.622  3.637  12.477 0.0000000000
97880  -55.530  3.453  11.935 0.0000000000
97879  -54.932  3.574  11.816 0.0000000000
88900  -51.751  -7.518  -5.102 0.0000000000
88913  -50.903  -7.335  -5.648 0.0000000000
86765  -44.002  -9.728  12.083 0.0000000000
84936  -51.465  -11.392  8.498 0.0000000000
84947  -50.493  -11.299  7.978 0.0000000000
83956  -49.691  -12.633  8.185 0.0000000000
83041  -48.623  -13.253  7.829 0.0000000000
81196  -42.425  -15.618  8.143 0.0000000000
81210  -42.021  -14.833  7.841 0.0000000000
81209  -41.501  -14.624  8.053 0.0000000000
83024  -40.691  -13.825  8.242 0.0000000000
82110  -40.546  -14.340  8.550 0.0000000000
82109  -39.950  -14.052  8.835 0.0000000000
82101  -39.510  -14.414  9.304 0.0000000000
89779  -47.208  -7.034  -1.251 0.0000000000
90695  -47.093  -5.611  -2.552 0.0000000000
89813  -48.342  -5.923  -3.401 0.0000000000
90704  -47.825  -5.464  -3.470 0.0000000000
90719  -48.338  -4.833  -4.317 0.0000000000
92545  -46.683  -3.626  -2.633 0.0000000000
92554  -46.879  -3.783  -3.610 0.0000000000
93554  -46.951  -3.054  -3.880 0.0000000000
92564  -47.132  -3.242  -4.234 0.0000000000
92445  -46.748  -3.619  9.590 0.0000000000
92457  -46.699  -3.117  8.847 0.0000000000
92458  -47.322  -3.141  9.260 0.0000000000
94346  -48.494  -2.164  8.560 0.0000000000
94345  -47.881  -2.250  8.170 0.0000000000
93450  -48.299  -1.929  6.577 0.0000000000
95293  -54.875  -0.455  2.805 0.0000000000
95280  -53.961  -0.361  3.603 0.0000000000
96227  -53.311  0.487  -0.241 0.0000000000
96218  -53.253  0.140  0.257 0.0000000000
95321  -52.150  -0.203  -0.140 0.0000000000
95336  -52.189  0.180  -0.981 0.0000000000
95351  -51.873  0.338  -1.679 0.0000000000
96238  -52.314  0.654  -1.485 0.0000000000
97183  -51.565  1.236  -2.243 0.0000000000
96269  -51.428  0.962  -2.535 0.0000000000
97182  -50.961  1.336  -2.700 0.0000000000
97181  -50.250  1.603  -3.371 0.0000000000
97168  -49.875  1.975  -3.179 0.0000000000
96266  -49.409  2.055  -3.257 0.0000000000
96237  -49.810  1.453  -1.491 0.0000000000
96226  -49.485  1.078  -0.369 0.0000000000
97990  -47.427  2.266  5.584 0.0000000000
97991  -48.049  2.532  5.178 0.0000000000
86904  -48.321  -9.677  0.653 0.0000000000
87817  -45.171  -8.641  2.869 0.0000000000
86876  -45.479  -9.032  2.762 0.0000000000
88821  -45.490  -7.397  1.910 0.0000000000
87843  -45.810  -8.024  1.708 0.0000000000
88833  -46.307  -7.341  0.722 0.0000000000
91609  -46.627  -4.744  1.188 0.0000000000
93407  -52.586  -2.374  11.011 0.0000000000
94321  -53.964  -1.767  10.627 0.0000000000
94350  -53.335  -0.600  8.640 0.0000000000
95198  -54.189  -0.749  8.848 0.0000000000
94313  -55.529  -1.192  11.107 0.0000000000
94323  -55.699  -0.919  10.180 0.0000000000
95229  -55.949  -0.285  7.670 0.0000000000
95214  -55.545  -0.523  8.266 0.0000000000
95228  -55.395  -0.404  7.390 0.0000000000
95227  -54.494  -0.250  7.251 0.0000000000
95243  -55.129  -0.281  6.316 0.0000000000
96191  -55.091  -0.288  5.142 0.0000000000
95258  -55.854  -0.118  5.801 0.0000000000
97110  -56.067  1.091  4.675 0.0000000000
97124  -55.899  1.031  3.811 0.0000000000
97123  -55.285  1.521  3.480 0.0000000000
97134  -55.131  1.442  2.584 0.0000000000
97122  -54.515  1.810  3.222 0.0000000000
97107  -53.952  2.001  3.812 0.0000000000
97985  -52.905  2.552  5.378 0.0000000000
97995  -52.029  2.558  4.549 0.0000000000
97947  -54.936  3.083  8.420 0.0000000000
98722  -54.421  3.246  8.471 0.0000000000
97946  -53.092  2.949  8.325 0.0000000000
97945  -51.795  2.841  8.264 0.0000000000
89850  -47.761  -6.233  -7.013 0.0000000000
89849  -47.125  -5.812  -6.820 0.0000000000
89690  -41.430  -7.015  7.698 0.0000000000
89681  -42.805  -6.029  9.606 0.0000000000
90611  -42.726  -5.759  9.259 0.0000000000
90612  -43.354  -5.533  9.592 0.0000000000
91541  -43.364  -5.044  9.133 0.0000000000
90613  -44.037  -5.324  9.905 0.0000000000
89669  -44.643  -6.959  11.108 0.0000000000
90599  -46.145  -5.923  11.252 0.0000000000
89677  -44.916  -6.018  10.728 0.0000000000
90607  -45.503  -5.475  10.715 0.0000000000
91537  -46.210  -4.429  10.161 0.0000000000
91538  -47.369  -4.543  10.947 0.0000000000
92440  -48.623  -3.722  10.961 0.0000000000
92432  -49.180  -4.144  11.516 0.0000000000
90582  -49.625  -5.495  14.578 0.0000000000
89659  -48.964  -6.900  13.888 0.0000000000
89660  -49.325  -6.234  13.477 0.0000000000
89665  -49.241  -6.157  13.014 0.0000000000
91523  -50.767  -4.719  13.660 0.0000000000
91527  -50.487  -4.708  12.764 0.0000000000
92428  -51.113  -4.110  12.619 0.0000000000
92426  -52.239  -3.111  13.845 0.0000000000
92430  -52.297  -3.374  13.277 0.0000000000
93386  -52.906  -2.731  13.577 0.0000000000
88791  -55.122  -7.205  4.167 0.0000000000
87806  -53.818  -8.047  4.473 0.0000000000
87818  -53.085  -8.603  4.084 0.0000000000
86814  -53.809  -9.042  7.814 0.0000000000
86826  -53.669  -8.730  7.189 0.0000000000
87774  -53.420  -8.581  6.598 0.0000000000
86852  -51.687  -9.705  4.069 0.0000000000
85957  -50.282  -10.623  3.442 0.0000000000
85940  -48.120  -11.146  4.401 0.0000000000
84946  -49.317  -11.374  7.285 0.0000000000
84961  -49.132  -11.174  6.600 0.0000000000
84960  -48.492  -11.415  6.400 0.0000000000
84973  -46.924  -11.366  5.978 0.0000000000
85937  -45.544  -10.266  4.909 0.0000000000
82094  -52.497  -14.482  10.619 0.0000000000
79291  -48.245  -17.628  12.740 0.0000000000
79284  -48.906  -17.192  13.348 0.0000000000
80196  -49.610  -16.822  12.871 0.0000000000
80225  -48.877  -16.993  10.253 0.0000000000
79317  -48.663  -17.198  10.777 0.0000000000
80214  -49.435  -16.859  11.267 0.0000000000
80215  -50.006  -16.579  11.327 0.0000000000
80227  -50.501  -16.103  10.422 0.0000000000
80255  -49.606  -15.839  8.807 0.0000000000
80243  -50.455  -15.842  9.693 0.0000000000
81190  -50.570  -15.389  9.152 0.0000000000
82103  -51.095  -14.895  9.157 0.0000000000
81204  -50.068  -14.999  8.606 0.0000000000
82126  -48.449  -14.247  7.958 0.0000000000
82125  -47.412  -14.253  7.577 0.0000000000
85890  -42.215  -10.813  7.251 0.0000000000
84954  -43.268  -10.816  6.815 0.0000000000
85901  -42.568  -10.227  6.938 0.0000000000
86811  -41.559  -9.350  7.166 0.0000000000
85888  -40.688  -10.395  7.904 0.0000000000
83955  -40.124  -12.355  8.356 0.0000000000
84934  -40.332  -11.363  8.295 0.0000000000
84933  -39.860  -11.796  8.780 0.0000000000
85863  -40.623  -10.138  10.523 0.0000000000
86785  -40.648  -9.711  9.993 0.0000000000
85864  -41.207  -9.776  11.073 0.0000000000
88864  -56.071  -7.340  -1.514 0.0000000000
90698  -55.148  -5.514  -2.874 0.0000000000
89821  -55.546  -6.213  -2.891 0.0000000000
90712  -55.396  -5.722  -3.030 0.0000000000
89820  -55.378  -6.042  -3.417 0.0000000000
90711  -54.909  -5.182  -3.593 0.0000000000
85996  -50.134  -10.187  1.002 0.0000000000
85997  -50.587  -9.972  1.034 0.0000000000
87874  -50.507  -8.924  -0.815 0.0000000000
88873  -48.996  -7.448  -2.317 0.0000000000
88889  -51.300  -6.756  -3.024 0.0000000000
89803  -52.913  -5.987  -2.824 0.0000000000
89802  -52.204  -6.163  -3.036 0.0000000000
90723  -52.551  -4.248  -4.367 0.0000000000
90709  -53.029  -4.604  -3.683 0.0000000000
91664  -54.060  -4.376  -4.667 0.0000000000
91677  -53.519  -4.332  -5.238 0.0000000000
90737  -53.270  -4.841  -5.603 0.0000000000
91676  -52.728  -4.327  -5.405 0.0000000000
91690  -50.948  -4.359  -6.416 0.0000000000
91660  -50.082  -4.083  -5.243 0.0000000000
92586  -49.062  -2.986  -7.236 0.0000000000
92575  -49.740  -3.308  -6.729 0.0000000000
92588  -50.042  -3.894  -7.356 0.0000000000
92604  -49.547  -3.884  -7.689 0.0000000000
91704  -49.073  -4.316  -7.956 0.0000000000
93590  -47.899  -2.194  -7.878 0.0000000000
92602  -47.851  -3.084  -8.205 0.0000000000
92601  -47.177  -3.234  -8.035 0.0000000000
93574  -46.786  -2.782  -7.895 0.0000000000
90631  -42.462  -5.637  6.738 0.0000000000
90637  -42.455  -6.075  6.097 0.0000000000
90632  -42.849  -5.134  6.385 0.0000000000
91570  -44.169  -4.142  5.854 0.0000000000
91584  -44.183  -4.915  4.664 0.0000000000
91577  -44.574  -4.250  5.058 0.0000000000
93429  -46.116  -2.759  7.565 0.0000000000
93439  -46.045  -2.762  6.745 0.0000000000
92482  -46.078  -3.285  4.949 0.0000000000
91586  -45.501  -4.433  3.979 0.0000000000
91587  -46.149  -4.220  3.665 0.0000000000
92494  -46.596  -3.928  3.595 0.0000000000
91595  -47.131  -4.182  2.516 0.0000000000
91610  -47.120  -4.122  0.820 0.0000000000
94334  -51.912  -1.362  9.558 0.0000000000
94370  -50.471  -0.676  6.128 0.0000000000
95279  -52.915  -0.387  3.300 0.0000000000
95266  -51.925  -0.519  4.094 0.0000000000
95278  -51.908  -0.643  3.015 0.0000000000
94402  -50.405  -1.207  2.637 0.0000000000
94401  -49.665  -1.585  3.183 0.0000000000
93489  -49.203  -2.086  2.869 0.0000000000
93498  -49.318  -2.106  2.016 0.0000000000
93514  -48.663  -2.299  -0.164 0.0000000000
93505  -48.789  -2.586  0.865 0.0000000000
92530  -47.912  -2.895  -0.069 0.0000000000
92538  -47.131  -2.783  -1.279 0.0000000000
95358  -50.334  0.339  -3.099 0.0000000000
95348  -49.856  -0.366  -2.444 0.0000000000
96293  -48.326  1.058  -5.091 0.0000000000
95381  -47.954  0.062  -5.123 0.0000000000
96312  -46.180  0.096  -7.626 0.0000000000
96313  -46.712  0.121  -7.747 0.0000000000
94493  -45.732  -1.403  -7.056 0.0000000000
94487  -45.267  -1.516  -6.178 0.0000000000
96279  -46.529  1.371  -3.982 0.0000000000
96262  -44.389  0.589  -2.915 0.0000000000
97142  -52.428  2.084  0.817 0.0000000000
97130  -51.482  2.120  1.861 0.0000000000
97139  -49.137  0.976  1.168 0.0000000000
96217  -49.138  0.895  0.574 0.0000000000
96216  -48.455  0.705  1.243 0.0000000000
97105  -48.358  2.250  4.255 0.0000000000
97106  -49.013  2.494  4.173 0.0000000000
96214  -46.925  0.474  2.168 0.0000000000
95319  -47.153  -0.082  0.599 0.0000000000
95318  -46.334  -0.415  0.568 0.0000000000
95317  -45.380  -0.679  0.405 0.0000000000
94435  -43.781  -0.839  0.907 0.0000000000
95314  -42.458  -0.596  0.203 0.0000000000
94433  -42.066  -0.872  0.952 0.0000000000
94422  -41.766  -1.224  1.731 0.0000000000
94408  -41.556  -1.488  2.606 0.0000000000
96188  -44.504  0.652  4.497 0.0000000000
96196  -44.037  0.165  4.032 0.0000000000
95263  -42.781  -0.528  4.305 0.0000000000
94389  -41.989  -1.207  4.080 0.0000000000
97919  -47.191  2.273  10.590 0.0000000000
97035  -47.510  2.045  9.817 0.0000000000
97034  -46.690  1.959  9.906 0.0000000000
97033  -45.826  1.830  10.019 0.0000000000
87790  -43.599  -8.559  5.161 0.0000000000
89713  -43.138  -6.475  5.002 0.0000000000
96105  -55.390  0.382  13.671 0.0000000000
97002  -55.392  1.677  12.923 0.0000000000
98680  -55.517  3.861  13.169 0.0000000000
85842  -44.255  -10.330  12.386 0.0000000000
83959  -51.868  -12.053  9.050 0.0000000000
83026  -50.070  -13.337  8.430 0.0000000000
81194  -40.547  -14.906  8.792 0.0000000000
81187  -40.197  -15.383  9.131 0.0000000000
87832  -53.056  -8.699  3.051 0.0000000000
87845  -52.984  -8.772  2.010 0.0000000000
86894  -52.180  -9.183  1.666 0.0000000000
86908  -51.882  -9.169  0.995 0.0000000000
89788  -46.823  -6.147  -1.581 0.0000000000
90694  -46.688  -5.043  -2.280 0.0000000000
91638  -46.823  -4.589  -2.969 0.0000000000
92447  -48.284  -3.403  10.355 0.0000000000
93416  -47.883  -2.918  9.353 0.0000000000
94331  -48.617  -2.422  9.244 0.0000000000
94347  -49.561  -1.566  8.551 0.0000000000
96221  -55.201  0.439  1.892 0.0000000000
95307  -54.811  -0.123  1.844 0.0000000000
96220  -54.532  0.672  0.923 0.0000000000
96228  -53.927  1.073  -0.208 0.0000000000
96239  -52.879  0.984  -1.084 0.0000000000
96254  -52.100  0.954  -1.925 0.0000000000
97171  -51.980  1.400  -1.785 0.0000000000
97170  -51.216  1.530  -2.204 0.0000000000
97160  -51.351  1.589  -1.468 0.0000000000
97968  -48.439  2.895  6.699 0.0000000000
97979  -47.342  2.276  6.264 0.0000000000
97085  -46.990  2.028  6.745 0.0000000000
97075  -47.074  1.934  7.579 0.0000000000
97062  -46.619  1.728  8.289 0.0000000000
85955  -48.374  -11.016  3.517 0.0000000000
85967  -47.639  -10.644  2.660 0.0000000000
86878  -46.939  -10.283  2.417 0.0000000000
88810  -44.775  -7.420  2.891 0.0000000000
87829  -44.994  -8.062  2.678 0.0000000000
89757  -45.670  -6.726  1.700 0.0000000000
89746  -45.824  -6.099  1.869 0.0000000000
93399  -53.657  -2.347  11.491 0.0000000000
95188  -56.192  -0.208  9.332 0.0000000000
95201  -56.079  -0.490  9.128 0.0000000000
96152  -56.237  -0.116  8.809 0.0000000000
96173  -56.318  0.441  6.253 0.0000000000
97098  -56.147  1.120  5.521 0.0000000000
97097  -55.648  1.608  5.086 0.0000000000
97096  -55.040  1.901  4.819 0.0000000000
97987  -55.137  1.978  5.419 0.0000000000
97936  -54.544  3.241  9.211 0.0000000000
97935  -53.522  3.026  9.285 0.0000000000
97934  -52.405  2.722  9.221 0.0000000000
97923  -51.748  2.522  10.174 0.0000000000
89860  -48.197  -5.601  -7.496 0.0000000000
88744  -41.193  -7.741  8.953 0.0000000000
89679  -41.550  -7.156  9.154 0.0000000000
89674  -42.478  -6.872  9.987 0.0000000000
89675  -43.104  -6.447  10.116 0.0000000000
88717  -45.408  -7.728  12.085 0.0000000000
88728  -45.739  -7.274  11.820 0.0000000000
89671  -46.499  -6.603  11.778 0.0000000000
90600  -46.849  -5.752  11.587 0.0000000000
90601  -47.688  -5.565  11.932 0.0000000000
90602  -48.713  -5.366  12.222 0.0000000000
90587  -49.841  -5.700  13.825 0.0000000000
90588  -50.314  -5.126  14.110 0.0000000000
91524  -51.217  -4.320  13.311 0.0000000000
92429  -51.683  -3.951  12.963 0.0000000000
91521  -51.252  -4.195  13.855 0.0000000000
88779  -55.127  -7.307  5.137 0.0000000000
86812  -51.832  -9.928  7.599 0.0000000000
86840  -52.503  -8.966  5.872 0.0000000000
85926  -50.463  -10.422  5.335 0.0000000000
85907  -49.154  -11.059  6.006 0.0000000000
85905  -45.878  -11.107  6.227 0.0000000000
79331  -48.589  -17.062  10.187 0.0000000000
80254  -49.074  -16.063  8.773 0.0000000000
81203  -49.387  -15.283  8.513 0.0000000000
81202  -48.472  -15.352  8.280 0.0000000000
83965  -42.467  -12.275  7.356 0.0000000000
84942  -42.784  -11.300  7.115 0.0000000000
85889  -41.582  -10.346  7.387 0.0000000000
89791  -55.215  -6.376  -1.844 0.0000000000
89805  -54.900  -5.751  -2.455 0.0000000000
86919  -49.065  -9.381  -0.164 0.0000000000
87887  -49.970  -8.392  -1.649 0.0000000000
89801  -49.334  -7.211  -2.706 0.0000000000
89815  -49.683  -6.810  -3.194 0.0000000000
89816  -50.662  -6.319  -3.477 0.0000000000
89817  -51.656  -5.932  -3.409 0.0000000000
89818  -52.530  -5.483  -3.344 0.0000000000
91662  -52.201  -4.152  -5.073 0.0000000000
91671  -48.015  -3.534  -5.304 0.0000000000
93591  -48.500  -2.530  -7.529 0.0000000000
91568  -42.878  -4.915  6.862 0.0000000000
91563  -44.062  -3.960  6.816 0.0000000000
92473  -44.716  -3.614  6.142 0.0000000000
93448  -46.731  -2.563  6.173 0.0000000000
93469  -46.860  -3.159  4.464 0.0000000000
92490  -47.036  -3.268  4.131 0.0000000000
92504  -48.294  -3.199  2.451 0.0000000000
95210  -52.037  -0.436  7.830 0.0000000000
95224  -51.520  -0.344  7.052 0.0000000000
95239  -51.110  -0.430  5.981 0.0000000000
94414  -51.282  -0.736  1.148 0.0000000000
94413  -50.692  -1.092  1.754 0.0000000000
94426  -50.026  -1.605  1.374 0.0000000000
93515  -49.308  -2.019  0.316 0.0000000000
93525  -48.378  -1.906  -0.913 0.0000000000
94444  -48.848  -1.639  -0.838 0.0000000000
94464  -48.653  -0.595  -2.803 0.0000000000
96283  -49.644  1.220  -4.225 0.0000000000
96282  -48.921  1.196  -4.532 0.0000000000
96292  -47.802  0.887  -5.841 0.0000000000
96300  -47.385  0.701  -6.683 0.0000000000
97216  -46.989  1.101  -6.829 0.0000000000
97215  -46.496  1.013  -7.025 0.0000000000
96305  -45.718  0.391  -6.996 0.0000000000
96304  -45.269  0.134  -6.300 0.0000000000
96299  -45.526  0.605  -6.150 0.0000000000
96291  -45.307  0.612  -5.521 0.0000000000
96200  -46.949  0.993  3.163 0.0000000000
95288  -46.510  0.322  2.240 0.0000000000
95300  -45.657  -0.442  1.407 0.0000000000
94425  -44.181  -0.853  1.461 0.0000000000
94424  -43.517  -0.986  1.544 0.0000000000
94410  -43.411  -1.061  2.365 0.0000000000
94399  -43.080  -1.102  3.037 0.0000000000
97092  -44.163  0.970  5.444 0.0000000000
96187  -43.619  0.316  4.587 0.0000000000
95251  -42.579  -0.217  5.117 0.0000000000
96177  -42.052  0.061  6.129 0.0000000000
86864  -44.644  -8.799  3.654 0.0000000000
88799  -44.385  -7.418  3.441 0.0000000000
90652  -44.636  -5.988  3.514 0.0000000000
93389  -55.136  -2.206  12.630 0.0000000000
94306  -55.390  -1.758  13.359 0.0000000000
96140  -55.984  0.723  9.369 0.0000000000
97053  -55.738  1.504  8.868 0.0000000000
97948  -55.416  2.280  8.187 0.0000000000
97902  -54.505  3.173  11.072 0.0000000000
97878  -53.971  3.249  11.900 0.0000000000
89853  -50.183  -6.351  -6.702 0.0000000000
86777  -42.216  -9.031  11.302 0.0000000000
87729  -43.041  -8.173  11.254 0.0000000000
87730  -43.945  -8.317  11.649 0.0000000000
87731  -44.503  -8.490  11.990 0.0000000000
86766  -44.559  -9.347  12.224 0.0000000000
87720  -45.276  -8.404  12.300 0.0000000000
85882  -51.534  -10.643  8.173 0.0000000000
85893  -51.160  -10.355  7.562 0.0000000000
83970  -47.341  -12.570  7.184 0.0000000000
79300  -46.668  -18.424  11.687 0.0000000000
78384  -45.443  -18.463  11.134 0.0000000000
79314  -45.259  -17.979  10.392 0.0000000000
79328  -45.957  -17.460  9.886 0.0000000000
80238  -45.581  -17.011  9.153 0.0000000000
83034  -42.007  -13.232  7.528 0.0000000000
83963  -40.677  -12.256  7.905 0.0000000000
83033  -40.983  -13.295  7.871 0.0000000000
87885  -48.336  -8.143  -1.157 0.0000000000
88856  -47.786  -7.486  -1.368 0.0000000000
88872  -48.235  -7.075  -2.141 0.0000000000
90720  -49.413  -4.850  -4.525 0.0000000000
91658  -47.955  -4.036  -4.832 0.0000000000
92565  -47.587  -3.202  -4.975 0.0000000000
91543  -45.310  -3.979  9.157 0.0000000000
92456  -45.799  -3.219  8.329 0.0000000000
93431  -47.566  -2.615  8.656 0.0000000000
93441  -47.409  -2.287  7.774 0.0000000000
93449  -47.660  -2.165  6.737 0.0000000000
93460  -48.259  -1.961  5.959 0.0000000000
95291  -52.875  -0.377  2.164 0.0000000000
95306  -53.900  -0.116  1.378 0.0000000000
95304  -51.951  -0.418  0.714 0.0000000000
95320  -51.504  -0.500  -0.308 0.0000000000
94446  -50.613  -0.627  -1.279 0.0000000000
95350  -51.195  -0.075  -1.935 0.0000000000
95359  -51.081  0.442  -2.619 0.0000000000
96267  -50.260  1.134  -3.744 0.0000000000
97194  -49.885  1.701  -4.017 0.0000000000
96281  -48.437  2.030  -4.051 0.0000000000
96265  -48.634  1.846  -3.409 0.0000000000
96253  -50.076  1.672  -2.149 0.0000000000
96235  -47.626  0.243  -0.573 0.0000000000
97983  -50.681  3.090  5.598 0.0000000000
97993  -49.977  2.941  4.815 0.0000000000
97981  -48.686  3.006  5.798 0.0000000000
97115  -46.649  1.274  3.772 0.0000000000
97114  -46.095  0.983  3.802 0.0000000000
96198  -45.609  0.619  3.605 0.0000000000
96189  -45.156  0.725  4.208 0.0000000000
97102  -45.079  0.947  4.601 0.0000000000
97093  -44.808  1.260  5.162 0.0000000000
97082  -44.127  1.207  6.162 0.0000000000
97072  -43.953  1.196  7.384 0.0000000000
85970  -50.539  -10.440  2.506 0.0000000000
85982  -49.903  -10.471  1.705 0.0000000000
85995  -49.344  -10.219  1.052 0.0000000000
87857  -47.517  -8.761  0.148 0.0000000000
87831  -46.032  -8.703  1.838 0.0000000000
86889  -46.515  -9.139  1.469 0.0000000000
86902  -46.628  -8.729  0.979 0.0000000000
87870  -47.135  -8.075  -0.216 0.0000000000
89768  -46.347  -6.420  0.191 0.0000000000
93419  -50.177  -2.515  10.230 0.0000000000
94318  -51.031  -2.429  10.517 0.0000000000
94320  -52.791  -1.815  10.339 0.0000000000
94349  -52.384  -0.713  8.674 0.0000000000
95211  -52.934  -0.400  7.917 0.0000000000
95226  -53.506  -0.155  7.187 0.0000000000
94322  -55.032  -1.426  10.405 0.0000000000
95200  -55.714  -0.751  8.966 0.0000000000
95199  -55.088  -0.928  8.881 0.0000000000
95256  -53.767  0.080  5.758 0.0000000000
96190  -54.698  -0.220  5.179 0.0000000000
95281  -54.917  -0.418  3.841 0.0000000000
95294  -55.564  -0.247  3.108 0.0000000000
96192  -56.052  0.375  4.308 0.0000000000
96201  -55.962  0.303  3.400 0.0000000000
96209  -55.660  0.315  2.591 0.0000000000
97146  -55.382  0.865  2.285 0.0000000000
97145  -54.919  1.254  1.626 0.0000000000
97144  -54.337  1.927  1.236 0.0000000000
97143  -53.476  2.192  0.952 0.0000000000
97132  -53.545  2.113  2.023 0.0000000000
97120  -52.744  2.166  2.823 0.0000000000
97997  -53.968  2.089  4.331 0.0000000000
98004  -52.284  2.321  3.621 0.0000000000
97960  -54.670  2.810  7.467 0.0000000000
98730  -54.270  3.089  7.756 0.0000000000
98725  -53.988  3.243  8.088 0.0000000000
97972  -52.613  2.881  6.424 0.0000000000
97970  -50.369  3.166  6.490 0.0000000000
97956  -50.020  2.976  7.357 0.0000000000
97943  -49.617  2.598  8.150 0.0000000000
97931  -49.142  2.237  8.813 0.0000000000
88763  -41.844  -7.656  6.514 0.0000000000
89701  -41.633  -7.051  6.976 0.0000000000
89691  -41.903  -6.348  7.275 0.0000000000
90624  -42.325  -5.674  7.751 0.0000000000
90616  -42.517  -5.622  8.609 0.0000000000
91550  -42.661  -5.264  8.102 0.0000000000
91551  -43.189  -4.848  8.438 0.0000000000
88725  -43.218  -7.584  10.955 0.0000000000
88733  -43.537  -7.140  10.730 0.0000000000
91535  -44.406  -5.087  9.926 0.0000000000
91544  -46.088  -3.876  9.520 0.0000000000
92439  -47.845  -3.836  10.602 0.0000000000
90593  -49.048  -5.907  12.686 0.0000000000
90603  -49.382  -5.374  12.502 0.0000000000
91526  -49.802  -5.138  12.580 0.0000000000
91532  -49.508  -4.752  12.095 0.0000000000
92433  -49.867  -4.042  11.750 0.0000000000
92442  -50.215  -3.579  11.441 0.0000000000
93396  -50.620  -3.443  11.450 0.0000000000
93397  -51.235  -3.335  11.561 0.0000000000
92436  -52.221  -3.470  12.674 0.0000000000
93384  -54.310  -2.290  13.903 0.0000000000
93383  -53.619  -2.199  14.097 0.0000000000
88790  -54.373  -7.615  3.820 0.0000000000
85956  -49.351  -10.930  3.488 0.0000000000
84975  -48.171  -11.354  5.806 0.0000000000
85923  -47.926  -11.242  5.249 0.0000000000
86838  -45.026  -9.933  4.997 0.0000000000
86836  -43.946  -9.162  5.338 0.0000000000
86822  -43.818  -9.437  5.754 0.0000000000
82105  -52.409  -13.979  9.872 0.0000000000
80189  -50.198  -16.420  14.443 0.0000000000
80198  -51.098  -16.193  13.032 0.0000000000
79302  -48.305  -17.426  11.732 0.0000000000
80205  -49.546  -16.857  11.940 0.0000000000
80206  -50.246  -16.589  12.268 0.0000000000
80207  -50.862  -16.316  12.525 0.0000000000
81161  -51.475  -15.848  12.390 0.0000000000
81168  -51.526  -15.696  11.244 0.0000000000
81178  -51.387  -15.462  10.266 0.0000000000
82093  -51.976  -14.989  10.229 0.0000000000
82104  -51.712  -14.455  9.497 0.0000000000
82115  -51.256  -13.871  8.918 0.0000000000
82127  -48.973  -13.741  8.061 0.0000000000
82112  -48.952  -14.778  8.264 0.0000000000
83969  -46.436  -12.673  7.106 0.0000000000
81214  -45.981  -15.120  7.597 0.0000000000
82123  -45.497  -14.278  7.372 0.0000000000
83038  -45.994  -13.468  7.175 0.0000000000
83968  -45.554  -12.613  7.118 0.0000000000
86821  -42.946  -9.395  6.333 0.0000000000
87771  -41.693  -8.538  6.823 0.0000000000
88751  -41.051  -7.906  8.092 0.0000000000
87759  -40.803  -8.754  8.072 0.0000000000
88743  -40.978  -8.193  8.633 0.0000000000
87743  -41.132  -8.379  9.534 0.0000000000
86794  -40.641  -9.407  9.375 0.0000000000
86786  -41.218  -9.136  10.387 0.0000000000
86787  -41.820  -8.613  10.745 0.0000000000
85854  -42.839  -9.874  11.926 0.0000000000
85853  -41.804  -9.915  11.678 0.0000000000
85840  -42.487  -10.615  12.209 0.0000000000
85841  -43.415  -10.590  12.299 0.0000000000
88879  -55.384  -7.567  -2.826 0.0000000000
88892  -55.035  -7.097  -3.544 0.0000000000
88903  -54.619  -6.507  -4.262 0.0000000000
89830  -54.282  -5.893  -4.814 0.0000000000
86892  -50.931  -9.780  1.025 0.0000000000
86907  -51.307  -9.386  0.566 0.0000000000
86921  -50.805  -9.358  -0.108 0.0000000000
87886  -49.028  -8.361  -1.358 0.0000000000
88874  -49.902  -7.604  -2.447 0.0000000000
88860  -51.707  -7.649  -1.813 0.0000000000
88877  -53.289  -6.491  -2.206 0.0000000000
89804  -54.005  -5.626  -2.639 0.0000000000
90696  -54.255  -5.192  -2.958 0.0000000000
90710  -54.053  -4.878  -3.334 0.0000000000
91648  -54.374  -4.546  -4.011 0.0000000000
91665  -54.436  -4.645  -4.336 0.0000000000
89842  -53.641  -5.508  -5.358 0.0000000000
89841  -52.855  -5.722  -5.541 0.0000000000
90734  -50.630  -5.788  -6.636 0.0000000000
90751  -50.271  -5.264  -7.120 0.0000000000
91689  -50.585  -4.162  -6.998 0.0000000000
91706  -50.081  -4.440  -7.364 0.0000000000
90750  -49.627  -5.699  -7.318 0.0000000000
90765  -49.374  -5.188  -7.551 0.0000000000
90764  -48.556  -5.060  -7.749 0.0000000000
90763  -47.940  -5.206  -7.618 0.0000000000
91688  -47.669  -4.741  -7.684 0.0000000000
91687  -47.198  -4.267  -7.586 0.0000000000
89712  -42.577  -6.590  5.667 0.0000000000
90643  -43.617  -5.563  4.779 0.0000000000
90645  -44.978  -5.012  3.895 0.0000000000
93447  -46.021  -2.998  5.805 0.0000000000
92481  -45.422  -3.532  5.224 0.0000000000
91578  -45.158  -4.123  4.598 0.0000000000
90654  -45.881  -5.039  3.097 0.0000000000
91602  -46.583  -4.766  2.120 0.0000000000
91619  -46.988  -3.933  0.337 0.0000000000
94379  -48.994  -1.562  5.460 0.0000000000
94390  -49.050  -1.731  4.430 0.0000000000
95253  -50.826  -0.647  4.886 0.0000000000
95277  -51.032  -0.880  2.839 0.0000000000
94381  -50.300  -0.933  4.181 0.0000000000
94391  -49.701  -1.363  3.971 0.0000000000
93488  -48.752  -2.623  2.654 0.0000000000
92511  -48.296  -3.206  1.507 0.0000000000
92519  -47.444  -3.510  0.327 0.0000000000
93533  -46.904  -2.725  -2.442 0.0000000000
93524  -47.683  -2.122  -1.357 0.0000000000
94478  -47.459  -1.053  -5.406 0.0000000000
95356  -48.675  -0.321  -3.408 0.0000000000
95371  -49.046  0.472  -3.963 0.0000000000
94494  -47.482  -1.156  -7.521 0.0000000000
94502  -47.276  -1.390  -7.948 0.0000000000
96314  -46.996  0.090  -7.815 0.0000000000
95404  -47.082  -0.381  -7.864 0.0000000000
94501  -46.865  -1.187  -8.059 0.0000000000
93573  -46.315  -2.308  -7.540 0.0000000000
96225  -48.578  0.635  0.094 0.0000000000
97117  -49.321  2.102  3.390 0.0000000000
96208  -48.068  0.814  2.066 0.0000000000
95333  -46.067  -0.441  -0.523 0.0000000000
95331  -43.880  -0.472  -0.532 0.0000000000
95316  -44.344  -0.728  0.366 0.0000000000
95329  -41.949  -0.257  -0.526 0.0000000000
94432  -41.016  -0.960  0.985 0.0000000000
95273  -43.018  -0.840  3.500 0.0000000000
94378  -40.798  -1.229  5.167 0.0000000000
98687  -53.336  3.513  12.664 0.0000000000
97899  -51.079  2.437  11.180 0.0000000000
97898  -49.870  2.330  11.190 0.0000000000
97897  -48.667  2.539  11.315 0.0000000000
97036  -48.225  2.082  9.687 0.0000000000
97051  -47.824  2.011  9.055 0.0000000000
97049  -46.200  1.659  9.141 0.0000000000
79318  -49.164  -17.022  11.016 0.0000000000
81177  -50.823  -15.620  9.812 0.0000000000
82111  -41.098  -14.253  8.154 0.0000000000
88731  -41.973  -7.497  10.151 0.0000000000
88734  -44.203  -7.172  11.051 0.0000000000
88859  -51.161  -7.824  -1.895 0.0000000000
90609  -47.204  -5.185  11.422 0.0000000000
90724  -53.114  -4.125  -4.228 0.0000000000
90726  -54.603  -5.018  -4.486 0.0000000000
90766  -49.868  -4.842  -7.440 0.0000000000
91649  -54.616  -4.798  -4.118 0.0000000000
92518  -46.945  -3.725  -0.046 0.0000000000
92605  -49.847  -4.154  -7.514 0.0000000000
93394  -55.104  -2.148  12.223 0.0000000000
93403  -48.684  -3.268  10.440 0.0000000000
93457  -46.027  -3.181  5.262 0.0000000000
93588  -46.661  -1.707  -7.973 0.0000000000
94308  -55.048  -2.107  11.964 0.0000000000
94311  -54.207  -2.070  11.279 0.0000000000
94338  -55.827  -0.773  9.516 0.0000000000
94367  -48.357  -1.896  7.033 0.0000000000
94400  -49.199  -1.844  3.726 0.0000000000
94436  -44.270  -0.810  0.969 0.0000000000
94456  -50.635  -0.387  -1.819 0.0000000000
95187  -56.076  -0.347  9.804 0.0000000000
95202  -56.211  -0.247  9.057 0.0000000000
95216  -56.155  -0.350  8.836 0.0000000000
95242  -54.097  -0.001  6.423 0.0000000000
95252  -50.208  -0.824  5.372 0.0000000000
95257  -55.290  -0.282  5.418 0.0000000000
95269  -55.072  -0.307  4.767 0.0000000000
95270  -55.706  -0.085  4.913 0.0000000000
95302  -47.284  0.194  1.183 0.0000000000
95303  -51.557  -0.545  0.319 0.0000000000
95322  -52.758  -0.004  0.130 0.0000000000
95396  -45.323  -0.545  -6.475 0.0000000000
95403  -46.516  -0.467  -7.834 0.0000000000
96101  -54.982  0.358  14.747 0.0000000000
96128  -56.181  0.143  9.572 0.0000000000
96171  -54.054  0.071  6.030 0.0000000000
96181  -54.337  -0.047  5.549 0.0000000000
96182  -54.851  -0.246  5.591 0.0000000000
96206  -46.564  0.595  2.719 0.0000000000
96298  -44.941  0.173  -5.704 0.0000000000
96306  -46.339  0.595  -7.414 0.0000000000
97052  -48.539  2.099  9.072 0.0000000000
97086  -47.352  2.180  7.201 0.0000000000
97088  -56.121  1.226  6.194 0.0000000000
97108  -54.644  1.918  4.156 0.0000000000
97172  -52.478  1.375  -1.285 0.0000000000
97179  -48.880  2.134  -4.102 0.0000000000
97209  -46.004  1.032  -6.624 0.0000000000
97214  -46.043  0.933  -7.066 0.0000000000
97941  -48.317  2.414  7.946 0.0000000000
97966  -47.327  2.248  6.613 0.0000000000
97967  -47.653  2.454  6.883 0.0000000000
98005  -52.901  2.131  3.453 0.0000000000
98731  -54.510  3.034  7.779 0.0000000000
