#!ascii label  , from subject sub-01 vox2ras=TkReg
1309
48783  -47.023  -48.565  23.553 0.0000000000
41245  -37.945  -54.922  28.471 0.0000000000
58526  -50.867  -38.714  13.242 0.0000000000
47817  -42.744  -49.779  15.388 0.0000000000
53503  -49.024  -42.877  20.033 0.0000000000
41278  -45.955  -54.959  27.065 0.0000000000
37857  -42.860  -59.151  19.577 0.0000000000
40263  -45.269  -56.799  18.751 0.0000000000
35364  -33.979  -59.769  26.299 0.0000000000
64734  -58.906  -32.666  15.995 0.0000000000
43714  -35.579  -52.850  14.449 0.0000000000
48853  -45.211  -48.928  19.549 0.0000000000
51691  -46.060  -45.887  17.701 0.0000000000
51632  -47.637  -45.687  22.054 0.0000000000
44705  -47.676  -52.198  25.392 0.0000000000
41345  -44.996  -55.191  22.956 0.0000000000
44752  -45.114  -52.408  20.788 0.0000000000
43669  -43.759  -53.252  17.134 0.0000000000
68640  -59.043  -28.963  13.871 0.0000000000
40138  -34.431  -56.097  27.728 0.0000000000
40233  -33.518  -56.665  21.317 0.0000000000
42459  -36.721  -53.776  22.212 0.0000000000
56376  -50.672  -40.545  17.303 0.0000000000
41231  -42.037  -55.185  28.496 0.0000000000
41331  -41.040  -55.222  23.826 0.0000000000
37782  -43.074  -57.373  24.262 0.0000000000
37821  -45.198  -59.243  20.800 0.0000000000
31993  -30.321  -63.307  26.504 0.0000000000
56313  -53.459  -40.206  22.019 0.0000000000
57386  -54.899  -39.072  18.264 0.0000000000
60577  -58.395  -36.044  19.116 0.0000000000
59579  -55.296  -36.430  14.045 0.0000000000
63747  -55.422  -32.746  11.981 0.0000000000
36620  -29.386  -59.358  20.612 0.0000000000
41442  -40.210  -55.727  17.607 0.0000000000
48818  -46.166  -48.733  21.673 0.0000000000
50763  -46.673  -46.913  20.702 0.0000000000
50719  -47.263  -46.565  22.636 0.0000000000
46727  -47.707  -50.229  24.988 0.0000000000
44737  -46.636  -52.289  23.237 0.0000000000
46763  -46.171  -50.603  22.328 0.0000000000
46800  -45.065  -50.631  20.581 0.0000000000
58559  -50.686  -38.571  11.155 0.0000000000
59600  -52.216  -37.855  11.332 0.0000000000
41243  -35.697  -54.713  28.545 0.0000000000
42407  -35.495  -54.902  25.700 0.0000000000
42389  -37.793  -54.429  25.982 0.0000000000
49946  -43.161  -47.803  14.577 0.0000000000
53511  -47.690  -43.840  18.761 0.0000000000
53536  -45.973  -44.083  16.163 0.0000000000
54458  -47.794  -42.535  17.462 0.0000000000
55421  -48.484  -41.354  16.537 0.0000000000
55394  -49.328  -41.745  18.606 0.0000000000
41275  -43.615  -55.518  27.470 0.0000000000
37746  -42.629  -56.361  25.798 0.0000000000
40159  -45.072  -56.405  26.120 0.0000000000
41378  -43.660  -55.841  20.835 0.0000000000
40223  -43.540  -56.742  22.237 0.0000000000
39067  -45.486  -58.072  20.117 0.0000000000
44792  -42.856  -51.885  16.136 0.0000000000
57345  -54.139  -39.891  20.310 0.0000000000
60631  -56.943  -36.263  16.204 0.0000000000
61748  -57.276  -35.066  15.198 0.0000000000
61773  -55.448  -34.985  13.091 0.0000000000
64755  -57.044  -33.063  13.520 0.0000000000
68670  -56.785  -28.822  11.599 0.0000000000
33098  -32.252  -62.262  26.410 0.0000000000
34273  -30.390  -61.666  23.438 0.0000000000
36579  -32.283  -59.695  23.989 0.0000000000
42540  -33.961  -54.281  17.903 0.0000000000
41437  -31.293  -55.282  17.440 0.0000000000
43725  -32.179  -53.744  14.038 0.0000000000
39050  -41.663  -57.477  21.104 0.0000000000
41390  -40.105  -55.443  20.473 0.0000000000
39100  -41.632  -57.736  18.623 0.0000000000
48866  -44.098  -48.865  17.936 0.0000000000
49910  -44.331  -47.176  16.730 0.0000000000
50785  -46.054  -47.012  19.230 0.0000000000
50787  -47.294  -45.832  19.913 0.0000000000
52572  -48.651  -43.839  21.188 0.0000000000
43545  -47.287  -53.180  26.034 0.0000000000
41320  -46.224  -55.251  25.293 0.0000000000
42449  -46.867  -53.557  23.942 0.0000000000
42480  -45.714  -53.593  22.023 0.0000000000
42506  -44.302  -54.670  19.611 0.0000000000
41427  -44.386  -55.287  18.104 0.0000000000
44758  -44.213  -52.534  19.032 0.0000000000
46830  -44.084  -50.295  18.745 0.0000000000
65744  -58.874  -31.286  14.963 0.0000000000
68628  -61.153  -28.581  15.816 0.0000000000
38954  -34.918  -57.879  27.320 0.0000000000
36582  -34.230  -58.561  24.235 0.0000000000
40182  -34.462  -56.529  24.570 0.0000000000
41376  -34.991  -54.878  22.111 0.0000000000
43646  -36.100  -53.483  18.469 0.0000000000
51731  -44.595  -45.492  15.485 0.0000000000
56433  -48.532  -40.259  14.261 0.0000000000
57427  -50.888  -39.572  15.139 0.0000000000
40120  -40.063  -55.254  28.783 0.0000000000
41298  -39.451  -54.549  26.465 0.0000000000
41300  -41.537  -55.486  25.963 0.0000000000
39003  -42.177  -56.908  23.956 0.0000000000
37818  -42.980  -58.564  21.377 0.0000000000
39026  -44.002  -56.703  23.730 0.0000000000
37819  -43.613  -58.513  21.374 0.0000000000
35427  -44.191  -60.031  20.451 0.0000000000
50681  -47.726  -46.507  25.498 0.0000000000
42333  -39.052  -54.501  30.929 0.0000000000
42358  -43.028  -54.226  29.160 0.0000000000
43517  -44.300  -53.364  28.186 0.0000000000
51616  -48.774  -44.450  24.040 0.0000000000
52536  -49.797  -43.539  23.091 0.0000000000
53484  -50.413  -42.563  21.896 0.0000000000
55333  -51.956  -40.895  23.163 0.0000000000
55372  -50.820  -41.440  20.675 0.0000000000
56355  -51.688  -40.588  19.265 0.0000000000
57383  -52.886  -40.000  17.781 0.0000000000
58491  -53.621  -38.654  15.617 0.0000000000
59492  -56.995  -37.664  19.027 0.0000000000
58493  -55.200  -37.898  15.674 0.0000000000
59576  -53.337  -37.891  13.478 0.0000000000
59602  -53.391  -36.663  12.072 0.0000000000
66724  -57.306  -30.446  12.953 0.0000000000
32031  -28.099  -63.281  23.869 0.0000000000
35454  -27.165  -59.980  18.721 0.0000000000
37835  -31.577  -57.977  20.988 0.0000000000
39096  -29.154  -57.309  18.117 0.0000000000
42446  -38.828  -53.866  23.247 0.0000000000
42504  -38.493  -54.413  19.489 0.0000000000
42556  -38.432  -54.460  16.258 0.0000000000
41487  -41.179  -55.479  13.998 0.0000000000
48797  -46.667  -48.806  22.696 0.0000000000
49775  -46.662  -47.947  22.133 0.0000000000
49758  -47.162  -47.442  23.183 0.0000000000
47679  -47.211  -49.308  24.230 0.0000000000
46745  -46.972  -50.517  23.721 0.0000000000
47688  -46.704  -49.586  23.020 0.0000000000
47699  -46.357  -49.685  22.441 0.0000000000
58525  -50.360  -38.754  12.635 0.0000000000
58543  -50.870  -38.510  12.185 0.0000000000
58560  -51.767  -38.150  11.514 0.0000000000
58544  -51.659  -38.302  12.545 0.0000000000
41244  -36.862  -54.584  28.567 0.0000000000
41269  -37.221  -54.684  27.674 0.0000000000
41270  -38.201  -54.811  27.553 0.0000000000
47832  -42.846  -49.922  14.772 0.0000000000
48921  -42.923  -48.817  15.272 0.0000000000
53502  -48.388  -43.564  19.857 0.0000000000
53525  -47.357  -43.410  17.577 0.0000000000
54445  -48.570  -42.382  18.522 0.0000000000
55393  -48.776  -42.033  18.265 0.0000000000
54446  -49.026  -42.267  19.014 0.0000000000
42371  -44.872  -54.833  27.282 0.0000000000
40142  -44.641  -56.098  26.858 0.0000000000
41301  -45.367  -55.774  26.490 0.0000000000
41407  -43.754  -56.028  19.642 0.0000000000
40246  -44.275  -57.005  20.002 0.0000000000
40262  -44.483  -56.640  19.325 0.0000000000
39084  -45.588  -57.553  19.401 0.0000000000
46845  -42.744  -50.601  16.298 0.0000000000
44807  -43.066  -52.206  15.252 0.0000000000
45874  -42.794  -51.025  14.877 0.0000000000
61728  -58.212  -34.897  16.171 0.0000000000
63714  -57.843  -33.852  15.082 0.0000000000
63726  -57.249  -33.758  14.081 0.0000000000
64743  -57.733  -33.367  14.574 0.0000000000
34234  -33.348  -61.041  26.175 0.0000000000
35370  -32.414  -61.039  25.252 0.0000000000
35382  -33.395  -59.813  25.104 0.0000000000
43682  -34.920  -53.210  16.576 0.0000000000
43680  -33.018  -53.702  16.657 0.0000000000
44818  -34.295  -52.672  14.167 0.0000000000
42593  -33.981  -54.319  12.909 0.0000000000
43742  -35.429  -53.744  12.617 0.0000000000
39064  -41.766  -57.800  20.203 0.0000000000
39063  -41.288  -57.003  20.194 0.0000000000
37874  -42.240  -58.251  18.271 0.0000000000
48852  -44.902  -49.036  19.050 0.0000000000
49870  -44.768  -48.188  18.225 0.0000000000
49846  -45.879  -47.961  19.855 0.0000000000
50744  -47.009  -46.647  21.551 0.0000000000
50764  -47.193  -46.085  20.526 0.0000000000
51651  -47.605  -45.527  21.132 0.0000000000
52570  -47.889  -44.552  20.086 0.0000000000
51652  -48.280  -44.766  21.547 0.0000000000
43556  -47.437  -52.917  25.510 0.0000000000
42432  -47.081  -53.952  24.629 0.0000000000
42450  -47.119  -53.093  24.183 0.0000000000
44745  -45.876  -52.345  22.079 0.0000000000
43612  -45.970  -53.140  22.320 0.0000000000
43611  -45.652  -53.207  21.754 0.0000000000
42493  -45.140  -53.766  20.923 0.0000000000
43623  -44.960  -53.340  20.478 0.0000000000
43633  -44.484  -53.636  19.530 0.0000000000
44751  -44.665  -52.563  19.957 0.0000000000
47740  -45.129  -49.849  20.239 0.0000000000
46820  -44.375  -50.760  19.311 0.0000000000
47761  -44.703  -49.742  19.381 0.0000000000
47779  -44.259  -49.581  18.673 0.0000000000
38953  -34.653  -57.108  27.506 0.0000000000
40155  -34.750  -57.129  26.269 0.0000000000
40154  -34.635  -56.518  26.723 0.0000000000
42427  -36.296  -54.220  24.572 0.0000000000
42443  -35.568  -54.568  23.812 0.0000000000
42458  -35.621  -54.335  22.673 0.0000000000
42489  -35.130  -54.010  19.943 0.0000000000
43607  -36.257  -53.689  20.880 0.0000000000
50828  -44.885  -46.821  17.051 0.0000000000
50846  -44.586  -46.270  16.249 0.0000000000
51716  -45.252  -45.597  16.482 0.0000000000
53554  -46.170  -43.537  15.912 0.0000000000
52651  -45.025  -44.117  14.908 0.0000000000
53568  -45.228  -43.431  14.454 0.0000000000
55422  -49.201  -40.934  16.583 0.0000000000
56410  -48.311  -40.859  15.200 0.0000000000
56411  -49.331  -40.372  15.141 0.0000000000
56434  -49.408  -39.896  14.361 0.0000000000
56412  -50.308  -40.166  15.533 0.0000000000
41230  -41.303  -55.186  28.781 0.0000000000
41273  -41.003  -55.229  27.008 0.0000000000
41274  -41.686  -55.575  26.876 0.0000000000
37768  -42.780  -57.241  25.087 0.0000000000
38983  -42.225  -56.377  24.974 0.0000000000
37781  -42.635  -57.095  24.389 0.0000000000
37803  -41.963  -57.437  22.818 0.0000000000
37794  -42.996  -57.595  23.407 0.0000000000
40205  -45.648  -55.177  23.646 0.0000000000
40185  -45.086  -55.967  24.327 0.0000000000
40204  -45.079  -55.489  23.618 0.0000000000
39052  -44.403  -58.396  20.892 0.0000000000
39042  -43.350  -57.580  22.311 0.0000000000
37820  -44.441  -58.932  20.968 0.0000000000
36606  -44.317  -59.568  20.742 0.0000000000
42544  -44.211  -54.396  17.681 0.0000000000
43503  -43.190  -53.482  28.810 0.0000000000
45715  -46.673  -51.840  27.084 0.0000000000
51609  -48.140  -45.203  24.790 0.0000000000
52521  -50.122  -43.198  24.324 0.0000000000
52530  -50.412  -43.047  23.747 0.0000000000
52547  -50.072  -43.279  22.841 0.0000000000
53460  -50.701  -42.548  23.268 0.0000000000
55346  -52.548  -40.609  22.368 0.0000000000
55345  -51.498  -41.280  22.514 0.0000000000
55358  -52.097  -40.707  21.811 0.0000000000
56340  -51.700  -40.689  20.127 0.0000000000
56327  -52.759  -40.427  21.133 0.0000000000
57375  -54.640  -39.330  18.787 0.0000000000
57374  -53.594  -39.991  18.715 0.0000000000
57384  -53.649  -39.629  17.754 0.0000000000
58473  -52.693  -39.229  16.192 0.0000000000
58475  -54.302  -38.921  16.795 0.0000000000
59506  -58.163  -36.539  18.763 0.0000000000
60654  -56.105  -36.499  15.131 0.0000000000
59532  -56.481  -36.952  16.366 0.0000000000
59567  -55.438  -36.883  14.626 0.0000000000
58515  -54.450  -37.965  14.989 0.0000000000
59578  -54.747  -36.991  13.959 0.0000000000
59590  -53.602  -37.179  12.702 0.0000000000
60692  -54.827  -36.241  13.385 0.0000000000
63734  -54.951  -33.631  12.224 0.0000000000
62756  -54.037  -34.366  12.106 0.0000000000
63745  -53.864  -33.423  11.675 0.0000000000
67688  -59.071  -29.607  14.242 0.0000000000
65757  -58.049  -31.404  13.804 0.0000000000
67704  -58.477  -29.586  13.705 0.0000000000
34306  -29.923  -60.876  22.031 0.0000000000
33180  -28.900  -61.734  22.092 0.0000000000
35424  -28.458  -60.343  20.750 0.0000000000
35437  -27.159  -60.402  19.502 0.0000000000
35455  -27.879  -59.595  19.013 0.0000000000
39036  -33.637  -57.700  22.341 0.0000000000
37815  -32.720  -58.145  21.898 0.0000000000
39061  -32.862  -57.069  20.868 0.0000000000
40290  -29.650  -56.473  17.641 0.0000000000
37936  -30.682  -57.870  15.177 0.0000000000
41318  -40.834  -54.924  24.680 0.0000000000
42430  -39.533  -54.083  24.095 0.0000000000
42447  -40.068  -54.489  23.056 0.0000000000
41406  -40.148  -55.682  19.105 0.0000000000
42491  -39.276  -54.959  20.112 0.0000000000
41440  -38.970  -55.038  18.340 0.0000000000
42523  -37.831  -54.205  18.237 0.0000000000
42557  -39.121  -54.901  16.616 0.0000000000
41501  -40.409  -55.472  13.104 0.0000000000
48835  -45.684  -48.809  20.655 0.0000000000
49821  -45.983  -48.134  20.505 0.0000000000
49798  -46.485  -47.516  21.356 0.0000000000
49799  -46.770  -47.347  21.865 0.0000000000
45770  -47.519  -51.172  24.670 0.0000000000
44728  -47.198  -52.027  24.259 0.0000000000
45785  -46.941  -51.385  23.777 0.0000000000
45797  -46.459  -51.585  22.854 0.0000000000
45805  -45.862  -51.278  21.965 0.0000000000
45813  -45.040  -51.333  20.758 0.0000000000
46781  -45.834  -50.602  21.808 0.0000000000
47718  -45.561  -49.671  21.030 0.0000000000
59606  -52.129  -37.092  10.529 0.0000000000
41267  -35.142  -55.170  27.669 0.0000000000
41293  -34.831  -55.600  26.838 0.0000000000
41294  -35.602  -54.974  26.809 0.0000000000
42388  -36.854  -54.521  26.115 0.0000000000
42428  -37.308  -53.994  24.368 0.0000000000
52596  -46.762  -45.190  18.038 0.0000000000
52610  -46.208  -45.120  17.078 0.0000000000
52612  -47.171  -44.255  17.851 0.0000000000
53538  -46.998  -43.471  16.931 0.0000000000
54472  -47.085  -42.903  16.637 0.0000000000
55441  -46.949  -41.988  15.191 0.0000000000
55420  -47.782  -42.066  16.750 0.0000000000
55405  -49.177  -41.232  17.395 0.0000000000
56364  -49.959  -40.927  17.892 0.0000000000
41251  -43.176  -55.427  27.953 0.0000000000
38944  -42.479  -56.028  27.150 0.0000000000
40140  -43.011  -56.355  27.044 0.0000000000
38968  -43.531  -56.791  26.042 0.0000000000
38985  -43.960  -57.298  24.979 0.0000000000
41360  -44.727  -55.194  22.284 0.0000000000
40224  -43.908  -55.759  21.986 0.0000000000
40238  -43.805  -55.742  21.391 0.0000000000
39065  -43.905  -57.270  20.921 0.0000000000
37839  -45.830  -58.711  20.478 0.0000000000
36626  -46.776  -59.489  20.710 0.0000000000
37858  -45.877  -58.122  20.016 0.0000000000
43668  -43.505  -52.791  16.826 0.0000000000
43685  -43.373  -52.798  16.248 0.0000000000
56314  -54.242  -39.732  22.261 0.0000000000
56343  -54.179  -39.960  20.933 0.0000000000
57330  -55.384  -39.455  21.653 0.0000000000
57331  -56.057  -39.148  21.188 0.0000000000
58425  -55.924  -38.822  19.487 0.0000000000
61672  -58.664  -35.422  18.284 0.0000000000
60589  -58.082  -36.503  17.947 0.0000000000
61710  -58.413  -35.364  16.803 0.0000000000
61726  -57.084  -35.377  15.347 0.0000000000
61747  -56.657  -35.326  14.745 0.0000000000
60693  -55.513  -35.779  13.816 0.0000000000
61763  -56.434  -35.008  14.019 0.0000000000
62759  -56.175  -34.224  13.211 0.0000000000
64764  -56.097  -32.516  12.417 0.0000000000
69651  -59.408  -27.764  13.116 0.0000000000
68658  -57.816  -28.866  12.797 0.0000000000
68672  -58.192  -28.316  12.586 0.0000000000
33097  -31.403  -62.675  26.267 0.0000000000
33113  -30.691  -62.562  25.596 0.0000000000
34243  -31.207  -61.952  25.107 0.0000000000
35390  -31.224  -60.696  23.753 0.0000000000
36602  -30.673  -59.451  21.895 0.0000000000
41402  -33.292  -55.492  19.277 0.0000000000
41401  -32.559  -55.866  19.266 0.0000000000
41439  -32.901  -54.703  17.781 0.0000000000
43678  -31.595  -54.144  16.062 0.0000000000
41483  -31.299  -55.226  14.175 0.0000000000
40335  -31.918  -56.098  14.132 0.0000000000
40354  -32.790  -55.692  13.662 0.0000000000
39040  -41.161  -56.451  22.258 0.0000000000
41343  -40.559  -55.323  22.400 0.0000000000
40236  -40.695  -56.206  21.295 0.0000000000
40260  -40.725  -56.310  19.550 0.0000000000
40276  -40.601  -56.309  18.443 0.0000000000
47795  -43.308  -49.504  17.088 0.0000000000
48903  -43.224  -48.774  16.385 0.0000000000
49890  -44.056  -48.132  17.245 0.0000000000
49892  -45.220  -47.091  17.752 0.0000000000
50809  -45.866  -46.573  18.240 0.0000000000
49847  -46.327  -47.171  20.006 0.0000000000
50810  -46.426  -46.297  18.854 0.0000000000
51692  -46.556  -45.642  18.218 0.0000000000
52583  -47.649  -44.618  19.477 0.0000000000
52584  -47.995  -44.191  19.938 0.0000000000
53493  -49.016  -43.370  20.894 0.0000000000
42373  -46.318  -54.257  26.776 0.0000000000
41302  -46.016  -55.244  26.260 0.0000000000
41321  -46.820  -54.826  25.733 0.0000000000
41348  -46.640  -54.397  24.185 0.0000000000
41362  -45.996  -54.339  23.120 0.0000000000
43599  -46.754  -52.999  23.468 0.0000000000
42465  -46.416  -53.685  23.219 0.0000000000
42463  -45.475  -54.287  22.111 0.0000000000
42478  -44.903  -54.487  21.127 0.0000000000
41393  -44.017  -55.338  20.161 0.0000000000
41408  -44.110  -55.539  19.068 0.0000000000
40277  -44.770  -56.149  18.293 0.0000000000
42525  -44.203  -54.512  18.719 0.0000000000
43648  -44.084  -53.467  18.350 0.0000000000
45812  -44.744  -51.746  20.268 0.0000000000
45835  -43.974  -51.432  18.716 0.0000000000
44768  -43.723  -52.409  17.956 0.0000000000
45843  -43.373  -51.353  17.542 0.0000000000
46838  -43.281  -50.410  17.419 0.0000000000
65734  -59.123  -31.783  15.567 0.0000000000
66684  -59.938  -30.487  16.314 0.0000000000
67677  -59.953  -29.694  15.408 0.0000000000
67690  -60.301  -29.134  15.300 0.0000000000
68661  -60.238  -28.179  14.108 0.0000000000
69652  -60.257  -27.535  13.611 0.0000000000
36543  -34.603  -59.213  26.894 0.0000000000
36564  -34.203  -59.417  25.612 0.0000000000
38982  -34.661  -58.231  25.509 0.0000000000
39001  -34.403  -57.675  24.647 0.0000000000
39038  -34.098  -56.491  22.984 0.0000000000
41330  -34.834  -55.604  25.284 0.0000000000
40198  -34.410  -56.095  23.546 0.0000000000
41375  -34.459  -55.330  21.310 0.0000000000
42501  -34.584  -54.518  19.481 0.0000000000
43645  -35.019  -53.728  18.376 0.0000000000
43683  -35.898  -53.360  16.422 0.0000000000
49931  -43.340  -47.859  15.677 0.0000000000
50886  -43.702  -46.445  14.719 0.0000000000
52639  -45.165  -44.748  15.714 0.0000000000
57455  -49.907  -39.370  14.005 0.0000000000
57456  -50.819  -39.120  14.299 0.0000000000
40098  -39.290  -55.348  28.675 0.0000000000
41271  -39.120  -54.893  27.353 0.0000000000
41272  -40.065  -54.918  27.159 0.0000000000
41299  -40.549  -54.787  25.886 0.0000000000
41319  -41.324  -55.419  25.003 0.0000000000
40139  -42.047  -55.828  26.274 0.0000000000
40170  -41.823  -55.960  24.985 0.0000000000
40201  -41.515  -56.289  23.607 0.0000000000
39041  -41.556  -57.152  22.156 0.0000000000
37817  -42.145  -57.836  21.841 0.0000000000
37837  -42.792  -58.916  20.357 0.0000000000
40160  -45.808  -56.016  25.545 0.0000000000
38986  -44.415  -56.954  24.837 0.0000000000
39005  -44.185  -57.092  24.105 0.0000000000
40202  -43.569  -56.855  23.043 0.0000000000
39025  -43.371  -57.293  23.394 0.0000000000
37805  -43.103  -57.886  22.399 0.0000000000
36622  -43.326  -59.184  20.738 0.0000000000
40296  -45.238  -56.029  17.285 0.0000000000
48769  -47.512  -48.150  24.934 0.0000000000
49744  -47.456  -47.414  24.749 0.0000000000
31973  -32.111  -62.698  27.284 0.0000000000
36528  -33.887  -59.586  28.196 0.0000000000
37708  -34.376  -58.433  28.467 0.0000000000
38928  -34.193  -57.342  29.317 0.0000000000
42356  -35.549  -54.510  29.839 0.0000000000
41225  -36.361  -54.411  29.572 0.0000000000
41212  -37.391  -54.520  30.421 0.0000000000
41213  -38.393  -55.056  30.234 0.0000000000
41214  -39.311  -55.062  30.062 0.0000000000
41215  -40.302  -55.068  29.915 0.0000000000
41217  -41.978  -55.196  29.259 0.0000000000
42347  -42.189  -54.579  29.840 0.0000000000
42357  -42.394  -54.580  28.763 0.0000000000
42363  -43.353  -54.263  28.342 0.0000000000
42364  -44.570  -54.375  27.812 0.0000000000
42365  -45.176  -54.002  27.677 0.0000000000
43530  -45.823  -53.495  27.094 0.0000000000
43531  -46.601  -53.319  26.967 0.0000000000
44694  -47.164  -52.779  26.284 0.0000000000
47680  -47.652  -49.283  25.057 0.0000000000
50692  -47.423  -46.886  24.091 0.0000000000
50705  -47.691  -45.794  23.659 0.0000000000
51624  -48.213  -45.132  23.186 0.0000000000
52520  -49.405  -43.767  24.153 0.0000000000
52528  -49.342  -43.936  23.511 0.0000000000
51634  -48.793  -44.572  22.752 0.0000000000
52561  -49.437  -43.624  22.112 0.0000000000
53483  -49.785  -43.223  21.776 0.0000000000
53494  -49.792  -42.779  20.991 0.0000000000
54392  -51.270  -41.706  23.063 0.0000000000
54415  -50.660  -41.995  21.512 0.0000000000
54425  -50.194  -42.147  20.549 0.0000000000
55384  -50.182  -41.632  19.654 0.0000000000
56354  -50.881  -40.865  19.022 0.0000000000
56365  -50.793  -40.725  18.171 0.0000000000
56357  -53.143  -40.187  19.660 0.0000000000
56367  -52.548  -40.291  18.640 0.0000000000
56391  -51.461  -40.132  16.728 0.0000000000
57400  -51.768  -39.678  16.110 0.0000000000
57428  -51.686  -39.290  15.459 0.0000000000
58512  -51.933  -38.797  14.622 0.0000000000
58411  -57.139  -37.940  20.498 0.0000000000
58443  -56.287  -38.233  18.571 0.0000000000
59519  -57.504  -36.769  17.542 0.0000000000
59517  -55.987  -38.024  17.136 0.0000000000
58458  -55.332  -38.669  17.775 0.0000000000
58492  -54.611  -38.164  15.511 0.0000000000
58513  -53.070  -38.451  14.774 0.0000000000
58528  -52.905  -38.167  13.748 0.0000000000
59589  -53.185  -37.814  12.984 0.0000000000
59601  -52.665  -37.487  11.702 0.0000000000
60724  -52.460  -36.306  10.934 0.0000000000
60703  -54.641  -35.638  12.843 0.0000000000
61785  -53.480  -35.160  11.751 0.0000000000
61795  -52.271  -35.305  10.461 0.0000000000
64757  -58.327  -31.815  14.427 0.0000000000
65756  -57.333  -32.078  13.391 0.0000000000
64776  -55.674  -32.106  11.872 0.0000000000
67715  -57.217  -29.514  12.632 0.0000000000
66722  -55.811  -30.716  11.997 0.0000000000
65778  -54.667  -31.360  11.223 0.0000000000
33149  -29.083  -62.516  23.576 0.0000000000
36580  -33.315  -59.242  23.873 0.0000000000
37799  -31.901  -58.870  22.508 0.0000000000
37834  -30.731  -58.302  20.795 0.0000000000
40257  -31.127  -56.802  19.251 0.0000000000
39077  -29.899  -57.494  19.267 0.0000000000
37853  -29.008  -58.461  19.254 0.0000000000
36664  -28.177  -58.430  17.886 0.0000000000
42390  -38.754  -54.324  25.836 0.0000000000
42429  -38.412  -53.946  24.218 0.0000000000
42460  -38.044  -53.743  22.433 0.0000000000
42462  -39.995  -54.657  21.934 0.0000000000
43597  -38.906  -53.861  21.607 0.0000000000
43609  -37.942  -53.677  21.104 0.0000000000
43631  -37.473  -53.789  19.620 0.0000000000
43667  -36.739  -53.653  17.483 0.0000000000
43699  -37.085  -53.508  15.061 0.0000000000
39134  -42.154  -57.014  16.727 0.0000000000
40311  -41.753  -56.633  16.504 0.0000000000
41472  -40.518  -55.347  15.482 0.0000000000
41485  -39.763  -54.785  14.940 0.0000000000
42596  -38.778  -54.392  13.815 0.0000000000
43731  -37.355  -53.784  13.352 0.0000000000
48798  -46.962  -48.026  22.769 0.0000000000
47689  -46.927  -49.725  23.624 0.0000000000
48782  -46.822  -49.168  23.230 0.0000000000
48920  -42.868  -49.387  14.824 0.0000000000
53512  -48.223  -43.052  18.982 0.0000000000
54434  -48.765  -42.715  19.349 0.0000000000
54435  -49.449  -42.249  19.541 0.0000000000
41277  -45.254  -55.394  26.970 0.0000000000
47809  -42.725  -49.992  16.105 0.0000000000
45864  -42.684  -51.133  15.452 0.0000000000
46863  -42.706  -50.487  15.112 0.0000000000
46864  -42.975  -50.523  14.565 0.0000000000
63686  -58.748  -33.366  16.339 0.0000000000
63701  -58.410  -33.564  15.749 0.0000000000
64744  -58.342  -32.624  15.059 0.0000000000
35363  -33.666  -60.403  26.345 0.0000000000
35372  -33.472  -60.173  25.631 0.0000000000
35373  -33.867  -59.838  25.914 0.0000000000
43697  -35.153  -52.912  15.488 0.0000000000
43696  -34.225  -52.938  15.871 0.0000000000
44805  -34.867  -52.682  14.587 0.0000000000
44830  -34.907  -52.883  13.219 0.0000000000
43729  -35.658  -53.029  13.252 0.0000000000
37856  -42.186  -58.430  19.481 0.0000000000
48868  -45.012  -48.668  18.899 0.0000000000
51666  -47.982  -44.939  20.883 0.0000000000
43570  -47.435  -52.774  24.925 0.0000000000
44744  -45.508  -52.638  21.438 0.0000000000
43624  -45.352  -53.268  21.133 0.0000000000
47762  -45.040  -49.509  19.714 0.0000000000
42444  -36.463  -53.987  23.522 0.0000000000
42475  -36.325  -53.755  21.389 0.0000000000
50829  -45.505  -46.248  17.289 0.0000000000
50847  -45.064  -46.227  16.762 0.0000000000
51704  -46.009  -45.472  17.164 0.0000000000
54486  -46.446  -42.944  15.663 0.0000000000
54485  -45.982  -43.172  15.325 0.0000000000
56375  -49.850  -40.727  16.958 0.0000000000
56389  -49.694  -40.604  16.076 0.0000000000
56390  -50.531  -40.382  16.399 0.0000000000
41249  -41.605  -55.548  27.879 0.0000000000
37793  -42.345  -57.266  23.512 0.0000000000
41346  -45.586  -54.948  23.245 0.0000000000
37838  -44.879  -58.699  20.727 0.0000000000
36607  -45.010  -59.726  20.851 0.0000000000
42558  -44.436  -54.477  16.540 0.0000000000
52538  -50.531  -42.856  23.520 0.0000000000
56299  -53.272  -40.308  22.796 0.0000000000
55359  -52.914  -40.442  21.746 0.0000000000
57385  -54.376  -39.236  17.863 0.0000000000
57403  -53.926  -39.303  17.376 0.0000000000
58457  -54.688  -38.980  17.460 0.0000000000
61656  -58.143  -35.566  19.030 0.0000000000
60566  -58.114  -35.935  19.532 0.0000000000
60576  -58.056  -36.409  19.488 0.0000000000
60691  -54.252  -36.911  13.256 0.0000000000
63746  -54.706  -33.261  11.931 0.0000000000
62771  -54.099  -33.888  12.003 0.0000000000
64774  -54.049  -32.455  11.410 0.0000000000
32008  -29.474  -62.986  25.647 0.0000000000
35414  -30.142  -60.257  21.802 0.0000000000
35413  -29.490  -60.654  21.586 0.0000000000
35425  -29.288  -60.151  21.092 0.0000000000
36619  -28.657  -59.839  20.455 0.0000000000
39048  -33.725  -56.672  21.838 0.0000000000
39047  -33.413  -57.220  21.675 0.0000000000
39062  -33.282  -56.835  21.124 0.0000000000
37934  -29.882  -57.424  15.086 0.0000000000
42431  -40.434  -54.563  24.019 0.0000000000
42448  -40.647  -54.862  23.490 0.0000000000
41426  -40.027  -55.581  18.372 0.0000000000
41425  -39.450  -55.346  18.730 0.0000000000
41441  -39.443  -55.258  17.843 0.0000000000
42543  -39.217  -55.050  17.249 0.0000000000
41455  -39.664  -55.320  16.996 0.0000000000
48836  -46.075  -48.140  20.965 0.0000000000
49776  -46.968  -47.323  22.367 0.0000000000
45771  -47.817  -50.514  25.213 0.0000000000
45769  -47.281  -50.988  24.267 0.0000000000
46744  -46.666  -50.551  23.129 0.0000000000
45784  -46.702  -51.197  23.251 0.0000000000
47719  -45.878  -49.874  21.699 0.0000000000
48817  -45.801  -49.257  21.276 0.0000000000
58558  -49.637  -38.924  10.867 0.0000000000
59605  -52.026  -37.792  10.869 0.0000000000
41268  -36.172  -54.726  27.688 0.0000000000
41296  -37.520  -54.629  26.819 0.0000000000
42409  -37.077  -54.264  25.287 0.0000000000
48936  -43.128  -48.943  14.229 0.0000000000
52597  -47.101  -44.953  18.464 0.0000000000
52611  -46.571  -44.949  17.477 0.0000000000
54444  -47.914  -42.907  18.245 0.0000000000
55403  -47.997  -42.190  17.292 0.0000000000
55404  -48.436  -41.981  17.656 0.0000000000
40122  -42.886  -56.127  27.472 0.0000000000
40123  -43.314  -55.876  27.497 0.0000000000
40158  -44.065  -56.408  26.282 0.0000000000
38969  -44.031  -57.079  25.717 0.0000000000
41379  -44.556  -55.092  21.286 0.0000000000
40245  -43.849  -56.713  20.539 0.0000000000
39066  -44.624  -57.820  20.420 0.0000000000
44780  -43.392  -52.265  17.089 0.0000000000
57318  -55.134  -39.164  22.386 0.0000000000
56315  -54.922  -39.563  21.964 0.0000000000
58398  -56.515  -38.381  21.508 0.0000000000
57347  -55.990  -39.027  20.298 0.0000000000
58410  -56.672  -38.584  20.762 0.0000000000
62681  -58.883  -34.086  17.353 0.0000000000
63661  -58.637  -33.167  17.913 0.0000000000
62670  -58.742  -34.360  17.998 0.0000000000
61691  -58.866  -34.935  17.578 0.0000000000
61690  -58.650  -35.589  17.801 0.0000000000
62712  -57.595  -34.776  15.326 0.0000000000
61727  -57.685  -35.347  15.868 0.0000000000
61746  -56.083  -35.449  14.112 0.0000000000
62729  -56.779  -34.704  14.269 0.0000000000
63725  -56.801  -33.697  13.570 0.0000000000
63736  -56.336  -33.559  13.054 0.0000000000
69650  -58.753  -27.881  12.705 0.0000000000
33114  -31.626  -62.146  25.718 0.0000000000
33115  -32.157  -61.841  25.763 0.0000000000
36569  -32.623  -59.964  24.619 0.0000000000
35380  -32.116  -60.564  24.654 0.0000000000
36578  -31.536  -59.991  23.592 0.0000000000
35401  -31.076  -60.132  23.103 0.0000000000
36590  -31.470  -59.468  22.897 0.0000000000
41403  -34.003  -54.944  18.994 0.0000000000
41422  -33.239  -54.922  18.321 0.0000000000
42539  -33.325  -54.406  17.651 0.0000000000
43694  -32.532  -53.316  15.540 0.0000000000
43679  -32.060  -53.880  16.250 0.0000000000
43693  -31.674  -53.943  15.546 0.0000000000
42583  -31.070  -54.506  14.969 0.0000000000
42590  -31.661  -54.308  14.117 0.0000000000
41494  -31.888  -54.831  13.735 0.0000000000
42591  -32.314  -54.290  13.642 0.0000000000
41518  -34.909  -55.073  12.726 0.0000000000
41497  -34.404  -55.250  12.992 0.0000000000
40222  -40.823  -56.259  21.752 0.0000000000
39049  -41.140  -56.650  21.358 0.0000000000
39081  -41.183  -57.037  19.066 0.0000000000
39099  -41.330  -56.964  18.095 0.0000000000
48884  -43.852  -48.626  17.380 0.0000000000
49871  -45.240  -47.894  18.639 0.0000000000
49891  -44.502  -47.907  17.603 0.0000000000
49822  -46.212  -47.619  20.574 0.0000000000
50786  -46.799  -46.368  19.669 0.0000000000
51678  -46.808  -45.873  18.946 0.0000000000
51693  -46.950  -45.509  18.720 0.0000000000
51679  -47.214  -45.498  19.331 0.0000000000
52571  -48.260  -44.214  20.659 0.0000000000
53492  -48.534  -43.696  20.507 0.0000000000
42393  -47.011  -54.113  26.194 0.0000000000
41303  -46.585  -54.690  26.115 0.0000000000
42413  -47.118  -54.128  25.355 0.0000000000
41347  -46.103  -54.824  23.721 0.0000000000
41363  -46.462  -54.179  23.592 0.0000000000
44727  -46.880  -52.337  23.765 0.0000000000
43583  -47.029  -52.809  23.992 0.0000000000
43598  -46.373  -53.119  22.871 0.0000000000
42464  -45.880  -53.870  22.451 0.0000000000
41380  -45.134  -54.637  21.944 0.0000000000
42479  -45.336  -54.083  21.509 0.0000000000
42492  -44.758  -54.316  20.570 0.0000000000
45834  -43.622  -51.584  18.024 0.0000000000
46829  -43.626  -50.767  18.127 0.0000000000
47778  -43.785  -49.564  18.043 0.0000000000
66693  -60.361  -29.769  16.278 0.0000000000
67678  -60.500  -29.323  15.767 0.0000000000
68627  -60.773  -28.720  15.477 0.0000000000
68643  -61.370  -28.234  15.431 0.0000000000
69636  -60.912  -27.584  14.313 0.0000000000
70609  -60.951  -26.954  13.904 0.0000000000
37727  -34.959  -58.635  27.113 0.0000000000
37745  -34.852  -58.775  26.258 0.0000000000
38966  -34.950  -57.916  26.398 0.0000000000
40169  -34.615  -57.254  25.511 0.0000000000
39020  -34.191  -57.160  23.657 0.0000000000
42386  -35.571  -54.961  26.216 0.0000000000
41317  -35.148  -55.308  26.146 0.0000000000
41358  -34.947  -55.232  23.049 0.0000000000
41357  -34.558  -55.475  22.290 0.0000000000
42473  -34.713  -54.786  20.722 0.0000000000
43619  -35.872  -53.620  20.209 0.0000000000
43629  -35.560  -53.655  19.266 0.0000000000
43666  -35.567  -53.447  17.470 0.0000000000
49909  -43.827  -47.894  16.746 0.0000000000
50845  -43.888  -47.054  15.982 0.0000000000
50869  -44.003  -46.325  15.320 0.0000000000
52624  -46.420  -44.307  16.752 0.0000000000
52623  -45.957  -44.900  16.673 0.0000000000
55442  -47.747  -41.465  15.561 0.0000000000
57426  -50.113  -39.768  14.742 0.0000000000
57475  -50.338  -39.055  13.670 0.0000000000
40099  -39.611  -55.307  28.978 0.0000000000
40118  -39.378  -55.350  28.340 0.0000000000
40119  -39.735  -55.330  28.486 0.0000000000
38955  -42.483  -56.126  26.422 0.0000000000
38967  -42.320  -56.155  25.679 0.0000000000
38984  -42.357  -56.768  24.535 0.0000000000
39002  -41.989  -56.482  24.311 0.0000000000
40184  -41.554  -56.034  24.105 0.0000000000
39023  -41.676  -56.757  23.327 0.0000000000
37804  -42.599  -57.796  22.577 0.0000000000
37836  -42.256  -58.202  20.740 0.0000000000
39027  -44.524  -56.116  23.869 0.0000000000
40171  -45.067  -56.458  25.067 0.0000000000
39006  -44.506  -56.598  24.381 0.0000000000
40203  -44.160  -55.904  23.045 0.0000000000
36624  -44.250  -59.858  20.593 0.0000000000
36605  -43.578  -59.128  20.962 0.0000000000
36623  -43.935  -59.778  20.486 0.0000000000
36639  -43.301  -59.510  20.061 0.0000000000
35442  -44.178  -60.176  20.274 0.0000000000
40295  -44.723  -55.712  17.716 0.0000000000
31972  -31.389  -63.262  27.479 0.0000000000
36512  -33.911  -59.215  28.709 0.0000000000
41224  -35.160  -54.777  29.356 0.0000000000
41203  -38.871  -55.005  30.664 0.0000000000
42344  -39.174  -54.666  30.358 0.0000000000
41216  -41.235  -54.986  29.602 0.0000000000
42346  -40.982  -54.563  30.032 0.0000000000
43490  -43.173  -53.618  29.665 0.0000000000
43489  -42.513  -53.747  30.018 0.0000000000
42348  -42.847  -54.099  29.814 0.0000000000
42362  -42.597  -54.983  28.243 0.0000000000
43516  -43.512  -53.239  28.276 0.0000000000
44681  -45.363  -53.058  27.362 0.0000000000
44682  -46.004  -52.414  27.153 0.0000000000
44683  -47.069  -52.451  26.801 0.0000000000
44684  -47.645  -51.974  26.764 0.0000000000
44695  -47.579  -52.322  26.135 0.0000000000
50693  -47.558  -46.496  24.467 0.0000000000
51615  -48.080  -45.175  23.934 0.0000000000
52529  -49.920  -43.413  23.653 0.0000000000
52535  -49.297  -44.023  22.928 0.0000000000
52545  -49.150  -43.980  22.395 0.0000000000
53469  -50.347  -42.897  22.588 0.0000000000
53468  -49.982  -43.231  22.290 0.0000000000
56286  -53.159  -40.262  23.728 0.0000000000
54385  -51.214  -41.947  23.570 0.0000000000
54393  -51.463  -41.491  23.372 0.0000000000
55357  -51.258  -41.358  21.767 0.0000000000
55344  -51.215  -41.554  22.231 0.0000000000
54426  -50.482  -42.054  21.020 0.0000000000
55371  -50.397  -41.756  20.306 0.0000000000
55385  -50.981  -40.925  19.797 0.0000000000
56366  -51.582  -40.513  18.452 0.0000000000
56342  -53.493  -40.117  20.469 0.0000000000
57361  -53.775  -39.977  19.830 0.0000000000
57373  -53.021  -40.113  18.370 0.0000000000
56378  -52.122  -40.292  17.961 0.0000000000
56392  -52.084  -40.104  17.330 0.0000000000
58474  -53.156  -39.135  16.323 0.0000000000
57429  -52.094  -39.382  15.956 0.0000000000
58490  -52.511  -39.034  15.653 0.0000000000
59493  -57.727  -36.937  19.415 0.0000000000
58427  -57.177  -37.619  19.824 0.0000000000
60609  -57.907  -36.325  17.214 0.0000000000
60608  -57.241  -36.613  16.851 0.0000000000
59531  -56.047  -37.583  16.543 0.0000000000
58476  -55.331  -38.123  16.403 0.0000000000
59565  -54.199  -37.782  14.416 0.0000000000
58514  -54.004  -38.048  14.753 0.0000000000
58529  -53.468  -38.092  14.255 0.0000000000
58545  -52.449  -38.135  12.725 0.0000000000
60715  -53.019  -36.350  11.542 0.0000000000
61761  -55.212  -35.455  13.238 0.0000000000
61772  -54.960  -34.969  12.790 0.0000000000
62770  -53.430  -34.351  11.552 0.0000000000
62769  -52.985  -34.679  11.249 0.0000000000
61784  -52.936  -35.300  11.299 0.0000000000
65767  -57.500  -31.190  13.268 0.0000000000
65766  -56.776  -31.529  12.818 0.0000000000
67714  -56.616  -29.408  12.076 0.0000000000
66736  -56.042  -30.042  11.894 0.0000000000
65779  -55.419  -31.380  11.724 0.0000000000
34257  -30.441  -62.043  24.036 0.0000000000
33133  -29.929  -62.423  24.465 0.0000000000
33150  -29.883  -62.209  23.448 0.0000000000
34304  -28.293  -61.441  21.555 0.0000000000
33179  -28.332  -61.971  22.072 0.0000000000
34319  -26.888  -61.345  20.560 0.0000000000
35436  -26.743  -60.565  19.345 0.0000000000
35472  -26.530  -60.422  17.820 0.0000000000
35487  -26.693  -60.474  16.924 0.0000000000
36572  -34.313  -59.004  24.835 0.0000000000
36581  -34.061  -58.957  24.077 0.0000000000
39045  -32.186  -57.942  21.340 0.0000000000
37800  -32.600  -58.600  22.501 0.0000000000
37814  -31.724  -58.425  21.730 0.0000000000
37813  -30.896  -58.800  21.563 0.0000000000
41421  -32.228  -55.534  18.474 0.0000000000
40258  -32.249  -56.480  19.658 0.0000000000
40274  -31.456  -56.157  18.582 0.0000000000
39117  -29.384  -56.980  18.025 0.0000000000
40273  -30.331  -56.660  18.565 0.0000000000
39097  -29.571  -57.230  18.597 0.0000000000
37873  -29.415  -57.824  19.063 0.0000000000
37872  -28.785  -57.889  18.309 0.0000000000
36648  -28.160  -58.867  18.569 0.0000000000
39159  -32.225  -57.005  14.690 0.0000000000
39144  -31.747  -57.547  15.045 0.0000000000
41297  -38.474  -54.596  26.681 0.0000000000
42411  -39.096  -54.104  24.999 0.0000000000
41377  -40.297  -55.576  21.161 0.0000000000
41359  -40.361  -55.455  21.690 0.0000000000
42477  -39.871  -54.894  20.998 0.0000000000
42505  -38.998  -54.974  19.655 0.0000000000
42490  -39.028  -54.348  20.555 0.0000000000
43610  -38.687  -53.857  21.112 0.0000000000
43596  -38.386  -53.729  21.720 0.0000000000
43622  -38.319  -53.919  20.432 0.0000000000
43621  -37.594  -53.718  20.440 0.0000000000
43632  -37.999  -53.896  19.982 0.0000000000
42541  -37.703  -54.117  16.888 0.0000000000
43684  -36.858  -53.710  16.144 0.0000000000
42555  -37.704  -54.007  15.715 0.0000000000
40312  -42.252  -56.868  16.354 0.0000000000
40327  -42.472  -56.596  15.661 0.0000000000
40339  -41.835  -55.938  13.758 0.0000000000
40326  -41.687  -55.866  15.126 0.0000000000
41473  -41.011  -55.441  14.868 0.0000000000
41486  -40.440  -55.119  14.302 0.0000000000
41523  -39.345  -55.708  12.640 0.0000000000
41500  -39.426  -54.801  13.549 0.0000000000
41499  -38.637  -54.553  13.239 0.0000000000
42584  -37.841  -53.891  13.853 0.0000000000
42614  -38.167  -54.419  12.958 0.0000000000
46726  -47.308  -50.345  24.306 0.0000000000
57474  -49.804  -39.053  13.080 0.0000000000
58542  -49.971  -38.870  11.987 0.0000000000
54459  -48.173  -42.446  17.975 0.0000000000
41276  -44.310  -55.343  27.292 0.0000000000
41392  -43.622  -56.067  20.195 0.0000000000
40261  -43.906  -56.480  19.931 0.0000000000
39083  -44.718  -57.284  19.780 0.0000000000
45853  -42.678  -51.145  16.054 0.0000000000
44791  -42.718  -51.477  15.801 0.0000000000
45865  -42.827  -51.523  15.071 0.0000000000
62696  -58.852  -34.092  16.960 0.0000000000
61711  -58.798  -34.575  17.046 0.0000000000
62695  -58.563  -34.236  16.463 0.0000000000
62713  -58.035  -34.484  15.657 0.0000000000
62731  -57.673  -34.415  15.206 0.0000000000
62730  -57.302  -34.481  14.729 0.0000000000
63713  -57.529  -33.887  14.607 0.0000000000
64756  -57.748  -32.610  14.090 0.0000000000
34233  -33.040  -61.739  26.612 0.0000000000
34245  -32.699  -61.408  25.795 0.0000000000
34246  -33.147  -60.859  25.753 0.0000000000
35381  -32.930  -60.079  25.076 0.0000000000
36570  -33.102  -59.676  24.630 0.0000000000
43665  -34.634  -53.591  17.395 0.0000000000
43664  -33.809  -53.923  17.336 0.0000000000
43681  -33.997  -53.351  16.663 0.0000000000
44803  -33.588  -52.821  15.341 0.0000000000
43713  -33.263  -53.127  13.888 0.0000000000
43726  -32.835  -53.654  13.698 0.0000000000
43727  -33.679  -53.459  13.311 0.0000000000
42610  -34.900  -54.467  12.623 0.0000000000
41519  -35.348  -55.044  12.613 0.0000000000
39082  -41.570  -57.664  19.497 0.0000000000
48867  -44.537  -48.779  18.445 0.0000000000
48885  -44.258  -48.541  17.835 0.0000000000
51665  -47.673  -45.183  20.236 0.0000000000
52559  -48.517  -44.154  21.320 0.0000000000
42394  -47.287  -53.577  25.629 0.0000000000
42414  -47.310  -53.452  25.070 0.0000000000
42433  -47.204  -53.262  24.501 0.0000000000
44736  -46.295  -52.536  22.668 0.0000000000
46799  -44.771  -50.723  20.022 0.0000000000
47739  -44.864  -50.100  19.889 0.0000000000
38965  -34.827  -57.316  26.844 0.0000000000
40181  -34.563  -56.416  25.347 0.0000000000
42426  -35.464  -54.751  24.840 0.0000000000
42474  -35.407  -54.161  21.209 0.0000000000
43630  -36.491  -53.567  19.439 0.0000000000
51715  -44.834  -45.659  16.049 0.0000000000
53553  -45.693  -43.600  15.400 0.0000000000
55443  -48.353  -41.136  15.800 0.0000000000
56388  -48.885  -40.866  15.896 0.0000000000
56413  -51.148  -39.958  15.852 0.0000000000
41229  -40.458  -55.101  29.138 0.0000000000
41248  -40.491  -55.271  28.160 0.0000000000
37747  -42.845  -56.686  25.553 0.0000000000
37766  -42.534  -56.478  25.351 0.0000000000
37767  -42.679  -56.849  25.029 0.0000000000
39024  -42.018  -57.018  23.621 0.0000000000
40186  -45.671  -55.392  24.094 0.0000000000
40172  -45.752  -55.765  24.802 0.0000000000
39051  -43.812  -57.824  21.304 0.0000000000
43476  -39.525  -53.915  31.025 0.0000000000
51601  -48.003  -45.454  25.683 0.0000000000
51610  -48.793  -44.215  24.587 0.0000000000
52537  -50.308  -43.098  23.210 0.0000000000
53459  -50.431  -42.885  22.994 0.0000000000
56287  -53.698  -39.673  23.546 0.0000000000
55332  -51.550  -41.298  22.946 0.0000000000
56326  -51.801  -40.706  21.025 0.0000000000
56341  -52.569  -40.404  20.332 0.0000000000
57362  -54.426  -39.642  19.663 0.0000000000
57401  -52.440  -39.554  16.583 0.0000000000
57402  -53.396  -39.433  17.099 0.0000000000
60565  -57.791  -36.302  20.128 0.0000000000
59505  -57.448  -37.061  18.340 0.0000000000
59547  -56.394  -36.611  15.731 0.0000000000
59546  -55.675  -37.376  15.575 0.0000000000
59545  -55.066  -37.791  15.355 0.0000000000
59566  -54.690  -37.646  14.755 0.0000000000
59577  -53.850  -37.658  13.811 0.0000000000
60702  -54.076  -36.268  12.599 0.0000000000
62758  -55.653  -34.388  12.932 0.0000000000
62757  -54.719  -34.135  12.365 0.0000000000
62784  -53.010  -33.900  11.117 0.0000000000
66701  -59.023  -30.372  14.619 0.0000000000
65758  -58.571  -31.074  14.350 0.0000000000
66712  -58.533  -30.424  14.025 0.0000000000
66711  -57.958  -30.438  13.479 0.0000000000
32021  -28.686  -62.997  24.751 0.0000000000
34289  -30.021  -61.367  22.585 0.0000000000
33168  -29.832  -61.898  22.862 0.0000000000
34305  -29.146  -61.173  21.834 0.0000000000
34321  -28.253  -60.832  21.045 0.0000000000
34320  -27.595  -61.143  20.797 0.0000000000
34339  -28.007  -60.456  20.534 0.0000000000
35438  -27.894  -60.064  19.893 0.0000000000
37802  -33.895  -57.876  22.859 0.0000000000
37801  -33.487  -58.292  22.643 0.0000000000
37816  -33.279  -57.831  21.959 0.0000000000
39046  -32.789  -57.636  21.398 0.0000000000
39060  -32.087  -57.515  20.730 0.0000000000
41454  -31.008  -54.915  16.673 0.0000000000
40291  -30.695  -56.056  17.865 0.0000000000
40309  -29.272  -56.394  16.912 0.0000000000
37887  -28.306  -58.025  17.271 0.0000000000
36699  -28.635  -58.989  15.402 0.0000000000
36700  -29.419  -59.224  15.304 0.0000000000
37917  -30.204  -58.421  15.269 0.0000000000
37918  -31.272  -58.270  15.500 0.0000000000
42412  -40.055  -54.373  24.912 0.0000000000
42391  -39.606  -54.361  25.642 0.0000000000
41391  -40.315  -55.674  19.861 0.0000000000
41405  -39.458  -55.300  19.566 0.0000000000
41404  -38.941  -54.974  19.419 0.0000000000
42524  -38.537  -54.725  18.524 0.0000000000
42542  -38.650  -54.720  17.501 0.0000000000
40360  -41.484  -56.485  12.927 0.0000000000
41502  -41.217  -55.808  13.131 0.0000000000
50743  -46.726  -47.025  21.207 0.0000000000
45754  -47.773  -51.569  25.253 0.0000000000
44715  -47.538  -52.087  24.804 0.0000000000
45786  -47.235  -51.551  24.256 0.0000000000
45798  -46.683  -51.793  23.295 0.0000000000
45804  -45.455  -51.798  21.399 0.0000000000
46780  -45.434  -50.628  21.217 0.0000000000
58571  -51.357  -38.269  10.407 0.0000000000
41242  -34.664  -55.326  28.541 0.0000000000
41295  -36.561  -54.675  26.892 0.0000000000
42387  -35.997  -54.641  26.220 0.0000000000
42408  -36.158  -54.440  25.476 0.0000000000
42445  -37.615  -53.830  23.352 0.0000000000
51705  -46.316  -45.495  17.626 0.0000000000
53524  -46.908  -44.016  17.129 0.0000000000
53537  -46.592  -43.547  16.423 0.0000000000
54471  -46.707  -43.129  16.237 0.0000000000
54487  -47.236  -42.305  15.937 0.0000000000
41250  -42.452  -55.695  28.053 0.0000000000
38945  -42.728  -56.271  26.936 0.0000000000
38956  -42.918  -56.455  26.566 0.0000000000
40141  -43.563  -56.173  26.946 0.0000000000
38957  -43.267  -56.539  26.292 0.0000000000
37730  -43.142  -56.743  25.858 0.0000000000
37748  -43.232  -57.003  25.481 0.0000000000
37749  -43.536  -57.236  25.169 0.0000000000
37769  -43.431  -57.313  24.779 0.0000000000
40237  -43.634  -56.534  21.355 0.0000000000
36625  -45.833  -59.706  20.860 0.0000000000
37840  -47.137  -58.800  20.228 0.0000000000
37859  -46.509  -58.215  19.810 0.0000000000
43686  -43.900  -53.704  16.011 0.0000000000
43701  -44.633  -53.665  15.232 0.0000000000
43700  -43.736  -53.057  15.257 0.0000000000
57317  -54.432  -39.348  22.827 0.0000000000
56328  -53.503  -40.176  21.318 0.0000000000
56329  -54.129  -39.916  21.542 0.0000000000
56344  -54.574  -39.864  21.196 0.0000000000
57346  -55.069  -39.667  20.723 0.0000000000
57319  -55.906  -38.932  21.917 0.0000000000
57363  -55.392  -39.144  19.546 0.0000000000
57376  -55.218  -39.002  18.659 0.0000000000
60578  -58.522  -35.698  18.742 0.0000000000
60590  -58.531  -35.975  18.305 0.0000000000
61671  -58.676  -35.700  18.115 0.0000000000
60610  -58.369  -36.002  17.504 0.0000000000
60632  -57.759  -35.944  16.517 0.0000000000
61709  -57.989  -35.575  16.378 0.0000000000
60656  -57.271  -35.821  16.054 0.0000000000
60655  -56.744  -35.848  15.550 0.0000000000
60678  -56.301  -35.915  15.012 0.0000000000
60677  -55.857  -36.025  14.537 0.0000000000
61762  -55.907  -35.028  13.483 0.0000000000
62746  -56.972  -34.330  14.184 0.0000000000
62745  -56.548  -34.339  13.661 0.0000000000
63735  -55.428  -33.480  12.387 0.0000000000
68660  -59.563  -28.332  13.674 0.0000000000
68659  -58.608  -28.628  13.233 0.0000000000
68671  -57.457  -28.548  12.131 0.0000000000
32009  -30.123  -62.880  25.792 0.0000000000
33134  -30.677  -62.102  24.702 0.0000000000
34258  -31.116  -61.494  24.310 0.0000000000
34244  -31.880  -61.437  25.175 0.0000000000
35379  -31.527  -60.955  24.352 0.0000000000
34274  -30.846  -61.264  23.676 0.0000000000
35400  -30.522  -60.639  22.704 0.0000000000
35426  -29.992  -59.702  21.246 0.0000000000
41388  -33.622  -55.853  20.037 0.0000000000
40241  -33.252  -56.409  20.573 0.0000000000
41438  -32.381  -54.932  17.775 0.0000000000
42554  -32.922  -54.184  17.155 0.0000000000
42553  -32.348  -54.213  16.893 0.0000000000
42552  -31.533  -54.489  16.599 0.0000000000
42551  -30.938  -54.751  16.239 0.0000000000
41496  -33.384  -55.109  13.189 0.0000000000
40355  -33.765  -55.832  13.667 0.0000000000
40199  -40.965  -55.905  22.623 0.0000000000
41344  -40.806  -55.309  23.111 0.0000000000
40221  -40.717  -55.998  22.114 0.0000000000
40235  -40.512  -55.967  21.545 0.0000000000
40243  -40.448  -55.910  21.044 0.0000000000
40244  -40.682  -56.170  20.566 0.0000000000
47810  -42.987  -49.560  16.449 0.0000000000
47818  -42.856  -49.369  15.924 0.0000000000
53501  -47.891  -44.034  19.539 0.0000000000
42392  -46.445  -54.545  26.313 0.0000000000
41334  -46.805  -54.683  24.924 0.0000000000
41333  -46.255  -55.092  24.479 0.0000000000
43584  -47.264  -52.689  24.428 0.0000000000
41361  -45.441  -54.631  22.567 0.0000000000
45825  -44.425  -51.634  19.581 0.0000000000
44781  -43.615  -52.659  17.406 0.0000000000
44767  -43.524  -51.912  17.664 0.0000000000
45854  -43.004  -51.133  16.773 0.0000000000
46846  -42.978  -50.196  16.705 0.0000000000
64735  -59.424  -31.892  16.117 0.0000000000
65735  -59.584  -31.114  15.963 0.0000000000
65745  -59.396  -30.966  15.478 0.0000000000
66692  -59.856  -30.229  15.781 0.0000000000
66702  -59.469  -30.347  15.191 0.0000000000
67689  -59.695  -29.474  14.885 0.0000000000
68641  -59.677  -28.813  14.301 0.0000000000
68642  -60.571  -28.457  14.873 0.0000000000
69666  -59.960  -27.087  13.029 0.0000000000
70623  -60.595  -26.686  13.368 0.0000000000
35355  -34.098  -59.622  26.846 0.0000000000
36556  -34.463  -59.314  26.213 0.0000000000
37765  -34.566  -58.925  25.513 0.0000000000
37780  -34.391  -58.450  24.783 0.0000000000
37791  -34.253  -58.038  23.988 0.0000000000
39019  -34.057  -57.760  23.311 0.0000000000
39037  -33.834  -57.153  22.633 0.0000000000
41329  -34.598  -56.100  25.626 0.0000000000
41342  -34.919  -55.438  24.161 0.0000000000
40220  -34.349  -55.849  22.819 0.0000000000
40219  -34.060  -56.141  22.183 0.0000000000
40234  -33.857  -56.188  21.304 0.0000000000
40242  -33.957  -55.858  20.621 0.0000000000
41389  -34.264  -55.243  20.051 0.0000000000
42521  -34.367  -54.318  18.563 0.0000000000
42502  -34.910  -54.045  19.055 0.0000000000
42522  -34.766  -54.024  18.669 0.0000000000
37875  -43.000  -58.985  18.626 0.0000000000
50868  -43.480  -46.984  15.067 0.0000000000
50885  -43.525  -46.707  14.138 0.0000000000
51732  -44.950  -45.355  15.942 0.0000000000
52638  -44.779  -45.019  15.343 0.0000000000
56409  -47.870  -41.094  15.109 0.0000000000
57454  -49.130  -39.603  13.685 0.0000000000
58511  -51.365  -38.776  13.913 0.0000000000
41227  -38.843  -55.279  29.246 0.0000000000
41246  -38.900  -55.223  28.231 0.0000000000
41247  -39.608  -55.273  27.941 0.0000000000
41332  -41.257  -55.478  24.312 0.0000000000
40121  -42.218  -55.859  27.162 0.0000000000
40156  -42.006  -55.957  25.566 0.0000000000
40200  -41.270  -55.970  23.392 0.0000000000
39022  -41.202  -56.240  22.712 0.0000000000
38970  -44.544  -56.952  25.375 0.0000000000
37783  -43.556  -57.323  24.503 0.0000000000
39004  -43.374  -57.359  24.023 0.0000000000
36604  -43.291  -58.997  21.038 0.0000000000
36652  -43.323  -59.528  19.332 0.0000000000
48768  -47.299  -48.571  24.425 0.0000000000
49729  -47.623  -47.492  25.290 0.0000000000
31994  -31.146  -63.139  26.716 0.0000000000
31995  -31.686  -62.839  26.825 0.0000000000
33081  -32.749  -62.219  27.227 0.0000000000
34226  -33.458  -61.268  27.044 0.0000000000
35354  -33.760  -60.324  26.981 0.0000000000
35345  -33.811  -59.938  27.727 0.0000000000
36513  -34.338  -58.834  28.189 0.0000000000
37717  -34.670  -58.477  27.839 0.0000000000
38929  -34.388  -57.803  28.699 0.0000000000
38943  -34.646  -57.793  28.059 0.0000000000
38942  -34.430  -57.058  28.360 0.0000000000
40117  -34.201  -56.256  28.817 0.0000000000
41223  -34.333  -55.478  29.392 0.0000000000
41226  -37.649  -54.812  29.457 0.0000000000
41228  -39.759  -55.247  29.457 0.0000000000
42345  -39.798  -54.400  30.137 0.0000000000
41252  -43.957  -55.155  28.075 0.0000000000
42372  -45.402  -54.360  27.208 0.0000000000
43518  -45.108  -53.501  27.941 0.0000000000
43529  -45.334  -53.648  27.395 0.0000000000
42374  -46.852  -53.799  26.698 0.0000000000
43544  -47.047  -53.293  26.506 0.0000000000
45717  -48.004  -51.469  26.574 0.0000000000
45735  -48.026  -51.503  25.858 0.0000000000
45755  -47.961  -50.876  25.521 0.0000000000
47681  -47.863  -49.836  25.346 0.0000000000
49743  -47.320  -47.518  24.150 0.0000000000
50704  -47.404  -46.633  23.609 0.0000000000
51623  -47.666  -45.760  22.949 0.0000000000
51633  -48.239  -45.060  22.450 0.0000000000
51625  -48.791  -44.563  23.376 0.0000000000
51653  -48.709  -44.458  22.188 0.0000000000
52560  -48.954  -43.829  21.714 0.0000000000
52546  -49.747  -43.480  22.503 0.0000000000
53482  -49.286  -43.466  21.499 0.0000000000
54424  -49.594  -42.620  20.342 0.0000000000
53470  -50.854  -42.208  22.809 0.0000000000
54403  -51.115  -41.804  22.703 0.0000000000
54402  -50.892  -41.962  22.285 0.0000000000
54414  -50.255  -42.501  21.295 0.0000000000
54436  -49.877  -42.185  20.023 0.0000000000
55383  -49.682  -41.905  19.251 0.0000000000
55395  -50.211  -41.143  18.688 0.0000000000
56356  -52.441  -40.390  19.524 0.0000000000
56368  -52.950  -40.248  19.123 0.0000000000
56377  -51.458  -40.400  17.652 0.0000000000
57457  -51.309  -39.161  14.900 0.0000000000
58426  -56.455  -38.404  19.704 0.0000000000
58442  -55.788  -38.739  18.951 0.0000000000
59518  -56.685  -37.314  17.359 0.0000000000
59504  -56.733  -37.665  18.226 0.0000000000
58459  -56.241  -38.032  17.793 0.0000000000
58527  -51.866  -38.492  13.463 0.0000000000
58561  -52.163  -38.049  12.106 0.0000000000
61771  -54.076  -35.099  12.275 0.0000000000
60716  -53.498  -35.831  11.912 0.0000000000
64765  -56.706  -32.556  13.047 0.0000000000
67703  -57.861  -29.557  13.169 0.0000000000
66723  -56.495  -30.428  12.426 0.0000000000
65765  -56.039  -31.455  12.208 0.0000000000
64775  -55.049  -32.258  11.575 0.0000000000
33112  -29.922  -62.643  25.319 0.0000000000
33132  -29.139  -62.674  24.312 0.0000000000
32032  -28.651  -62.866  23.969 0.0000000000
33167  -29.149  -62.089  22.729 0.0000000000
34336  -26.238  -61.090  19.630 0.0000000000
34337  -26.920  -60.815  19.923 0.0000000000
34354  -26.335  -60.783  19.098 0.0000000000
36571  -33.811  -59.477  24.927 0.0000000000
36592  -33.174  -58.799  23.100 0.0000000000
36591  -32.469  -59.083  23.159 0.0000000000
36603  -31.312  -58.975  22.136 0.0000000000
36621  -30.250  -59.052  21.099 0.0000000000
40240  -32.672  -56.741  20.358 0.0000000000
39080  -32.330  -57.043  20.273 0.0000000000
39079  -31.627  -57.207  19.935 0.0000000000
40256  -30.534  -56.964  19.141 0.0000000000
39078  -30.606  -57.373  19.650 0.0000000000
37854  -29.891  -58.064  19.868 0.0000000000
37833  -29.893  -58.701  20.488 0.0000000000
36638  -29.306  -58.762  20.010 0.0000000000
36637  -28.579  -59.294  19.696 0.0000000000
36647  -27.553  -59.479  18.248 0.0000000000
36663  -27.710  -58.994  17.337 0.0000000000
35473  -27.080  -59.876  17.555 0.0000000000
39158  -31.131  -57.202  14.847 0.0000000000
42410  -38.074  -54.153  25.129 0.0000000000
42476  -39.331  -54.195  21.379 0.0000000000
42461  -39.151  -53.916  22.201 0.0000000000
43595  -37.614  -53.674  21.747 0.0000000000
43608  -37.028  -53.645  21.167 0.0000000000
43620  -36.787  -53.616  20.303 0.0000000000
42503  -37.707  -54.046  19.022 0.0000000000
43647  -37.085  -53.718  18.713 0.0000000000
43698  -36.182  -53.227  15.317 0.0000000000
37890  -42.395  -58.013  17.730 0.0000000000
39119  -41.959  -57.382  17.461 0.0000000000
39118  -41.485  -56.885  17.558 0.0000000000
40293  -40.982  -56.449  17.255 0.0000000000
41456  -40.363  -55.660  16.589 0.0000000000
40310  -41.084  -55.903  16.088 0.0000000000
41471  -39.718  -55.171  16.035 0.0000000000
42571  -39.076  -54.658  15.613 0.0000000000
42586  -39.013  -54.420  14.567 0.0000000000
42570  -38.407  -54.242  15.203 0.0000000000
42569  -37.789  -53.876  14.709 0.0000000000
43716  -37.242  -53.545  14.089 0.0000000000
43715  -36.458  -53.154  14.245 0.0000000000
43743  -36.220  -53.743  12.679 0.0000000000
42612  -36.582  -54.493  12.496 0.0000000000
31955  -32.372  -62.495  27.674 0.0000000000
32022  -29.398  -62.660  24.920 0.0000000000
34225  -33.160  -61.823  27.086 0.0000000000
34259  -31.654  -61.103  24.641 0.0000000000
34288  -29.419  -61.692  22.420 0.0000000000
34322  -28.909  -60.646  21.277 0.0000000000
34338  -27.611  -60.612  20.305 0.0000000000
35371  -32.825  -60.689  25.389 0.0000000000
35389  -30.589  -61.130  23.232 0.0000000000
35391  -31.755  -60.181  24.049 0.0000000000
35453  -26.614  -60.445  18.786 0.0000000000
36563  -33.899  -59.664  25.559 0.0000000000
36589  -30.754  -59.977  22.487 0.0000000000
37728  -42.715  -56.356  26.150 0.0000000000
37729  -43.001  -56.614  25.920 0.0000000000
37789  -33.727  -58.756  23.398 0.0000000000
37790  -34.038  -58.327  23.487 0.0000000000
37792  -41.935  -57.213  23.232 0.0000000000
37855  -30.600  -57.863  20.163 0.0000000000
37935  -30.239  -57.648  15.071 0.0000000000
39021  -41.091  -56.111  22.503 0.0000000000
39039  -41.014  -56.165  22.311 0.0000000000
39059  -31.197  -57.706  20.369 0.0000000000
39098  -30.150  -57.098  19.073 0.0000000000
39116  -28.956  -57.177  17.526 0.0000000000
39131  -28.628  -57.394  16.757 0.0000000000
40100  -39.979  -55.255  29.110 0.0000000000
40143  -45.161  -56.027  26.711 0.0000000000
40157  -43.569  -56.441  26.358 0.0000000000
40168  -34.645  -56.556  25.910 0.0000000000
40183  -41.305  -55.714  23.907 0.0000000000
40259  -32.965  -55.943  19.826 0.0000000000
40272  -29.708  -56.808  18.218 0.0000000000
40275  -32.118  -56.005  18.993 0.0000000000
40292  -31.252  -55.813  17.977 0.0000000000
40294  -41.566  -56.819  17.235 0.0000000000
40325  -41.089  -55.619  15.406 0.0000000000
40353  -32.275  -55.545  13.720 0.0000000000
41316  -34.659  -55.893  26.074 0.0000000000
41420  -31.550  -55.692  18.113 0.0000000000
41423  -33.866  -54.704  18.507 0.0000000000
41424  -38.915  -55.041  19.025 0.0000000000
41435  -29.630  -56.119  17.069 0.0000000000
41484  -31.945  -55.349  13.773 0.0000000000
41495  -32.479  -55.026  13.447 0.0000000000
41498  -35.035  -55.451  12.916 0.0000000000
41520  -36.031  -55.163  12.506 0.0000000000
41522  -38.297  -55.185  12.511 0.0000000000
42334  -39.530  -54.113  30.587 0.0000000000
42355  -35.153  -54.715  29.824 0.0000000000
42488  -34.806  -54.524  20.288 0.0000000000
42520  -33.774  -54.551  18.176 0.0000000000
42537  -32.010  -54.640  17.251 0.0000000000
42538  -32.644  -54.511  17.415 0.0000000000
42568  -31.207  -54.398  15.841 0.0000000000
42585  -38.368  -54.152  14.283 0.0000000000
42592  -33.085  -54.298  13.283 0.0000000000
42594  -37.810  -54.063  13.178 0.0000000000
42595  -38.296  -54.212  13.543 0.0000000000
42611  -35.751  -54.440  12.505 0.0000000000
43644  -34.374  -53.985  17.911 0.0000000000
43663  -33.271  -54.062  17.195 0.0000000000
43695  -33.388  -53.097  15.968 0.0000000000
43711  -31.871  -53.742  14.733 0.0000000000
43712  -32.688  -53.229  14.460 0.0000000000
43728  -34.664  -53.430  12.860 0.0000000000
43730  -36.688  -53.455  13.359 0.0000000000
43744  -37.006  -53.902  12.808 0.0000000000
43745  -37.452  -53.991  12.941 0.0000000000
44802  -33.120  -52.990  15.491 0.0000000000
44804  -34.284  -52.663  15.018 0.0000000000
44806  -42.784  -51.675  15.539 0.0000000000
44816  -33.042  -52.910  15.073 0.0000000000
44817  -33.537  -52.793  14.516 0.0000000000
44819  -34.957  -52.710  13.802 0.0000000000
44828  -33.785  -52.879  13.785 0.0000000000
44829  -34.355  -52.885  13.426 0.0000000000
46854  -42.655  -50.524  15.739 0.0000000000
48935  -42.990  -49.519  14.540 0.0000000000
52531  -50.653  -42.716  23.714 0.0000000000
56330  -54.759  -39.728  21.562 0.0000000000
57344  -53.813  -39.998  20.200 0.0000000000
57364  -55.967  -38.882  19.758 0.0000000000
58489  -52.021  -39.002  15.264 0.0000000000
59494  -58.113  -36.465  19.228 0.0000000000
60591  -58.593  -35.860  18.579 0.0000000000
60633  -58.187  -35.966  16.981 0.0000000000
62744  -56.085  -34.515  13.303 0.0000000000
64720  -58.993  -32.957  16.496 0.0000000000
