#!ascii label  , from subject sub-01 vox2ras=TkReg
1143
58523  -45.547  -38.880  13.896 0.0000000000
71546  -57.603  -25.627  12.268 0.0000000000
64753  -51.248  -32.393  13.428 0.0000000000
34146  -19.722  -62.064  33.442 0.0000000000
56362  -40.883  -40.272  18.612 0.0000000000
42353  -32.221  -54.725  28.951 0.0000000000
45731  -40.018  -52.097  26.367 0.0000000000
49774  -43.031  -47.382  22.485 0.0000000000
53466  -44.525  -43.381  21.977 0.0000000000
37762  -27.072  -59.092  24.872 0.0000000000
37706  -30.734  -58.868  29.161 0.0000000000
41314  -29.948  -55.870  24.461 0.0000000000
45794  -35.852  -51.383  23.331 0.0000000000
46760  -39.863  -50.532  22.271 0.0000000000
57360  -47.267  -39.040  20.111 0.0000000000
59490  -50.215  -37.041  18.740 0.0000000000
68668  -54.289  -28.358  12.690 0.0000000000
60701  -48.403  -35.819  12.592 0.0000000000
72511  -55.580  -24.221  7.126 0.0000000000
31849  -15.891  -64.230  37.032 0.0000000000
57325  -44.753  -39.888  21.660 0.0000000000
57421  -41.545  -39.273  15.902 0.0000000000
46716  -31.669  -51.760  23.359 0.0000000000
45706  -35.248  -51.444  27.427 0.0000000000
61705  -54.034  -35.913  16.356 0.0000000000
75523  -61.739  -21.359  4.437 0.0000000000
49819  -41.622  -47.633  20.293 0.0000000000
50762  -42.499  -46.105  20.245 0.0000000000
38999  -28.445  -57.284  24.024 0.0000000000
46818  -38.195  -50.396  19.796 0.0000000000
47760  -40.293  -48.908  19.555 0.0000000000
48795  -41.629  -49.084  21.973 0.0000000000
58471  -46.405  -38.256  16.705 0.0000000000
58424  -48.943  -37.700  19.178 0.0000000000
59527  -47.769  -37.799  16.351 0.0000000000
70636  -55.902  -27.114  12.377 0.0000000000
68638  -56.440  -28.401  14.588 0.0000000000
72462  -59.059  -24.134  11.847 0.0000000000
34159  -16.455  -62.170  32.058 0.0000000000
32999  -17.185  -63.262  35.027 0.0000000000
55370  -43.180  -41.214  20.162 0.0000000000
55343  -44.942  -41.370  21.488 0.0000000000
57336  -42.946  -40.316  19.624 0.0000000000
58418  -43.538  -39.475  19.289 0.0000000000
57382  -41.910  -39.427  18.297 0.0000000000
40096  -31.483  -56.826  29.371 0.0000000000
37691  -31.323  -58.149  31.038 0.0000000000
40068  -32.056  -56.315  30.999 0.0000000000
43472  -33.000  -53.354  31.461 0.0000000000
45791  -30.209  -52.013  22.118 0.0000000000
47695  -31.548  -50.053  21.497 0.0000000000
45764  -38.142  -51.584  24.567 0.0000000000
45761  -35.188  -51.394  25.074 0.0000000000
45708  -37.091  -51.715  27.390 0.0000000000
45670  -36.528  -51.782  29.193 0.0000000000
35338  -22.843  -60.312  28.851 0.0000000000
34204  -25.646  -61.228  29.790 0.0000000000
34184  -26.125  -61.974  31.654 0.0000000000
62741  -49.781  -34.453  13.042 0.0000000000
60651  -51.762  -36.308  14.878 0.0000000000
62727  -52.606  -34.535  14.599 0.0000000000
76512  -62.943  -20.258  3.214 0.0000000000
32992  -19.530  -62.405  36.085 0.0000000000
50691  -44.412  -46.590  24.329 0.0000000000
52526  -45.388  -44.304  24.211 0.0000000000
51630  -43.847  -45.305  21.913 0.0000000000
53500  -43.579  -43.919  19.892 0.0000000000
35361  -28.064  -60.793  26.802 0.0000000000
35343  -29.802  -60.957  27.679 0.0000000000
37744  -29.128  -59.140  25.820 0.0000000000
40137  -30.524  -56.933  26.819 0.0000000000
42384  -31.521  -54.961  26.308 0.0000000000
46772  -33.395  -50.344  20.813 0.0000000000
46793  -35.439  -50.673  20.375 0.0000000000
46758  -38.178  -50.880  22.142 0.0000000000
46721  -40.260  -51.178  23.709 0.0000000000
46743  -42.227  -50.660  23.586 0.0000000000
48767  -43.400  -48.908  24.105 0.0000000000
36558  -24.678  -59.141  25.905 0.0000000000
57316  -47.784  -39.473  22.370 0.0000000000
58321  -50.312  -38.627  25.035 0.0000000000
58384  -49.280  -38.770  22.131 0.0000000000
59468  -50.477  -37.291  20.582 0.0000000000
66709  -52.264  -30.282  13.570 0.0000000000
65732  -53.741  -31.836  14.657 0.0000000000
67674  -54.967  -29.873  15.164 0.0000000000
26878  -12.934  -66.610  39.609 0.0000000000
59574  -47.681  -37.668  13.589 0.0000000000
62767  -47.315  -34.379  11.530 0.0000000000
66746  -50.063  -30.391  11.210 0.0000000000
68691  -51.362  -29.026  10.819 0.0000000000
69690  -53.221  -27.665  10.675 0.0000000000
71566  -55.057  -25.838  9.970 0.0000000000
72489  -56.176  -24.909  9.153 0.0000000000
72500  -54.250  -25.082  7.943 0.0000000000
32972  -17.818  -63.111  37.607 0.0000000000
31816  -16.766  -64.153  39.006 0.0000000000
29442  -14.730  -65.349  40.100 0.0000000000
57224  -47.162  -40.981  25.258 0.0000000000
54384  -45.942  -42.676  24.296 0.0000000000
56285  -45.752  -40.911  24.136 0.0000000000
57300  -46.015  -39.779  23.388 0.0000000000
57340  -45.605  -39.424  20.931 0.0000000000
58452  -44.682  -38.738  17.902 0.0000000000
57451  -43.565  -39.515  14.900 0.0000000000
35310  -31.244  -60.433  29.458 0.0000000000
44714  -30.997  -53.100  24.428 0.0000000000
44691  -31.905  -52.859  26.218 0.0000000000
46736  -33.652  -51.142  23.433 0.0000000000
45743  -33.225  -51.681  25.694 0.0000000000
45682  -33.334  -52.279  28.012 0.0000000000
45641  -34.481  -52.184  30.320 0.0000000000
34192  -18.906  -61.427  31.017 0.0000000000
35322  -21.211  -60.754  29.482 0.0000000000
34179  -21.422  -61.418  31.810 0.0000000000
59543  -49.535  -37.445  15.004 0.0000000000
60604  -51.820  -36.772  17.010 0.0000000000
61667  -55.016  -35.913  19.232 0.0000000000
62692  -55.208  -34.187  16.312 0.0000000000
72491  -58.198  -24.151  9.239 0.0000000000
73447  -60.322  -23.251  8.639 0.0000000000
74469  -61.280  -22.215  7.436 0.0000000000
74498  -60.368  -22.278  4.718 0.0000000000
75500  -62.091  -21.067  6.451 0.0000000000
49869  -41.027  -47.559  18.599 0.0000000000
50783  -41.678  -46.691  19.038 0.0000000000
49889  -41.096  -47.052  17.615 0.0000000000
47776  -39.396  -49.178  18.479 0.0000000000
48864  -40.314  -48.426  18.515 0.0000000000
48832  -40.768  -48.599  19.940 0.0000000000
58508  -45.747  -38.908  14.949 0.0000000000
58472  -47.114  -38.007  16.493 0.0000000000
58509  -46.936  -38.348  14.858 0.0000000000
70658  -56.911  -26.255  12.295 0.0000000000
70619  -57.065  -27.059  13.422 0.0000000000
71528  -57.887  -26.017  12.918 0.0000000000
72446  -58.795  -25.017  12.770 0.0000000000
72461  -58.502  -24.716  12.097 0.0000000000
34144  -17.595  -62.497  32.868 0.0000000000
33022  -17.401  -62.665  33.787 0.0000000000
33013  -18.228  -62.554  34.517 0.0000000000
55381  -42.449  -40.959  19.567 0.0000000000
56339  -43.345  -40.697  20.145 0.0000000000
56352  -41.619  -40.147  19.118 0.0000000000
57370  -41.557  -39.847  18.918 0.0000000000
57381  -40.693  -39.610  17.994 0.0000000000
33042  -28.251  -63.059  29.699 0.0000000000
41241  -31.661  -55.722  28.396 0.0000000000
40080  -31.803  -56.530  30.329 0.0000000000
42339  -32.428  -54.991  29.865 0.0000000000
41197  -32.564  -55.441  31.315 0.0000000000
42340  -32.658  -54.304  30.147 0.0000000000
45749  -38.582  -51.655  25.484 0.0000000000
45748  -37.476  -51.635  25.566 0.0000000000
45730  -38.932  -51.775  26.430 0.0000000000
45709  -38.123  -51.836  27.370 0.0000000000
35342  -26.812  -61.349  28.459 0.0000000000
34211  -26.627  -61.399  28.827 0.0000000000
34206  -26.962  -62.010  29.704 0.0000000000
57227  -48.328  -40.303  26.570 0.0000000000
63722  -50.508  -33.541  13.198 0.0000000000
62726  -51.809  -34.460  14.025 0.0000000000
63724  -51.799  -32.849  13.767 0.0000000000
50702  -43.914  -46.690  23.396 0.0000000000
50703  -44.434  -45.947  23.485 0.0000000000
50718  -43.331  -46.644  22.229 0.0000000000
52568  -43.379  -44.590  20.186 0.0000000000
53510  -42.665  -43.548  18.578 0.0000000000
54433  -42.724  -42.668  19.078 0.0000000000
36561  -27.261  -59.780  25.392 0.0000000000
36555  -29.043  -60.338  26.555 0.0000000000
37743  -28.372  -59.449  25.365 0.0000000000
39000  -29.111  -56.684  24.486 0.0000000000
40152  -29.724  -57.149  25.624 0.0000000000
40167  -30.443  -56.263  25.434 0.0000000000
41292  -30.931  -55.977  25.960 0.0000000000
41315  -30.548  -55.720  24.947 0.0000000000
46814  -34.338  -50.417  19.243 0.0000000000
46778  -39.587  -50.323  21.552 0.0000000000
46776  -37.868  -50.802  21.375 0.0000000000
46759  -39.024  -50.671  22.209 0.0000000000
46739  -39.285  -50.844  22.945 0.0000000000
46740  -40.117  -50.805  22.985 0.0000000000
46722  -41.139  -51.302  23.719 0.0000000000
46762  -41.255  -50.385  22.777 0.0000000000
49756  -42.838  -48.000  22.724 0.0000000000
48780  -42.730  -48.922  23.183 0.0000000000
48781  -43.175  -48.129  23.430 0.0000000000
49727  -43.884  -48.061  24.844 0.0000000000
37761  -25.931  -58.917  25.033 0.0000000000
57342  -47.469  -39.172  20.708 0.0000000000
58383  -48.584  -39.291  22.288 0.0000000000
58407  -48.199  -38.727  20.387 0.0000000000
59489  -49.326  -37.430  18.584 0.0000000000
58409  -49.887  -37.532  20.159 0.0000000000
59478  -50.338  -37.140  19.735 0.0000000000
60561  -51.855  -36.554  20.394 0.0000000000
60573  -51.673  -36.533  19.258 0.0000000000
67713  -52.940  -29.089  13.019 0.0000000000
67685  -53.813  -29.769  14.253 0.0000000000
67702  -54.026  -29.257  13.890 0.0000000000
68626  -58.215  -28.206  16.014 0.0000000000
67733  -50.972  -29.546  11.219 0.0000000000
68712  -50.335  -28.870  9.908 0.0000000000
69710  -52.073  -27.767  9.689 0.0000000000
70684  -52.974  -27.046  9.708 0.0000000000
70686  -54.486  -26.358  10.134 0.0000000000
71577  -53.977  -25.809  8.845 0.0000000000
71578  -54.756  -25.601  9.168 0.0000000000
31873  -14.740  -63.822  35.412 0.0000000000
31848  -14.749  -64.378  37.193 0.0000000000
34093  -19.919  -62.369  37.950 0.0000000000
32983  -19.037  -62.504  37.001 0.0000000000
32974  -19.424  -62.654  38.411 0.0000000000
30642  -17.762  -64.441  39.065 0.0000000000
29450  -16.660  -65.279  39.026 0.0000000000
30639  -15.217  -64.998  39.535 0.0000000000
28192  -15.593  -66.018  39.534 0.0000000000
26881  -15.490  -66.932  39.316 0.0000000000
52534  -44.823  -44.338  23.402 0.0000000000
53452  -45.558  -43.454  23.963 0.0000000000
54391  -44.949  -42.568  23.092 0.0000000000
57311  -45.156  -40.492  22.189 0.0000000000
56298  -45.490  -40.961  23.163 0.0000000000
57298  -45.484  -40.538  23.120 0.0000000000
57280  -45.813  -40.565  24.037 0.0000000000
57313  -45.343  -39.784  22.621 0.0000000000
57314  -46.084  -39.549  22.567 0.0000000000
57326  -45.404  -39.583  21.782 0.0000000000
58467  -43.100  -39.035  17.619 0.0000000000
58437  -44.493  -38.959  18.687 0.0000000000
58468  -44.027  -38.922  17.305 0.0000000000
57398  -44.319  -38.977  16.519 0.0000000000
57422  -42.794  -39.342  15.899 0.0000000000
37716  -30.550  -59.354  28.219 0.0000000000
35328  -30.784  -61.007  28.705 0.0000000000
36511  -30.976  -59.908  28.877 0.0000000000
45777  -30.998  -52.050  22.880 0.0000000000
45776  -30.431  -52.575  22.822 0.0000000000
45758  -31.313  -52.393  23.867 0.0000000000
44703  -31.406  -53.303  25.145 0.0000000000
45741  -32.033  -52.130  25.199 0.0000000000
46773  -34.555  -50.830  21.274 0.0000000000
46754  -33.581  -50.765  22.235 0.0000000000
46755  -34.851  -51.260  22.691 0.0000000000
45726  -35.001  -51.409  26.596 0.0000000000
46710  -34.036  -51.366  25.176 0.0000000000
45725  -34.209  -51.648  26.530 0.0000000000
45703  -32.962  -52.119  27.186 0.0000000000
45683  -33.878  -51.989  28.127 0.0000000000
44646  -33.554  -52.399  29.916 0.0000000000
45668  -34.777  -51.790  29.092 0.0000000000
46712  -43.673  -51.305  25.310 0.0000000000
35323  -22.131  -60.695  29.530 0.0000000000
35306  -22.253  -60.928  30.335 0.0000000000
35290  -21.391  -61.252  30.996 0.0000000000
34154  -26.648  -62.606  33.150 0.0000000000
60687  -47.992  -37.058  13.053 0.0000000000
59563  -48.632  -37.540  14.282 0.0000000000
60673  -48.942  -37.080  13.781 0.0000000000
60652  -52.718  -36.362  15.607 0.0000000000
60627  -51.872  -36.788  15.953 0.0000000000
60628  -52.726  -36.610  16.445 0.0000000000
60588  -53.467  -35.976  19.124 0.0000000000
60607  -54.399  -35.983  17.419 0.0000000000
65723  -54.714  -31.706  15.737 0.0000000000
64717  -54.677  -32.679  15.880 0.0000000000
63685  -56.387  -33.230  16.894 0.0000000000
72501  -55.379  -24.750  7.938 0.0000000000
72490  -57.474  -24.379  8.927 0.0000000000
72503  -57.196  -24.169  8.026 0.0000000000
73456  -58.654  -23.737  7.648 0.0000000000
73471  -59.968  -23.357  7.038 0.0000000000
74468  -60.907  -22.807  7.649 0.0000000000
74479  -60.548  -22.939  6.574 0.0000000000
75534  -59.877  -21.618  3.304 0.0000000000
75521  -59.750  -21.961  4.085 0.0000000000
75522  -60.809  -21.982  4.319 0.0000000000
74492  -61.222  -22.015  5.818 0.0000000000
75512  -62.237  -20.854  5.554 0.0000000000
75524  -62.332  -20.667  4.786 0.0000000000
78423  -63.963  -19.284  3.325 0.0000000000
49797  -42.294  -47.487  21.189 0.0000000000
50741  -42.741  -46.701  21.291 0.0000000000
49845  -41.935  -46.695  19.795 0.0000000000
50808  -41.919  -46.017  18.650 0.0000000000
37778  -27.353  -58.402  24.260 0.0000000000
47758  -38.810  -49.914  19.179 0.0000000000
46819  -38.983  -50.172  19.973 0.0000000000
46798  -39.966  -49.959  21.152 0.0000000000
47716  -40.892  -49.776  21.865 0.0000000000
47738  -41.177  -48.874  21.104 0.0000000000
48816  -42.063  -48.090  21.355 0.0000000000
58439  -46.297  -38.545  18.545 0.0000000000
58423  -48.177  -38.186  19.162 0.0000000000
58455  -47.174  -37.972  17.420 0.0000000000
59501  -48.271  -37.643  17.830 0.0000000000
59515  -49.138  -37.487  16.963 0.0000000000
69660  -54.736  -27.853  12.464 0.0000000000
68656  -55.353  -28.396  13.606 0.0000000000
69648  -56.505  -27.640  13.668 0.0000000000
69634  -57.616  -27.637  14.685 0.0000000000
73430  -59.641  -23.612  10.831 0.0000000000
33011  -16.523  -63.174  34.449 0.0000000000
31875  -16.657  -63.753  35.349 0.0000000000
54413  -44.297  -42.594  20.853 0.0000000000
54390  -45.032  -41.991  22.388 0.0000000000
55355  -44.304  -41.219  20.724 0.0000000000
56324  -43.960  -40.689  20.558 0.0000000000
57338  -44.045  -39.905  20.629 0.0000000000
57356  -44.082  -39.595  20.003 0.0000000000
57355  -43.252  -39.875  19.519 0.0000000000
58449  -42.574  -39.411  18.537 0.0000000000
57396  -41.992  -39.094  17.197 0.0000000000
38926  -30.968  -57.830  29.406 0.0000000000
37700  -30.996  -58.544  30.146 0.0000000000
38927  -31.315  -57.455  29.841 0.0000000000
38889  -31.627  -57.321  31.158 0.0000000000
42313  -33.002  -54.457  32.514 0.0000000000
46751  -30.775  -50.775  21.980 0.0000000000
46734  -31.873  -50.975  22.927 0.0000000000
45780  -36.503  -51.462  23.975 0.0000000000
45779  -35.577  -51.427  24.253 0.0000000000
45762  -36.052  -51.469  24.913 0.0000000000
45747  -36.459  -51.520  25.677 0.0000000000
45707  -36.144  -51.459  27.424 0.0000000000
45686  -36.368  -51.599  28.297 0.0000000000
45687  -37.315  -51.832  28.286 0.0000000000
36540  -24.508  -59.741  27.253 0.0000000000
35339  -23.880  -60.299  28.510 0.0000000000
35309  -24.710  -61.262  30.276 0.0000000000
34183  -25.245  -61.756  31.558 0.0000000000
34196  -26.170  -61.729  30.626 0.0000000000
61770  -49.158  -35.011  12.798 0.0000000000
60675  -50.336  -36.351  13.906 0.0000000000
61759  -50.575  -35.155  13.471 0.0000000000
61745  -52.142  -35.165  14.433 0.0000000000
62709  -53.210  -34.965  15.087 0.0000000000
73466  -54.973  -23.835  6.452 0.0000000000
72512  -56.249  -24.001  7.127 0.0000000000
73478  -55.909  -23.223  5.924 0.0000000000
75547  -60.998  -21.353  2.622 0.0000000000
76511  -62.292  -20.876  3.287 0.0000000000
76525  -61.177  -20.863  1.957 0.0000000000
76545  -62.381  -20.124  1.114 0.0000000000
34147  -20.711  -61.885  33.468 0.0000000000
34118  -19.387  -62.285  34.934 0.0000000000
51599  -45.372  -45.699  26.103 0.0000000000
51614  -44.827  -45.316  23.915 0.0000000000
51622  -44.598  -45.167  23.114 0.0000000000
52543  -44.412  -44.201  22.032 0.0000000000
51650  -43.513  -45.175  21.125 0.0000000000
52558  -43.960  -44.360  21.210 0.0000000000
53481  -44.355  -43.415  21.348 0.0000000000
54422  -43.278  -42.509  20.004 0.0000000000
55382  -42.580  -41.699  19.353 0.0000000000
34222  -27.886  -61.590  27.871 0.0000000000
34214  -29.160  -61.864  28.240 0.0000000000
35353  -29.071  -60.909  27.326 0.0000000000
36542  -29.682  -60.369  27.118 0.0000000000
37715  -30.126  -58.881  27.585 0.0000000000
37764  -28.949  -58.245  25.233 0.0000000000
38951  -29.915  -58.156  26.984 0.0000000000
38952  -30.406  -57.512  27.480 0.0000000000
40115  -30.822  -56.902  27.870 0.0000000000
41265  -31.347  -55.907  27.225 0.0000000000
42361  -31.914  -54.511  27.968 0.0000000000
46792  -34.430  -50.646  20.104 0.0000000000
46774  -35.737  -50.986  21.417 0.0000000000
46817  -37.223  -50.378  19.703 0.0000000000
46775  -36.861  -50.920  21.390 0.0000000000
45795  -36.864  -51.336  23.026 0.0000000000
45781  -37.631  -51.435  23.638 0.0000000000
45765  -39.355  -51.433  24.422 0.0000000000
45750  -39.701  -51.734  25.438 0.0000000000
45732  -41.087  -52.760  26.254 0.0000000000
45767  -41.447  -51.789  24.430 0.0000000000
45768  -42.272  -51.639  24.380 0.0000000000
46725  -43.278  -50.998  24.691 0.0000000000
47686  -41.870  -50.087  23.021 0.0000000000
47677  -43.019  -49.861  23.962 0.0000000000
47678  -43.515  -50.186  24.692 0.0000000000
48753  -43.947  -49.134  25.193 0.0000000000
36551  -25.024  -59.523  26.518 0.0000000000
58348  -47.889  -39.577  23.973 0.0000000000
58349  -48.801  -39.265  24.109 0.0000000000
58350  -49.735  -38.752  24.086 0.0000000000
59439  -50.659  -37.712  22.601 0.0000000000
58408  -49.129  -37.974  20.065 0.0000000000
58385  -49.927  -38.110  21.880 0.0000000000
65754  -51.305  -31.287  13.274 0.0000000000
64741  -52.452  -32.604  14.059 0.0000000000
65742  -53.178  -31.242  14.374 0.0000000000
65733  -54.136  -31.331  15.073 0.0000000000
66682  -55.699  -30.732  15.960 0.0000000000
68623  -56.077  -28.948  15.257 0.0000000000
67665  -56.165  -30.098  15.993 0.0000000000
59585  -44.025  -38.208  12.093 0.0000000000
58541  -45.932  -38.546  13.461 0.0000000000
60698  -45.848  -37.320  12.127 0.0000000000
60699  -46.646  -36.917  12.252 0.0000000000
60713  -46.727  -35.958  11.843 0.0000000000
61782  -47.581  -35.024  11.914 0.0000000000
62753  -48.557  -34.096  12.141 0.0000000000
63732  -48.910  -33.471  12.146 0.0000000000
64762  -49.378  -32.439  12.067 0.0000000000
65763  -50.316  -31.267  12.370 0.0000000000
66720  -51.243  -30.335  12.640 0.0000000000
67721  -51.952  -29.241  12.017 0.0000000000
68678  -52.538  -28.745  11.725 0.0000000000
68713  -51.270  -28.568  10.036 0.0000000000
68692  -52.342  -28.395  10.707 0.0000000000
69673  -53.682  -27.746  11.293 0.0000000000
70655  -54.626  -26.986  11.247 0.0000000000
70672  -55.613  -26.279  11.213 0.0000000000
71555  -56.196  -25.717  11.062 0.0000000000
71568  -56.571  -25.249  10.529 0.0000000000
71567  -55.894  -25.379  10.116 0.0000000000
72488  -55.087  -25.184  8.693 0.0000000000
73465  -54.077  -23.669  6.289 0.0000000000
33001  -18.684  -62.544  35.228 0.0000000000
31863  -17.854  -63.494  35.983 0.0000000000
31838  -17.209  -63.641  37.376 0.0000000000
32959  -17.909  -63.350  39.152 0.0000000000
31826  -17.116  -63.702  38.733 0.0000000000
31836  -15.572  -64.389  37.906 0.0000000000
31824  -15.255  -64.606  38.668 0.0000000000
30638  -14.336  -64.849  39.620 0.0000000000
30627  -13.781  -64.984  40.063 0.0000000000
28190  -14.081  -66.246  39.848 0.0000000000
58278  -47.837  -40.022  25.716 0.0000000000
54367  -46.273  -42.680  25.287 0.0000000000
55331  -45.353  -41.588  23.153 0.0000000000
55310  -45.891  -41.590  24.236 0.0000000000
57261  -46.369  -40.704  24.555 0.0000000000
57262  -46.506  -40.331  24.607 0.0000000000
57263  -46.958  -40.034  24.632 0.0000000000
57301  -46.765  -39.619  23.234 0.0000000000
57327  -46.287  -39.422  21.709 0.0000000000
57341  -46.541  -39.324  20.849 0.0000000000
57357  -44.921  -39.378  20.124 0.0000000000
58420  -45.167  -39.039  19.372 0.0000000000
58438  -45.378  -38.727  18.602 0.0000000000
58453  -45.530  -38.511  17.759 0.0000000000
57424  -44.901  -39.009  15.871 0.0000000000
57452  -44.686  -39.348  14.888 0.0000000000
56373  -39.698  -40.087  17.403 0.0000000000
57380  -40.066  -39.624  17.308 0.0000000000
57395  -40.605  -39.291  16.882 0.0000000000
57449  -41.273  -39.572  14.764 0.0000000000
57469  -42.128  -39.706  13.754 0.0000000000
57470  -43.422  -39.571  13.686 0.0000000000
58521  -44.020  -39.164  13.065 0.0000000000
35293  -31.403  -59.928  30.407 0.0000000000
42442  -29.682  -54.669  23.069 0.0000000000
43581  -29.938  -53.720  22.889 0.0000000000
42424  -30.102  -54.670  23.889 0.0000000000
43555  -31.025  -53.977  24.860 0.0000000000
43543  -31.782  -53.981  26.432 0.0000000000
43528  -32.089  -53.558  27.217 0.0000000000
46771  -32.615  -50.017  21.031 0.0000000000
46735  -32.748  -50.934  23.144 0.0000000000
46718  -32.996  -51.422  24.118 0.0000000000
45778  -34.786  -51.367  24.488 0.0000000000
46709  -33.666  -51.411  25.123 0.0000000000
46707  -32.601  -51.725  24.804 0.0000000000
45722  -32.150  -52.085  26.294 0.0000000000
44677  -32.683  -52.508  27.168 0.0000000000
43515  -32.901  -53.169  28.576 0.0000000000
44645  -32.992  -52.789  29.757 0.0000000000
44635  -33.898  -52.517  30.877 0.0000000000
34160  -17.589  -62.286  32.019 0.0000000000
34161  -18.527  -62.082  32.278 0.0000000000
35335  -20.084  -60.336  28.720 0.0000000000
35320  -19.280  -60.720  29.401 0.0000000000
35303  -19.392  -61.071  30.408 0.0000000000
34178  -20.487  -61.457  31.701 0.0000000000
34163  -20.568  -61.715  32.590 0.0000000000
34148  -21.650  -61.709  33.490 0.0000000000
34168  -25.303  -61.831  32.593 0.0000000000
59562  -47.698  -37.973  14.662 0.0000000000
59542  -48.617  -37.706  15.282 0.0000000000
59516  -50.064  -37.362  16.788 0.0000000000
60650  -50.777  -36.690  14.638 0.0000000000
60603  -50.972  -37.050  16.453 0.0000000000
60585  -50.787  -36.931  17.643 0.0000000000
60587  -52.682  -36.342  18.580 0.0000000000
63712  -53.053  -33.466  14.745 0.0000000000
62710  -53.788  -34.425  15.387 0.0000000000
62711  -54.530  -34.620  15.923 0.0000000000
72479  -57.289  -24.833  10.284 0.0000000000
72480  -58.389  -24.158  10.004 0.0000000000
73438  -59.270  -23.780  9.756 0.0000000000
73455  -57.603  -23.917  7.585 0.0000000000
73446  -59.451  -23.666  8.672 0.0000000000
73439  -60.205  -23.245  9.591 0.0000000000
74454  -60.848  -22.608  9.460 0.0000000000
74463  -61.309  -22.143  8.345 0.0000000000
74490  -59.611  -22.808  5.467 0.0000000000
74480  -61.214  -22.152  6.522 0.0000000000
75490  -61.687  -21.491  7.369 0.0000000000
77459  -63.234  -19.756  4.195 0.0000000000
49868  -40.640  -47.924  18.254 0.0000000000
48863  -39.712  -48.675  17.943 0.0000000000
48865  -40.746  -48.128  18.991 0.0000000000
71545  -56.776  -25.860  11.733 0.0000000000
71529  -58.565  -25.722  13.180 0.0000000000
71547  -58.299  -25.235  12.458 0.0000000000
72460  -58.034  -25.123  12.074 0.0000000000
34145  -18.497  -62.343  33.483 0.0000000000
56363  -41.468  -40.444  18.947 0.0000000000
56353  -42.001  -40.486  19.289 0.0000000000
33054  -28.202  -62.709  28.977 0.0000000000
33068  -28.700  -62.400  28.630 0.0000000000
41222  -31.905  -55.718  29.594 0.0000000000
42354  -32.565  -54.349  29.464 0.0000000000
33053  -27.605  -62.358  28.961 0.0000000000
64752  -50.594  -32.836  13.130 0.0000000000
63723  -51.276  -33.638  13.566 0.0000000000
49757  -43.352  -47.400  23.036 0.0000000000
52609  -42.287  -44.449  17.918 0.0000000000
52595  -42.750  -44.419  19.004 0.0000000000
36562  -27.838  -59.518  25.181 0.0000000000
40180  -29.456  -56.168  24.327 0.0000000000
40166  -29.823  -56.486  25.040 0.0000000000
46777  -38.796  -50.574  21.417 0.0000000000
46741  -40.894  -50.799  23.100 0.0000000000
46761  -40.776  -50.309  22.391 0.0000000000
49773  -42.671  -47.503  21.913 0.0000000000
36560  -26.436  -59.547  25.556 0.0000000000
57343  -48.091  -39.113  20.997 0.0000000000
58406  -47.550  -38.931  20.180 0.0000000000
59477  -49.626  -37.438  19.438 0.0000000000
59491  -50.852  -36.833  19.298 0.0000000000
68667  -53.537  -28.693  12.712 0.0000000000
68654  -53.952  -28.875  13.320 0.0000000000
68617  -58.702  -28.269  16.721 0.0000000000
67750  -49.957  -29.453  10.258 0.0000000000
70699  -53.329  -26.375  9.143 0.0000000000
71576  -53.109  -25.967  8.572 0.0000000000
31860  -15.240  -64.105  36.272 0.0000000000
32966  -19.604  -62.871  38.654 0.0000000000
28193  -16.365  -65.856  39.136 0.0000000000
26882  -16.286  -66.408  39.117 0.0000000000
53467  -44.679  -43.419  22.676 0.0000000000
53458  -45.090  -43.428  23.564 0.0000000000
54401  -44.776  -42.605  22.518 0.0000000000
57312  -45.070  -40.108  22.414 0.0000000000
57299  -45.493  -40.067  23.393 0.0000000000
57397  -43.345  -39.079  16.716 0.0000000000
45759  -31.906  -52.200  24.188 0.0000000000
45740  -31.565  -52.622  24.723 0.0000000000
45705  -34.436  -51.679  27.372 0.0000000000
45684  -34.603  -51.702  28.240 0.0000000000
34181  -23.335  -61.275  31.492 0.0000000000
60700  -47.658  -36.357  12.446 0.0000000000
59575  -48.425  -37.235  13.532 0.0000000000
60688  -48.736  -36.535  13.122 0.0000000000
60653  -53.267  -36.371  16.075 0.0000000000
60629  -53.726  -36.312  16.676 0.0000000000
60606  -53.836  -36.257  17.888 0.0000000000
60630  -54.193  -36.124  17.137 0.0000000000
64719  -55.878  -32.280  16.755 0.0000000000
64718  -55.145  -32.444  16.297 0.0000000000
72502  -56.425  -24.396  7.930 0.0000000000
73470  -58.964  -23.397  6.848 0.0000000000
74478  -59.361  -23.152  6.183 0.0000000000
75535  -60.939  -21.698  3.423 0.0000000000
75511  -61.588  -21.604  5.461 0.0000000000
76497  -62.171  -20.936  4.051 0.0000000000
48834  -41.955  -47.777  20.901 0.0000000000
49820  -41.997  -47.266  20.508 0.0000000000
50807  -41.569  -46.402  18.062 0.0000000000
47775  -38.501  -49.631  18.278 0.0000000000
47777  -39.921  -49.027  19.073 0.0000000000
47759  -39.678  -49.570  19.746 0.0000000000
47736  -39.896  -49.683  20.381 0.0000000000
47737  -40.467  -49.366  20.746 0.0000000000
48833  -41.441  -48.204  20.551 0.0000000000
58454  -46.360  -38.281  17.624 0.0000000000
58440  -47.183  -38.274  18.404 0.0000000000
58488  -47.280  -38.087  15.709 0.0000000000
59513  -47.606  -37.744  16.984 0.0000000000
59514  -48.272  -37.589  17.106 0.0000000000
59528  -48.505  -37.653  16.221 0.0000000000
69661  -55.364  -27.664  12.708 0.0000000000
69662  -56.050  -27.447  12.960 0.0000000000
70606  -58.176  -27.065  14.431 0.0000000000
69635  -58.284  -27.402  15.004 0.0000000000
70607  -58.812  -26.891  14.825 0.0000000000
73421  -59.675  -23.690  11.713 0.0000000000
33012  -17.499  -62.837  34.550 0.0000000000
31889  -16.119  -63.663  34.982 0.0000000000
31876  -17.386  -63.567  35.523 0.0000000000
54412  -43.911  -41.931  20.542 0.0000000000
55356  -44.567  -41.877  20.978 0.0000000000
57337  -43.451  -40.318  20.140 0.0000000000
57323  -43.938  -40.412  20.601 0.0000000000
57371  -42.492  -39.692  18.913 0.0000000000
58466  -42.494  -39.177  18.010 0.0000000000
40095  -30.978  -57.246  28.672 0.0000000000
42328  -32.714  -54.394  31.126 0.0000000000
41198  -32.746  -54.860  31.697 0.0000000000
42319  -32.846  -54.353  31.966 0.0000000000
47694  -30.949  -50.224  21.525 0.0000000000
46733  -31.119  -51.121  22.718 0.0000000000
46752  -31.394  -50.532  22.151 0.0000000000
45763  -37.042  -51.561  24.717 0.0000000000
45729  -37.836  -51.708  26.460 0.0000000000
45728  -36.803  -51.604  26.512 0.0000000000
45727  -35.866  -51.410  26.575 0.0000000000
45688  -38.327  -51.992  28.282 0.0000000000
35348  -24.213  -59.955  27.820 0.0000000000
35349  -24.853  -60.180  27.787 0.0000000000
35327  -25.848  -61.119  29.453 0.0000000000
34195  -25.218  -61.456  30.460 0.0000000000
33034  -27.474  -62.811  30.743 0.0000000000
34197  -26.869  -62.233  30.710 0.0000000000
61758  -49.747  -35.076  13.152 0.0000000000
61723  -52.620  -35.574  14.964 0.0000000000
73477  -55.135  -23.295  6.027 0.0000000000
76510  -59.670  -20.990  2.670 0.0000000000
76524  -60.158  -20.650  2.107 0.0000000000
34132  -20.853  -61.979  34.363 0.0000000000
34095  -21.994  -62.133  37.568 0.0000000000
50680  -44.784  -46.530  25.581 0.0000000000
51621  -44.088  -45.801  22.776 0.0000000000
51631  -44.370  -45.008  22.492 0.0000000000
52544  -44.588  -44.430  22.749 0.0000000000
50742  -43.295  -45.913  21.489 0.0000000000
51649  -43.048  -45.690  20.874 0.0000000000
52582  -43.592  -44.215  20.118 0.0000000000
52569  -43.579  -44.599  20.550 0.0000000000
53491  -43.804  -43.472  20.358 0.0000000000
54423  -43.863  -42.580  20.416 0.0000000000
53490  -43.478  -43.138  19.968 0.0000000000
35352  -28.261  -61.175  27.374 0.0000000000
37726  -29.786  -59.508  26.856 0.0000000000
37763  -28.251  -58.801  24.869 0.0000000000
38980  -28.605  -57.977  24.665 0.0000000000
40136  -29.938  -57.343  26.259 0.0000000000
38964  -29.510  -57.909  25.810 0.0000000000
41266  -31.689  -55.126  27.561 0.0000000000
42369  -31.641  -55.019  27.003 0.0000000000
46815  -35.207  -50.536  19.310 0.0000000000
46757  -37.282  -51.084  22.167 0.0000000000
45796  -37.678  -51.186  22.765 0.0000000000
45783  -39.555  -51.085  23.551 0.0000000000
45782  -38.735  -51.239  23.669 0.0000000000
45766  -40.454  -51.612  24.498 0.0000000000
45751  -40.771  -52.102  25.331 0.0000000000
46723  -41.966  -51.210  23.833 0.0000000000
46711  -42.910  -51.607  24.779 0.0000000000
46724  -42.748  -50.797  24.115 0.0000000000
47717  -41.207  -49.245  21.624 0.0000000000
47697  -41.575  -49.771  22.490 0.0000000000
47698  -42.223  -49.340  22.806 0.0000000000
48766  -42.902  -49.417  23.635 0.0000000000
49742  -44.071  -47.369  24.611 0.0000000000
49728  -44.317  -47.367  25.224 0.0000000000
35360  -27.106  -60.590  26.686 0.0000000000
58369  -48.340  -39.475  23.187 0.0000000000
58370  -49.188  -39.085  23.142 0.0000000000
58371  -49.954  -38.421  22.968 0.0000000000
58397  -49.858  -37.797  20.902 0.0000000000
59457  -50.574  -37.499  21.519 0.0000000000
59458  -51.348  -37.122  22.079 0.0000000000
60545  -52.015  -36.624  21.464 0.0000000000
66708  -51.675  -30.572  13.256 0.0000000000
65755  -51.890  -31.085  13.625 0.0000000000
66698  -52.791  -30.637  14.081 0.0000000000
67686  -54.484  -29.586  14.535 0.0000000000
66700  -53.979  -30.425  14.718 0.0000000000
66690  -54.605  -30.578  15.279 0.0000000000
66681  -55.002  -30.923  15.906 0.0000000000
66691  -55.155  -30.340  15.574 0.0000000000
68657  -55.957  -28.220  13.953 0.0000000000
68637  -55.626  -28.801  14.583 0.0000000000
67666  -56.826  -29.836  16.397 0.0000000000
28189  -13.259  -66.180  39.961 0.0000000000
28188  -12.369  -66.082  40.119 0.0000000000
60712  -45.753  -36.400  11.694 0.0000000000
61781  -46.889  -35.113  11.619 0.0000000000
62768  -48.005  -34.507  11.977 0.0000000000
63743  -48.063  -33.506  11.647 0.0000000000
63744  -48.711  -32.769  11.716 0.0000000000
64773  -48.864  -32.090  11.599 0.0000000000
65776  -49.905  -31.091  11.878 0.0000000000
66719  -50.712  -30.651  12.312 0.0000000000
66732  -50.359  -30.490  11.698 0.0000000000
67720  -51.343  -29.588  11.759 0.0000000000
68677  -51.922  -29.005  11.388 0.0000000000
69711  -52.726  -27.573  10.073 0.0000000000
69689  -52.600  -27.845  10.271 0.0000000000
68693  -52.893  -28.274  11.183 0.0000000000
69674  -54.265  -27.622  11.730 0.0000000000
69691  -53.816  -27.487  11.094 0.0000000000
70671  -54.942  -26.449  10.804 0.0000000000
71554  -55.526  -25.891  10.636 0.0000000000
72487  -54.531  -25.428  8.638 0.0000000000
31847  -13.255  -64.472  37.443 0.0000000000
33002  -19.281  -62.405  35.517 0.0000000000
32991  -18.850  -62.670  36.046 0.0000000000
32973  -18.791  -62.675  38.155 0.0000000000
32982  -18.210  -63.018  36.551 0.0000000000
31851  -17.538  -63.564  36.761 0.0000000000
31828  -19.028  -63.387  38.707 0.0000000000
32958  -17.416  -63.599  38.996 0.0000000000
31825  -16.345  -64.144  38.502 0.0000000000
31815  -15.801  -64.700  38.928 0.0000000000
29448  -15.209  -65.425  39.756 0.0000000000
30628  -14.545  -65.013  40.022 0.0000000000
29441  -14.082  -65.305  40.188 0.0000000000
28181  -13.660  -65.731  40.144 0.0000000000
28182  -14.415  -65.761  40.065 0.0000000000
25640  -14.980  -67.245  39.192 0.0000000000
56239  -47.407  -41.283  25.964 0.0000000000
57225  -47.541  -40.575  25.657 0.0000000000
51607  -45.207  -45.473  24.919 0.0000000000
51608  -45.599  -44.970  25.449 0.0000000000
52518  -45.602  -44.645  24.902 0.0000000000
53453  -45.852  -43.435  24.511 0.0000000000
53446  -45.981  -43.365  25.290 0.0000000000
54377  -46.089  -42.656  24.705 0.0000000000
55330  -45.197  -41.430  22.361 0.0000000000
56284  -45.598  -40.960  23.774 0.0000000000
56273  -45.818  -41.226  24.189 0.0000000000
55311  -46.168  -41.788  24.566 0.0000000000
56274  -45.991  -41.027  24.351 0.0000000000
56255  -46.502  -41.291  24.771 0.0000000000
57281  -46.019  -39.895  23.965 0.0000000000
57282  -46.832  -39.804  23.993 0.0000000000
58347  -47.378  -39.689  24.073 0.0000000000
57358  -45.863  -39.284  20.092 0.0000000000
58419  -44.285  -39.285  19.370 0.0000000000
58469  -44.875  -38.685  17.022 0.0000000000
57423  -43.943  -39.308  15.811 0.0000000000
57399  -44.816  -38.840  16.452 0.0000000000
57471  -44.085  -39.455  14.280 0.0000000000
57394  -39.525  -39.614  16.670 0.0000000000
57420  -40.352  -39.350  15.779 0.0000000000
57468  -41.037  -39.659  13.642 0.0000000000
57450  -42.450  -39.561  14.824 0.0000000000
34224  -29.200  -61.320  27.741 0.0000000000
34215  -29.752  -61.874  28.429 0.0000000000
35344  -30.098  -61.428  28.243 0.0000000000
36495  -31.184  -59.082  30.835 0.0000000000
44726  -30.673  -52.898  23.532 0.0000000000
44725  -30.214  -53.081  23.074 0.0000000000
43582  -30.298  -53.506  23.412 0.0000000000
43569  -30.570  -53.846  24.017 0.0000000000
42425  -30.693  -54.775  24.488 0.0000000000
44690  -31.692  -53.390  25.763 0.0000000000
46753  -32.373  -50.327  21.891 0.0000000000
45744  -33.956  -51.513  25.696 0.0000000000
46708  -33.096  -51.542  24.981 0.0000000000
45742  -32.603  -51.848  25.588 0.0000000000
45723  -32.740  -51.959  26.368 0.0000000000
44664  -32.999  -52.796  27.875 0.0000000000
44655  -33.009  -52.614  28.823 0.0000000000
43502  -32.793  -53.566  29.320 0.0000000000
45652  -34.218  -52.041  29.893 0.0000000000
45669  -35.630  -51.716  29.140 0.0000000000
45655  -36.641  -51.939  30.111 0.0000000000
45752  -41.991  -52.253  25.182 0.0000000000
34176  -18.397  -61.796  31.444 0.0000000000
36525  -23.246  -60.002  28.362 0.0000000000
36524  -22.643  -59.898  28.292 0.0000000000
35336  -21.028  -60.375  28.783 0.0000000000
35321  -20.254  -60.738  29.488 0.0000000000
35304  -20.460  -60.975  30.208 0.0000000000
35289  -20.529  -61.222  30.876 0.0000000000
34164  -21.521  -61.600  32.624 0.0000000000
34169  -26.136  -62.093  32.655 0.0000000000
58296  -50.533  -39.100  25.776 0.0000000000
59587  -46.431  -38.004  12.970 0.0000000000
59573  -47.071  -38.167  14.078 0.0000000000
59529  -49.357  -37.515  16.015 0.0000000000
60676  -51.075  -36.160  14.233 0.0000000000
60626  -51.012  -36.937  15.461 0.0000000000
60586  -51.788  -36.619  18.094 0.0000000000
61685  -54.261  -35.943  18.786 0.0000000000
61666  -54.216  -35.934  19.707 0.0000000000
64742  -53.180  -32.229  14.322 0.0000000000
64732  -53.602  -32.665  14.843 0.0000000000
63683  -55.001  -33.223  16.169 0.0000000000
63700  -54.441  -33.563  15.763 0.0000000000
72478  -56.485  -25.088  10.004 0.0000000000
73437  -58.558  -24.032  9.407 0.0000000000
72481  -59.087  -23.894  10.384 0.0000000000
73454  -56.827  -24.018  7.459 0.0000000000
73457  -59.665  -23.515  7.766 0.0000000000
76456  -61.800  -21.197  8.552 0.0000000000
75485  -61.632  -21.579  8.161 0.0000000000
74497  -59.646  -22.387  4.707 0.0000000000
74496  -58.767  -22.384  4.769 0.0000000000
74491  -60.584  -22.515  5.514 0.0000000000
75499  -61.638  -21.555  6.466 0.0000000000
75491  -61.944  -21.112  7.104 0.0000000000
76471  -62.357  -20.822  7.435 0.0000000000
76498  -62.686  -20.306  4.279 0.0000000000
49844  -41.496  -47.436  19.776 0.0000000000
47794  -38.865  -49.222  17.834 0.0000000000
48850  -40.623  -48.429  19.309 0.0000000000
48851  -41.028  -48.076  19.524 0.0000000000
58486  -45.688  -38.686  16.027 0.0000000000
58487  -46.533  -38.400  15.788 0.0000000000
70657  -56.181  -26.446  11.862 0.0000000000
70638  -57.389  -26.435  12.958 0.0000000000
71530  -59.253  -25.145  13.248 0.0000000000
72432  -59.682  -24.947  13.482 0.0000000000
72447  -59.514  -24.458  12.817 0.0000000000
34143  -17.018  -62.530  32.487 0.0000000000
33021  -16.446  -62.668  33.155 0.0000000000
55369  -42.823  -40.899  19.832 0.0000000000
56338  -42.842  -40.614  19.729 0.0000000000
57354  -42.335  -40.108  19.443 0.0000000000
57353  -41.792  -40.021  19.226 0.0000000000
41208  -32.237  -55.676  30.459 0.0000000000
42327  -32.563  -54.981  30.594 0.0000000000
43486  -32.837  -53.514  30.423 0.0000000000
45710  -39.218  -51.985  27.360 0.0000000000
34205  -26.266  -61.432  29.538 0.0000000000
33041  -27.499  -62.632  29.755 0.0000000000
62755  -49.805  -34.120  12.964 0.0000000000
62742  -50.335  -34.273  13.233 0.0000000000
63710  -51.748  -33.922  13.877 0.0000000000
63711  -52.112  -33.645  14.093 0.0000000000
50690  -44.001  -46.915  23.918 0.0000000000
51677  -42.659  -45.237  19.558 0.0000000000
51663  -43.049  -45.095  20.303 0.0000000000
53499  -43.240  -43.505  19.561 0.0000000000
36553  -26.867  -60.159  26.000 0.0000000000
36554  -28.039  -60.164  25.799 0.0000000000
38981  -29.153  -57.375  25.012 0.0000000000
40153  -30.261  -56.717  25.856 0.0000000000
42406  -31.141  -54.950  25.318 0.0000000000
46796  -38.507  -50.507  20.613 0.0000000000
46738  -38.423  -51.030  22.896 0.0000000000
46742  -41.694  -50.564  23.192 0.0000000000
48796  -42.204  -48.703  22.217 0.0000000000
49741  -43.735  -47.491  23.983 0.0000000000
36559  -25.513  -59.294  25.785 0.0000000000
57329  -47.984  -39.316  21.548 0.0000000000
58395  -48.584  -38.986  21.407 0.0000000000
59469  -51.211  -36.987  21.025 0.0000000000
59479  -51.058  -36.875  20.063 0.0000000000
67700  -52.716  -29.578  13.407 0.0000000000
66710  -52.855  -30.001  13.864 0.0000000000
67701  -53.371  -29.402  13.636 0.0000000000
68625  -57.600  -28.446  15.597 0.0000000000
68624  -56.763  -28.873  15.570 0.0000000000
74446  -61.587  -21.952  10.299 0.0000000000
63742  -46.896  -33.577  11.093 0.0000000000
67731  -49.585  -29.895  10.366 0.0000000000
67732  -50.390  -29.710  10.821 0.0000000000
68690  -50.837  -29.023  10.400 0.0000000000
70683  -52.371  -27.019  9.245 0.0000000000
70669  -53.532  -27.033  10.200 0.0000000000
70685  -53.844  -26.514  9.737 0.0000000000
71565  -54.435  -26.019  9.554 0.0000000000
31835  -14.474  -64.623  38.165 0.0000000000
34102  -20.203  -62.157  37.066 0.0000000000
34101  -19.464  -62.410  37.698 0.0000000000
34092  -19.399  -62.494  38.104 0.0000000000
30651  -18.205  -64.342  38.925 0.0000000000
30641  -17.057  -64.611  39.027 0.0000000000
30640  -16.211  -64.877  39.055 0.0000000000
29449  -15.840  -65.431  39.290 0.0000000000
28191  -14.858  -66.244  39.692 0.0000000000
54383  -45.607  -42.594  23.807 0.0000000000
56312  -44.893  -40.741  21.472 0.0000000000
56297  -45.303  -40.932  22.438 0.0000000000
57297  -45.355  -40.618  22.595 0.0000000000
57279  -45.629  -40.686  23.711 0.0000000000
58450  -43.080  -39.206  18.331 0.0000000000
58436  -43.675  -39.222  18.785 0.0000000000
58451  -43.831  -38.986  18.106 0.0000000000
36527  -30.556  -60.463  28.117 0.0000000000
37676  -31.479  -58.154  31.619 0.0000000000
36489  -31.453  -58.647  31.606 0.0000000000
45792  -30.690  -51.369  22.263 0.0000000000
44704  -31.709  -52.816  25.424 0.0000000000
45746  -35.545  -51.413  25.781 0.0000000000
45745  -34.723  -51.407  25.816 0.0000000000
45724  -33.431  -51.821  26.462 0.0000000000
45704  -33.682  -51.952  27.286 0.0000000000
45666  -33.396  -52.116  28.700 0.0000000000
45667  -33.903  -51.955  29.067 0.0000000000
45653  -34.948  -51.968  29.856 0.0000000000
35324  -23.092  -60.642  29.551 0.0000000000
35305  -21.343  -60.993  30.228 0.0000000000
34180  -22.303  -61.364  31.811 0.0000000000
34165  -22.475  -61.533  32.570 0.0000000000
34185  -26.864  -62.333  31.744 0.0000000000
59588  -47.327  -37.275  12.788 0.0000000000
59564  -49.345  -37.216  14.243 0.0000000000
60605  -52.789  -36.580  17.447 0.0000000000
64733  -54.184  -32.448  15.286 0.0000000000
63684  -55.615  -33.228  16.496 0.0000000000
73444  -57.666  -24.145  8.284 0.0000000000
73458  -60.446  -23.230  7.805 0.0000000000
73472  -60.500  -23.134  7.256 0.0000000000
75533  -59.130  -21.523  3.523 0.0000000000
75510  -60.944  -22.120  5.153 0.0000000000
76528  -63.399  -19.745  2.531 0.0000000000
76513  -63.311  -19.867  2.893 0.0000000000
77474  -63.657  -19.500  3.032 0.0000000000
50717  -42.889  -46.946  21.827 0.0000000000
50784  -42.167  -46.019  19.323 0.0000000000
51690  -42.281  -45.299  18.655 0.0000000000
40179  -28.836  -56.256  23.803 0.0000000000
41327  -29.588  -55.514  23.773 0.0000000000
47774  -37.615  -49.887  18.043 0.0000000000
47757  -37.915  -50.179  18.931 0.0000000000
46797  -39.510  -50.060  20.680 0.0000000000
46779  -40.276  -50.065  21.649 0.0000000000
48815  -41.621  -48.698  21.472 0.0000000000
58422  -47.218  -38.776  19.508 0.0000000000
58441  -47.854  -37.888  18.154 0.0000000000
58456  -47.824  -37.731  17.514 0.0000000000
59488  -48.565  -37.695  18.477 0.0000000000
59502  -48.883  -37.501  17.803 0.0000000000
59503  -49.740  -37.302  17.766 0.0000000000
68669  -54.885  -28.232  12.994 0.0000000000
69647  -55.847  -27.866  13.373 0.0000000000
69633  -56.947  -27.850  14.371 0.0000000000
69649  -57.152  -27.402  13.987 0.0000000000
69620  -58.071  -27.829  15.415 0.0000000000
69621  -58.718  -27.526  15.787 0.0000000000
72448  -60.222  -24.152  13.224 0.0000000000
73422  -60.499  -23.050  11.640 0.0000000000
73431  -60.206  -23.186  10.555 0.0000000000
33010  -15.412  -63.005  33.930 0.0000000000
31888  -15.498  -63.575  34.751 0.0000000000
31874  -15.758  -63.890  35.477 0.0000000000
31861  -16.263  -64.043  36.177 0.0000000000
54400  -44.662  -42.544  21.783 0.0000000000
55342  -44.676  -41.092  20.978 0.0000000000
56311  -44.561  -40.876  20.944 0.0000000000
56325  -44.482  -40.634  20.965 0.0000000000
57324  -44.431  -40.309  21.157 0.0000000000
58417  -43.135  -39.579  19.183 0.0000000000
57372  -42.903  -39.638  19.115 0.0000000000
58435  -42.970  -39.440  18.880 0.0000000000
38941  -30.443  -58.103  28.150 0.0000000000
38908  -31.229  -57.823  30.262 0.0000000000
38909  -31.494  -57.281  30.292 0.0000000000
38888  -31.411  -57.654  30.710 0.0000000000
37692  -31.503  -57.895  31.534 0.0000000000
37677  -31.678  -57.875  32.010 0.0000000000
46750  -30.149  -50.962  21.621 0.0000000000
45685  -35.458  -51.534  28.285 0.0000000000
45671  -37.462  -51.963  29.173 0.0000000000
36539  -23.510  -59.680  27.682 0.0000000000
35325  -24.118  -60.773  29.519 0.0000000000
34194  -24.259  -61.327  30.789 0.0000000000
34182  -24.320  -61.501  31.560 0.0000000000
61757  -49.052  -35.602  12.884 0.0000000000
60689  -49.641  -36.048  13.334 0.0000000000
60690  -50.240  -35.697  13.511 0.0000000000
61743  -50.825  -35.726  13.791 0.0000000000
62743  -51.138  -34.742  13.614 0.0000000000
61744  -51.520  -35.480  14.111 0.0000000000
61722  -52.033  -35.663  14.579 0.0000000000
61724  -53.674  -35.745  15.758 0.0000000000
73467  -55.755  -23.746  6.503 0.0000000000
73468  -56.697  -23.692  6.652 0.0000000000
75546  -60.292  -21.357  2.762 0.0000000000
75536  -61.680  -21.304  3.410 0.0000000000
75548  -61.692  -21.108  2.660 0.0000000000
76526  -62.219  -20.744  2.133 0.0000000000
76543  -60.675  -20.287  1.516 0.0000000000
76527  -63.050  -20.084  2.099 0.0000000000
34130  -19.059  -62.270  34.335 0.0000000000
34131  -19.962  -62.164  34.294 0.0000000000
34119  -20.037  -62.240  35.225 0.0000000000
51664  -43.302  -45.147  20.715 0.0000000000
55391  -41.589  -41.048  18.553 0.0000000000
34213  -28.170  -61.906  28.222 0.0000000000
36526  -30.265  -59.954  27.476 0.0000000000
38940  -30.142  -58.360  27.597 0.0000000000
40116  -31.306  -56.625  28.452 0.0000000000
41240  -31.313  -56.300  27.987 0.0000000000
46813  -33.986  -50.333  19.262 0.0000000000
46791  -33.826  -50.374  19.662 0.0000000000
46756  -36.239  -51.222  22.328 0.0000000000
46816  -36.216  -50.370  19.582 0.0000000000
46794  -36.499  -50.617  20.518 0.0000000000
46795  -37.536  -50.645  20.557 0.0000000000
47696  -41.088  -49.956  22.246 0.0000000000
47687  -42.354  -49.947  23.324 0.0000000000
49710  -44.245  -48.252  25.720 0.0000000000
36550  -23.987  -59.267  26.547 0.0000000000
36541  -25.308  -59.942  27.100 0.0000000000
36552  -25.975  -59.879  26.441 0.0000000000
35351  -27.175  -61.170  27.700 0.0000000000
58319  -48.283  -39.513  24.833 0.0000000000
58396  -49.189  -38.426  21.126 0.0000000000
64754  -51.920  -31.954  13.604 0.0000000000
65741  -52.517  -31.432  13.974 0.0000000000
66699  -53.340  -30.334  14.286 0.0000000000
65743  -53.613  -31.018  14.711 0.0000000000
65724  -55.341  -31.573  16.274 0.0000000000
65725  -55.963  -31.430  16.528 0.0000000000
68655  -54.564  -28.777  13.624 0.0000000000
68636  -55.002  -28.927  14.263 0.0000000000
67675  -55.612  -29.671  15.417 0.0000000000
67676  -56.284  -29.475  15.723 0.0000000000
29439  -12.426  -65.231  40.298 0.0000000000
58540  -45.383  -38.616  13.099 0.0000000000
61780  -45.958  -35.207  11.391 0.0000000000
60714  -47.348  -35.593  12.016 0.0000000000
61768  -47.915  -35.470  12.274 0.0000000000
61769  -48.550  -34.992  12.436 0.0000000000
62754  -49.304  -34.340  12.673 0.0000000000
63731  -48.515  -33.702  11.969 0.0000000000
63733  -49.871  -33.414  12.750 0.0000000000
64763  -50.107  -32.240  12.580 0.0000000000
65762  -49.814  -31.679  12.097 0.0000000000
65753  -50.685  -31.821  12.997 0.0000000000
65764  -50.796  -31.032  12.791 0.0000000000
66721  -51.772  -29.969  13.004 0.0000000000
67719  -50.792  -29.899  11.494 0.0000000000
67711  -51.705  -29.668  12.450 0.0000000000
67712  -52.294  -29.329  12.753 0.0000000000
68666  -52.939  -28.802  12.384 0.0000000000
68714  -51.793  -28.471  10.273 0.0000000000
68679  -53.393  -28.243  11.713 0.0000000000
68680  -53.896  -28.255  12.184 0.0000000000
69675  -54.882  -27.489  12.183 0.0000000000
70656  -55.226  -26.994  11.754 0.0000000000
70670  -54.087  -26.987  10.703 0.0000000000
71556  -57.035  -25.370  11.214 0.0000000000
71579  -55.394  -25.361  9.411 0.0000000000
72510  -54.663  -24.414  7.031 0.0000000000
33000  -17.829  -62.949  35.284 0.0000000000
32990  -18.309  -62.971  35.822 0.0000000000
31862  -17.147  -63.877  36.094 0.0000000000
31850  -16.779  -63.896  36.876 0.0000000000
32965  -18.696  -62.938  38.985 0.0000000000
32964  -17.777  -63.107  38.682 0.0000000000
31817  -17.526  -63.948  39.104 0.0000000000
32963  -17.158  -63.583  38.217 0.0000000000
31837  -16.595  -63.909  37.709 0.0000000000
31814  -14.913  -64.806  39.238 0.0000000000
29440  -13.279  -65.301  40.165 0.0000000000
26879  -13.738  -66.728  39.570 0.0000000000
56240  -47.897  -40.876  26.556 0.0000000000
57226  -47.978  -40.231  26.177 0.0000000000
51600  -45.755  -44.727  26.038 0.0000000000
52527  -45.702  -44.156  24.716 0.0000000000
55321  -45.696  -41.605  23.954 0.0000000000
54376  -45.938  -42.093  24.236 0.0000000000
57223  -46.881  -41.233  25.075 0.0000000000
57238  -46.898  -41.043  24.987 0.0000000000
57239  -46.997  -40.573  24.877 0.0000000000
57240  -47.306  -40.258  25.084 0.0000000000
58318  -47.515  -39.764  24.491 0.0000000000
57283  -47.281  -39.649  23.710 0.0000000000
57302  -47.515  -39.573  23.163 0.0000000000
57315  -46.942  -39.486  22.448 0.0000000000
57328  -47.183  -39.371  21.604 0.0000000000
57359  -46.770  -39.170  20.075 0.0000000000
57339  -44.736  -39.651  20.906 0.0000000000
58421  -46.125  -38.931  19.349 0.0000000000
58470  -45.654  -38.462  16.915 0.0000000000
58485  -45.181  -38.729  16.448 0.0000000000
57425  -45.396  -38.967  15.539 0.0000000000
58507  -45.165  -39.134  14.339 0.0000000000
55390  -40.863  -40.624  18.348 0.0000000000
56374  -40.254  -40.110  18.063 0.0000000000
57448  -40.174  -39.566  14.626 0.0000000000
57485  -41.830  -39.630  12.786 0.0000000000
58522  -44.620  -39.174  13.706 0.0000000000
58539  -44.459  -38.705  12.714 0.0000000000
34207  -29.562  -62.114  28.547 0.0000000000
36504  -31.036  -59.469  29.869 0.0000000000
41341  -29.258  -55.262  23.130 0.0000000000
41328  -30.217  -55.329  24.274 0.0000000000
43542  -31.493  -54.093  25.616 0.0000000000
42385  -31.714  -54.606  26.730 0.0000000000
42370  -31.823  -54.459  27.165 0.0000000000
43514  -32.560  -53.699  28.279 0.0000000000
46717  -32.339  -51.691  23.916 0.0000000000
45793  -35.074  -51.391  23.736 0.0000000000
46737  -34.332  -51.304  23.923 0.0000000000
45760  -34.457  -51.364  25.169 0.0000000000
46720  -34.130  -51.320  24.736 0.0000000000
46719  -33.622  -51.319  24.411 0.0000000000
45702  -32.424  -52.155  26.832 0.0000000000
44676  -32.217  -52.583  26.903 0.0000000000
44663  -32.620  -53.060  27.402 0.0000000000
43501  -32.596  -54.107  29.000 0.0000000000
44656  -33.311  -52.303  29.283 0.0000000000
44634  -33.124  -52.822  30.542 0.0000000000
34162  -19.544  -61.863  32.482 0.0000000000
35337  -21.952  -60.358  28.837 0.0000000000
35288  -19.967  -61.136  30.742 0.0000000000
34177  -19.469  -61.487  31.380 0.0000000000
58524  -46.324  -38.578  13.997 0.0000000000
58510  -47.462  -38.106  15.199 0.0000000000
60674  -49.527  -36.749  13.764 0.0000000000
60649  -49.984  -36.956  14.436 0.0000000000
59544  -50.318  -37.105  15.075 0.0000000000
59530  -50.238  -37.331  15.800 0.0000000000
60572  -51.052  -36.763  18.615 0.0000000000
60574  -52.598  -36.198  19.722 0.0000000000
63699  -53.788  -33.311  15.244 0.0000000000
62728  -53.147  -34.354  14.987 0.0000000000
61725  -54.231  -35.158  15.856 0.0000000000
61706  -54.666  -35.569  16.664 0.0000000000
61686  -54.855  -35.867  18.039 0.0000000000
72469  -57.787  -25.000  11.498 0.0000000000
72470  -58.332  -24.453  11.107 0.0000000000
72471  -59.023  -23.979  10.976 0.0000000000
73445  -58.370  -24.011  8.674 0.0000000000
74445  -60.796  -22.600  10.442 0.0000000000
74455  -61.319  -22.052  9.230 0.0000000000
74462  -60.902  -22.722  8.522 0.0000000000
75478  -61.715  -21.434  9.038 0.0000000000
76470  -61.949  -20.914  7.678 0.0000000000
77473  -63.413  -19.696  3.526 0.0000000000
28183  -14.983  -65.746  39.909 0.0000000000
29451  -17.398  -65.085  38.987 0.0000000000
30629  -14.960  -65.122  39.966 0.0000000000
31813  -14.538  -64.807  39.368 0.0000000000
32971  -17.214  -63.576  37.768 0.0000000000
32984  -19.743  -62.302  36.573 0.0000000000
33023  -17.898  -62.590  34.100 0.0000000000
33067  -28.268  -62.287  28.548 0.0000000000
35362  -28.636  -60.787  27.024 0.0000000000
52581  -43.221  -44.437  19.782 0.0000000000
57453  -45.202  -39.139  15.314 0.0000000000
58434  -42.670  -39.492  18.774 0.0000000000
59541  -47.888  -37.887  15.572 0.0000000000
59561  -47.240  -38.182  14.524 0.0000000000
61760  -51.043  -35.301  13.706 0.0000000000
61783  -48.005  -35.004  12.159 0.0000000000
66731  -49.863  -30.787  11.453 0.0000000000
66733  -50.860  -30.156  12.007 0.0000000000
67687  -55.126  -29.350  14.808 0.0000000000
68639  -57.078  -28.252  14.943 0.0000000000
