#!ascii label  , from subject sub-01 vox2ras=TkReg
775
76976  -25.527  -19.902  -31.580 0.5555555820
77960  -26.291  -19.103  -32.320 0.6666666865
78891  -26.261  -18.640  -32.453 0.7777777910
78892  -26.699  -18.653  -32.512 0.7777777910
79838  -26.039  -17.402  -32.614 0.8888888955
79841  -28.819  -17.138  -33.008 0.8888888955
75977  -25.275  -20.553  -31.316 0.5555555820
77948  -25.210  -19.300  -31.673 0.5555555820
77958  -25.112  -18.718  -31.895 0.6666666865
78890  -25.176  -18.154  -32.262 0.8888888955
78906  -27.187  -18.046  -32.611 0.8888888955
79839  -26.881  -17.334  -32.630 0.8888888955
80796  -27.559  -16.349  -32.793 1.0000000000
80797  -28.524  -16.305  -33.147 0.8888888955
81741  -29.011  -15.523  -33.712 1.0000000000
78889  -24.723  -18.240  -31.890 0.7777777910
79828  -25.345  -17.390  -32.474 1.0000000000
80784  -24.994  -16.449  -32.328 1.0000000000
80794  -25.725  -16.504  -32.529 1.0000000000
81738  -26.165  -15.499  -32.681 1.0000000000
81739  -27.101  -15.419  -32.941 1.0000000000
82648  -26.563  -14.486  -33.108 1.0000000000
82649  -27.438  -14.472  -33.555 1.0000000000
81753  -28.765  -14.804  -33.907 1.0000000000
82660  -28.946  -14.075  -34.303 1.0000000000
83573  -27.539  -13.119  -34.177 1.0000000000
83575  -29.217  -13.213  -34.707 0.7777777910
81725  -24.133  -15.282  -31.728 0.8888888955
81726  -24.726  -15.430  -32.094 1.0000000000
82647  -25.712  -14.506  -32.674 1.0000000000
82637  -24.997  -14.537  -32.318 1.0000000000
83562  -26.109  -13.466  -33.017 1.0000000000
84477  -27.113  -12.670  -34.076 1.0000000000
84486  -28.655  -12.312  -34.760 1.0000000000
85456  -28.967  -11.383  -34.793 0.7777777910
85457  -29.760  -11.436  -34.698 0.7777777910
82635  -23.794  -14.341  -31.771 0.5555555820
84449  -23.232  -12.958  -31.785 0.7777777910
83547  -24.116  -13.474  -32.218 0.8888888955
83561  -25.211  -13.510  -32.577 1.0000000000
84474  -24.956  -12.647  -32.635 0.8888888955
84475  -25.627  -12.491  -32.930 1.0000000000
84476  -26.469  -12.398  -33.596 1.0000000000
85454  -27.320  -11.244  -34.394 1.0000000000
85455  -28.109  -11.315  -34.745 0.8888888955
86405  -28.427  -10.378  -34.755 0.8888888955
86406  -29.225  -10.475  -34.661 0.7777777910
86392  -30.472  -10.525  -34.059 0.6666666865
87353  -30.090  -9.676  -34.152 0.6666666865
83531  -22.072  -13.227  -31.314 0.4444444478
84448  -22.800  -12.400  -31.677 0.6666666865
85425  -24.282  -11.471  -32.559 0.7777777910
85440  -25.085  -11.611  -32.844 0.8888888955
84484  -27.014  -11.984  -34.162 1.0000000000
85441  -25.976  -11.403  -33.318 1.0000000000
86391  -26.297  -10.372  -33.765 1.0000000000
86403  -26.868  -10.345  -34.225 1.0000000000
86404  -27.589  -10.296  -34.583 0.8888888955
87351  -28.752  -9.477  -34.715 0.7777777910
87337  -30.558  -9.752  -33.673 0.5555555820
88322  -29.137  -8.650  -34.582 0.7777777910
88323  -29.766  -8.749  -34.256 0.6666666865
85409  -22.229  -11.425  -31.577 0.6666666865
84447  -21.749  -12.340  -31.296 0.6666666865
85424  -23.614  -11.354  -32.322 0.7777777910
85423  -22.968  -11.347  -32.045 0.7777777910
86390  -25.653  -10.357  -33.231 0.8888888955
86389  -24.892  -10.393  -32.778 1.0000000000
87336  -26.543  -9.763  -34.067 1.0000000000
87349  -26.950  -9.231  -34.321 0.8888888955
88321  -28.330  -8.451  -34.690 0.8888888955
87348  -26.509  -8.639  -34.119 0.8888888955
88320  -27.440  -8.318  -34.549 0.7777777910
89280  -29.482  -8.124  -34.358 0.7777777910
89262  -30.043  -7.580  -33.919 0.6666666865
85408  -21.369  -11.421  -31.205 0.6666666865
86373  -22.579  -10.438  -31.886 0.7777777910
86374  -23.358  -10.393  -32.254 0.8888888955
86375  -24.122  -10.382  -32.497 0.8888888955
87320  -24.615  -9.259  -32.784 1.0000000000
87334  -25.355  -9.255  -33.246 1.0000000000
89278  -27.881  -7.449  -34.602 0.7777777910
89261  -29.406  -6.984  -34.223 0.6666666865
89250  -30.446  -6.983  -33.308 0.5555555820
86360  -21.745  -10.494  -31.447 0.6666666865
88318  -26.208  -8.117  -34.065 0.8888888955
88319  -26.739  -8.143  -34.305 0.8888888955
89276  -26.443  -7.321  -34.189 0.8888888955
90211  -28.270  -6.523  -34.574 0.7777777910
90212  -29.025  -6.433  -34.392 0.7777777910
90198  -29.590  -6.415  -33.972 0.5555555820
90209  -26.688  -6.526  -34.350 0.7777777910
91140  -29.233  -5.577  -34.171 0.5555555820
91132  -30.395  -5.512  -33.128 0.5555555820
91151  -28.608  -5.611  -34.497 0.6666666865
87292  -20.366  -9.604  -30.407 0.4444444478
87306  -21.108  -9.530  -31.157 0.5555555820
88290  -22.597  -8.355  -31.861 0.7777777910
87319  -23.807  -9.300  -32.456 1.0000000000
87318  -23.007  -9.383  -32.080 0.8888888955
88292  -24.202  -8.057  -32.816 1.0000000000
88304  -25.004  -8.204  -33.262 0.8888888955
89260  -25.349  -7.290  -33.600 0.8888888955
89275  -25.894  -7.312  -33.961 0.8888888955
89236  -21.240  -7.367  -31.344 0.6666666865
88281  -20.781  -8.374  -31.015 0.6666666865
89247  -22.832  -7.301  -32.261 0.7777777910
89249  -24.212  -6.993  -32.814 0.8888888955
89248  -23.582  -7.188  -32.592 0.7777777910
90196  -25.083  -6.382  -33.391 0.7777777910
89259  -24.756  -7.199  -33.166 0.8888888955
90208  -26.095  -6.521  -34.179 0.8888888955
91147  -25.802  -5.699  -34.081 0.7777777910
91148  -26.287  -5.731  -34.369 0.7777777910
91149  -26.965  -5.631  -34.526 0.6666666865
92059  -25.722  -4.655  -33.857 0.6666666865
92071  -27.395  -4.641  -34.526 0.6666666865
91150  -27.811  -5.596  -34.605 0.5555555820
92990  -27.026  -3.633  -34.365 0.6666666865
92991  -27.939  -3.647  -34.367 0.5555555820
92983  -28.685  -3.650  -34.272 0.5555555820
92062  -29.434  -4.597  -33.930 0.4444444478
91105  -20.419  -5.352  -30.667 0.3333333433
91118  -21.959  -5.648  -31.845 0.5555555820
90178  -21.618  -6.390  -31.642 0.6666666865
91129  -22.530  -5.313  -32.221 0.5555555820
90188  -23.068  -6.291  -32.452 0.7777777910
91131  -24.205  -5.460  -32.698 0.7777777910
92050  -24.500  -4.966  -32.805 0.6666666865
91138  -24.798  -5.519  -33.040 0.6666666865
92989  -26.431  -3.904  -34.129 0.6666666865
93923  -28.584  -2.653  -34.299 0.5555555820
92024  -20.505  -4.321  -31.005 0.4444444478
92023  -19.956  -4.514  -30.268 0.4444444478
91117  -21.268  -5.290  -31.341 0.4444444478
92038  -21.316  -4.236  -31.589 0.5555555820
91128  -21.901  -4.925  -31.771 0.5555555820
92048  -22.931  -4.391  -32.491 0.6666666865
92049  -23.949  -4.473  -32.751 0.6666666865
92058  -24.843  -4.527  -33.118 0.6666666865
92981  -26.019  -3.609  -33.811 0.6666666865
93914  -26.946  -2.610  -34.209 0.6666666865
94819  -28.321  -1.643  -34.459 0.5555555820
93922  -27.705  -2.649  -34.344 0.6666666865
92959  -20.796  -3.359  -31.241 0.4444444478
92970  -23.334  -3.490  -32.691 0.6666666865
92978  -23.972  -3.731  -32.950 0.6666666865
92057  -24.310  -4.035  -32.970 0.6666666865
78905  -26.279  -18.197  -32.558 0.8888888955
80795  -26.568  -16.462  -32.630 1.0000000000
81740  -28.132  -15.307  -33.408 1.0000000000
83530  -21.329  -13.152  -31.032 0.5555555820
88280  -20.308  -8.749  -30.578 0.5555555820
89277  -27.071  -7.374  -34.395 0.8888888955
87274  -19.758  -9.535  -29.346 0.2222222239
92073  -28.931  -4.934  -34.342 0.6666666865
90190  -24.522  -6.294  -32.935 0.7777777910
92061  -28.941  -4.292  -34.259 0.4444444478
92047  -22.091  -4.276  -32.084 0.6666666865
92969  -22.418  -3.456  -32.273 0.6666666865
94820  -29.260  -1.580  -34.441 0.5555555820
93924  -29.223  -2.404  -34.224 0.5555555820
92942  -19.896  -4.090  -29.671 0.2222222239
75978  -25.649  -21.170  -31.614 0.5555555820
75991  -26.228  -20.505  -31.928 0.5555555820
76987  -26.044  -19.846  -31.835 0.6666666865
77961  -27.074  -19.271  -32.471 0.5555555820
78907  -28.196  -18.066  -32.697 0.7777777910
78893  -27.439  -18.639  -32.582 0.6666666865
80798  -29.335  -16.303  -33.448 0.7777777910
75964  -24.941  -21.197  -30.766 0.4444444478
77947  -24.620  -19.123  -31.370 0.5555555820
78878  -24.109  -18.336  -31.212 0.2222222239
79817  -24.446  -17.809  -31.814 0.6666666865
82661  -29.698  -13.976  -34.463 0.8888888955
83576  -30.008  -13.203  -34.815 0.6666666865
84487  -29.520  -12.329  -34.862 0.7777777910
84488  -30.276  -12.352  -34.714 0.6666666865
79826  -24.223  -16.799  -31.787 0.5555555820
85458  -30.497  -11.455  -34.388 0.6666666865
80781  -23.365  -15.552  -31.311 0.4444444478
85443  -30.857  -11.127  -33.963 0.5555555820
87338  -30.986  -9.749  -33.138 0.5555555820
82608  -21.925  -14.464  -30.511 0.2222222239
88307  -30.711  -9.109  -33.323 0.5555555820
89263  -30.680  -8.367  -33.389 0.5555555820
84412  -20.698  -12.308  -29.818 0.3333333433
89251  -30.941  -7.523  -32.927 0.5555555820
87293  -20.752  -10.093  -30.829 0.4444444478
90191  -30.679  -6.417  -32.929 0.4444444478
87275  -20.093  -9.950  -29.018 0.3333333433
91103  -19.381  -5.602  -29.254 0.3333333433
90164  -19.413  -6.481  -29.707 0.3333333433
90165  -20.110  -6.374  -30.426 0.4444444478
92984  -29.274  -3.652  -34.042 0.4444444478
93916  -29.653  -2.720  -33.972 0.4444444478
94821  -29.809  -1.084  -34.416 0.2222222239
92943  -20.356  -3.497  -30.315 0.3333333433
92968  -21.572  -3.393  -31.824 0.6666666865
92971  -23.863  -3.200  -33.000 0.6666666865
92979  -24.442  -3.508  -33.158 0.6666666865
93912  -25.585  -2.753  -33.572 0.6666666865
94808  -26.735  -1.735  -33.899 0.6666666865
93900  -22.731  -2.586  -32.369 0.5555555820
76975  -25.048  -20.037  -31.240 0.5555555820
76988  -26.623  -19.965  -32.142 0.6666666865
77959  -25.661  -18.896  -32.139 0.6666666865
77975  -25.874  -18.444  -32.420 0.7777777910
78904  -25.702  -18.124  -32.484 0.8888888955
79840  -27.885  -17.222  -32.725 0.8888888955
76962  -24.791  -20.304  -30.653 0.4444444478
78879  -24.379  -18.190  -31.601 0.6666666865
79827  -24.630  -17.350  -32.092 0.8888888955
80783  -24.422  -16.261  -31.921 0.8888888955
81737  -25.371  -15.509  -32.423 1.0000000000
81754  -29.408  -14.759  -34.085 0.8888888955
82650  -28.211  -14.304  -33.975 1.0000000000
83563  -26.949  -13.502  -33.715 1.0000000000
83564  -27.675  -13.760  -34.018 1.0000000000
83574  -28.288  -13.309  -34.397 1.0000000000
81724  -23.438  -15.090  -31.449 0.5555555820
80782  -23.807  -16.099  -31.480 0.6666666865
82636  -24.410  -14.470  -32.036 0.8888888955
84485  -27.716  -12.286  -34.453 1.0000000000
86407  -29.938  -10.534  -34.458 0.6666666865
81712  -22.865  -14.783  -31.242 0.5555555820
82622  -23.100  -14.235  -31.492 0.6666666865
83546  -23.479  -13.493  -31.826 0.7777777910
84462  -23.642  -12.465  -32.199 0.6666666865
84463  -24.415  -12.484  -32.525 0.8888888955
83548  -24.644  -13.823  -32.308 0.8888888955
83560  -24.633  -13.178  -32.442 1.0000000000
85442  -26.642  -11.281  -33.926 1.0000000000
87352  -29.488  -9.595  -34.506 0.6666666865
86393  -30.901  -10.518  -33.573 0.5555555820
88306  -30.299  -8.873  -33.789 0.6666666865
82607  -21.491  -13.816  -30.720 0.3333333433
83532  -22.833  -13.432  -31.530 0.4444444478
84461  -23.281  -11.909  -32.089 0.6666666865
87350  -27.898  -9.345  -34.674 0.7777777910
87335  -26.134  -9.215  -33.839 1.0000000000
89279  -28.961  -7.519  -34.508 0.7777777910
84434  -20.901  -12.201  -30.720 0.4444444478
90199  -30.155  -6.402  -33.492 0.5555555820
86359  -21.033  -10.590  -31.046 0.5555555820
87307  -22.153  -9.447  -31.639 0.6666666865
88305  -25.645  -8.217  -33.725 1.0000000000
90210  -27.416  -6.523  -34.504 0.8888888955
91141  -29.800  -5.512  -33.673 0.5555555820
88291  -23.348  -8.266  -32.387 1.0000000000
88282  -21.691  -8.410  -31.456 0.7777777910
92063  -30.121  -4.592  -33.393 0.5555555820
89223  -20.467  -7.320  -30.816 0.5555555820
90166  -20.835  -6.339  -31.088 0.4444444478
89237  -22.076  -7.362  -31.796 0.6666666865
90179  -22.343  -6.377  -32.104 0.6666666865
87305  -20.604  -9.085  -30.845 0.7777777910
88266  -20.161  -8.084  -30.574 0.6666666865
90197  -25.607  -6.461  -33.825 0.7777777910
91139  -25.338  -5.542  -33.550 0.6666666865
92069  -25.999  -5.204  -34.276 0.6666666865
92060  -26.138  -4.228  -34.058 0.6666666865
92070  -26.449  -4.706  -34.348 0.6666666865
92072  -28.333  -4.624  -34.467 0.5555555820
92985  -29.902  -3.646  -33.659 0.4444444478
93915  -29.075  -3.014  -34.160 0.5555555820
91130  -23.421  -5.350  -32.512 0.7777777910
92982  -26.527  -3.286  -34.114 0.6666666865
92980  -25.259  -3.648  -33.423 0.6666666865
93913  -26.300  -2.658  -33.865 0.6666666865
85391  -20.508  -11.234  -30.324 0.4444444478
88265  -19.671  -8.525  -29.954 0.3333333433
83516  -20.962  -13.207  -30.343 0.4444444478
84411  -20.584  -11.788  -30.241 0.4444444478
94810  -30.098  -1.629  -34.033 0.3333333433
95732  -29.636  -0.521  -34.729 0.3333333433
78908  -29.089  -17.836  -32.855 0.6666666865
75965  -25.072  -21.838  -30.970 0.5555555820
75963  -24.509  -21.375  -30.069 0.3333333433
77933  -24.606  -19.700  -30.623 0.4444444478
82621  -22.261  -14.135  -31.135 0.3333333433
82583  -21.249  -13.989  -30.087 0.1111111119
85370  -20.409  -11.362  -29.774 0.3333333433
86346  -20.251  -10.533  -29.939 0.3333333433
89221  -19.096  -7.526  -29.553 0.3333333433
94818  -27.508  -1.687  -34.283 0.6666666865
95731  -28.841  -0.620  -34.873 0.4444444478
75995  -29.574  -21.491  -32.509 0.4444444478
74981  -30.535  -22.594  -32.454 0.2222222239
75979  -26.311  -21.768  -31.827 0.4444444478
74977  -27.315  -21.617  -32.103 0.4444444478
75992  -26.723  -21.094  -32.127 0.4444444478
75993  -27.734  -21.068  -32.275 0.4444444478
75994  -28.662  -21.291  -32.359 0.4444444478
76991  -29.399  -20.444  -32.550 0.4444444478
76992  -30.275  -20.535  -32.587 0.2222222239
76989  -27.443  -20.145  -32.406 0.4444444478
76990  -28.443  -20.271  -32.523 0.4444444478
76993  -31.075  -20.629  -32.501 0.1111111119
76994  -31.640  -20.353  -32.184 0.1111111119
77963  -29.237  -19.448  -32.620 0.4444444478
77964  -30.105  -19.554  -32.627 0.3333333433
77962  -28.210  -19.117  -32.622 0.4444444478
77980  -30.579  -18.792  -32.779 0.3333333433
77965  -30.990  -19.431  -32.725 0.2222222239
77978  -29.195  -18.556  -32.718 0.4444444478
77979  -29.951  -18.697  -32.735 0.3333333433
78910  -30.527  -17.994  -32.897 0.2222222239
79829  -31.646  -17.666  -32.799 0.1111111119
79830  -32.291  -17.337  -32.653 0.1111111119
79843  -30.368  -17.115  -33.185 0.3333333433
79842  -29.611  -17.089  -33.194 0.4444444478
80799  -30.121  -16.235  -33.530 0.5555555820
81744  -31.515  -15.393  -33.605 0.4444444478
81742  -29.788  -15.462  -33.875 0.6666666865
82652  -31.912  -14.566  -33.420 0.3333333433
81755  -30.105  -14.651  -34.236 0.6666666865
82663  -30.885  -14.128  -34.271 0.5555555820
83565  -31.350  -13.351  -33.947 0.5555555820
83566  -31.688  -13.964  -33.646 0.4444444478
83549  -31.604  -12.815  -33.514 0.3333333433
82662  -30.346  -13.957  -34.473 0.5555555820
85459  -31.066  -11.719  -34.101 0.4444444478
84478  -31.370  -12.298  -33.813 0.4444444478
93902  -24.132  -2.660  -33.132 0.5555555820
93911  -24.824  -2.774  -33.348 0.5555555820
94807  -25.964  -1.862  -33.598 0.5555555820
95717  -27.289  -0.732  -34.013 0.5555555820
74979  -28.886  -22.477  -32.165 0.4444444478
75996  -30.393  -21.596  -32.535 0.2222222239
78894  -31.142  -18.279  -32.837 0.2222222239
78895  -31.890  -18.492  -32.600 0.1111111119
79844  -31.150  -17.222  -33.020 0.4444444478
79845  -31.809  -16.978  -32.915 0.3333333433
81743  -30.691  -15.161  -33.981 0.6666666865
84464  -31.737  -12.138  -33.103 0.3333333433
85444  -31.272  -11.366  -33.523 0.4444444478
88293  -31.216  -8.793  -32.785 0.4444444478
94805  -24.503  -2.105  -33.169 0.5555555820
94797  -24.598  -1.409  -33.042 0.5555555820
81727  -32.173  -15.493  -33.186 0.2222222239
73965  -27.394  -23.541  -31.712 0.4444444478
74966  -28.559  -23.139  -31.876 0.4444444478
73967  -29.109  -23.575  -31.861 0.4444444478
73981  -29.951  -23.496  -32.207 0.2222222239
73982  -30.789  -23.509  -32.290 0.2222222239
74963  -26.028  -22.453  -31.551 0.4444444478
75997  -31.044  -21.727  -32.407 0.1111111119
76977  -31.432  -21.056  -32.206 0.1111111119
74982  -31.209  -22.629  -32.246 0.1111111119
78880  -32.109  -19.073  -32.287 0.1111111119
78881  -32.621  -18.479  -31.976 0.1111111119
79831  -32.963  -17.409  -32.288 0.1111111119
80785  -32.307  -16.386  -32.928 0.1111111119
81728  -32.716  -15.623  -32.672 0.2222222239
85426  -31.574  -11.201  -32.885 0.3333333433
88294  -31.646  -9.196  -32.418 0.3333333433
88284  -31.883  -8.590  -32.026 0.3333333433
88283  -31.417  -8.090  -32.470 0.3333333433
95730  -28.044  -0.683  -34.571 0.5555555820
94796  -23.857  -1.682  -32.823 0.5555555820
94806  -25.180  -1.857  -33.366 0.5555555820
95715  -25.664  -1.297  -33.418 0.5555555820
94795  -22.993  -1.700  -32.423 0.5555555820
77977  -28.694  -18.395  -32.705 0.5555555820
83577  -30.653  -13.238  -34.482 0.5555555820
84489  -30.932  -12.400  -34.341 0.5555555820
78909  -29.820  -17.867  -32.915 0.3333333433
74980  -29.800  -22.466  -32.423 0.3333333433
74964  -27.000  -22.340  -31.862 0.4444444478
74965  -27.995  -22.846  -31.869 0.4444444478
74978  -27.930  -21.930  -32.046 0.4444444478
77966  -31.650  -19.611  -32.413 0.1111111119
76978  -31.925  -20.798  -31.804 0.1111111119
78896  -32.446  -17.920  -32.408 0.1111111119
80800  -30.933  -16.251  -33.451 0.4444444478
80801  -31.687  -16.307  -33.253 0.3333333433
82638  -32.501  -14.569  -32.736 0.1111111119
82651  -31.394  -14.444  -33.885 0.4444444478
81756  -30.537  -14.485  -34.278 0.5555555820
83550  -31.961  -13.430  -33.126 0.3333333433
86376  -31.280  -10.529  -33.013 0.4444444478
93901  -23.492  -2.572  -32.761 0.5555555820
95701  -24.226  -0.612  -32.693 0.5555555820
73966  -28.240  -23.682  -31.766 0.4444444478
73980  -29.456  -23.001  -32.164 0.4444444478
75980  -31.565  -21.750  -32.020 0.1111111119
77949  -32.171  -19.679  -31.868 0.1111111119
67237  -30.087  -30.198  -29.992 0.1111111119
70196  -26.578  -27.651  -30.930 0.3333333433
68219  -28.659  -29.354  -31.497 0.2222222239
67247  -29.237  -29.923  -31.022 0.2222222239
68203  -29.800  -29.781  -30.539 0.1111111119
69210  -30.028  -29.084  -30.809 0.1111111119
72046  -25.007  -25.902  -30.458 0.3333333433
71119  -25.375  -26.844  -30.378 0.3333333433
71135  -27.469  -26.928  -31.286 0.3333333433
70210  -28.063  -27.546  -31.439 0.3333333433
69225  -28.765  -28.396  -31.638 0.2222222239
70211  -28.839  -27.356  -31.784 0.2222222239
68220  -29.397  -29.174  -31.262 0.2222222239
69226  -29.720  -28.270  -31.582 0.2222222239
72963  -24.599  -24.767  -30.421 0.2222222239
72047  -25.516  -26.317  -30.675 0.3333333433
71134  -26.708  -26.702  -31.136 0.3333333433
73951  -24.861  -23.588  -30.745 0.2222222239
72979  -25.319  -24.539  -30.950 0.3333333433
73952  -25.670  -23.485  -31.166 0.3333333433
72980  -26.102  -24.459  -31.303 0.3333333433
72064  -25.829  -25.688  -31.059 0.3333333433
72076  -26.547  -25.187  -31.388 0.3333333433
72077  -27.355  -25.444  -31.454 0.3333333433
71150  -28.916  -26.259  -31.822 0.3333333433
72078  -28.312  -25.401  -31.604 0.3333333433
70212  -29.746  -27.062  -32.101 0.1111111119
71151  -29.571  -25.982  -32.046 0.2222222239
74950  -24.568  -22.547  -30.411 0.2222222239
73964  -26.512  -23.442  -31.498 0.3333333433
72994  -26.924  -24.431  -31.551 0.3333333433
72995  -27.798  -24.497  -31.644 0.3333333433
72996  -28.651  -24.485  -31.701 0.3333333433
72079  -29.083  -25.299  -31.802 0.3333333433
71165  -30.049  -25.717  -32.165 0.1111111119
74949  -24.470  -21.913  -30.187 0.3333333433
73968  -29.605  -23.979  -31.876 0.3333333433
87321  -31.460  -9.742  -32.650 0.2222222239
86377  -31.740  -10.514  -32.492 0.2222222239
90192  -31.282  -6.517  -32.340 0.3333333433
69224  -27.948  -28.490  -31.487 0.3333333433
73938  -24.209  -23.732  -30.158 0.3333333433
72063  -25.152  -25.228  -30.735 0.3333333433
71148  -27.243  -26.282  -31.313 0.3333333433
71149  -28.038  -26.456  -31.458 0.3333333433
74951  -25.276  -22.500  -31.077 0.3333333433
72997  -29.348  -24.487  -31.799 0.3333333433
67236  -29.474  -30.628  -30.186 0.1111111119
67217  -29.814  -31.028  -29.535 0.1111111119
70181  -25.320  -27.630  -29.990 0.3333333433
69208  -26.464  -28.548  -30.784 0.3333333433
68218  -27.824  -29.444  -31.522 0.3333333433
67218  -30.517  -30.762  -29.326 0.1111111119
68204  -30.673  -29.731  -30.077 0.1111111119
69211  -30.697  -28.567  -30.805 0.1111111119
69227  -30.399  -27.754  -31.593 0.1111111119
70226  -30.109  -26.389  -32.203 0.1111111119
74940  -24.078  -23.144  -29.935 0.2222222239
72080  -29.683  -25.166  -31.948 0.1111111119
72998  -29.875  -24.419  -31.965 0.1111111119
75953  -24.269  -21.679  -29.383 0.1111111119
91122  -31.576  -5.592  -31.856 0.2222222239
79816  -24.066  -17.374  -31.550 0.5555555820
69209  -27.172  -28.537  -31.206 0.3333333433
70197  -27.321  -27.643  -31.213 0.3333333433
71133  -25.957  -26.818  -30.798 0.3333333433
70195  -25.906  -27.663  -30.519 0.3333333433
72065  -26.711  -25.868  -31.291 0.3333333433
74939  -24.093  -22.603  -29.628 0.2222222239
66269  -29.036  -31.126  -30.182 0.1111111119
67246  -28.614  -30.415  -31.123 0.2222222239
69207  -25.835  -28.497  -30.271 0.2222222239
68202  -27.039  -29.450  -31.165 0.3333333433
72045  -24.211  -25.687  -29.943 0.2222222239
71118  -24.643  -26.733  -29.890 0.2222222239
87322  -31.942  -9.678  -32.186 0.1111111119
86361  -32.275  -10.533  -31.947 0.1111111119
87299  -33.033  -9.089  -31.045 0.1111111119
87308  -32.562  -9.525  -31.572 0.1111111119
88273  -32.590  -8.431  -31.271 0.1111111119
88274  -33.167  -8.359  -30.653 0.1111111119
89240  -31.587  -7.468  -32.139 0.1111111119
89230  -32.730  -7.494  -30.845 0.1111111119
89241  -32.182  -7.530  -31.503 0.1111111119
90184  -32.479  -6.644  -31.136 0.1111111119
92051  -30.691  -4.617  -32.777 0.2222222239
90183  -31.925  -6.557  -31.700 0.1111111119
93903  -30.883  -3.000  -32.801 0.1111111119
93917  -30.396  -2.639  -33.379 0.1111111119
92973  -31.047  -3.724  -32.469 0.1111111119
93918  -31.024  -2.294  -32.866 0.1111111119
94793  -21.640  -1.911  -31.589 0.4444444478
95733  -30.190  -0.600  -34.284 0.1111111119
96602  -30.545  -0.080  -34.030 0.1111111119
95702  -25.271  -0.671  -33.073 0.4444444478
95703  -25.895  -0.182  -33.084 0.4444444478
95716  -26.292  -0.742  -33.479 0.4444444478
96601  -27.095  0.287  -33.616 0.4444444478
96616  -27.733  0.307  -34.446 0.4444444478
96617  -28.437  0.371  -35.111 0.2222222239
96630  -28.763  0.865  -35.525 0.2222222239
96618  -29.304  0.487  -35.255 0.2222222239
97492  -29.926  1.150  -35.063 0.2222222239
100595  -28.778  4.936  -37.375 0.1111111119
99068  -28.984  3.235  -36.852 0.1111111119
98321  -30.554  2.042  -35.161 0.1111111119
95690  -22.084  -0.386  -31.568 0.4444444478
95691  -22.740  0.057  -31.842 0.4444444478
95700  -23.148  -0.589  -32.270 0.4444444478
96585  -23.832  0.244  -32.173 0.3333333433
96600  -26.322  0.397  -33.088 0.4444444478
97476  -27.377  1.352  -34.151 0.4444444478
97475  -26.799  1.326  -33.239 0.3333333433
97490  -27.894  1.343  -35.318 0.3333333433
97506  -28.071  1.838  -35.984 0.1111111119
97507  -28.575  1.516  -35.833 0.1111111119
98333  -28.944  2.451  -36.413 0.1111111119
97508  -29.408  1.553  -35.580 0.2222222239
99056  -29.684  3.487  -36.178 0.1111111119
96586  -24.800  0.411  -32.435 0.3333333433
97463  -25.412  0.911  -32.344 0.3333333433
98320  -27.394  2.429  -34.861 0.2222222239
98332  -28.132  2.104  -36.556 0.1111111119
98331  -27.655  2.411  -36.062 0.1111111119
98342  -27.669  2.605  -36.966 0.1111111119
98344  -28.632  2.871  -37.044 0.1111111119
99055  -27.253  3.298  -36.713 0.1111111119
99066  -27.656  3.309  -37.512 0.1111111119
98343  -28.222  2.628  -37.189 0.1111111119
96577  -24.298  0.914  -31.752 0.3333333433
97457  -23.288  1.344  -31.140 0.3333333433
97459  -25.132  1.567  -31.810 0.3333333433
97464  -25.987  1.412  -32.534 0.3333333433
98307  -26.988  2.474  -33.618 0.2222222239
99042  -27.170  3.409  -35.640 0.1111111119
99813  -27.148  4.174  -37.201 0.1111111119
99075  -27.820  3.739  -37.597 0.1111111119
101366  -27.608  5.800  -37.895 0.1111111119
98279  -23.137  2.881  -29.697 0.1111111119
98288  -24.228  2.596  -30.731 0.1111111119
98289  -24.820  2.614  -31.188 0.2222222239
98290  -25.606  2.835  -31.663 0.2222222239
97460  -25.711  2.100  -32.083 0.3333333433
98295  -26.137  2.624  -32.357 0.2222222239
98306  -26.528  2.140  -32.897 0.3333333433
98296  -26.565  2.865  -32.907 0.2222222239
99032  -27.136  3.592  -34.362 0.1111111119
99779  -27.309  4.389  -34.409 0.1111111119
99786  -27.080  4.540  -35.236 0.1111111119
99798  -26.859  4.283  -36.382 0.1111111119
100580  -26.729  5.160  -37.078 0.1111111119
99825  -27.600  4.161  -37.600 0.1111111119
101367  -28.306  5.636  -37.779 0.1111111119
98280  -23.827  2.959  -30.180 0.1111111119
98281  -24.791  3.311  -30.443 0.1111111119
98282  -25.405  3.304  -30.957 0.1111111119
99018  -26.853  3.977  -32.203 0.1111111119
99025  -26.484  3.360  -32.498 0.2222222239
99766  -27.406  4.362  -32.712 0.1111111119
99774  -27.318  4.300  -33.658 0.1111111119
99780  -27.763  4.795  -34.119 0.1111111119
99787  -27.455  4.776  -34.654 0.1111111119
100570  -27.335  5.736  -35.560 0.1111111119
100569  -26.830  5.357  -36.110 0.1111111119
99009  -25.710  3.513  -30.263 0.1111111119
98997  -26.528  3.581  -29.595 0.1111111119
99011  -27.120  3.941  -31.248 0.1111111119
99758  -27.611  4.389  -31.780 0.1111111119
99767  -28.111  4.811  -32.297 0.1111111119
100549  -28.459  5.356  -32.789 0.1111111119
100555  -28.352  5.484  -33.750 0.1111111119
98998  -27.565  4.087  -29.991 0.1111111119
99759  -28.271  4.865  -31.354 0.1111111119
87309  -33.175  -9.809  -31.077 0.1111111119
91123  -32.386  -5.607  -31.207 0.1111111119
92042  -31.845  -4.650  -31.467 0.1111111119
94811  -30.845  -1.559  -33.253 0.1111111119
94794  -22.227  -1.647  -31.953 0.4444444478
96619  -30.274  0.421  -34.535 0.1111111119
95718  -30.692  -0.653  -33.692 0.1111111119
97509  -30.135  1.752  -35.235 0.2222222239
99057  -30.718  3.498  -35.749 0.1111111119
96587  -25.615  0.376  -32.772 0.3333333433
99826  -28.201  4.079  -37.514 0.1111111119
99026  -26.835  3.625  -33.153 0.1111111119
99775  -27.956  4.805  -33.226 0.1111111119
101347  -27.860  6.375  -35.285 0.1111111119
100539  -28.632  5.354  -31.919 0.1111111119
100525  -28.786  5.393  -31.043 0.1111111119
87284  -34.080  -9.323  -29.815 0.1111111119
87300  -33.518  -9.355  -30.495 0.1111111119
91133  -30.987  -5.549  -32.534 0.2222222239
92972  -30.469  -3.694  -33.059 0.2222222239
95699  -22.587  -1.076  -32.104 0.4444444478
98990  -25.335  3.429  -28.458 0.1111111119
86338  -33.878  -9.929  -30.188 0.1111111119
86362  -32.946  -10.569  -31.415 0.1111111119
87285  -34.838  -9.341  -29.090 0.1111111119
89217  -33.980  -7.652  -29.650 0.1111111119
89231  -33.371  -7.375  -30.169 0.1111111119
90175  -33.394  -6.390  -30.119 0.1111111119
91112  -32.659  -6.111  -30.836 0.1111111119
92964  -32.131  -3.747  -31.248 0.1111111119
93905  -32.155  -2.412  -31.695 0.1111111119
94798  -31.485  -1.622  -32.635 0.1111111119
93899  -21.962  -2.591  -31.910 0.4444444478
95719  -31.491  -0.587  -32.979 0.1111111119
96620  -30.818  1.025  -34.233 0.1111111119
96603  -31.139  0.457  -33.690 0.1111111119
94785  -21.709  -1.266  -31.498 0.4444444478
98323  -32.128  2.500  -34.325 0.1111111119
98335  -30.979  2.949  -35.469 0.1111111119
95684  -21.635  0.224  -30.985 0.2222222239
96575  -22.722  0.770  -31.345 0.2222222239
96576  -23.550  0.874  -31.569 0.2222222239
99800  -30.416  4.136  -36.096 0.1111111119
97450  -22.924  1.963  -30.451 0.1111111119
97458  -24.014  1.746  -31.127 0.2222222239
100596  -29.661  5.462  -37.288 0.1111111119
101369  -30.291  6.292  -37.673 0.1111111119
97436  -22.577  2.578  -29.658 0.1111111119
98264  -22.753  3.024  -28.901 0.1111111119
98995  -24.722  3.596  -29.044 0.1111111119
101380  -28.393  6.510  -38.327 0.1111111119
98991  -26.385  3.426  -28.379 0.1111111119
101355  -26.728  6.243  -36.876 0.1111111119
102251  -26.988  7.211  -37.491 0.1111111119
102262  -27.373  7.459  -38.205 0.1111111119
100556  -28.692  5.879  -33.123 0.1111111119
102229  -28.960  7.443  -33.900 0.1111111119
90174  -32.865  -6.603  -30.540 0.1111111119
93904  -31.552  -2.695  -32.279 0.1111111119
97491  -28.417  0.999  -35.489 0.2222222239
96631  -29.023  1.046  -35.663 0.1111111119
97493  -30.611  1.501  -34.755 0.1111111119
99827  -28.675  4.278  -37.280 0.1111111119
100594  -27.881  4.904  -37.676 0.1111111119
99814  -28.601  3.965  -37.276 0.1111111119
99815  -29.219  4.203  -36.872 0.1111111119
99816  -30.191  4.578  -36.438 0.1111111119
98322  -31.254  2.410  -35.033 0.1111111119
98334  -30.182  2.529  -35.570 0.2222222239
100593  -27.130  4.994  -37.691 0.1111111119
101365  -26.932  6.104  -37.711 0.1111111119
97451  -23.744  2.314  -30.629 0.1111111119
99010  -26.321  3.584  -30.807 0.1111111119
98266  -24.501  3.489  -29.691 0.1111111119
99017  -26.315  3.490  -31.822 0.1111111119
100563  -27.735  5.385  -34.835 0.1111111119
101340  -28.533  6.368  -34.352 0.1111111119
100562  -27.184  5.243  -35.450 0.1111111119
101346  -27.222  6.364  -36.035 0.1111111119
98996  -25.439  3.557  -29.428 0.1111111119
99748  -27.815  4.439  -30.908 0.1111111119
101333  -28.731  6.173  -33.602 0.1111111119
88257  -33.737  -8.412  -30.036 0.1111111119
92052  -31.247  -4.645  -32.127 0.1111111119
99801  -31.383  4.423  -35.862 0.1111111119
101327  -29.128  6.620  -32.195 0.1111111119
88258  -34.374  -8.389  -29.463 0.1111111119
92963  -31.550  -3.738  -31.804 0.1111111119
97494  -31.466  1.562  -34.207 0.1111111119
99058  -31.618  3.454  -35.318 0.1111111119
100583  -31.009  5.246  -36.471 0.1111111119
97435  -21.789  2.010  -29.412 0.1111111119
100582  -29.964  5.028  -36.829 0.1111111119
98265  -23.836  3.438  -29.147 0.1111111119
101341  -28.926  6.691  -33.687 0.1111111119
102237  -28.333  7.274  -34.899 0.1111111119
67234  -27.024  -30.368  -31.040 0.2222222239
80771  -23.483  -16.608  -31.120 0.2222222239
80757  -23.018  -15.889  -30.642 0.2222222239
77946  -24.309  -19.061  -30.842 0.3333333433
80770  -23.205  -15.751  -31.133 0.3333333433
93892  -21.242  -2.523  -31.436 0.3333333433
93878  -20.775  -2.435  -30.689 0.2222222239
94770  -20.791  -1.365  -30.146 0.1111111119
95683  -21.168  -0.334  -30.644 0.1111111119
95689  -21.494  -0.867  -31.220 0.2222222239
90152  -18.544  -6.708  -28.705 0.2222222239
88264  -19.018  -8.275  -29.364 0.1111111119
79805  -23.678  -17.593  -30.965 0.2222222239
89208  -17.968  -7.852  -28.355 0.1111111119
92941  -19.677  -4.416  -29.341 0.1111111119
92923  -19.870  -4.194  -29.147 0.1111111119
93862  -20.777  -2.440  -29.841 0.1111111119
95663  -20.836  -0.325  -29.527 0.1111111119
83494  -20.939  -13.336  -29.571 0.3333333433
94784  -21.194  -1.521  -31.051 0.3333333433
92924  -20.553  -3.637  -29.485 0.1111111119
80786  -32.893  -16.510  -32.514 0.1111111119
67245  -27.714  -30.281  -31.381 0.1111111119
66278  -27.712  -30.930  -31.150 0.1111111119
68183  -25.350  -29.529  -29.523 0.1111111119
68200  -25.731  -29.177  -30.061 0.1111111119
69193  -25.307  -28.486  -29.708 0.1111111119
77932  -24.508  -19.561  -30.150 0.1111111119
86327  -20.230  -10.596  -29.315 0.2222222239
86328  -20.412  -10.497  -28.983 0.2222222239
68184  -25.957  -29.860  -30.117 0.1111111119
80734  -22.753  -15.617  -30.180 0.1111111119
81723  -23.066  -15.264  -31.216 0.1111111119
67216  -25.986  -30.548  -29.869 0.1111111119
67233  -26.488  -30.513  -30.458 0.1111111119
66267  -27.221  -31.377  -30.797 0.1111111119
66279  -28.156  -30.816  -31.168 0.1111111119
68182  -24.709  -29.193  -28.957 0.1111111119
69192  -24.762  -28.492  -29.176 0.1111111119
70180  -24.734  -27.654  -29.482 0.1111111119
71117  -23.992  -26.357  -29.533 0.1111111119
72034  -23.779  -25.616  -29.317 0.1111111119
72962  -23.936  -24.693  -29.769 0.1111111119
73937  -23.862  -23.735  -29.581 0.1111111119
76961  -24.624  -20.567  -30.014 0.1111111119
80735  -23.227  -16.308  -29.904 0.1111111119
85371  -20.724  -11.375  -29.258 0.2222222239
87263  -20.413  -9.637  -28.824 0.2222222239
88235  -19.890  -8.712  -28.393 0.1111111119
67235  -28.900  -30.907  -30.528 0.1111111119
66266  -26.540  -31.386  -30.215 0.1111111119
87262  -19.769  -9.227  -28.780 0.2222222239
87261  -19.344  -8.999  -28.773 0.1111111119
81711  -22.631  -15.078  -30.916 0.1111111119
68201  -26.350  -29.489  -30.571 0.1111111119
80758  -23.388  -16.821  -30.620 0.1111111119
79786  -23.661  -17.647  -30.206 0.1111111119
77920  -24.681  -19.771  -29.469 0.1111111119
86321  -20.957  -10.629  -28.891 0.1111111119
71107  -24.150  -27.031  -29.410 0.1111111119
76950  -24.550  -20.769  -29.372 0.1111111119
78867  -24.042  -18.496  -30.598 0.1111111119
88236  -20.803  -8.539  -28.612 0.1111111119
88224  -20.096  -8.100  -28.088 0.1111111119
90136  -18.380  -6.162  -27.986 0.1111111119
84402  -21.138  -12.502  -29.208 0.1111111119
90117  -17.874  -6.940  -27.379 0.1111111119
91089  -19.238  -5.561  -28.443 0.1111111119
92022  -19.673  -4.773  -29.621 0.1111111119
70227  -30.470  -26.118  -32.147 0.1111111119
77976  -26.007  -18.650  -32.398 0.7777777910
82620  -21.719  -13.636  -31.078 0.4444444478
84433  -20.677  -11.657  -30.534 0.4444444478
85392  -20.818  -11.304  -30.763 0.4444444478
86347  -20.608  -10.580  -30.562 0.5555555820
87273  -19.311  -8.985  -29.020 0.1111111119
88189  -17.238  -7.813  -25.737 0.1111111119
88220  -17.586  -8.086  -26.438 0.1111111119
88223  -19.458  -8.262  -27.551 0.1111111119
88232  -17.626  -8.245  -26.934 0.1111111119
88233  -18.076  -8.488  -27.383 0.1111111119
88247  -18.805  -8.538  -28.759 0.1111111119
88248  -19.323  -8.781  -29.257 0.3333333433
89148  -17.308  -7.901  -25.862 0.1111111119
89149  -17.409  -7.758  -25.927 0.1111111119
89159  -17.545  -7.863  -26.354 0.1111111119
89160  -17.640  -7.852  -26.131 0.1111111119
89175  -17.494  -7.830  -26.928 0.1111111119
89194  -17.599  -7.928  -27.613 0.1111111119
89195  -17.878  -8.275  -27.879 0.1111111119
89207  -17.611  -7.597  -28.007 0.1111111119
89209  -18.595  -7.798  -29.007 0.1111111119
89222  -19.765  -7.383  -30.233 0.5555555820
90107  -17.693  -7.649  -26.487 0.1111111119
90108  -18.033  -7.366  -26.725 0.1111111119
90109  -18.634  -7.428  -26.688 0.1111111119
90116  -17.675  -7.499  -26.891 0.1111111119
90118  -18.062  -6.510  -27.682 0.1111111119
90134  -17.601  -7.327  -27.538 0.1111111119
90135  -17.846  -6.668  -27.921 0.1111111119
90150  -17.542  -7.476  -27.825 0.1111111119
90151  -17.659  -7.206  -28.133 0.1111111119
90189  -23.849  -6.254  -32.628 0.7777777910
91042  -18.139  -6.874  -27.308 0.1111111119
91043  -18.500  -6.990  -27.144 0.1111111119
91051  -18.073  -6.663  -27.493 0.1111111119
91104  -19.766  -5.466  -30.014 0.3333333433
92005  -19.557  -4.865  -29.103 0.1111111119
92922  -19.649  -4.474  -29.087 0.1111111119
93893  -31.976  -3.081  -31.652 0.1111111119
94809  -29.564  -2.082  -34.192 0.5555555820
96584  -23.163  0.303  -31.907 0.3333333433
99067  -28.423  3.419  -37.330 0.1111111119
99076  -28.006  3.576  -37.608 0.1111111119
99799  -29.824  4.142  -36.310 0.1111111119
99817  -30.777  4.582  -36.247 0.1111111119
100581  -29.392  4.918  -37.065 0.1111111119
101378  -27.063  6.839  -37.996 0.1111111119
