#!ascii label  , from subject sub-01 vox2ras=TkReg
272
85442  -26.642  -11.281  -33.926 0.0000000000
81726  -24.726  -15.430  -32.094 0.0000000000
81755  -30.105  -14.651  -34.236 0.0000000000
77962  -28.210  -19.117  -32.622 0.0000000000
95702  -25.271  -0.671  -33.073 0.0000000000
92990  -27.026  -3.633  -34.365 0.0000000000
88291  -23.348  -8.266  -32.387 0.0000000000
73965  -27.394  -23.541  -31.712 0.0000000000
79838  -26.039  -17.402  -32.614 0.0000000000
77959  -25.661  -18.896  -32.139 0.0000000000
93912  -25.585  -2.753  -33.572 0.0000000000
92049  -23.949  -4.473  -32.751 0.0000000000
84462  -23.642  -12.465  -32.199 0.0000000000
85408  -21.369  -11.421  -31.205 0.0000000000
87334  -25.355  -9.255  -33.246 0.0000000000
89276  -26.443  -7.321  -34.189 0.0000000000
88321  -28.330  -8.451  -34.690 0.0000000000
86407  -29.938  -10.534  -34.458 0.0000000000
82635  -23.794  -14.341  -31.771 0.0000000000
83562  -26.109  -13.466  -33.017 0.0000000000
83575  -29.217  -13.213  -34.707 0.0000000000
81740  -28.132  -15.307  -33.408 0.0000000000
79841  -28.819  -17.138  -33.008 0.0000000000
77980  -30.579  -18.792  -32.779 0.0000000000
89236  -21.240  -7.367  -31.344 0.0000000000
90196  -25.083  -6.382  -33.391 0.0000000000
92072  -28.333  -4.624  -34.467 0.0000000000
75977  -25.275  -20.553  -31.316 0.0000000000
75993  -27.734  -21.068  -32.275 0.0000000000
78890  -25.176  -18.154  -32.262 0.0000000000
77947  -24.620  -19.123  -31.370 0.0000000000
92970  -23.334  -3.490  -32.691 0.0000000000
91128  -21.901  -4.925  -31.771 0.0000000000
85440  -25.085  -11.611  -32.844 0.0000000000
85425  -24.282  -11.471  -32.559 0.0000000000
86391  -26.297  -10.372  -33.765 0.0000000000
87349  -26.950  -9.231  -34.321 0.0000000000
86404  -27.589  -10.296  -34.583 0.0000000000
87351  -28.752  -9.477  -34.715 0.0000000000
86405  -28.427  -10.378  -34.755 0.0000000000
81725  -24.133  -15.282  -31.728 0.0000000000
83548  -24.644  -13.823  -32.308 0.0000000000
82637  -24.997  -14.537  -32.318 0.0000000000
82648  -26.563  -14.486  -33.108 0.0000000000
81738  -26.165  -15.499  -32.681 0.0000000000
78906  -27.187  -18.046  -32.611 0.0000000000
79840  -27.885  -17.222  -32.725 0.0000000000
78907  -28.196  -18.066  -32.697 0.0000000000
78909  -29.820  -17.867  -32.915 0.0000000000
77978  -29.195  -18.556  -32.718 0.0000000000
95699  -22.587  -1.076  -32.104 0.0000000000
95691  -22.740  0.057  -31.842 0.0000000000
95701  -24.226  -0.612  -32.693 0.0000000000
96587  -25.615  0.376  -32.772 0.0000000000
95716  -26.292  -0.742  -33.479 0.0000000000
93914  -26.946  -2.610  -34.209 0.0000000000
87318  -23.007  -9.383  -32.080 0.0000000000
87306  -21.108  -9.530  -31.157 0.0000000000
89247  -22.832  -7.301  -32.261 0.0000000000
90188  -23.068  -6.291  -32.452 0.0000000000
89249  -24.212  -6.993  -32.814 0.0000000000
90211  -28.270  -6.523  -34.574 0.0000000000
90209  -26.688  -6.526  -34.350 0.0000000000
91151  -28.608  -5.611  -34.497 0.0000000000
82661  -29.698  -13.976  -34.463 0.0000000000
84488  -30.276  -12.352  -34.714 0.0000000000
74963  -26.028  -22.453  -31.551 0.0000000000
75979  -26.311  -21.768  -31.827 0.0000000000
75991  -26.228  -20.505  -31.928 0.0000000000
74977  -27.315  -21.617  -32.103 0.0000000000
79826  -24.223  -16.799  -31.787 0.0000000000
80794  -25.725  -16.504  -32.529 0.0000000000
79828  -25.345  -17.390  -32.474 0.0000000000
78904  -25.702  -18.124  -32.484 0.0000000000
77960  -26.291  -19.103  -32.320 0.0000000000
94796  -23.857  -1.682  -32.823 0.0000000000
94806  -25.180  -1.857  -33.366 0.0000000000
93902  -24.132  -2.660  -33.132 0.0000000000
92979  -24.442  -3.508  -33.158 0.0000000000
92058  -24.843  -4.527  -33.118 0.0000000000
83531  -22.072  -13.227  -31.314 0.0000000000
84461  -23.281  -11.909  -32.089 0.0000000000
86374  -23.358  -10.393  -32.254 0.0000000000
87320  -24.615  -9.259  -32.784 0.0000000000
88304  -25.004  -8.204  -33.262 0.0000000000
88318  -26.208  -8.117  -34.065 0.0000000000
88319  -26.739  -8.143  -34.305 0.0000000000
89279  -28.961  -7.519  -34.508 0.0000000000
89280  -29.482  -8.124  -34.358 0.0000000000
72996  -28.651  -24.485  -31.701 0.0000000000
74966  -28.559  -23.139  -31.876 0.0000000000
83546  -23.479  -13.493  -31.826 0.0000000000
84474  -24.956  -12.647  -32.635 0.0000000000
84476  -26.469  -12.398  -33.596 0.0000000000
84485  -27.716  -12.286  -34.453 0.0000000000
83573  -27.539  -13.119  -34.177 0.0000000000
82650  -28.211  -14.304  -33.975 0.0000000000
81753  -28.765  -14.804  -33.907 0.0000000000
80796  -27.559  -16.349  -32.793 0.0000000000
80797  -28.524  -16.305  -33.147 0.0000000000
80799  -30.121  -16.235  -33.530 0.0000000000
79843  -30.368  -17.115  -33.185 0.0000000000
78910  -30.527  -17.994  -32.897 0.0000000000
95717  -27.289  -0.732  -34.013 0.0000000000
91118  -21.959  -5.648  -31.845 0.0000000000
91131  -24.205  -5.460  -32.698 0.0000000000
92059  -25.722  -4.655  -33.857 0.0000000000
90208  -26.095  -6.521  -34.179 0.0000000000
91148  -26.287  -5.731  -34.369 0.0000000000
92991  -27.939  -3.647  -34.367 0.0000000000
85456  -28.967  -11.383  -34.793 0.0000000000
85458  -30.497  -11.455  -34.388 0.0000000000
76975  -25.048  -20.037  -31.240 0.0000000000
76976  -25.527  -19.902  -31.580 0.0000000000
76988  -26.623  -19.965  -32.142 0.0000000000
76989  -27.443  -20.145  -32.406 0.0000000000
74979  -28.886  -22.477  -32.165 0.0000000000
75994  -28.662  -21.291  -32.359 0.0000000000
76990  -28.443  -20.271  -32.523 0.0000000000
91117  -21.268  -5.290  -31.341 0.0000000000
85441  -25.976  -11.403  -33.318 0.0000000000
86403  -26.868  -10.345  -34.225 0.0000000000
85454  -27.320  -11.244  -34.394 0.0000000000
80783  -24.422  -16.261  -31.921 0.0000000000
81737  -25.371  -15.509  -32.423 0.0000000000
78893  -27.439  -18.639  -32.582 0.0000000000
77977  -28.694  -18.395  -32.705 0.0000000000
95703  -25.895  -0.182  -33.084 0.0000000000
96601  -27.095  0.287  -33.616 0.0000000000
92982  -26.527  -3.286  -34.114 0.0000000000
93922  -27.705  -2.649  -34.344 0.0000000000
87307  -22.153  -9.447  -31.639 0.0000000000
88290  -22.597  -8.355  -31.861 0.0000000000
88282  -21.691  -8.410  -31.456 0.0000000000
89248  -23.582  -7.188  -32.592 0.0000000000
88292  -24.202  -8.057  -32.816 0.0000000000
90212  -29.025  -6.433  -34.392 0.0000000000
82662  -30.346  -13.957  -34.473 0.0000000000
81756  -30.537  -14.485  -34.278 0.0000000000
73964  -26.512  -23.442  -31.498 0.0000000000
74964  -27.000  -22.340  -31.862 0.0000000000
79827  -24.630  -17.350  -32.092 0.0000000000
77958  -25.112  -18.718  -31.895 0.0000000000
77975  -25.874  -18.444  -32.420 0.0000000000
78891  -26.261  -18.640  -32.453 0.0000000000
93900  -22.731  -2.586  -32.369 0.0000000000
93901  -23.492  -2.572  -32.761 0.0000000000
92048  -22.931  -4.391  -32.491 0.0000000000
92978  -23.972  -3.731  -32.950 0.0000000000
92057  -24.310  -4.035  -32.970 0.0000000000
92980  -25.259  -3.648  -33.423 0.0000000000
86389  -24.892  -10.393  -32.778 0.0000000000
86375  -24.122  -10.382  -32.497 0.0000000000
87348  -26.509  -8.639  -34.119 0.0000000000
88320  -27.440  -8.318  -34.549 0.0000000000
89278  -27.881  -7.449  -34.602 0.0000000000
88322  -29.137  -8.650  -34.582 0.0000000000
86406  -29.225  -10.475  -34.661 0.0000000000
87352  -29.488  -9.595  -34.506 0.0000000000
86392  -30.472  -10.525  -34.059 0.0000000000
72995  -27.798  -24.497  -31.644 0.0000000000
82622  -23.100  -14.235  -31.492 0.0000000000
83532  -22.833  -13.432  -31.530 0.0000000000
83561  -25.211  -13.510  -32.577 0.0000000000
83560  -24.633  -13.178  -32.442 0.0000000000
84475  -25.627  -12.491  -32.930 0.0000000000
84477  -27.113  -12.670  -34.076 0.0000000000
82649  -27.438  -14.472  -33.555 0.0000000000
80795  -26.568  -16.462  -32.630 0.0000000000
80798  -29.335  -16.303  -33.448 0.0000000000
79842  -29.611  -17.089  -33.194 0.0000000000
77979  -29.951  -18.697  -32.735 0.0000000000
78894  -31.142  -18.279  -32.837 0.0000000000
94807  -25.964  -1.862  -33.598 0.0000000000
94808  -26.735  -1.735  -33.899 0.0000000000
85409  -22.229  -11.425  -31.577 0.0000000000
89223  -20.467  -7.320  -30.816 0.0000000000
90166  -20.835  -6.339  -31.088 0.0000000000
90178  -21.618  -6.390  -31.642 0.0000000000
90190  -24.522  -6.294  -32.935 0.0000000000
91138  -24.798  -5.519  -33.040 0.0000000000
91139  -25.338  -5.542  -33.550 0.0000000000
89275  -25.894  -7.312  -33.961 0.0000000000
89260  -25.349  -7.290  -33.600 0.0000000000
91150  -27.811  -5.596  -34.605 0.0000000000
91149  -26.965  -5.631  -34.526 0.0000000000
92071  -27.395  -4.641  -34.526 0.0000000000
92983  -28.685  -3.650  -34.272 0.0000000000
84486  -28.655  -12.312  -34.760 0.0000000000
75978  -25.649  -21.170  -31.614 0.0000000000
75992  -26.723  -21.094  -32.127 0.0000000000
78889  -24.723  -18.240  -31.890 0.0000000000
77948  -25.210  -19.300  -31.673 0.0000000000
92969  -22.418  -3.456  -32.273 0.0000000000
92047  -22.091  -4.276  -32.084 0.0000000000
86390  -25.653  -10.357  -33.231 0.0000000000
87335  -26.134  -9.215  -33.839 0.0000000000
87336  -26.543  -9.763  -34.067 0.0000000000
87350  -27.898  -9.345  -34.674 0.0000000000
81724  -23.438  -15.090  -31.449 0.0000000000
82636  -24.410  -14.470  -32.036 0.0000000000
82647  -25.712  -14.506  -32.674 0.0000000000
81739  -27.101  -15.419  -32.941 0.0000000000
79839  -26.881  -17.334  -32.630 0.0000000000
78908  -29.089  -17.836  -32.855 0.0000000000
96585  -23.832  0.244  -32.173 0.0000000000
93913  -26.300  -2.658  -33.865 0.0000000000
87292  -20.366  -9.604  -30.407 0.0000000000
87305  -20.604  -9.085  -30.845 0.0000000000
88281  -20.781  -8.374  -31.015 0.0000000000
89237  -22.076  -7.362  -31.796 0.0000000000
90179  -22.343  -6.377  -32.104 0.0000000000
89277  -27.071  -7.374  -34.395 0.0000000000
90210  -27.416  -6.523  -34.504 0.0000000000
92073  -28.931  -4.934  -34.342 0.0000000000
83576  -30.008  -13.203  -34.815 0.0000000000
83577  -30.653  -13.238  -34.482 0.0000000000
74951  -25.276  -22.500  -31.077 0.0000000000
80784  -24.994  -16.449  -32.328 0.0000000000
78905  -26.279  -18.197  -32.558 0.0000000000
78892  -26.699  -18.653  -32.512 0.0000000000
77961  -27.074  -19.271  -32.471 0.0000000000
94793  -21.640  -1.911  -31.589 0.0000000000
94794  -22.227  -1.647  -31.953 0.0000000000
94795  -22.993  -1.700  -32.423 0.0000000000
94797  -24.598  -1.409  -33.042 0.0000000000
95715  -25.664  -1.297  -33.418 0.0000000000
94805  -24.503  -2.105  -33.169 0.0000000000
93911  -24.824  -2.774  -33.348 0.0000000000
92971  -23.863  -3.200  -33.000 0.0000000000
92981  -26.019  -3.609  -33.811 0.0000000000
92989  -26.431  -3.904  -34.129 0.0000000000
85424  -23.614  -11.354  -32.322 0.0000000000
85423  -22.968  -11.347  -32.045 0.0000000000
86373  -22.579  -10.438  -31.886 0.0000000000
87319  -23.807  -9.300  -32.456 0.0000000000
88305  -25.645  -8.217  -33.725 0.0000000000
89261  -29.406  -6.984  -34.223 0.0000000000
89262  -30.043  -7.580  -33.919 0.0000000000
81743  -30.691  -15.161  -33.981 0.0000000000
74965  -27.995  -22.846  -31.869 0.0000000000
84449  -23.232  -12.958  -31.785 0.0000000000
83547  -24.116  -13.474  -32.218 0.0000000000
84463  -24.415  -12.484  -32.525 0.0000000000
84484  -27.014  -11.984  -34.162 0.0000000000
83563  -26.949  -13.502  -33.715 0.0000000000
83564  -27.675  -13.760  -34.018 0.0000000000
83574  -28.288  -13.309  -34.397 0.0000000000
82660  -28.946  -14.075  -34.303 0.0000000000
81754  -29.408  -14.759  -34.085 0.0000000000
81741  -29.011  -15.523  -33.712 0.0000000000
81742  -29.788  -15.462  -33.875 0.0000000000
80800  -30.933  -16.251  -33.451 0.0000000000
91129  -22.530  -5.313  -32.221 0.0000000000
91130  -23.421  -5.350  -32.512 0.0000000000
92050  -24.500  -4.966  -32.805 0.0000000000
92060  -26.138  -4.228  -34.058 0.0000000000
89259  -24.756  -7.199  -33.166 0.0000000000
90197  -25.607  -6.461  -33.825 0.0000000000
91147  -25.802  -5.699  -34.081 0.0000000000
92069  -25.999  -5.204  -34.276 0.0000000000
92070  -26.449  -4.706  -34.348 0.0000000000
85455  -28.109  -11.315  -34.745 0.0000000000
85457  -29.760  -11.436  -34.698 0.0000000000
84487  -29.520  -12.329  -34.862 0.0000000000
76987  -26.044  -19.846  -31.835 0.0000000000
74978  -27.930  -21.930  -32.046 0.0000000000
77963  -29.237  -19.448  -32.620 0.0000000000
77976  -26.007  -18.650  -32.398 0.0000000000
88280  -20.308  -8.749  -30.578 0.0000000000
89222  -19.765  -7.383  -30.233 0.0000000000
90189  -23.849  -6.254  -32.628 0.0000000000
