#!ascii label  , from subject sub-01 vox2ras=TkReg
502
15807  -41.501  -76.514  -36.735 0.0000000000
26683  -45.835  -68.675  -38.340 0.0000000000
19932  -38.675  -73.171  -32.916 0.0000000000
19998  -44.655  -73.908  -36.514 0.0000000000
23936  -42.285  -70.842  -32.080 0.0000000000
15712  -43.179  -76.385  -32.273 0.0000000000
22511  -39.362  -71.094  -27.693 0.0000000000
25188  -42.664  -69.778  -23.471 0.0000000000
25276  -38.626  -69.360  -30.910 0.0000000000
22574  -40.975  -71.612  -32.643 0.0000000000
26575  -41.038  -69.222  -30.072 0.0000000000
18468  -41.237  -74.235  -29.881 0.0000000000
21187  -42.724  -72.631  -27.411 0.0000000000
27679  -41.832  -67.530  -19.883 0.0000000000
27724  -39.511  -67.155  -22.462 0.0000000000
15868  -41.192  -76.231  -39.430 0.0000000000
22640  -46.273  -71.377  -37.055 0.0000000000
22683  -43.865  -71.795  -39.366 0.0000000000
25419  -44.728  -69.314  -40.736 0.0000000000
17193  -40.119  -75.227  -34.701 0.0000000000
17232  -42.975  -75.035  -37.182 0.0000000000
22591  -43.689  -71.673  -34.494 0.0000000000
23989  -43.579  -70.322  -36.062 0.0000000000
15728  -40.085  -75.843  -32.248 0.0000000000
21218  -38.260  -72.344  -30.567 0.0000000000
26552  -37.533  -68.662  -28.759 0.0000000000
22479  -43.863  -71.175  -25.175 0.0000000000
23836  -40.848  -69.971  -25.558 0.0000000000
27797  -38.003  -68.064  -25.346 0.0000000000
31488  -38.979  -64.974  -26.138 0.0000000000
20065  -42.745  -73.883  -39.713 0.0000000000
30454  -44.741  -64.944  -36.222 0.0000000000
30488  -45.229  -65.630  -39.011 0.0000000000
28079  -43.855  -66.162  -42.342 0.0000000000
27868  -39.049  -67.966  -29.601 0.0000000000
25277  -39.617  -69.403  -30.934 0.0000000000
14511  -41.694  -76.779  -37.952 0.0000000000
25365  -46.135  -69.469  -37.706 0.0000000000
24043  -45.804  -69.889  -39.156 0.0000000000
25401  -45.777  -68.937  -39.487 0.0000000000
26769  -45.335  -68.332  -41.843 0.0000000000
28061  -46.124  -67.201  -40.458 0.0000000000
18564  -39.656  -74.124  -34.281 0.0000000000
19949  -39.882  -73.207  -34.166 0.0000000000
22575  -41.988  -71.483  -32.655 0.0000000000
21256  -42.738  -72.322  -34.080 0.0000000000
22590  -43.177  -71.348  -34.188 0.0000000000
22603  -43.974  -71.162  -35.116 0.0000000000
23949  -42.797  -70.763  -34.286 0.0000000000
15729  -40.667  -76.367  -32.747 0.0000000000
17141  -41.530  -75.730  -31.673 0.0000000000
21214  -40.414  -73.080  -29.149 0.0000000000
19901  -39.673  -73.900  -30.525 0.0000000000
21212  -38.884  -72.101  -29.336 0.0000000000
23898  -37.701  -70.430  -29.676 0.0000000000
23867  -37.788  -69.887  -27.937 0.0000000000
23822  -43.718  -70.673  -24.429 0.0000000000
23856  -42.425  -71.151  -25.722 0.0000000000
25202  -41.475  -69.563  -24.291 0.0000000000
30200  -38.820  -65.544  -22.485 0.0000000000
27750  -38.924  -67.412  -23.469 0.0000000000
30218  -38.348  -65.612  -23.834 0.0000000000
29062  -38.074  -66.111  -25.631 0.0000000000
18613  -43.762  -74.572  -36.812 0.0000000000
17264  -42.973  -74.948  -38.379 0.0000000000
18677  -43.911  -73.921  -38.626 0.0000000000
22681  -42.473  -71.970  -40.131 0.0000000000
30436  -44.415  -64.643  -35.459 0.0000000000
30487  -44.726  -65.287  -38.116 0.0000000000
29341  -43.774  -65.449  -40.339 0.0000000000
22559  -38.561  -71.190  -32.194 0.0000000000
22584  -39.454  -71.913  -33.185 0.0000000000
23926  -39.744  -70.558  -31.864 0.0000000000
23927  -40.779  -70.890  -31.485 0.0000000000
23928  -41.774  -70.997  -31.217 0.0000000000
17122  -42.179  -75.213  -31.054 0.0000000000
19868  -41.985  -73.492  -28.731 0.0000000000
21185  -41.065  -71.956  -27.580 0.0000000000
26446  -41.612  -68.707  -22.000 0.0000000000
26468  -41.277  -68.735  -22.768 0.0000000000
27702  -40.660  -67.654  -21.099 0.0000000000
30180  -39.602  -65.743  -21.221 0.0000000000
32569  -39.646  -63.680  -21.169 0.0000000000
21294  -45.911  -72.452  -36.751 0.0000000000
21312  -44.803  -72.814  -38.506 0.0000000000
22684  -45.186  -71.713  -39.013 0.0000000000
24041  -44.363  -70.751  -39.702 0.0000000000
24095  -43.476  -69.933  -41.798 0.0000000000
25460  -44.280  -69.276  -42.784 0.0000000000
25485  -44.889  -68.777  -43.457 0.0000000000
28142  -44.347  -67.541  -44.642 0.0000000000
15790  -41.052  -76.175  -36.048 0.0000000000
17254  -41.694  -75.995  -37.511 0.0000000000
18585  -41.964  -74.438  -35.966 0.0000000000
19976  -43.574  -73.883  -35.566 0.0000000000
21268  -41.233  -72.818  -34.307 0.0000000000
21270  -42.984  -72.822  -34.466 0.0000000000
21272  -44.791  -72.877  -34.982 0.0000000000
22605  -45.463  -71.926  -35.443 0.0000000000
23991  -45.677  -70.518  -36.655 0.0000000000
25346  -45.101  -69.661  -37.041 0.0000000000
14446  -41.134  -76.911  -34.607 0.0000000000
15773  -39.998  -75.997  -34.111 0.0000000000
18550  -38.903  -74.154  -33.139 0.0000000000
17120  -40.612  -74.852  -30.956 0.0000000000
19911  -39.143  -73.869  -31.173 0.0000000000
19919  -38.457  -73.195  -32.225 0.0000000000
23910  -37.756  -70.576  -30.508 0.0000000000
26560  -37.803  -68.655  -29.669 0.0000000000
29123  -38.668  -67.102  -28.400 0.0000000000
21165  -43.758  -72.263  -26.660 0.0000000000
22494  -41.320  -71.226  -26.506 0.0000000000
23870  -40.229  -70.862  -26.828 0.0000000000
26491  -40.512  -68.795  -24.204 0.0000000000
25217  -39.262  -69.306  -25.626 0.0000000000
25235  -38.687  -69.604  -26.361 0.0000000000
26525  -37.716  -68.514  -26.860 0.0000000000
29103  -37.925  -66.867  -26.843 0.0000000000
17255  -42.338  -75.470  -37.886 0.0000000000
17281  -42.087  -75.015  -38.834 0.0000000000
21330  -43.329  -72.748  -39.736 0.0000000000
21328  -41.456  -72.354  -40.097 0.0000000000
25324  -42.080  -69.565  -34.963 0.0000000000
26660  -43.217  -68.411  -36.756 0.0000000000
26682  -45.222  -67.978  -38.320 0.0000000000
28010  -44.881  -66.988  -38.038 0.0000000000
28028  -45.676  -67.091  -39.188 0.0000000000
30535  -46.213  -66.090  -40.664 0.0000000000
29386  -45.308  -66.306  -43.001 0.0000000000
27850  -39.088  -67.486  -29.013 0.0000000000
27869  -39.833  -67.926  -29.425 0.0000000000
14510  -41.507  -77.352  -37.943 0.0000000000
15830  -41.737  -76.781  -37.532 0.0000000000
26684  -46.106  -69.042  -38.324 0.0000000000
25382  -46.094  -69.423  -38.890 0.0000000000
26707  -45.894  -68.499  -39.083 0.0000000000
26729  -45.721  -68.004  -40.106 0.0000000000
28042  -45.869  -67.498  -39.891 0.0000000000
19933  -39.163  -73.228  -33.702 0.0000000000
22576  -42.365  -71.196  -32.845 0.0000000000
23941  -42.541  -70.780  -33.137 0.0000000000
15732  -44.002  -76.653  -32.581 0.0000000000
15711  -42.229  -76.362  -32.342 0.0000000000
17142  -42.725  -75.894  -31.670 0.0000000000
21204  -39.471  -71.968  -28.709 0.0000000000
21213  -39.721  -72.646  -29.198 0.0000000000
21203  -39.068  -71.787  -28.871 0.0000000000
23886  -38.202  -70.811  -28.684 0.0000000000
22510  -38.924  -70.931  -27.917 0.0000000000
25169  -42.416  -69.216  -22.291 0.0000000000
25170  -43.608  -69.476  -22.458 0.0000000000
23812  -43.379  -70.124  -23.811 0.0000000000
23811  -42.829  -70.018  -23.873 0.0000000000
23821  -42.456  -70.129  -24.304 0.0000000000
25203  -42.177  -69.844  -24.021 0.0000000000
31362  -38.876  -64.368  -22.327 0.0000000000
30199  -38.641  -65.490  -23.066 0.0000000000
30232  -38.355  -65.262  -24.406 0.0000000000
32637  -39.018  -64.060  -23.603 0.0000000000
18614  -44.318  -74.322  -37.192 0.0000000000
18633  -44.220  -74.243  -37.820 0.0000000000
20011  -44.782  -73.783  -37.391 0.0000000000
31674  -44.378  -64.646  -38.209 0.0000000000
30532  -44.276  -64.994  -39.882 0.0000000000
29328  -43.689  -65.125  -39.758 0.0000000000
23925  -38.649  -70.666  -31.911 0.0000000000
23932  -38.799  -71.092  -32.324 0.0000000000
25285  -39.148  -69.909  -31.477 0.0000000000
25278  -40.601  -69.709  -30.627 0.0000000000
25286  -40.183  -70.126  -31.253 0.0000000000
23911  -41.165  -70.532  -30.814 0.0000000000
25279  -41.574  -70.064  -30.245 0.0000000000
21206  -41.719  -72.866  -28.206 0.0000000000
21186  -41.537  -72.338  -27.694 0.0000000000
26421  -42.710  -68.694  -21.052 0.0000000000
26420  -41.690  -68.365  -21.002 0.0000000000
26419  -41.178  -68.301  -21.566 0.0000000000
27678  -41.209  -67.197  -20.286 0.0000000000
30157  -39.480  -64.908  -21.094 0.0000000000
15889  -41.143  -75.683  -39.504 0.0000000000
21303  -46.158  -72.037  -37.258 0.0000000000
21314  -45.926  -72.141  -37.786 0.0000000000
22659  -46.053  -71.492  -38.148 0.0000000000
25400  -45.325  -69.396  -39.875 0.0000000000
24042  -45.242  -70.437  -39.408 0.0000000000
24069  -44.365  -70.057  -40.384 0.0000000000
25418  -44.203  -69.828  -40.943 0.0000000000
25436  -43.933  -69.565  -42.293 0.0000000000
26770  -45.886  -67.838  -42.085 0.0000000000
26786  -45.496  -68.261  -42.730 0.0000000000
26787  -45.900  -67.780  -42.800 0.0000000000
26818  -44.907  -68.157  -44.218 0.0000000000
26804  -45.763  -67.394  -43.086 0.0000000000
15774  -40.636  -76.296  -35.006 0.0000000000
17230  -41.261  -75.669  -36.292 0.0000000000
18586  -42.803  -74.337  -36.015 0.0000000000
19975  -42.625  -73.857  -35.448 0.0000000000
22585  -40.418  -71.887  -33.305 0.0000000000
21254  -40.885  -72.323  -33.825 0.0000000000
21257  -43.320  -72.325  -34.283 0.0000000000
21271  -43.893  -72.702  -34.592 0.0000000000
22593  -45.073  -72.383  -35.152 0.0000000000
23968  -44.061  -70.836  -35.571 0.0000000000
22622  -44.830  -71.084  -35.900 0.0000000000
23990  -44.610  -70.601  -36.265 0.0000000000
25345  -43.885  -69.409  -37.002 0.0000000000
15752  -39.806  -75.949  -33.088 0.0000000000
17178  -39.274  -75.081  -32.894 0.0000000000
17159  -39.569  -75.314  -32.247 0.0000000000
18492  -41.665  -74.659  -30.406 0.0000000000
17121  -41.159  -75.040  -30.966 0.0000000000
18491  -40.606  -74.412  -30.386 0.0000000000
19886  -39.191  -72.975  -30.008 0.0000000000
19900  -38.914  -73.320  -30.733 0.0000000000
19910  -38.609  -73.352  -31.462 0.0000000000
21224  -37.952  -72.012  -31.253 0.0000000000
21217  -37.931  -71.984  -30.825 0.0000000000
25272  -37.532  -69.481  -29.257 0.0000000000
27866  -37.815  -68.118  -29.012 0.0000000000
27848  -37.691  -67.923  -28.349 0.0000000000
22496  -44.313  -71.835  -25.928 0.0000000000
23837  -41.470  -70.116  -25.121 0.0000000000
23855  -41.834  -70.955  -25.785 0.0000000000
22493  -40.751  -71.038  -26.636 0.0000000000
23854  -40.555  -70.426  -26.242 0.0000000000
27725  -40.150  -67.809  -22.204 0.0000000000
26467  -40.526  -68.352  -23.071 0.0000000000
26466  -39.818  -68.210  -23.553 0.0000000000
27780  -38.228  -67.588  -24.667 0.0000000000
26489  -38.844  -68.357  -24.675 0.0000000000
26508  -38.540  -68.713  -25.493 0.0000000000
25216  -38.800  -69.234  -25.808 0.0000000000
26526  -38.100  -68.905  -26.250 0.0000000000
25234  -38.012  -69.271  -26.742 0.0000000000
26507  -37.856  -68.254  -25.940 0.0000000000
30276  -38.570  -65.428  -26.100 0.0000000000
29081  -38.247  -66.207  -26.527 0.0000000000
30302  -38.746  -65.724  -26.835 0.0000000000
29104  -38.579  -66.455  -27.612 0.0000000000
17231  -41.796  -75.285  -36.710 0.0000000000
18675  -42.841  -74.570  -38.917 0.0000000000
17282  -42.659  -74.787  -38.759 0.0000000000
18700  -42.316  -74.318  -39.464 0.0000000000
18699  -41.773  -74.366  -39.667 0.0000000000
20063  -41.824  -73.984  -40.142 0.0000000000
21332  -44.915  -72.417  -38.707 0.0000000000
21331  -44.231  -72.801  -39.007 0.0000000000
21347  -41.826  -71.779  -40.318 0.0000000000
21348  -42.130  -72.030  -40.226 0.0000000000
25307  -41.890  -69.192  -34.135 0.0000000000
26640  -41.882  -68.804  -34.316 0.0000000000
26681  -44.123  -67.962  -37.660 0.0000000000
29288  -44.668  -66.022  -37.523 0.0000000000
29308  -45.157  -66.190  -38.498 0.0000000000
28027  -45.429  -67.015  -38.745 0.0000000000
29309  -45.693  -66.385  -39.410 0.0000000000
29330  -46.147  -66.667  -40.062 0.0000000000
30512  -46.052  -65.963  -40.195 0.0000000000
29355  -44.925  -65.447  -41.779 0.0000000000
30569  -45.306  -65.579  -41.761 0.0000000000
29368  -44.256  -65.964  -42.724 0.0000000000
26573  -39.089  -68.795  -30.518 0.0000000000
26562  -39.499  -68.377  -29.977 0.0000000000
26574  -40.058  -68.929  -30.395 0.0000000000
26563  -40.447  -68.497  -29.789 0.0000000000
28968  -41.683  -66.458  -19.880 0.0000000000
30160  -42.488  -65.516  -20.171 0.0000000000
14532  -41.559  -76.668  -38.370 0.0000000000
24004  -46.284  -70.413  -37.613 0.0000000000
24020  -46.143  -70.262  -38.486 0.0000000000
25420  -45.257  -68.711  -40.520 0.0000000000
26749  -45.128  -68.567  -41.116 0.0000000000
26728  -45.537  -68.538  -40.118 0.0000000000
26751  -45.919  -67.552  -40.555 0.0000000000
28081  -46.320  -67.040  -41.077 0.0000000000
19950  -40.593  -73.497  -34.582 0.0000000000
22586  -41.520  -71.881  -33.286 0.0000000000
22587  -42.653  -71.613  -33.653 0.0000000000
23950  -43.323  -71.160  -34.470 0.0000000000
23967  -43.436  -70.806  -35.103 0.0000000000
23966  -42.755  -70.267  -35.315 0.0000000000
15710  -41.345  -76.268  -32.379 0.0000000000
15709  -40.706  -75.867  -32.045 0.0000000000
19888  -40.723  -73.825  -29.636 0.0000000000
19902  -40.217  -73.905  -30.056 0.0000000000
19887  -39.958  -73.415  -29.741 0.0000000000
22545  -37.992  -71.765  -30.291 0.0000000000
22537  -38.075  -71.370  -29.649 0.0000000000
23885  -37.742  -70.206  -28.620 0.0000000000
25266  -37.536  -69.367  -28.312 0.0000000000
23839  -43.428  -70.952  -24.924 0.0000000000
22478  -43.113  -71.208  -25.534 0.0000000000
23838  -42.757  -70.913  -25.218 0.0000000000
23820  -41.775  -69.961  -24.553 0.0000000000
25219  -41.162  -69.670  -24.917 0.0000000000
28989  -39.468  -66.398  -21.809 0.0000000000
29026  -38.745  -66.697  -23.196 0.0000000000
27749  -38.316  -66.943  -23.976 0.0000000000
29048  -37.947  -66.978  -24.875 0.0000000000
29061  -37.909  -66.805  -25.287 0.0000000000
29049  -38.078  -66.310  -24.562 0.0000000000
30250  -38.347  -65.331  -25.187 0.0000000000
31463  -38.931  -64.799  -25.627 0.0000000000
17256  -43.230  -74.916  -37.732 0.0000000000
18632  -43.822  -74.635  -37.493 0.0000000000
18648  -43.635  -74.579  -38.124 0.0000000000
18676  -43.381  -74.309  -38.856 0.0000000000
22682  -42.996  -71.819  -39.952 0.0000000000
31618  -44.384  -64.477  -36.163 0.0000000000
31637  -44.474  -64.703  -36.668 0.0000000000
30471  -44.582  -65.173  -37.037 0.0000000000
30511  -45.610  -65.580  -39.774 0.0000000000
30551  -44.501  -65.241  -40.639 0.0000000000
29354  -44.113  -65.765  -41.570 0.0000000000
21252  -38.963  -72.364  -33.182 0.0000000000
22583  -39.035  -71.945  -33.043 0.0000000000
22573  -39.880  -71.443  -32.821 0.0000000000
23934  -40.355  -71.160  -32.184 0.0000000000
23935  -41.429  -71.247  -31.986 0.0000000000
18469  -42.144  -74.298  -29.779 0.0000000000
19890  -42.429  -73.964  -29.165 0.0000000000
19889  -41.587  -73.870  -29.314 0.0000000000
19867  -41.138  -73.265  -28.854 0.0000000000
21205  -40.556  -72.280  -28.265 0.0000000000
22529  -40.267  -71.767  -27.852 0.0000000000
25138  -42.656  -68.963  -21.643 0.0000000000
25168  -41.734  -69.019  -22.552 0.0000000000
25187  -41.746  -69.253  -23.146 0.0000000000
26445  -40.877  -68.302  -22.132 0.0000000000
27701  -39.926  -67.127  -21.703 0.0000000000
28967  -40.774  -66.451  -20.408 0.0000000000
28990  -40.027  -66.496  -21.055 0.0000000000
30179  -39.088  -65.452  -21.861 0.0000000000
31363  -39.077  -64.295  -21.690 0.0000000000
32592  -38.983  -63.843  -22.420 0.0000000000
19999  -45.419  -73.156  -36.803 0.0000000000
20012  -45.193  -73.103  -37.750 0.0000000000
21302  -45.709  -72.553  -37.427 0.0000000000
21313  -45.451  -72.383  -38.277 0.0000000000
24067  -42.810  -70.572  -40.994 0.0000000000
25461  -44.828  -68.754  -42.391 0.0000000000
25506  -44.484  -69.011  -44.453 0.0000000000
26832  -44.292  -68.429  -44.916 0.0000000000
15806  -41.301  -75.880  -36.558 0.0000000000
17208  -41.455  -74.867  -36.004 0.0000000000
18611  -42.328  -74.690  -36.355 0.0000000000
18587  -43.438  -74.344  -36.209 0.0000000000
19997  -44.051  -74.118  -36.095 0.0000000000
21253  -39.835  -72.470  -33.749 0.0000000000
21267  -40.457  -72.838  -34.168 0.0000000000
21255  -41.907  -72.314  -33.871 0.0000000000
21269  -42.131  -72.806  -34.394 0.0000000000
19953  -43.274  -73.343  -34.945 0.0000000000
19954  -44.088  -73.351  -34.993 0.0000000000
19978  -45.156  -73.238  -36.021 0.0000000000
21284  -45.720  -72.477  -35.949 0.0000000000
21285  -46.159  -71.997  -35.999 0.0000000000
22624  -46.005  -71.494  -36.223 0.0000000000
22604  -44.592  -71.354  -35.442 0.0000000000
22623  -45.226  -71.215  -36.001 0.0000000000
23992  -46.235  -70.763  -36.851 0.0000000000
24003  -46.240  -70.102  -37.065 0.0000000000
25347  -45.867  -69.700  -37.130 0.0000000000
25364  -45.575  -69.017  -37.643 0.0000000000
15775  -41.114  -76.701  -35.471 0.0000000000
15753  -40.785  -76.722  -33.793 0.0000000000
17192  -39.483  -75.147  -33.749 0.0000000000
18549  -38.671  -73.602  -32.626 0.0000000000
17140  -40.470  -75.293  -31.415 0.0000000000
18490  -39.993  -74.472  -30.794 0.0000000000
18516  -39.622  -74.673  -31.405 0.0000000000
18536  -39.089  -74.580  -32.253 0.0000000000
18535  -38.710  -73.861  -32.235 0.0000000000
21237  -38.095  -72.070  -31.905 0.0000000000
22558  -38.151  -71.439  -31.807 0.0000000000
23924  -37.929  -70.714  -31.223 0.0000000000
22536  -37.760  -70.979  -30.133 0.0000000000
25275  -37.807  -69.665  -30.363 0.0000000000
26572  -38.270  -68.881  -30.383 0.0000000000
26561  -38.617  -68.361  -29.986 0.0000000000
22495  -42.752  -71.522  -26.208 0.0000000000
22514  -42.385  -72.019  -26.889 0.0000000000
22512  -40.458  -71.388  -27.226 0.0000000000
23869  -39.721  -70.740  -27.024 0.0000000000
26492  -41.108  -68.925  -23.518 0.0000000000
25201  -40.835  -69.244  -24.600 0.0000000000
25218  -40.506  -69.457  -25.239 0.0000000000
26490  -39.468  -68.370  -24.239 0.0000000000
26510  -40.002  -68.834  -24.693 0.0000000000
25237  -40.291  -69.855  -25.865 0.0000000000
25236  -39.779  -69.779  -26.027 0.0000000000
23853  -39.312  -70.202  -26.650 0.0000000000
23852  -38.811  -70.090  -26.829 0.0000000000
25253  -38.213  -69.693  -26.999 0.0000000000
25252  -37.794  -69.411  -27.437 0.0000000000
26541  -37.507  -68.560  -27.860 0.0000000000
29080  -37.882  -66.817  -26.050 0.0000000000
27831  -37.738  -67.545  -27.458 0.0000000000
27832  -38.097  -67.273  -28.144 0.0000000000
15831  -41.787  -76.275  -37.996 0.0000000000
15853  -41.775  -75.943  -38.490 0.0000000000
17263  -42.180  -75.205  -38.558 0.0000000000
15869  -41.612  -75.653  -39.058 0.0000000000
17306  -41.316  -74.899  -39.372 0.0000000000
20023  -44.469  -73.527  -38.311 0.0000000000
20046  -43.876  -73.655  -38.885 0.0000000000
20045  -43.362  -73.616  -39.442 0.0000000000
21329  -42.475  -72.620  -40.124 0.0000000000
20044  -42.741  -73.476  -39.964 0.0000000000
27870  -40.845  -67.920  -29.282 0.0000000000
23912  -42.051  -70.648  -30.559 0.0000000000
23929  -42.488  -70.615  -31.041 0.0000000000
25297  -42.279  -69.852  -32.760 0.0000000000
25308  -42.188  -69.946  -33.742 0.0000000000
25344  -42.790  -69.640  -36.169 0.0000000000
26641  -42.100  -68.407  -34.702 0.0000000000
26659  -42.395  -68.513  -35.880 0.0000000000
25363  -44.769  -68.791  -37.567 0.0000000000
29287  -44.360  -66.389  -36.908 0.0000000000
28009  -44.414  -66.897  -37.391 0.0000000000
26705  -45.589  -67.497  -38.830 0.0000000000
26706  -45.733  -67.878  -38.934 0.0000000000
28029  -45.809  -67.422  -39.569 0.0000000000
29342  -46.313  -66.636  -40.762 0.0000000000
29357  -46.306  -66.657  -41.322 0.0000000000
30553  -45.864  -65.819  -41.395 0.0000000000
28123  -45.718  -66.820  -42.945 0.0000000000
28122  -45.057  -67.072  -43.648 0.0000000000
15708  -40.263  -75.633  -31.854 0.0000000000
15890  -41.487  -75.117  -39.161 0.0000000000
17139  -39.930  -75.423  -31.781 0.0000000000
17233  -43.487  -74.818  -37.312 0.0000000000
17307  -41.758  -74.643  -39.321 0.0000000000
18467  -40.838  -74.166  -29.956 0.0000000000
18515  -38.972  -74.102  -31.693 0.0000000000
18517  -40.242  -74.746  -30.987 0.0000000000
18612  -42.867  -74.738  -36.570 0.0000000000
18649  -43.941  -74.147  -38.365 0.0000000000
18674  -41.783  -74.135  -39.864 0.0000000000
18698  -41.328  -74.686  -39.511 0.0000000000
18701  -43.181  -74.173  -39.243 0.0000000000
19977  -44.567  -73.545  -35.584 0.0000000000
20024  -44.986  -72.961  -38.215 0.0000000000
20064  -42.268  -73.993  -39.864 0.0000000000
21225  -38.227  -72.584  -31.641 0.0000000000
21238  -38.401  -72.418  -32.433 0.0000000000
21273  -45.287  -72.530  -35.350 0.0000000000
21283  -45.167  -72.960  -35.496 0.0000000000
21295  -46.225  -72.003  -36.473 0.0000000000
22513  -41.728  -71.881  -27.064 0.0000000000
22527  -38.898  -71.348  -28.493 0.0000000000
22528  -39.813  -71.651  -28.037 0.0000000000
22544  -37.861  -71.485  -30.698 0.0000000000
22571  -38.269  -71.877  -32.239 0.0000000000
22572  -38.788  -71.607  -32.670 0.0000000000
22606  -46.005  -71.968  -35.756 0.0000000000
22658  -45.674  -71.913  -38.557 0.0000000000
22704  -41.360  -71.364  -40.545 0.0000000000
23868  -38.551  -70.385  -27.520 0.0000000000
23899  -37.906  -70.705  -29.156 0.0000000000
23933  -39.341  -71.012  -32.385 0.0000000000
23988  -43.068  -70.298  -35.732 0.0000000000
24096  -43.920  -69.901  -41.262 0.0000000000
25283  -37.858  -70.233  -30.845 0.0000000000
25284  -38.230  -70.032  -31.197 0.0000000000
25296  -42.012  -69.117  -33.390 0.0000000000
25323  -41.830  -68.998  -34.575 0.0000000000
25366  -46.175  -69.514  -38.308 0.0000000000
25399  -44.801  -69.988  -39.984 0.0000000000
26396  -41.767  -68.054  -20.318 0.0000000000
26447  -42.213  -68.806  -21.607 0.0000000000
26509  -39.437  -68.834  -24.998 0.0000000000
26626  -42.021  -68.659  -33.797 0.0000000000
26750  -45.660  -67.966  -40.958 0.0000000000
26803  -45.502  -67.964  -43.418 0.0000000000
27703  -41.392  -67.791  -20.491 0.0000000000
27751  -39.759  -67.840  -22.923 0.0000000000
27779  -37.910  -67.216  -25.072 0.0000000000
27781  -38.801  -68.003  -24.200 0.0000000000
27796  -37.848  -67.478  -25.528 0.0000000000
27812  -37.751  -67.572  -26.444 0.0000000000
27849  -38.239  -67.616  -28.736 0.0000000000
27867  -38.373  -67.981  -29.376 0.0000000000
28060  -46.083  -67.380  -40.891 0.0000000000
28080  -46.123  -67.384  -41.507 0.0000000000
28102  -46.309  -66.997  -41.625 0.0000000000
29003  -38.649  -66.044  -23.062 0.0000000000
29004  -38.872  -66.301  -22.723 0.0000000000
29025  -38.508  -66.354  -23.454 0.0000000000
29310  -45.883  -66.888  -39.648 0.0000000000
29329  -45.951  -66.129  -39.906 0.0000000000
29356  -46.143  -66.331  -41.576 0.0000000000
29369  -45.025  -65.690  -42.408 0.0000000000
29370  -45.822  -66.274  -42.235 0.0000000000
29371  -46.201  -66.693  -41.829 0.0000000000
30178  -38.813  -64.926  -22.361 0.0000000000
30554  -46.266  -66.270  -41.130 0.0000000000
30570  -45.534  -65.789  -41.973 0.0000000000
31341  -39.465  -64.280  -21.082 0.0000000000
31390  -38.813  -64.450  -22.934 0.0000000000
31489  -39.477  -64.735  -26.104 0.0000000000
32655  -39.015  -64.261  -24.082 0.0000000000
