#!ascii label  , from subject sub-01 vox2ras=TkReg
1891
20135  -39.968  -73.307  -44.902 0.1000000015
18787  -38.880  -74.327  -45.579 0.1000000015
17419  -37.367  -75.595  -45.382 0.1000000015
18808  -38.745  -74.300  -46.088 0.1000000015
20161  -37.762  -74.351  -46.526 0.1000000015
20182  -38.852  -73.390  -47.295 0.1000000015
18829  -36.807  -73.801  -47.045 0.1000000015
21456  -37.308  -72.741  -47.985 0.1000000015
21477  -37.599  -72.732  -48.596 0.1000000015
20197  -36.895  -73.161  -48.935 0.1000000015
21478  -37.909  -72.643  -49.202 0.1000000015
20198  -37.442  -73.013  -49.791 0.1000000015
18874  -36.288  -73.987  -49.622 0.1000000015
20216  -37.420  -73.102  -50.338 0.1000000015
22871  -36.544  -71.954  -50.752 0.1000000015
20215  -36.982  -73.540  -50.145 0.1000000015
20237  -36.709  -73.565  -51.000 0.1000000015
20238  -37.183  -73.338  -50.624 0.1000000015
22770  -41.360  -72.056  -45.035 0.1000000015
20148  -39.533  -73.835  -45.261 0.1000000015
21396  -40.722  -72.615  -44.963 0.1000000015
21413  -40.875  -72.578  -45.893 0.1000000015
20164  -40.342  -72.986  -46.313 0.1000000015
20163  -39.482  -73.643  -46.332 0.1000000015
21432  -40.135  -72.941  -46.888 0.1000000015
21458  -39.281  -72.640  -47.914 0.1000000015
21457  -38.211  -72.723  -48.128 0.1000000015
21496  -38.297  -72.231  -49.545 0.1000000015
25548  -34.836  -69.552  -47.004 0.1000000015
25574  -34.846  -69.184  -47.735 0.1000000015
25603  -35.120  -69.447  -48.543 0.1000000015
25604  -36.136  -69.470  -48.548 0.1000000015
24248  -36.285  -70.022  -49.014 0.1000000015
24264  -36.960  -70.457  -49.514 0.1000000015
22858  -37.345  -71.472  -50.149 0.1000000015
22872  -37.165  -72.322  -50.611 0.1000000015
21513  -37.300  -72.944  -50.776 0.1000000015
24120  -41.403  -70.875  -43.089 0.1000000015
24162  -42.748  -70.816  -44.985 0.2000000030
24142  -42.048  -70.977  -44.105 0.2000000030
22755  -41.199  -71.707  -44.360 0.1000000015
24184  -43.110  -70.212  -45.374 0.1000000015
22772  -42.545  -71.054  -45.543 0.1000000015
22756  -41.933  -71.395  -44.649 0.1000000015
24183  -42.733  -70.617  -45.756 0.1000000015
21414  -41.603  -71.935  -46.228 0.1000000015
24039  -36.141  -70.014  -40.024 0.1000000015
24091  -36.552  -70.274  -41.615 0.1000000015
22804  -41.943  -71.241  -46.722 0.1000000015
21434  -41.411  -71.697  -47.072 0.1000000015
21459  -40.169  -72.402  -47.548 0.1000000015
24090  -35.630  -70.658  -41.759 0.1000000015
24118  -36.307  -70.464  -42.640 0.1000000015
24140  -36.919  -70.202  -43.576 0.1000000015
25502  -37.491  -69.745  -44.668 0.1000000015
24182  -36.728  -69.762  -45.279 0.1000000015
22824  -41.443  -71.200  -47.364 0.1000000015
21481  -40.292  -71.817  -47.873 0.1000000015
21479  -38.787  -72.086  -48.855 0.1000000015
24139  -36.037  -70.586  -43.635 0.1000000015
24160  -36.496  -70.204  -44.520 0.1000000015
25524  -36.314  -69.379  -45.995 0.1000000015
25525  -37.295  -69.310  -45.816 0.1000000015
26842  -37.800  -68.738  -47.199 0.1000000015
26857  -37.729  -69.022  -47.905 0.1000000015
22843  -39.282  -71.357  -48.641 0.1000000015
22842  -38.758  -71.458  -49.060 0.1000000015
24181  -35.993  -69.997  -45.318 0.1000000015
26841  -37.190  -68.794  -47.527 0.1000000015
25606  -37.849  -69.929  -48.882 0.1000000015
25623  -37.530  -70.312  -49.271 0.1000000015
25575  -36.046  -68.911  -47.833 0.1000000015
26856  -36.935  -68.889  -48.029 0.1000000015
25622  -37.314  -70.141  -49.132 0.1000000015
24265  -37.945  -70.712  -49.502 0.1000000015
21495  -37.733  -72.439  -50.085 0.1000000015
24144  -43.682  -69.902  -44.359 0.1000000015
24143  -43.168  -70.257  -43.950 0.2000000030
24121  -42.281  -70.428  -43.034 0.1000000015
24094  -42.527  -70.352  -41.975 0.2000000030
25505  -43.921  -69.576  -44.660 0.1000000015
25395  -35.924  -69.705  -39.429 0.1000000015
24202  -42.312  -70.534  -46.436 0.1000000015
24201  -41.796  -70.615  -47.042 0.1000000015
24222  -41.191  -70.390  -47.442 0.1000000015
24119  -37.177  -70.051  -42.522 0.1000000015
25479  -37.802  -69.725  -43.467 0.1000000015
22823  -40.958  -71.030  -47.748 0.1000000015
25526  -38.426  -69.003  -45.493 0.1000000015
26826  -38.960  -68.558  -46.104 0.1000000015
26859  -39.468  -68.872  -47.366 0.1000000015
25607  -38.919  -70.013  -48.512 0.1000000015
22844  -40.241  -71.192  -48.121 0.1000000015
24249  -38.141  -70.473  -49.196 0.1000000015
22859  -38.310  -71.536  -49.575 0.1000000015
26787  -45.900  -67.780  -42.800 0.1000000015
26786  -45.496  -68.261  -42.730 0.1000000015
26818  -44.907  -68.157  -44.218 0.1000000015
25485  -44.889  -68.777  -43.457 0.1000000015
25460  -44.280  -69.276  -42.784 0.2000000030
25436  -43.933  -69.565  -42.293 0.2000000030
25484  -44.051  -69.617  -43.791 0.2000000030
24095  -43.476  -69.933  -41.798 0.2000000030
24067  -42.810  -70.572  -40.994 0.2000000030
25531  -44.059  -69.107  -45.001 0.1000000015
26832  -44.292  -68.429  -44.916 0.1000000015
26831  -43.557  -68.758  -45.296 0.1000000015
25529  -42.665  -69.699  -45.840 0.1000000015
25396  -36.680  -69.597  -39.679 0.1000000015
25415  -37.266  -69.650  -40.173 0.1000000015
25416  -37.814  -69.423  -40.322 0.1000000015
25433  -38.204  -69.447  -41.259 0.1000000015
25554  -41.564  -69.649  -46.760 0.1000000015
25379  -35.309  -69.649  -38.758 0.1000000015
25362  -35.744  -69.211  -38.155 0.1000000015
24063  -36.804  -69.994  -40.611 0.1000000015
24092  -37.400  -69.899  -41.507 0.1000000015
25455  -38.038  -69.622  -42.389 0.1000000015
25480  -38.711  -69.352  -43.335 0.1000000015
25504  -39.252  -68.966  -44.223 0.1000000015
26827  -39.680  -68.422  -45.341 0.1000000015
26845  -40.678  -68.485  -46.532 0.1000000015
25581  -41.104  -69.914  -47.317 0.1000000015
25503  -38.462  -69.324  -44.353 0.1000000015
26844  -39.603  -68.464  -46.597 0.1000000015
26860  -40.226  -68.779  -47.158 0.1000000015
25609  -40.116  -70.034  -47.938 0.1000000015
25378  -34.346  -69.811  -38.317 0.1000000015
25360  -34.045  -69.488  -37.488 0.1000000015
25377  -33.352  -69.825  -38.108 0.1000000015
25341  -33.427  -68.754  -36.935 0.1000000015
29386  -45.308  -66.306  -43.001 0.1000000015
26804  -45.763  -67.394  -43.086 0.1000000015
29368  -44.256  -65.964  -42.724 0.1000000015
29385  -44.607  -66.218  -43.240 0.1000000015
26770  -45.886  -67.838  -42.085 0.1000000015
25461  -44.828  -68.754  -42.391 0.1000000015
25437  -44.249  -69.402  -41.722 0.2000000030
29384  -44.158  -66.213  -43.312 0.1000000015
28142  -44.347  -67.541  -44.642 0.1000000015
25418  -44.203  -69.828  -40.943 0.2000000030
28099  -43.012  -67.043  -43.171 0.1000000015
28121  -43.924  -66.650  -43.962 0.1000000015
26656  -35.493  -68.738  -36.836 0.1000000015
26677  -35.676  -69.011  -37.641 0.1000000015
26678  -36.444  -68.723  -37.908 0.1000000015
26701  -36.753  -68.949  -38.680 0.1000000015
25381  -36.902  -69.146  -39.137 0.1000000015
25397  -37.415  -69.248  -39.631 0.1000000015
25398  -37.958  -69.105  -39.861 0.1000000015
28098  -42.081  -67.568  -43.547 0.1000000015
28141  -43.535  -67.430  -44.885 0.1000000015
28153  -43.266  -68.021  -45.337 0.1000000015
25380  -36.245  -69.273  -38.822 0.1000000015
25434  -39.095  -68.770  -41.282 0.1000000015
25435  -39.657  -68.615  -41.634 0.1000000015
25457  -39.757  -68.760  -42.295 0.1000000015
26816  -41.644  -68.187  -44.884 0.1000000015
28139  -42.197  -67.973  -44.901 0.1000000015
25528  -42.070  -69.003  -45.975 0.1000000015
25456  -38.919  -69.178  -42.299 0.1000000015
25482  -40.041  -68.812  -42.930 0.1000000015
26814  -39.979  -68.719  -44.092 0.1000000015
26815  -40.687  -68.380  -44.567 0.1000000015
26828  -40.987  -68.296  -45.540 0.1000000015
26829  -41.854  -68.450  -45.555 0.1000000015
25361  -35.042  -69.354  -37.703 0.1000000015
25343  -34.582  -69.130  -37.013 0.1000000015
25342  -33.853  -69.030  -36.867 0.1000000015
26676  -33.140  -68.495  -37.046 0.1000000015
25358  -32.522  -68.845  -37.800 0.1000000015
28101  -46.128  -67.172  -42.331 0.1000000015
28079  -43.855  -66.162  -42.342 0.1000000015
29355  -44.925  -65.447  -41.779 0.1000000015
30553  -45.864  -65.819  -41.395 0.1000000015
26769  -45.335  -68.332  -41.843 0.1000000015
28078  -43.226  -66.677  -41.952 0.1000000015
29353  -43.351  -66.349  -41.336 0.1000000015
28081  -46.320  -67.040  -41.077 0.1000000015
26749  -45.128  -68.567  -41.116 0.1000000015
28058  -42.300  -66.894  -40.907 0.1000000015
28059  -42.995  -66.596  -41.196 0.1000000015
25419  -44.728  -69.314  -40.736 0.2000000030
26657  -36.633  -67.943  -36.694 0.1000000015
26702  -37.460  -68.700  -38.835 0.1000000015
26725  -37.776  -68.939  -39.477 0.1000000015
28076  -41.191  -67.898  -41.673 0.1000000015
25420  -45.257  -68.711  -40.520 0.1000000015
25400  -45.325  -69.396  -39.875 0.2000000030
25417  -38.397  -69.020  -40.422 0.1000000015
26765  -39.343  -68.459  -40.785 0.1000000015
26783  -40.056  -68.518  -41.800 0.1000000015
26784  -40.500  -68.454  -42.409 0.1000000015
26802  -41.379  -68.078  -43.998 0.1000000015
26637  -35.064  -68.446  -35.734 0.1000000015
26655  -34.474  -68.776  -36.375 0.1000000015
26636  -34.245  -68.285  -35.758 0.1000000015
26654  -33.571  -68.316  -36.475 0.1000000015
26653  -33.001  -68.033  -36.963 0.1000000015
29340  -43.034  -66.245  -40.632 0.1000000015
29341  -43.774  -65.449  -40.339 0.1000000015
30551  -44.501  -65.241  -40.639 0.1000000015
29339  -42.448  -66.540  -40.472 0.1000000015
29354  -44.113  -65.765  -41.570 0.1000000015
30552  -45.151  -65.307  -41.167 0.1000000015
29357  -46.306  -66.657  -41.322 0.1000000015
30534  -45.783  -65.529  -40.562 0.1000000015
26751  -45.919  -67.552  -40.555 0.1000000015
28057  -41.128  -67.672  -40.887 0.1000000015
29342  -46.313  -66.636  -40.762 0.1000000015
26639  -36.365  -67.739  -35.982 0.1000000015
26658  -37.289  -67.578  -36.947 0.1000000015
26679  -37.596  -67.897  -37.658 0.1000000015
26703  -38.524  -67.963  -38.636 0.1000000015
26727  -39.044  -68.114  -39.581 0.1000000015
26747  -39.617  -68.141  -40.358 0.1000000015
28056  -40.293  -67.779  -40.268 0.1000000015
28061  -46.124  -67.201  -40.458 0.1000000015
26728  -45.537  -68.538  -40.118 0.1000000015
26638  -35.916  -68.107  -35.894 0.1000000015
26726  -38.302  -68.648  -39.577 0.1000000015
26746  -38.940  -68.506  -40.340 0.1000000015
26767  -40.596  -68.220  -41.539 0.1000000015
25382  -46.094  -69.423  -38.890 0.1000000015
27967  -35.447  -67.817  -35.134 0.1000000015
27966  -34.598  -67.864  -35.128 0.1000000015
30431  -33.534  -65.726  -35.576 0.1000000015
27965  -33.736  -67.400  -35.603 0.1000000015
30448  -33.456  -65.339  -36.244 0.1000000015
29327  -42.999  -65.475  -39.569 0.1000000015
29328  -43.689  -65.125  -39.758 0.1000000015
30532  -44.276  -64.994  -39.882 0.1000000015
29306  -42.090  -65.718  -38.709 0.1000000015
30533  -45.112  -65.046  -40.197 0.1000000015
29326  -42.065  -66.441  -39.886 0.1000000015
30511  -45.610  -65.580  -39.774 0.1000000015
30535  -46.213  -66.090  -40.664 0.1000000015
28040  -40.740  -67.301  -39.773 0.1000000015
29325  -41.313  -66.888  -39.682 0.1000000015
30512  -46.052  -65.963  -40.195 0.1000000015
27968  -36.295  -67.405  -35.337 0.1000000015
26680  -38.317  -67.620  -37.923 0.1000000015
28039  -39.775  -67.648  -39.522 0.1000000015
29305  -40.932  -66.574  -38.948 0.1000000015
29330  -46.147  -66.667  -40.062 0.1000000015
26729  -45.721  -68.004  -40.106 0.1000000015
27952  -35.711  -67.269  -34.613 0.1000000015
27986  -36.680  -67.449  -36.026 0.1000000015
27987  -37.303  -67.147  -36.384 0.1000000015
26704  -39.207  -67.788  -39.053 0.1000000015
28042  -45.869  -67.498  -39.891 0.1000000015
29216  -34.545  -66.469  -33.944 0.1000000015
27951  -34.993  -67.357  -34.460 0.1000000015
29215  -33.940  -66.607  -34.639 0.1000000015
27949  -33.838  -66.952  -35.006 0.1000000015
29239  -33.672  -66.470  -35.261 0.1000000015
29285  -41.124  -65.867  -38.051 0.1000000015
29286  -41.795  -65.529  -37.954 0.1000000015
30484  -42.261  -65.288  -38.058 0.1000000015
31691  -44.180  -64.605  -38.849 0.1000000015
30467  -40.653  -65.584  -37.402 0.1000000015
30510  -44.714  -64.896  -39.094 0.1000000015
29283  -39.041  -66.537  -37.347 0.1000000015
28008  -39.145  -66.992  -37.790 0.1000000015
29284  -39.937  -66.325  -37.830 0.1000000015
30488  -45.229  -65.630  -39.011 0.1000000015
29218  -36.344  -66.699  -34.446 0.1000000015
29240  -36.805  -66.724  -35.167 0.1000000015
28006  -37.704  -67.344  -37.017 0.1000000015
28024  -38.764  -67.414  -38.049 0.1000000015
28025  -39.473  -67.310  -38.538 0.1000000015
29309  -45.693  -66.385  -39.410 0.1000000015
28029  -45.809  -67.422  -39.569 0.1000000015
26707  -45.894  -68.499  -39.083 0.1000000015
29217  -35.503  -66.773  -33.974 0.1000000015
29192  -34.792  -66.131  -33.484 0.1000000015
30394  -34.580  -65.652  -33.391 0.1000000015
31598  -34.023  -65.264  -33.913 0.1000000015
30412  -33.772  -65.751  -34.588 0.1000000015
31582  -33.819  -64.323  -34.035 0.1000000015
32799  -33.748  -63.958  -34.271 0.1000000015
31611  -33.515  -64.773  -35.565 0.1000000015
30485  -42.782  -64.973  -38.439 0.1000000015
30486  -43.325  -64.730  -38.707 0.1000000015
31673  -43.813  -64.513  -38.453 0.1000000015
31674  -44.378  -64.646  -38.209 0.1000000015
29219  -37.105  -66.137  -34.688 0.1000000015
29262  -37.861  -66.541  -36.298 0.1000000015
29263  -38.522  -66.248  -36.681 0.1000000015
29194  -36.167  -66.265  -33.556 0.1000000015
29195  -36.764  -66.064  -33.986 0.1000000015
29241  -37.477  -66.387  -35.626 0.1000000015
28007  -38.389  -67.142  -37.382 0.1000000015
29193  -35.300  -66.112  -33.286 0.1000000015
30395  -35.088  -65.624  -32.920 0.1000000015
30373  -34.870  -65.032  -32.687 0.1000000015
31563  -34.741  -64.085  -32.332 0.1000000015
31583  -34.140  -64.389  -33.487 0.1000000015
32785  -34.596  -63.166  -32.959 0.1000000015
33947  -34.612  -62.592  -33.857 0.1000000015
30451  -41.045  -65.091  -36.890 0.1000000015
30469  -42.071  -65.213  -37.563 0.1000000015
30470  -42.591  -64.894  -37.698 0.1000000015
31653  -43.224  -64.632  -37.918 0.1000000015
31635  -42.890  -64.500  -36.925 0.1000000015
30450  -39.853  -65.332  -36.688 0.1000000015
29264  -39.257  -65.996  -37.049 0.1000000015
30374  -35.697  -65.450  -32.588 0.1000000015
29176  -36.403  -65.889  -33.200 0.1000000015
31546  -35.154  -63.869  -31.727 0.1000000015
33929  -34.816  -62.465  -33.291 0.1000000015
30468  -41.430  -65.396  -37.479 0.1000000015
30396  -36.716  -65.826  -33.465 0.1000000015
30397  -37.527  -65.358  -33.812 0.1000000015
30414  -37.835  -65.662  -35.053 0.1000000015
30432  -38.018  -65.851  -35.639 0.1000000015
30449  -39.060  -65.691  -36.590 0.1000000015
31565  -36.418  -64.789  -31.974 0.1000000015
31564  -35.439  -64.628  -31.954 0.1000000015
32768  -34.906  -63.481  -32.095 0.1000000015
32786  -34.935  -62.933  -32.266 0.1000000015
33930  -35.137  -62.174  -32.678 0.1000000015
35076  -35.819  -61.209  -32.592 0.1000000015
31633  -40.762  -64.756  -36.216 0.1000000015
30433  -38.759  -65.385  -35.793 0.1000000015
30434  -39.565  -65.027  -35.978 0.1000000015
31632  -40.065  -64.827  -35.978 0.1000000015
30375  -36.720  -65.451  -32.860 0.1000000015
30376  -37.346  -65.078  -32.994 0.1000000015
30415  -38.350  -65.080  -34.645 0.1000000015
33887  -35.902  -62.136  -31.086 0.1000000015
35026  -35.993  -61.516  -31.450 0.1000000015
35027  -36.364  -61.382  -30.805 0.1000000015
35051  -36.267  -60.910  -31.679 0.1000000015
31612  -39.005  -64.753  -34.929 0.1000000015
30398  -38.273  -64.892  -34.023 0.1000000015
31548  -37.152  -64.206  -31.276 0.1000000015
31547  -36.105  -64.010  -31.062 0.1000000015
32749  -35.993  -62.807  -30.843 0.1000000015
36187  -37.423  -60.318  -29.500 0.1000000015
31566  -37.357  -64.673  -32.327 0.1000000015
31528  -36.751  -63.687  -30.704 0.1000000015
32750  -36.507  -63.247  -30.573 0.1000000015
33888  -36.458  -62.347  -30.411 0.1000000015
35003  -36.776  -61.641  -30.067 0.1000000015
37356  -37.797  -60.058  -28.901 0.1000000015
34982  -37.667  -61.165  -29.025 0.1000000015
31529  -36.886  -63.910  -30.817 0.1000000015
33889  -36.980  -62.871  -30.057 0.1000000015
33871  -37.023  -62.228  -29.844 0.1000000015
35005  -38.257  -61.934  -29.023 0.1000000015
18807  -37.958  -74.942  -45.852 0.1000000015
20162  -38.446  -74.061  -46.538 0.1000000015
20181  -37.623  -73.573  -47.166 0.1000000015
20183  -39.654  -73.093  -47.263 0.1000000015
20180  -36.607  -73.286  -47.657 0.1000000015
21397  -41.335  -72.150  -45.469 0.1000000015
20149  -40.208  -73.225  -45.586 0.1000000015
21433  -40.855  -72.387  -46.836 0.1000000015
21480  -39.685  -71.918  -48.155 0.1000000015
25549  -35.626  -69.206  -46.842 0.1000000015
24246  -35.186  -69.809  -48.760 0.1000000015
26870  -36.636  -69.444  -48.512 0.1000000015
24247  -35.577  -69.887  -48.838 0.1000000015
24161  -42.242  -71.243  -44.775 0.1000000015
22788  -42.130  -71.400  -46.146 0.1000000015
25551  -37.920  -68.873  -46.418 0.1000000015
25550  -36.832  -68.892  -46.899 0.1000000015
25552  -38.482  -68.703  -46.206 0.1000000015
26858  -38.549  -68.972  -47.594 0.1000000015
26872  -37.473  -69.303  -48.323 0.1000000015
25578  -38.369  -69.432  -48.227 0.1000000015
25579  -39.258  -69.483  -47.929 0.1000000015
24250  -38.589  -70.791  -49.078 0.1000000015
25506  -44.484  -69.011  -44.453 0.1000000015
25483  -43.523  -69.881  -43.394 0.2000000030
24122  -43.094  -70.012  -42.847 0.2000000030
25555  -42.245  -69.993  -46.390 0.1000000015
24221  -40.629  -70.549  -47.832 0.1000000015
25527  -38.947  -68.885  -44.857 0.1000000015
24251  -39.510  -70.625  -48.453 0.1000000015
28154  -43.901  -67.981  -45.204 0.1000000015
26846  -41.471  -68.681  -46.156 0.1000000015
25481  -39.671  -68.970  -43.278 0.1000000015
26800  -40.047  -68.789  -43.605 0.1000000015
25553  -40.789  -69.055  -47.133 0.1000000015
30569  -45.306  -65.579  -41.761 0.1000000015
28123  -45.718  -66.820  -42.945 0.1000000015
28122  -45.057  -67.072  -43.648 0.1000000015
28120  -42.867  -67.218  -44.291 0.1000000015
24069  -44.365  -70.057  -40.384 0.2000000030
28140  -42.723  -67.790  -45.075 0.1000000015
28077  -41.910  -67.497  -42.161 0.1000000015
28119  -42.140  -67.745  -44.487 0.1000000015
28152  -42.918  -68.047  -45.355 0.1000000015
26766  -39.795  -68.417  -41.167 0.1000000015
26801  -40.439  -68.585  -43.409 0.1000000015
26785  -41.251  -68.067  -42.955 0.1000000015
25401  -45.777  -68.937  -39.487 0.1000000015
27985  -33.125  -67.296  -36.848 0.1000000015
28041  -41.517  -67.091  -40.200 0.1000000015
29261  -33.357  -66.280  -36.283 0.1000000015
29304  -40.144  -66.878  -38.569 0.1000000015
31597  -33.733  -64.630  -34.404 0.1000000015
33964  -34.419  -62.718  -34.684 0.1000000015
19867  -41.138  -73.265  -28.854 0.5000000000
14464  -42.405  -77.664  -34.413 0.5000000000
13209  -43.204  -78.153  -33.706 0.5000000000
21205  -40.556  -72.280  -28.265 0.5000000000
19888  -40.723  -73.825  -29.636 0.5000000000
18468  -41.237  -74.235  -29.881 0.5000000000
23869  -39.721  -70.740  -27.024 0.5000000000
22529  -40.267  -71.767  -27.852 0.5000000000
21214  -40.414  -73.080  -29.149 0.5000000000
14430  -42.343  -76.942  -33.557 0.5000000000
21204  -39.471  -71.968  -28.709 0.5000000000
22511  -39.362  -71.094  -27.693 0.5000000000
21213  -39.721  -72.646  -29.198 0.5000000000
21203  -39.068  -71.787  -28.871 0.4000000060
19886  -39.191  -72.975  -30.008 0.4000000060
15775  -41.114  -76.701  -35.471 0.5000000000
15790  -41.052  -76.175  -36.048 0.5000000000
17230  -41.261  -75.669  -36.292 0.5000000000
18584  -41.257  -74.443  -35.544 0.5000000000
19951  -41.519  -73.341  -34.778 0.4000000060
21269  -42.131  -72.806  -34.394 0.4000000060
13162  -42.703  -78.920  -30.456 0.1000000015
21185  -41.065  -71.956  -27.580 0.5000000000
21206  -41.719  -72.866  -28.206 0.5000000000
19889  -41.587  -73.870  -29.314 0.5000000000
18492  -41.665  -74.659  -30.406 0.4000000060
14448  -42.981  -77.218  -33.670 0.5000000000
23870  -40.229  -70.862  -26.828 0.5000000000
22512  -40.458  -71.388  -27.226 0.5000000000
25236  -39.779  -69.779  -26.027 0.5000000000
26510  -40.002  -68.834  -24.693 0.5000000000
25217  -39.262  -69.306  -25.626 0.5000000000
23853  -39.312  -70.202  -26.650 0.5000000000
26489  -38.844  -68.357  -24.675 0.4000000060
25216  -38.800  -69.234  -25.808 0.3000000119
23852  -38.811  -70.090  -26.829 0.5000000000
22510  -38.924  -70.931  -27.917 0.4000000060
21212  -38.884  -72.101  -29.336 0.4000000060
25235  -38.687  -69.604  -26.361 0.3000000119
19901  -39.673  -73.900  -30.525 0.6999999881
18516  -39.622  -74.673  -31.405 0.5000000000
26508  -38.540  -68.713  -25.493 0.3000000119
26526  -38.100  -68.905  -26.250 0.3000000119
25253  -38.213  -69.693  -26.999 0.3000000119
23886  -38.202  -70.811  -28.684 0.4000000060
19911  -39.143  -73.869  -31.173 0.6000000238
15728  -40.085  -75.843  -32.248 0.6000000238
15710  -41.345  -76.268  -32.379 0.6000000238
14447  -41.851  -77.061  -33.985 0.5000000000
14463  -41.608  -77.185  -35.107 0.3000000119
25234  -38.012  -69.271  -26.742 0.3000000119
23867  -37.788  -69.887  -27.937 0.3000000119
22545  -37.992  -71.765  -30.291 0.4000000060
19910  -38.609  -73.352  -31.462 0.5000000000
17159  -39.569  -75.314  -32.247 0.6000000238
15773  -39.998  -75.997  -34.111 0.6000000238
14446  -41.134  -76.911  -34.607 0.5000000000
15774  -40.636  -76.296  -35.006 0.5000000000
25266  -37.536  -69.367  -28.312 0.4000000060
23898  -37.701  -70.430  -29.676 0.4000000060
18535  -38.710  -73.861  -32.235 0.5000000000
17192  -39.483  -75.147  -33.749 0.5000000000
26552  -37.533  -68.662  -28.759 0.4000000060
25272  -37.532  -69.481  -29.257 0.4000000060
23910  -37.756  -70.576  -30.508 0.5000000000
19932  -38.675  -73.171  -32.916 0.5000000000
19933  -39.163  -73.228  -33.702 0.4000000060
17193  -40.119  -75.227  -34.701 0.5000000000
18565  -40.559  -74.403  -35.019 0.5000000000
25275  -37.807  -69.665  -30.363 0.4000000060
22558  -38.151  -71.439  -31.807 0.5000000000
19950  -40.593  -73.497  -34.582 0.4000000060
23932  -38.799  -71.092  -32.324 0.5000000000
22584  -39.454  -71.913  -33.185 0.4000000060
21267  -40.457  -72.838  -34.168 0.4000000060
21268  -41.233  -72.818  -34.307 0.4000000060
22573  -39.880  -71.443  -32.821 0.3000000119
22585  -40.418  -71.887  -33.305 0.4000000060
21254  -40.885  -72.323  -33.825 0.3000000119
22586  -41.520  -71.881  -33.286 0.3000000119
21256  -42.738  -72.322  -34.080 0.3000000119
13149  -42.479  -79.288  -29.299 0.1000000015
14374  -43.525  -77.984  -29.245 0.1000000015
13150  -43.061  -78.506  -29.711 0.1000000015
14415  -44.314  -77.390  -31.549 0.4000000060
13174  -43.742  -77.864  -31.726 0.4000000060
13189  -43.337  -78.413  -32.482 0.4000000060
13210  -43.647  -77.938  -33.033 0.5000000000
14431  -44.252  -77.258  -32.289 0.4000000060
14449  -43.727  -77.334  -33.075 0.5000000000
21186  -41.537  -72.338  -27.694 0.5000000000
21207  -42.422  -73.238  -28.237 0.5000000000
19868  -41.985  -73.492  -28.731 0.5000000000
18469  -42.144  -74.298  -29.779 0.4000000060
15732  -44.002  -76.653  -32.581 0.5000000000
15755  -43.577  -76.955  -33.159 0.5000000000
23854  -40.555  -70.426  -26.242 0.5000000000
22493  -40.751  -71.038  -26.636 0.5000000000
25218  -40.506  -69.457  -25.239 0.5000000000
25237  -40.291  -69.855  -25.865 0.5000000000
17142  -42.725  -75.894  -31.670 0.6000000238
26490  -39.468  -68.370  -24.239 0.4000000060
27750  -38.924  -67.412  -23.469 0.2000000030
29026  -38.745  -66.697  -23.196 0.2000000030
27780  -38.228  -67.588  -24.667 0.3000000119
26507  -37.856  -68.254  -25.940 0.3000000119
26525  -37.716  -68.514  -26.860 0.4000000060
27749  -38.316  -66.943  -23.976 0.3000000119
29061  -37.909  -66.805  -25.287 0.3000000119
30218  -38.348  -65.612  -23.834 0.3000000119
29062  -38.074  -66.111  -25.631 0.4000000060
29103  -37.925  -66.867  -26.843 0.4000000060
29081  -38.247  -66.207  -26.527 0.3000000119
27831  -37.738  -67.545  -27.458 0.4000000060
26560  -37.803  -68.655  -29.669 0.4000000060
26572  -38.270  -68.881  -30.383 0.4000000060
29123  -38.668  -67.102  -28.400 0.3000000119
26573  -39.089  -68.795  -30.518 0.3000000119
23925  -38.649  -70.666  -31.911 0.4000000060
26562  -39.499  -68.377  -29.977 0.3000000119
23926  -39.744  -70.558  -31.864 0.3000000119
23934  -40.355  -71.160  -32.184 0.4000000060
22574  -40.975  -71.612  -32.643 0.3000000119
26574  -40.058  -68.929  -30.395 0.2000000030
25278  -40.601  -69.709  -30.627 0.2000000030
23927  -40.779  -70.890  -31.485 0.3000000119
26564  -41.476  -68.655  -29.550 0.1000000015
25279  -41.574  -70.064  -30.245 0.2000000030
23935  -41.429  -71.247  -31.986 0.4000000060
27855  -44.638  -67.772  -28.326 0.1000000015
14388  -44.060  -77.457  -30.013 0.1000000015
14387  -43.545  -77.929  -30.114 0.1000000015
14402  -44.565  -77.168  -30.897 0.2000000030
14416  -44.779  -76.950  -31.697 0.5000000000
14432  -44.641  -76.685  -32.145 0.4000000060
21187  -42.724  -72.631  -27.411 0.5000000000
19869  -42.706  -73.706  -28.681 0.4000000060
18444  -43.558  -74.077  -29.258 0.4000000060
18494  -43.863  -74.807  -30.474 0.4000000060
17143  -43.920  -75.855  -31.920 0.5000000000
17160  -44.578  -76.040  -32.175 0.5000000000
22494  -41.320  -71.226  -26.506 0.5000000000
22514  -42.385  -72.019  -26.889 0.4000000060
15712  -43.179  -76.385  -32.273 0.4000000060
26467  -40.526  -68.352  -23.071 0.4000000060
25201  -40.835  -69.244  -24.600 0.4000000060
23836  -40.848  -69.971  -25.558 0.5000000000
27725  -40.150  -67.809  -22.204 0.4000000060
26491  -40.512  -68.795  -24.204 0.5000000000
26466  -39.818  -68.210  -23.553 0.4000000060
27701  -39.926  -67.127  -21.703 0.3000000119
27724  -39.511  -67.155  -22.462 0.3000000119
28989  -39.468  -66.398  -21.809 0.3000000119
30179  -39.088  -65.452  -21.861 0.2000000030
30199  -38.641  -65.490  -23.066 0.2000000030
30157  -39.480  -64.908  -21.094 0.1000000015
31362  -38.876  -64.368  -22.327 0.3000000119
32592  -38.983  -63.843  -22.420 0.1000000015
31415  -38.644  -64.773  -23.792 0.3000000119
30250  -38.347  -65.331  -25.187 0.3000000119
32618  -38.992  -63.777  -23.050 0.2000000030
32637  -39.018  -64.060  -23.603 0.2000000030
31463  -38.931  -64.799  -25.627 0.2000000030
29104  -38.579  -66.455  -27.612 0.2000000030
29124  -39.471  -66.778  -28.429 0.2000000030
31490  -40.322  -64.514  -26.059 0.2000000030
29105  -39.887  -66.040  -27.895 0.2000000030
27850  -39.088  -67.486  -29.013 0.2000000030
30278  -39.924  -64.957  -26.729 0.2000000030
29106  -41.017  -66.038  -27.787 0.1000000015
27870  -40.845  -67.920  -29.282 0.2000000030
26563  -40.447  -68.497  -29.789 0.2000000030
30306  -42.351  -65.681  -27.004 0.1000000015
29126  -41.643  -66.694  -28.167 0.1000000015
27871  -41.889  -67.987  -29.062 0.1000000015
26565  -42.556  -68.722  -29.346 0.1000000015
29108  -42.846  -66.270  -27.457 0.1000000015
29128  -43.181  -66.744  -27.781 0.1000000015
27872  -42.836  -68.012  -28.821 0.1000000015
27833  -44.064  -66.951  -27.800 0.1000000015
27854  -43.587  -67.429  -28.171 0.1000000015
27835  -45.177  -67.561  -28.143 0.1000000015
29112  -46.653  -66.899  -28.082 0.1000000015
15675  -44.782  -76.810  -29.944 0.3000000119
15691  -45.171  -76.628  -31.055 0.3000000119
18473  -46.410  -74.265  -29.357 0.3000000119
18497  -46.293  -74.666  -29.800 0.3000000119
15714  -45.467  -75.921  -31.226 0.3000000119
15713  -45.142  -76.367  -31.814 0.3000000119
19872  -45.949  -73.255  -28.633 0.3000000119
18496  -45.986  -74.368  -30.329 0.3000000119
18518  -45.335  -75.058  -31.281 0.5000000000
17161  -44.830  -75.927  -32.112 0.5000000000
21188  -44.241  -72.805  -27.299 0.4000000060
19843  -43.883  -73.485  -28.020 0.5000000000
18471  -44.376  -74.225  -29.940 0.4000000060
17124  -44.268  -75.254  -31.244 0.5000000000
25203  -42.177  -69.844  -24.021 0.4000000060
23820  -41.775  -69.961  -24.553 0.4000000060
23855  -41.834  -70.955  -25.785 0.5000000000
26446  -41.612  -68.707  -22.000 0.4000000060
26492  -41.108  -68.925  -23.518 0.4000000060
25202  -41.475  -69.563  -24.291 0.5000000000
26419  -41.178  -68.301  -21.566 0.4000000060
26445  -40.877  -68.302  -22.132 0.4000000060
26420  -41.690  -68.365  -21.002 0.4000000060
27679  -41.832  -67.530  -19.883 0.3000000119
27702  -40.660  -67.654  -21.099 0.3000000119
28967  -40.774  -66.451  -20.408 0.3000000119
28990  -40.027  -66.496  -21.055 0.3000000119
30159  -41.302  -65.430  -20.245 0.3000000119
30158  -40.235  -65.376  -20.634 0.2000000030
31343  -40.959  -64.301  -20.603 0.1000000015
31342  -39.956  -64.283  -20.731 0.1000000015
32593  -39.500  -63.140  -21.913 0.1000000015
33727  -39.667  -62.680  -22.648 0.1000000015
32656  -39.453  -63.715  -24.225 0.2000000030
33728  -40.047  -62.126  -22.482 0.1000000015
33744  -39.958  -62.321  -23.221 0.1000000015
32678  -39.763  -63.825  -24.796 0.2000000030
33766  -40.069  -62.740  -24.048 0.2000000030
32679  -40.264  -63.735  -24.989 0.2000000030
31491  -41.329  -64.362  -25.913 0.1000000015
32702  -41.422  -63.856  -25.454 0.1000000015
30280  -41.848  -65.085  -26.505 0.1000000015
31492  -42.359  -64.477  -26.160 0.1000000015
29109  -43.639  -66.492  -27.600 0.1000000015
31494  -44.064  -64.408  -26.718 0.1000000015
30308  -44.050  -65.813  -27.324 0.1000000015
30309  -44.922  -65.889  -27.445 0.1000000015
31510  -46.286  -65.060  -27.399 0.1000000015
30310  -45.950  -65.982  -27.569 0.1000000015
31511  -47.329  -65.212  -27.744 0.1000000015
31517  -48.238  -65.412  -28.308 0.1000000015
125655  -48.780  -66.182  -28.684 0.1000000015
125660  -49.359  -65.011  -29.011 0.1000000015
17090  -46.621  -74.984  -28.400 0.3000000119
17071  -46.133  -75.469  -27.862 0.2000000030
19873  -46.746  -73.733  -28.498 0.3000000119
19845  -45.757  -72.826  -27.905 0.4000000060
21190  -46.177  -72.555  -27.370 0.3000000119
23811  -42.829  -70.018  -23.873 0.3000000119
23821  -42.456  -70.129  -24.304 0.3000000119
23838  -42.757  -70.913  -25.218 0.4000000060
22496  -44.313  -71.835  -25.928 0.4000000060
21167  -45.847  -72.259  -26.693 0.3000000119
25138  -42.656  -68.963  -21.643 0.3000000119
25188  -42.664  -69.778  -23.471 0.3000000119
22479  -43.863  -71.175  -25.175 0.4000000060
22497  -45.513  -71.918  -25.961 0.3000000119
26377  -43.105  -67.898  -19.804 0.3000000119
26421  -42.710  -68.694  -21.052 0.3000000119
26397  -42.400  -68.182  -20.163 0.3000000119
27643  -43.530  -67.259  -19.529 0.3000000119
27642  -42.716  -67.407  -19.581 0.3000000119
28934  -42.978  -66.574  -19.552 0.3000000119
28968  -41.683  -66.458  -19.880 0.3000000119
30160  -42.488  -65.516  -20.171 0.3000000119
31344  -41.939  -64.635  -20.669 0.2000000030
31364  -41.694  -63.916  -20.961 0.1000000015
31365  -42.427  -64.019  -21.207 0.1000000015
32596  -42.965  -63.224  -21.320 0.1000000015
33694  -40.955  -62.865  -20.813 0.1000000015
33713  -42.538  -62.264  -21.071 0.1000000015
33712  -41.389  -62.321  -20.937 0.1000000015
34840  -41.237  -61.218  -21.423 0.1000000015
36084  -40.471  -61.167  -22.905 0.1000000015
34912  -40.726  -61.800  -24.116 0.2000000030
36114  -40.928  -60.755  -23.956 0.2000000030
34913  -41.303  -61.379  -24.467 0.2000000030
33796  -41.822  -62.635  -25.103 0.1000000015
34942  -41.985  -61.653  -24.987 0.1000000015
33797  -42.514  -62.539  -25.506 0.1000000015
32704  -42.839  -63.577  -25.929 0.1000000015
33819  -43.337  -62.603  -25.967 0.1000000015
32721  -44.594  -64.240  -26.934 0.1000000015
33820  -44.204  -62.607  -26.364 0.1000000015
32722  -45.423  -63.927  -27.305 0.1000000015
32724  -47.675  -64.298  -28.010 0.1000000015
33842  -47.879  -63.108  -28.059 0.1000000015
33857  -48.769  -62.843  -28.604 0.1000000015
30341  -50.776  -64.373  -30.146 0.1000000015
125662  -49.780  -63.358  -29.272 0.1000000015
15630  -45.973  -76.487  -25.912 0.2000000030
15647  -45.555  -76.134  -27.209 0.2000000030
15616  -47.070  -75.557  -25.730 0.2000000030
18429  -47.433  -74.166  -27.312 0.3000000119
17034  -47.505  -74.894  -25.589 0.2000000030
18430  -47.704  -74.017  -26.915 0.3000000119
19846  -47.065  -73.383  -27.804 0.3000000119
23822  -43.718  -70.673  -24.429 0.3000000119
23839  -43.428  -70.952  -24.924 0.3000000119
21168  -46.702  -72.334  -26.754 0.3000000119
25139  -43.295  -69.060  -21.596 0.3000000119
25169  -42.416  -69.216  -22.291 0.3000000119
22459  -44.427  -70.847  -24.593 0.3000000119
22480  -45.218  -71.420  -25.277 0.3000000119
26398  -43.431  -68.417  -20.427 0.3000000119
25113  -43.987  -68.817  -21.015 0.3000000119
22460  -45.126  -70.919  -24.688 0.3000000119
22481  -46.261  -71.499  -25.409 0.2000000030
22498  -46.454  -71.961  -26.092 0.2000000030
26379  -45.092  -68.053  -19.651 0.2000000030
26378  -44.024  -67.896  -19.813 0.2000000030
27644  -44.591  -67.140  -19.408 0.3000000119
28935  -43.872  -66.466  -19.656 0.3000000119
30138  -43.343  -65.843  -19.936 0.3000000119
30137  -42.798  -66.017  -19.775 0.3000000119
30161  -43.677  -65.178  -20.934 0.2000000030
30181  -43.936  -64.665  -21.645 0.1000000015
32597  -43.877  -63.270  -21.689 0.1000000015
33715  -44.381  -62.383  -21.700 0.1000000015
33729  -45.693  -62.358  -22.340 0.1000000015
34885  -47.311  -61.646  -23.194 0.1000000015
34843  -43.984  -61.467  -21.506 0.1000000015
34844  -44.809  -61.517  -21.709 0.1000000015
34864  -45.506  -61.546  -22.064 0.1000000015
36086  -46.984  -60.807  -22.905 0.1000000015
36088  -48.508  -60.901  -23.568 0.1000000015
36089  -49.492  -61.116  -23.917 0.1000000015
34841  -42.136  -61.239  -21.187 0.1000000015
36034  -43.630  -60.566  -21.416 0.1000000015
37270  -45.577  -59.774  -21.932 0.1000000015
37271  -46.552  -60.006  -22.312 0.1000000015
37294  -48.031  -59.892  -23.408 0.1000000015
38514  -48.362  -58.934  -23.457 0.1000000015
36031  -41.167  -60.542  -21.932 0.1000000015
37241  -42.104  -59.563  -22.105 0.1000000015
36056  -41.062  -60.236  -22.552 0.1000000015
37308  -41.359  -60.050  -24.023 0.2000000030
36115  -41.659  -60.671  -24.499 0.1000000015
36133  -42.379  -60.651  -25.071 0.1000000015
34943  -42.810  -61.592  -25.617 0.1000000015
34956  -43.627  -61.638  -26.084 0.1000000015
33840  -45.895  -63.171  -27.304 0.1000000015
33841  -46.691  -62.922  -27.471 0.1000000015
19762  -46.095  -73.482  -24.068 0.2000000030
19786  -47.762  -73.582  -25.544 0.2000000030
19821  -47.676  -73.210  -26.722 0.3000000119
21191  -47.006  -72.826  -27.394 0.3000000119
21106  -46.214  -72.573  -23.676 0.2000000030
19783  -46.523  -73.679  -24.248 0.2000000030
21128  -47.534  -72.672  -25.383 0.2000000030
21171  -47.772  -73.174  -26.154 0.3000000119
21169  -47.309  -72.604  -26.646 0.3000000119
25140  -44.375  -69.137  -21.765 0.3000000119
25171  -44.843  -69.413  -22.553 0.3000000119
23813  -44.584  -70.107  -23.713 0.3000000119
23823  -44.992  -70.512  -24.173 0.3000000119
25114  -44.982  -68.874  -21.055 0.3000000119
25190  -45.276  -69.670  -23.167 0.3000000119
23814  -45.941  -69.956  -23.467 0.3000000119
23824  -45.967  -70.533  -24.266 0.3000000119
26380  -46.352  -68.331  -19.636 0.2000000030
26400  -45.533  -68.620  -20.313 0.3000000119
22461  -46.080  -70.966  -24.826 0.2000000030
22482  -46.940  -71.866  -25.552 0.2000000030
27645  -45.744  -67.405  -19.326 0.2000000030
28936  -44.642  -66.298  -19.662 0.3000000119
28937  -45.453  -66.496  -19.476 0.3000000119
30139  -44.230  -65.790  -20.147 0.3000000119
30140  -45.137  -65.828  -20.071 0.3000000119
30163  -45.730  -65.623  -20.888 0.2000000030
30162  -44.758  -65.538  -21.044 0.2000000030
30182  -44.550  -64.985  -22.009 0.2000000030
31392  -45.298  -64.176  -22.605 0.1000000015
38486  -43.739  -58.329  -22.046 0.1000000015
38487  -44.870  -58.643  -21.849 0.1000000015
38488  -46.034  -58.823  -22.141 0.1000000015
39679  -46.441  -58.003  -22.583 0.1000000015
37268  -42.295  -59.225  -22.358 0.1000000015
38485  -42.779  -58.547  -22.524 0.1000000015
40826  -45.184  -56.983  -22.816 0.1000000015
38511  -42.154  -59.041  -23.367 0.1000000015
39704  -43.394  -57.519  -23.533 0.1000000015
40854  -44.603  -56.578  -23.472 0.1000000015
37292  -41.611  -59.593  -23.558 0.1000000015
38524  -42.445  -58.864  -24.148 0.1000000015
39714  -43.743  -57.532  -24.723 0.1000000015
38534  -43.688  -58.507  -25.344 0.1000000015
37321  -42.697  -59.877  -25.050 0.1000000015
36134  -43.186  -60.578  -25.651 0.1000000015
36135  -43.809  -60.175  -25.814 0.1000000015
37330  -44.797  -59.615  -26.269 0.1000000015
36142  -43.896  -60.894  -26.116 0.1000000015
34957  -44.446  -61.650  -26.374 0.1000000015
34958  -45.256  -61.588  -26.624 0.1000000015
33822  -45.810  -62.384  -27.029 0.1000000015
21076  -44.512  -72.281  -22.366 0.3000000119
22433  -45.703  -71.900  -22.480 0.3000000119
21093  -46.395  -71.939  -23.358 0.3000000119
21107  -46.754  -72.250  -24.004 0.2000000030
21127  -47.267  -72.468  -24.717 0.2000000030
22463  -47.214  -72.121  -25.222 0.2000000030
22434  -46.198  -71.536  -22.603 0.3000000119
22444  -46.579  -71.328  -23.513 0.3000000119
22462  -46.707  -71.511  -24.618 0.3000000119
22483  -47.362  -72.343  -25.746 0.2000000030
25141  -45.465  -69.256  -21.826 0.3000000119
25142  -46.308  -69.830  -21.676 0.3000000119
23802  -46.418  -70.398  -22.618 0.3000000119
23815  -46.469  -70.684  -23.825 0.3000000119
25115  -45.895  -69.145  -21.001 0.3000000119
25116  -46.494  -69.586  -20.621 0.3000000119
26358  -46.798  -67.999  -19.283 0.2000000030
27617  -47.069  -67.598  -19.200 0.2000000030
28938  -46.617  -66.783  -19.335 0.2000000030
30142  -46.961  -66.102  -19.891 0.3000000119
30164  -46.677  -65.764  -20.714 0.2000000030
38535  -44.322  -58.633  -25.907 0.1000000015
36144  -45.415  -60.633  -26.588 0.1000000015
34959  -46.079  -61.668  -26.955 0.1000000015
22421  -43.036  -72.132  -21.439 0.1000000015
22410  -43.376  -71.648  -20.741 0.2000000030
22422  -44.061  -71.998  -21.546 0.3000000119
22423  -45.342  -71.813  -21.791 0.3000000119
25173  -46.348  -69.909  -22.333 0.3000000119
23785  -46.459  -70.610  -21.451 0.3000000119
23768  -46.505  -70.432  -20.660 0.3000000119
25102  -47.346  -69.666  -19.406 0.2000000030
26359  -47.312  -68.516  -19.221 0.2000000030
27618  -47.793  -67.715  -18.981 0.1000000015
28908  -47.418  -67.132  -19.209 0.2000000030
26361  -48.939  -68.822  -18.881 0.1000000015
28909  -47.832  -67.108  -19.160 0.2000000030
28939  -47.797  -66.586  -19.636 0.2000000030
28940  -48.841  -66.850  -19.636 0.2000000030
28970  -47.991  -66.303  -20.267 0.3000000119
22411  -44.587  -71.737  -20.675 0.3000000119
22412  -45.658  -71.572  -20.681 0.3000000119
22413  -46.288  -71.116  -20.633 0.3000000119
22391  -46.862  -71.208  -19.659 0.3000000119
23749  -47.410  -70.856  -19.437 0.2000000030
23731  -48.130  -70.504  -19.019 0.1000000015
25092  -49.348  -69.701  -19.030 0.1000000015
26382  -49.721  -68.841  -19.169 0.1000000015
27620  -49.300  -68.147  -19.085 0.1000000015
28941  -49.435  -67.175  -19.613 0.1000000015
22389  -45.174  -71.673  -19.649 0.3000000119
22390  -46.147  -71.576  -19.713 0.3000000119
22392  -47.369  -71.383  -19.412 0.2000000030
22370  -47.854  -71.673  -19.102 0.2000000030
22352  -49.845  -71.751  -18.477 0.1000000015
22371  -48.986  -71.335  -18.691 0.1000000015
22340  -49.795  -71.671  -17.685 0.1000000015
23732  -49.115  -70.579  -18.980 0.1000000015
22372  -50.029  -71.394  -19.167 0.1000000015
23733  -49.731  -70.476  -19.276 0.1000000015
25103  -50.039  -69.756  -19.388 0.1000000015
25104  -50.684  -69.875  -19.736 0.1000000015
22368  -45.960  -71.809  -18.757 0.2000000030
22350  -47.870  -72.077  -18.250 0.2000000030
22369  -46.979  -72.082  -19.016 0.2000000030
22353  -50.677  -72.073  -18.784 0.1000000015
22373  -51.003  -71.848  -19.483 0.1000000015
23751  -50.958  -70.676  -19.879 0.1000000015
23706  -50.815  -71.282  -17.102 0.1000000015
22341  -50.651  -71.877  -18.008 0.1000000015
23718  -51.643  -71.741  -18.300 0.1000000015
22354  -51.529  -71.988  -18.845 0.1000000015
23707  -51.624  -71.442  -17.644 0.1000000015
17120  -40.612  -74.852  -30.956 0.4000000060
19902  -40.217  -73.905  -30.056 0.5000000000
19887  -39.958  -73.415  -29.741 0.5000000000
18491  -40.606  -74.412  -30.386 0.4000000060
18490  -39.993  -74.472  -30.794 0.6000000238
17122  -42.179  -75.213  -31.054 0.5000000000
18493  -42.733  -74.777  -30.386 0.4000000060
17140  -40.470  -75.293  -31.415 0.5000000000
15731  -42.915  -76.761  -33.025 0.5000000000
17141  -41.530  -75.730  -31.673 0.6000000238
15754  -41.435  -76.880  -33.667 0.5000000000
15791  -41.390  -76.833  -35.912 0.5000000000
15711  -42.229  -76.362  -32.342 0.5000000000
13230  -42.462  -78.353  -34.632 0.5000000000
15730  -41.706  -76.788  -33.215 0.5000000000
14462  -41.072  -76.829  -35.074 0.4000000060
17207  -40.944  -75.287  -35.719 0.5000000000
19973  -41.113  -73.893  -35.064 0.4000000060
19974  -41.784  -73.852  -35.311 0.4000000060
21255  -41.907  -72.314  -33.871 0.3000000119
13163  -43.334  -78.205  -30.720 0.2000000030
19890  -42.429  -73.964  -29.165 0.5000000000
17121  -41.159  -75.040  -30.966 0.4000000060
22537  -38.075  -71.370  -29.649 0.3000000119
19900  -38.914  -73.320  -30.733 0.4000000060
27797  -38.003  -68.064  -25.346 0.3000000119
25252  -37.794  -69.411  -27.437 0.4000000060
23885  -37.742  -70.206  -28.620 0.4000000060
21218  -38.260  -72.344  -30.567 0.5000000000
18536  -39.089  -74.580  -32.253 0.6000000238
15752  -39.806  -75.949  -33.088 0.6000000238
15729  -40.667  -76.367  -32.747 0.6000000238
15709  -40.706  -75.867  -32.045 0.6000000238
22536  -37.760  -70.979  -30.133 0.4000000060
21217  -37.931  -71.984  -30.825 0.4000000060
19919  -38.457  -73.195  -32.225 0.5000000000
17178  -39.274  -75.081  -32.894 0.6000000238
18550  -38.903  -74.154  -33.139 0.5000000000
15753  -40.785  -76.722  -33.793 0.5000000000
26541  -37.507  -68.560  -27.860 0.4000000060
21224  -37.952  -72.012  -31.253 0.5000000000
18549  -38.671  -73.602  -32.626 0.5000000000
18564  -39.656  -74.124  -34.281 0.4000000060
27848  -37.691  -67.923  -28.349 0.3000000119
23924  -37.929  -70.714  -31.223 0.5000000000
21237  -38.095  -72.070  -31.905 0.5000000000
21252  -38.963  -72.364  -33.182 0.5000000000
22559  -38.561  -71.190  -32.194 0.5000000000
19949  -39.882  -73.207  -34.166 0.4000000060
21253  -39.835  -72.470  -33.749 0.4000000060
25285  -39.148  -69.909  -31.477 0.4000000060
22583  -39.035  -71.945  -33.043 0.4000000060
19842  -43.031  -73.459  -28.195 0.5000000000
18470  -43.275  -74.262  -29.567 0.4000000060
25219  -41.162  -69.670  -24.917 0.5000000000
30200  -38.820  -65.544  -22.485 0.2000000030
29048  -37.947  -66.978  -24.875 0.3000000119
29080  -37.882  -66.817  -26.050 0.4000000060
29049  -38.078  -66.310  -24.562 0.3000000119
30232  -38.355  -65.262  -24.406 0.3000000119
30276  -38.570  -65.428  -26.100 0.3000000119
30302  -38.746  -65.724  -26.835 0.3000000119
27832  -38.097  -67.273  -28.144 0.3000000119
26561  -38.617  -68.361  -29.986 0.3000000119
27866  -37.815  -68.118  -29.012 0.3000000119
25276  -38.626  -69.360  -30.910 0.3000000119
27868  -39.049  -67.966  -29.601 0.3000000119
25277  -39.617  -69.403  -30.934 0.3000000119
27869  -39.833  -67.926  -29.425 0.2000000030
25286  -40.183  -70.126  -31.253 0.3000000119
26575  -41.038  -69.222  -30.072 0.2000000030
23911  -41.165  -70.532  -30.814 0.3000000119
23928  -41.774  -70.997  -31.217 0.2000000030
26576  -42.053  -69.495  -29.745 0.2000000030
26566  -43.811  -68.428  -29.129 0.1000000015
27834  -44.566  -67.229  -27.948 0.1000000015
19870  -43.504  -73.876  -28.883 0.5000000000
18495  -45.074  -74.602  -30.855 0.4000000060
17123  -43.291  -75.320  -31.120 0.5000000000
23837  -41.470  -70.116  -25.121 0.5000000000
26468  -41.277  -68.735  -22.768 0.4000000060
30180  -39.602  -65.743  -21.221 0.2000000030
31363  -39.077  -64.295  -21.690 0.2000000030
32569  -39.646  -63.680  -21.169 0.1000000015
31438  -38.928  -64.510  -24.694 0.2000000030
33743  -39.597  -62.902  -23.366 0.2000000030
31488  -38.979  -64.974  -26.138 0.2000000030
31464  -39.696  -64.248  -25.338 0.2000000030
30303  -39.428  -65.582  -27.196 0.2000000030
30277  -39.153  -65.183  -26.558 0.2000000030
29125  -40.580  -66.643  -28.379 0.2000000030
31465  -40.624  -64.089  -25.476 0.2000000030
30304  -40.427  -65.449  -27.290 0.1000000015
27851  -40.172  -67.311  -28.914 0.2000000030
30279  -40.886  -64.925  -26.653 0.1000000015
30305  -41.438  -65.555  -27.129 0.1000000015
27852  -41.253  -67.280  -28.765 0.2000000030
29107  -41.992  -66.197  -27.538 0.1000000015
30281  -42.656  -65.150  -26.611 0.1000000015
29127  -42.608  -66.779  -27.929 0.1000000015
27853  -42.306  -67.375  -28.468 0.1000000015
30307  -43.248  -65.637  -27.067 0.1000000015
29110  -44.455  -66.560  -27.650 0.1000000015
29111  -45.485  -66.922  -27.915 0.1000000015
30311  -46.972  -66.059  -27.805 0.1000000015
15676  -45.317  -76.357  -29.456 0.3000000119
15692  -45.513  -76.180  -30.355 0.3000000119
18446  -46.750  -74.344  -28.601 0.3000000119
17089  -45.959  -75.557  -28.506 0.3000000119
19894  -46.286  -73.691  -29.113 0.3000000119
18472  -46.125  -74.091  -29.859 0.3000000119
17105  -45.808  -75.669  -29.573 0.3000000119
17125  -45.825  -75.335  -30.603 0.3000000119
18519  -45.648  -74.851  -31.007 0.3000000119
19892  -45.243  -74.017  -30.125 0.3000000119
19871  -44.739  -73.702  -29.125 0.3000000119
19844  -44.992  -73.119  -28.058 0.3000000119
21165  -43.758  -72.263  -26.660 0.4000000060
21166  -44.830  -72.335  -26.608 0.4000000060
21189  -45.306  -72.620  -27.338 0.4000000060
25187  -41.746  -69.253  -23.146 0.4000000060
23856  -42.425  -71.151  -25.722 0.4000000060
22495  -42.752  -71.522  -26.208 0.4000000060
25168  -41.734  -69.019  -22.552 0.4000000060
27678  -41.209  -67.197  -20.286 0.3000000119
28969  -42.417  -66.275  -19.702 0.3000000119
32595  -42.053  -63.187  -20.989 0.1000000015
32594  -39.977  -63.072  -21.348 0.1000000015
33711  -40.406  -62.259  -21.565 0.1000000015
32657  -39.992  -63.408  -24.577 0.2000000030
34839  -40.735  -61.109  -21.908 0.1000000015
36113  -40.538  -61.309  -23.486 0.2000000030
33767  -40.766  -62.539  -24.469 0.1000000015
33795  -41.203  -62.922  -24.837 0.1000000015
32703  -41.981  -63.823  -25.659 0.1000000015
32682  -42.183  -63.195  -25.456 0.1000000015
31493  -43.408  -64.672  -26.584 0.1000000015
32705  -43.918  -63.667  -26.378 0.1000000015
31508  -44.287  -65.034  -27.074 0.1000000015
31509  -45.254  -65.022  -27.258 0.1000000015
32723  -46.543  -64.094  -27.557 0.1000000015
15648  -46.129  -75.697  -26.940 0.2000000030
17091  -46.877  -74.899  -27.755 0.2000000030
15646  -44.984  -76.579  -27.970 0.2000000030
21208  -46.324  -72.896  -27.907 0.3000000119
23812  -43.379  -70.124  -23.811 0.3000000119
22478  -43.113  -71.208  -25.534 0.4000000060
31366  -43.386  -64.204  -21.462 0.1000000015
33714  -43.491  -62.333  -21.407 0.1000000015
34842  -43.102  -61.353  -21.273 0.1000000015
36032  -41.878  -60.209  -21.764 0.1000000015
36085  -40.688  -60.644  -23.133 0.1000000015
32706  -44.647  -63.413  -26.769 0.1000000015
15631  -46.460  -75.742  -26.382 0.2000000030
15602  -47.304  -76.053  -24.709 0.2000000030
17055  -47.736  -74.516  -26.065 0.2000000030
17053  -46.961  -75.225  -26.699 0.3000000119
18388  -47.876  -74.077  -25.915 0.2000000030
25170  -43.608  -69.476  -22.458 0.3000000119
25189  -44.069  -69.808  -23.181 0.3000000119
26399  -44.498  -68.472  -20.321 0.3000000119
31345  -42.789  -64.701  -20.882 0.1000000015
31367  -44.201  -64.125  -21.957 0.1000000015
32598  -44.817  -63.285  -22.144 0.1000000015
32599  -45.341  -62.834  -22.255 0.1000000015
33730  -46.304  -62.461  -22.746 0.1000000015
34865  -46.113  -61.619  -22.462 0.1000000015
36087  -47.693  -60.804  -23.263 0.1000000015
34866  -46.681  -61.642  -22.865 0.1000000015
36035  -44.413  -60.656  -21.572 0.1000000015
36058  -45.184  -60.672  -21.827 0.1000000015
36060  -46.459  -60.959  -22.565 0.1000000015
36059  -45.914  -60.760  -22.203 0.1000000015
37293  -47.344  -59.902  -22.861 0.1000000015
37295  -48.855  -59.924  -23.809 0.1000000015
36033  -42.792  -60.380  -21.466 0.1000000015
37244  -44.044  -59.950  -21.459 0.1000000015
37243  -43.385  -59.699  -21.563 0.1000000015
38464  -43.998  -59.175  -21.620 0.1000000015
38489  -46.910  -58.959  -22.580 0.1000000015
38513  -47.622  -58.975  -23.059 0.1000000015
38515  -49.212  -58.883  -23.795 0.1000000015
37267  -41.659  -59.615  -22.629 0.1000000015
38463  -43.211  -58.943  -21.860 0.1000000015
37291  -41.110  -60.013  -23.275 0.1000000015
37309  -42.058  -59.678  -24.360 0.1000000015
33821  -45.098  -62.662  -26.832 0.1000000015
21105  -45.401  -72.857  -23.650 0.2000000030
19763  -46.553  -72.884  -23.984 0.2000000030
18366  -47.225  -74.229  -24.710 0.2000000030
21092  -45.772  -72.182  -23.047 0.3000000119
23801  -46.338  -69.871  -22.964 0.3000000119
25172  -46.009  -69.645  -22.683 0.3000000119
23825  -46.408  -70.842  -24.383 0.3000000119
27646  -46.501  -67.605  -19.284 0.2000000030
26401  -46.292  -68.896  -20.363 0.3000000119
30141  -46.093  -65.931  -19.896 0.3000000119
30201  -44.978  -64.581  -22.424 0.1000000015
30202  -45.371  -64.824  -22.471 0.2000000030
32620  -45.124  -63.752  -22.476 0.1000000015
39678  -45.491  -57.775  -22.377 0.1000000015
39680  -47.199  -58.150  -22.879 0.1000000015
39676  -43.483  -57.843  -22.605 0.1000000015
39677  -44.294  -57.432  -22.603 0.1000000015
38512  -42.668  -58.374  -23.629 0.1000000015
38525  -43.027  -58.395  -24.539 0.1000000015
37322  -43.276  -59.421  -25.314 0.1000000015
37323  -44.057  -59.467  -25.834 0.1000000015
36143  -44.530  -60.561  -26.246 0.1000000015
21077  -45.275  -72.125  -22.541 0.3000000119
21091  -44.890  -72.509  -23.077 0.3000000119
25101  -46.782  -69.220  -19.950 0.3000000119
26381  -47.017  -68.887  -19.606 0.2000000030
30165  -47.563  -66.094  -20.512 0.2000000030
30184  -46.404  -65.474  -21.735 0.2000000030
22424  -46.206  -71.221  -21.614 0.3000000119
23748  -46.880  -70.183  -19.924 0.3000000119
25090  -47.856  -69.413  -18.961 0.2000000030
27619  -48.599  -67.974  -18.931 0.1000000015
26360  -48.134  -68.678  -18.834 0.1000000015
27648  -49.117  -67.454  -19.251 0.2000000030
25091  -48.552  -69.635  -18.865 0.1000000015
22351  -48.861  -71.779  -18.322 0.1000000015
23750  -50.307  -70.653  -19.588 0.1000000015
22349  -46.848  -71.946  -17.783 0.2000000030
22339  -48.769  -71.575  -17.361 0.1000000015
14477  -41.652  -77.373  -36.003 0.3000000119
13254  -41.532  -78.522  -36.459 0.3000000119
14492  -41.731  -77.559  -36.881 0.3000000119
13300  -37.985  -78.236  -39.121 0.2000000030
13299  -37.226  -77.823  -39.010 0.2000000030
12024  -40.838  -79.041  -36.925 0.4000000060
13282  -39.814  -78.711  -38.607 0.3000000119
12043  -40.403  -78.903  -37.805 0.3000000119
13281  -39.040  -78.928  -38.585 0.3000000119
15807  -41.501  -76.514  -36.735 0.4000000060
14510  -41.507  -77.352  -37.943 0.4000000060
14549  -38.514  -77.960  -39.488 0.2000000030
15830  -41.737  -76.781  -37.532 0.4000000060
13303  -40.707  -77.574  -39.249 0.4000000060
15806  -41.301  -75.880  -36.558 0.4000000060
14531  -41.245  -77.219  -38.845 0.4000000060
13302  -40.030  -78.087  -39.238 0.3000000119
14560  -38.458  -77.325  -39.762 0.3000000119
17254  -41.694  -75.995  -37.511 0.4000000060
14532  -41.559  -76.668  -38.370 0.4000000060
14552  -40.990  -76.920  -39.587 0.3000000119
14561  -39.558  -77.057  -40.006 0.4000000060
17231  -41.796  -75.285  -36.710 0.4000000060
14562  -40.420  -76.711  -39.951 0.3000000119
17208  -41.455  -74.867  -36.004 0.4000000060
15831  -41.787  -76.275  -37.996 0.4000000060
15868  -41.192  -76.231  -39.430 0.4000000060
15853  -41.775  -75.943  -38.490 0.4000000060
15889  -41.143  -75.683  -39.504 0.3000000119
17255  -42.338  -75.470  -37.886 0.4000000060
15869  -41.612  -75.653  -39.058 0.4000000060
17232  -42.975  -75.035  -37.182 0.4000000060
17256  -43.230  -74.916  -37.732 0.4000000060
17263  -42.180  -75.205  -38.558 0.4000000060
17306  -41.316  -74.899  -39.372 0.3000000119
18611  -42.328  -74.690  -36.355 0.4000000060
17264  -42.973  -74.948  -38.379 0.4000000060
17282  -42.659  -74.787  -38.759 0.4000000060
17281  -42.087  -75.015  -38.834 0.3000000119
18698  -41.328  -74.686  -39.511 0.2000000030
18585  -41.964  -74.438  -35.966 0.3000000119
18587  -43.438  -74.344  -36.209 0.4000000060
18613  -43.762  -74.572  -36.812 0.4000000060
18648  -43.635  -74.579  -38.124 0.4000000060
18675  -42.841  -74.570  -38.917 0.4000000060
18699  -41.773  -74.366  -39.667 0.2000000030
20063  -41.824  -73.984  -40.142 0.2000000030
20042  -40.850  -73.381  -39.795 0.3000000119
19975  -42.625  -73.857  -35.448 0.3000000119
18586  -42.803  -74.337  -36.015 0.3000000119
19997  -44.051  -74.118  -36.095 0.3000000119
18676  -43.381  -74.309  -38.856 0.3000000119
20044  -42.741  -73.476  -39.964 0.2000000030
20065  -42.745  -73.883  -39.713 0.2000000030
20043  -41.890  -73.609  -40.036 0.2000000030
21327  -40.300  -72.444  -39.776 0.2000000030
19952  -42.381  -73.309  -34.903 0.3000000119
19976  -43.574  -73.883  -35.566 0.3000000119
18633  -44.220  -74.243  -37.820 0.4000000060
20045  -43.362  -73.616  -39.442 0.1000000015
21270  -42.984  -72.822  -34.466 0.3000000119
19954  -44.088  -73.351  -34.993 0.3000000119
19998  -44.655  -73.908  -36.514 0.2000000030
20023  -44.469  -73.527  -38.311 0.2000000030
21328  -41.456  -72.354  -40.097 0.1000000015
22679  -39.752  -71.837  -40.119 0.2000000030
21284  -45.720  -72.477  -35.949 0.2000000030
19999  -45.419  -73.156  -36.803 0.2000000030
21312  -44.803  -72.814  -38.506 0.1000000015
21330  -43.329  -72.748  -39.736 0.1000000015
21348  -42.130  -72.030  -40.226 0.1000000015
21271  -43.893  -72.702  -34.592 0.3000000119
21272  -44.791  -72.877  -34.982 0.3000000119
22575  -41.988  -71.483  -32.655 0.2000000030
22588  -43.155  -72.012  -34.058 0.1000000015
21257  -43.320  -72.325  -34.283 0.3000000119
22593  -45.073  -72.383  -35.152 0.2000000030
21302  -45.709  -72.553  -37.427 0.1000000015
22681  -42.473  -71.970  -40.131 0.1000000015
21347  -41.826  -71.779  -40.318 0.1000000015
22587  -42.653  -71.613  -33.653 0.2000000030
22591  -43.689  -71.673  -34.494 0.2000000030
22592  -44.650  -72.171  -34.931 0.2000000030
21285  -46.159  -71.997  -35.999 0.1000000015
21294  -45.911  -72.452  -36.751 0.1000000015
21313  -45.451  -72.383  -38.277 0.1000000015
22684  -45.186  -71.713  -39.013 0.1000000015
22682  -42.996  -71.819  -39.952 0.1000000015
22704  -41.360  -71.364  -40.545 0.1000000015
22724  -40.588  -71.092  -42.162 0.1000000015
22605  -45.463  -71.926  -35.443 0.2000000030
22624  -46.005  -71.494  -36.223 0.1000000015
22659  -46.053  -71.492  -38.148 0.1000000015
24041  -44.363  -70.751  -39.702 0.1000000015
24040  -43.538  -71.087  -39.856 0.1000000015
24065  -41.146  -70.980  -41.333 0.1000000015
22738  -39.682  -71.651  -42.835 0.1000000015
22640  -46.273  -71.377  -37.055 0.1000000015
24042  -45.242  -70.437  -39.408 0.1000000015
24093  -41.632  -70.688  -42.110 0.1000000015
24068  -43.700  -70.354  -40.611 0.1000000015
28991  -48.664  -66.225  -21.070 0.2000000030
22576  -42.365  -71.196  -32.845 0.1000000015
23950  -43.323  -71.160  -34.470 0.1000000015
22623  -45.226  -71.215  -36.001 0.1000000015
22603  -43.974  -71.162  -35.116 0.1000000015
23992  -46.235  -70.763  -36.851 0.1000000015
24020  -46.143  -70.262  -38.486 0.1000000015
24066  -41.962  -70.843  -41.191 0.1000000015
24043  -45.804  -69.889  -39.156 0.1000000015
13266  -41.236  -78.286  -37.446 0.3000000119
13301  -39.016  -78.423  -39.119 0.3000000119
13283  -40.787  -78.083  -38.504 0.3000000119
14550  -39.309  -77.735  -39.600 0.3000000119
14511  -41.694  -76.779  -37.952 0.4000000060
14551  -40.225  -77.400  -39.725 0.3000000119
15852  -41.422  -76.463  -39.015 0.4000000060
14563  -40.913  -76.352  -39.782 0.3000000119
18632  -43.822  -74.635  -37.493 0.4000000060
18700  -42.316  -74.318  -39.464 0.2000000030
18673  -41.248  -74.343  -39.667 0.2000000030
18614  -44.318  -74.322  -37.192 0.3000000119
18677  -43.911  -73.921  -38.626 0.2000000030
19953  -43.274  -73.343  -34.945 0.3000000119
20046  -43.876  -73.655  -38.885 0.2000000030
21329  -42.475  -72.620  -40.124 0.1000000015
20011  -44.782  -73.783  -37.391 0.4000000060
19978  -45.156  -73.238  -36.021 0.2000000030
20012  -45.193  -73.103  -37.750 0.2000000030
21331  -44.231  -72.801  -39.007 0.1000000015
22680  -40.618  -71.724  -40.165 0.1000000015
21332  -44.915  -72.417  -38.707 0.1000000015
21314  -45.926  -72.141  -37.786 0.1000000015
22683  -43.865  -71.795  -39.366 0.1000000015
22705  -42.321  -71.389  -40.419 0.1000000015
22703  -40.280  -71.303  -40.884 0.1000000015
22590  -43.177  -71.348  -34.188 0.1000000015
22604  -44.592  -71.354  -35.442 0.1000000015
21303  -46.158  -72.037  -37.258 0.1000000015
22685  -45.768  -70.788  -38.865 0.1000000015
22739  -40.729  -71.368  -43.313 0.1000000015
24004  -46.284  -70.413  -37.613 0.1000000015
22622  -44.830  -71.084  -35.900 0.1000000015
11958  -41.773  -79.660  -33.598 0.3000000119
10746  -40.821  -80.123  -34.461 0.2000000030
10745  -39.669  -80.364  -34.461 0.3000000119
11943  -42.679  -79.164  -33.031 0.4000000060
10766  -39.991  -80.333  -35.432 0.2000000030
11975  -41.871  -79.388  -34.584 0.2000000030
10767  -40.674  -79.795  -35.640 0.2000000030
10765  -39.282  -80.114  -35.235 0.1000000015
10784  -38.887  -79.649  -35.828 0.1000000015
11994  -42.044  -79.132  -35.082 0.3000000119
10764  -38.792  -79.760  -35.048 0.1000000015
10786  -40.061  -79.877  -36.311 0.2000000030
12006  -38.542  -79.032  -36.444 0.1000000015
10801  -38.928  -79.513  -36.641 0.1000000015
12021  -38.374  -78.923  -37.371 0.1000000015
14491  -37.865  -77.748  -36.666 0.1000000015
13252  -38.244  -78.465  -36.568 0.1000000015
12005  -38.208  -78.555  -37.119 0.1000000015
14509  -37.466  -77.558  -37.694 0.1000000015
13265  -37.931  -78.037  -37.390 0.1000000015
13244  -42.033  -78.630  -35.383 0.3000000119
10787  -40.576  -79.594  -36.142 0.2000000030
12023  -39.986  -79.555  -37.089 0.2000000030
10785  -39.420  -79.948  -36.038 0.2000000030
12022  -39.088  -79.431  -37.357 0.2000000030
13279  -37.428  -77.747  -38.299 0.1000000015
15829  -37.338  -77.085  -37.270 0.1000000015
14478  -42.035  -77.871  -35.258 0.2000000030
12007  -40.493  -79.446  -36.504 0.2000000030
12041  -38.546  -78.994  -38.145 0.2000000030
12020  -37.959  -78.214  -37.728 0.1000000015
14508  -36.836  -77.222  -37.961 0.1000000015
14530  -37.045  -77.451  -38.193 0.1000000015
12060  -38.493  -78.652  -38.722 0.2000000030
12059  -38.051  -78.467  -38.533 0.1000000015
14529  -36.370  -77.178  -38.583 0.1000000015
13278  -36.902  -77.526  -38.619 0.1000000015
14546  -35.373  -76.872  -39.058 0.1000000015
14493  -41.840  -78.051  -35.977 0.2000000030
14548  -37.033  -77.536  -39.346 0.1000000015
13317  -37.469  -77.804  -39.373 0.1000000015
14547  -36.446  -77.246  -39.141 0.1000000015
14559  -37.386  -77.330  -39.607 0.1000000015
15885  -37.736  -76.587  -39.824 0.1000000015
14545  -34.105  -76.866  -39.218 0.1000000015
15866  -35.617  -76.792  -39.318 0.1000000015
15867  -36.167  -76.832  -39.377 0.1000000015
15884  -36.572  -76.550  -39.607 0.1000000015
15883  -35.326  -76.346  -39.751 0.1000000015
11959  -42.521  -78.984  -34.123 0.3000000119
11976  -42.306  -78.924  -34.812 0.2000000030
13280  -37.704  -78.072  -38.615 0.1000000015
13298  -36.864  -77.567  -38.840 0.1000000015
12042  -39.470  -79.227  -37.994 0.2000000030
11993  -41.514  -79.365  -35.334 0.2000000030
13243  -41.664  -78.886  -35.869 0.3000000119
15865  -34.756  -76.661  -39.519 0.1000000015
15886  -38.860  -76.496  -39.899 0.2000000030
17276  -36.581  -74.720  -39.493 0.1000000015
18697  -35.579  -74.002  -40.210 0.1000000015
18668  -36.311  -73.952  -39.691 0.2000000030
18720  -35.262  -73.818  -41.297 0.1000000015
17302  -38.192  -75.740  -39.782 0.2000000030
17277  -37.617  -74.865  -39.449 0.2000000030
20037  -36.213  -73.457  -40.196 0.2000000030
18669  -37.148  -73.975  -39.422 0.1000000015
20078  -35.902  -73.553  -41.767 0.1000000015
20038  -36.786  -73.303  -39.818 0.2000000030
20039  -37.663  -73.058  -39.623 0.1000000015
17278  -38.697  -74.918  -39.525 0.1000000015
20060  -35.967  -73.357  -40.910 0.1000000015
20062  -37.083  -72.858  -40.020 0.1000000015
15887  -39.873  -76.311  -39.978 0.2000000030
17303  -39.273  -75.702  -39.793 0.2000000030
18670  -38.166  -74.015  -39.338 0.1000000015
21324  -37.893  -72.598  -39.970 0.1000000015
17279  -39.721  -74.941  -39.546 0.1000000015
20040  -38.743  -73.195  -39.411 0.1000000015
15888  -40.653  -76.027  -39.910 0.2000000030
17304  -40.215  -75.593  -39.758 0.2000000030
17280  -40.539  -74.922  -39.540 0.2000000030
21326  -39.304  -72.494  -39.686 0.1000000015
18671  -39.232  -74.092  -39.381 0.1000000015
17305  -40.943  -75.233  -39.560 0.2000000030
20041  -39.789  -73.272  -39.497 0.1000000015
21346  -38.161  -72.440  -40.303 0.1000000015
17301  -37.041  -75.685  -39.622 0.1000000015
10729  -40.845  -80.267  -32.968 0.1000000015
15663  -45.419  -76.187  -28.584 0.2000000030
14363  -43.658  -78.007  -28.262 0.1000000015
19761  -45.009  -73.814  -23.855 0.1000000015
14332  -45.893  -77.028  -25.244 0.1000000015
14349  -45.360  -76.980  -26.088 0.1000000015
19760  -44.232  -73.886  -23.348 0.2000000030
13053  -45.520  -77.490  -23.780 0.1000000015
21104  -44.626  -73.129  -23.499 0.2000000030
18348  -45.600  -74.628  -24.113 0.1000000015
16991  -46.785  -75.643  -23.759 0.1000000015
14301  -47.032  -76.428  -24.196 0.1000000015
14314  -45.909  -77.304  -24.283 0.1000000015
14375  -44.152  -77.372  -28.930 0.1000000015
15601  -46.911  -76.377  -24.791 0.1000000015
16992  -47.311  -75.625  -24.216 0.1000000015
18365  -46.471  -74.263  -24.379 0.1000000015
21090  -43.965  -72.945  -22.983 0.2000000030
15662  -44.792  -76.741  -28.719 0.1000000015
14313  -45.499  -77.467  -24.823 0.1000000015
13062  -45.385  -77.622  -24.000 0.1000000015
17013  -46.815  -75.074  -24.517 0.1000000015
18347  -44.718  -75.055  -23.267 0.1000000015
11924  -42.459  -79.274  -31.563 0.1000000015
11942  -41.694  -79.823  -32.336 0.1000000015
22367  -44.753  -71.408  -18.438 0.1000000015
22366  -43.775  -70.985  -18.703 0.1000000015
22388  -43.883  -71.425  -19.612 0.1000000015
22387  -42.643  -71.250  -19.973 0.1000000015
23715  -44.618  -70.775  -17.421 0.1000000015
23714  -43.720  -70.262  -17.485 0.1000000015
23713  -42.829  -69.997  -17.593 0.1000000015
23727  -41.687  -70.798  -18.457 0.1000000015
22347  -45.117  -71.265  -17.676 0.1000000015
23730  -44.008  -70.804  -18.055 0.1000000015
23747  -43.013  -70.760  -19.112 0.1000000015
23746  -42.089  -70.879  -19.213 0.1000000015
22386  -41.596  -71.631  -19.810 0.1000000015
22348  -45.714  -71.574  -17.800 0.1000000015
25076  -41.912  -69.873  -16.772 0.1000000015
25079  -44.282  -70.003  -16.719 0.1000000015
23712  -41.875  -70.161  -17.512 0.1000000015
23716  -45.459  -71.076  -17.127 0.1000000015
23728  -42.421  -70.408  -18.405 0.1000000015
22346  -41.221  -71.184  -17.652 0.1000000015
23717  -46.219  -71.433  -17.102 0.1000000015
25062  -43.972  -69.447  -15.986 0.1000000015
25078  -43.355  -69.726  -16.780 0.1000000015
25077  -42.475  -69.701  -16.827 0.1000000015
25063  -44.927  -69.665  -16.008 0.1000000015
23700  -45.160  -70.364  -16.609 0.1000000015
30186  -48.132  -66.109  -21.145 0.1000000015
30185  -47.331  -65.783  -21.527 0.1000000015
30204  -47.209  -65.391  -22.759 0.1000000015
23702  -47.122  -71.301  -16.689 0.1000000015
22338  -47.673  -71.706  -17.320 0.1000000015
28972  -49.648  -66.880  -20.217 0.1000000015
30183  -45.457  -65.337  -21.841 0.1000000015
30203  -46.142  -65.072  -22.507 0.1000000015
29005  -48.735  -66.120  -21.664 0.1000000015
31440  -47.764  -64.801  -23.840 0.1000000015
31394  -46.587  -64.785  -23.097 0.1000000015
31417  -47.212  -64.569  -23.559 0.1000000015
25061  -43.012  -69.402  -16.034 0.1000000015
25060  -42.164  -69.696  -16.176 0.1000000015
31393  -45.994  -64.290  -22.913 0.1000000015
22409  -42.279  -71.885  -20.791 0.1000000015
23729  -43.283  -70.467  -18.262 0.1000000015
22408  -41.769  -71.938  -20.489 0.1000000015
23701  -46.088  -70.704  -16.393 0.1000000015
30205  -48.087  -65.896  -22.190 0.1000000015
31416  -46.638  -64.210  -23.323 0.1000000015
23936  -42.285  -70.842  -32.080 0.1000000015
10685  -39.248  -80.326  -30.471 0.1000000015
10684  -38.645  -80.174  -31.273 0.1000000015
10699  -39.148  -80.472  -31.597 0.1000000015
10664  -39.369  -80.028  -29.691 0.1000000015
11903  -38.317  -79.565  -30.857 0.1000000015
11922  -38.236  -79.868  -31.482 0.1000000015
10700  -39.954  -80.557  -31.129 0.1000000015
11884  -39.160  -79.449  -29.590 0.1000000015
10665  -39.967  -80.343  -29.322 0.1000000015
10686  -40.158  -80.524  -30.193 0.1000000015
13147  -38.625  -78.833  -29.785 0.1000000015
13148  -39.241  -78.636  -29.265 0.1000000015
11885  -39.636  -79.868  -29.183 0.1000000015
15674  -38.960  -77.082  -28.877 0.1000000015
13129  -39.959  -78.982  -28.804 0.1000000015
18277  -36.928  -74.431  -18.301 0.1000000015
19691  -36.936  -73.784  -18.822 0.1000000015
21085  -35.337  -72.736  -22.356 0.1000000015
21100  -35.823  -72.416  -23.359 0.1000000015
21147  -35.601  -72.588  -24.892 0.1000000015
10715  -40.765  -80.315  -31.733 0.1000000015
21145  -34.576  -72.680  -24.793 0.1000000015
19799  -36.285  -72.908  -25.413 0.1000000015
14385  -38.180  -77.927  -29.793 0.1000000015
15658  -38.084  -76.392  -28.966 0.1000000015
10728  -39.912  -80.423  -33.404 0.1000000015
19817  -34.309  -73.061  -26.124 0.1000000015
19840  -35.369  -73.776  -27.411 0.1000000015
18442  -36.566  -74.997  -28.391 0.1000000015
17104  -37.532  -76.069  -29.214 0.1000000015
17086  -37.767  -75.748  -28.644 0.1000000015
15659  -38.783  -76.610  -28.684 0.1000000015
14372  -40.000  -78.084  -28.724 0.1000000015
19838  -33.404  -73.427  -26.741 0.1000000015
18441  -35.553  -74.345  -28.228 0.1000000015
18443  -37.352  -75.313  -28.309 0.1000000015
17087  -38.461  -75.933  -28.401 0.1000000015
21047  -36.726  -72.956  -19.935 0.1000000015
21046  -36.384  -73.269  -20.079 0.1000000015
21070  -36.234  -72.615  -21.451 0.1000000015
10666  -40.631  -80.490  -29.624 0.1000000015
11905  -41.135  -80.391  -30.122 0.1000000015
10701  -40.687  -80.435  -30.714 0.1000000015
21086  -36.452  -72.441  -22.413 0.1000000015
21101  -36.814  -72.460  -23.367 0.1000000015
10714  -39.937  -80.471  -32.231 0.1000000015
19841  -36.005  -73.922  -27.364 0.1000000015
18426  -36.379  -74.317  -27.573 0.1000000015
18427  -37.308  -74.910  -27.607 0.1000000015
15660  -39.575  -77.028  -28.583 0.1000000015
18404  -36.987  -74.413  -26.983 0.1000000015
18405  -37.726  -74.685  -26.778 0.1000000015
18428  -38.228  -75.156  -27.264 0.1000000015
17088  -39.234  -76.196  -28.145 0.1000000015
19692  -37.688  -73.805  -18.367 0.1000000015
19706  -37.254  -73.256  -19.271 0.1000000015
19693  -38.319  -73.871  -18.455 0.1000000015
18278  -38.698  -74.331  -17.973 0.1000000015
11906  -41.929  -79.832  -30.064 0.1000000015
21048  -37.395  -72.854  -19.914 0.1000000015
21061  -37.769  -72.824  -20.610 0.1000000015
10645  -40.421  -80.287  -28.688 0.1000000015
21071  -37.142  -72.532  -21.521 0.1000000015
11862  -40.188  -79.783  -28.561 0.1000000015
11923  -41.476  -80.073  -31.081 0.1000000015
21126  -37.062  -72.560  -23.993 0.1000000015
19779  -36.634  -72.743  -24.808 0.1000000015
19819  -36.395  -73.743  -26.680 0.1000000015
19800  -37.369  -73.683  -25.609 0.1000000015
17068  -38.768  -75.581  -27.746 0.1000000015
19820  -37.280  -74.194  -26.410 0.1000000015
18294  -38.829  -74.120  -18.795 0.1000000015
11887  -41.822  -79.923  -28.844 0.1000000015
19707  -38.188  -73.338  -19.403 0.1000000015
16893  -39.857  -75.586  -18.572 0.1000000015
16878  -40.012  -75.347  -17.409 0.1000000015
13107  -40.987  -78.909  -27.871 0.1000000015
11863  -41.047  -80.167  -28.335 0.1000000015
18307  -38.977  -74.028  -19.684 0.1000000015
21087  -37.413  -72.579  -22.523 0.1000000015
21072  -38.025  -72.891  -21.675 0.1000000015
17069  -39.538  -75.829  -27.372 0.1000000015
15661  -40.465  -77.458  -28.123 0.1000000015
18406  -38.681  -74.888  -26.472 0.1000000015
19780  -37.242  -72.880  -24.618 0.1000000015
19781  -38.183  -73.619  -24.672 0.1000000015
19801  -38.214  -74.131  -25.381 0.1000000015
18295  -39.382  -74.816  -19.210 0.1000000015
14373  -40.571  -78.147  -28.230 0.1000000015
17049  -38.999  -75.326  -27.073 0.1000000015
17070  -40.361  -76.095  -26.980 0.1000000015
21088  -38.201  -72.918  -22.646 0.1000000015
21102  -37.744  -72.733  -23.553 0.1000000015
19757  -38.008  -73.001  -24.203 0.1000000015
14360  -41.084  -78.185  -27.703 0.1000000015
13108  -41.415  -78.948  -27.693 0.1000000015
15644  -41.006  -76.964  -27.256 0.1000000015
19718  -38.767  -73.639  -20.807 0.1000000015
17031  -39.777  -75.142  -25.764 0.1000000015
15627  -41.021  -76.329  -26.556 0.1000000015
18362  -38.902  -74.273  -24.983 0.1000000015
18385  -39.567  -74.807  -25.340 0.1000000015
19731  -38.702  -73.452  -22.036 0.1000000015
19782  -39.071  -74.050  -24.163 0.1000000015
21103  -38.351  -73.001  -23.214 0.1000000015
14361  -41.831  -78.341  -27.222 0.1000000015
14362  -42.399  -78.252  -26.918 0.1000000015
17052  -41.179  -76.027  -26.004 0.1000000015
15628  -41.867  -76.802  -26.186 0.1000000015
18308  -39.464  -74.811  -20.372 0.1000000015
18364  -40.276  -75.041  -24.436 0.1000000015
17032  -40.544  -75.436  -25.359 0.1000000015
18363  -39.628  -74.595  -24.603 0.1000000015
18386  -40.012  -74.938  -24.945 0.1000000015
19745  -38.736  -73.376  -22.894 0.1000000015
14347  -42.722  -77.874  -26.294 0.1000000015
17033  -41.495  -76.132  -25.435 0.1000000015
18344  -39.902  -74.659  -23.694 0.1000000015
19732  -39.265  -74.197  -21.727 0.1000000015
13071  -43.247  -77.933  -25.937 0.1000000015
19719  -39.319  -74.406  -21.087 0.1000000015
18279  -39.335  -74.760  -18.195 0.1000000015
15489  -41.372  -76.559  -16.775 0.1000000015
16879  -40.722  -76.140  -17.203 0.1000000015
16894  -40.447  -76.332  -18.005 0.1000000015
21059  -36.115  -73.038  -20.611 0.1000000015
21125  -36.357  -72.537  -24.355 0.1000000015
19798  -35.110  -72.765  -25.502 0.1000000015
19818  -35.322  -73.222  -26.391 0.1000000015
19839  -34.426  -73.432  -27.012 0.1000000015
18425  -35.826  -74.064  -27.660 0.1000000015
17085  -37.111  -75.575  -28.885 0.1000000015
15671  -36.920  -76.532  -30.171 0.1000000015
21060  -36.899  -72.640  -20.622 0.1000000015
15643  -40.064  -76.559  -27.780 0.1000000015
18384  -38.783  -74.530  -25.709 0.1000000015
15645  -41.684  -77.583  -27.069 0.1000000015
17051  -40.594  -75.810  -26.286 0.1000000015
14346  -42.225  -77.710  -26.650 0.1000000015
16862  -40.717  -75.684  -16.396 0.1000000015
6704  -27.575  -83.862  -45.806 0.1000000015
6687  -27.210  -83.801  -45.236 0.1000000015
7693  -27.880  -82.385  -49.157 0.1000000015
7692  -27.313  -82.899  -49.042 0.1000000015
7679  -28.652  -82.417  -48.172 0.1000000015
7664  -28.768  -82.936  -47.538 0.1000000015
6730  -26.716  -83.876  -47.256 0.1000000015
7710  -27.916  -82.047  -49.716 0.1000000015
9814  -28.591  -81.159  -50.249 0.1000000015
9834  -28.905  -80.694  -50.439 0.1000000015
6688  -27.991  -83.565  -45.246 0.1000000015
7609  -27.613  -83.222  -44.879 0.1000000015
6705  -28.297  -83.658  -45.761 0.1000000015
7663  -28.087  -83.273  -47.603 0.1000000015
6731  -27.560  -83.616  -47.234 0.1000000015
6718  -27.178  -83.964  -46.508 0.1000000015
7608  -26.730  -83.430  -44.825 0.1000000015
8691  -28.364  -82.260  -48.693 0.1000000015
6745  -26.988  -83.465  -48.002 0.1000000015
6746  -27.622  -83.309  -47.922 0.1000000015
8706  -28.323  -81.898  -49.282 0.1000000015
9816  -29.461  -80.710  -49.661 0.1000000015
9835  -29.400  -80.544  -50.115 0.1000000015
10977  -30.620  -79.799  -49.858 0.1000000015
13296  -30.327  -78.168  -39.944 0.1000000015
12096  -28.554  -79.516  -41.597 0.1000000015
13314  -29.869  -78.623  -40.479 0.1000000015
8643  -28.851  -82.685  -44.515 0.1000000015
8619  -28.621  -82.227  -44.318 0.1000000015
9744  -27.553  -81.828  -44.434 0.1000000015
10900  -28.157  -80.775  -43.539 0.1000000015
10881  -27.942  -80.233  -42.908 0.1000000015
12114  -28.644  -80.115  -42.222 0.1000000015
7610  -28.491  -83.135  -44.825 0.1000000015
9732  -27.618  -81.068  -44.068 0.1000000015
6690  -29.224  -83.265  -45.340 0.1000000015
8641  -27.148  -82.648  -44.660 0.1000000015
7647  -29.168  -83.181  -46.526 0.1000000015
6720  -28.571  -83.589  -46.277 0.1000000015
9798  -29.287  -81.043  -49.157 0.1000000015
13297  -31.087  -78.054  -39.993 0.1000000015
12077  -29.295  -79.049  -41.091 0.1000000015
9716  -29.011  -81.247  -43.320 0.1000000015
9717  -29.604  -81.210  -42.916 0.1000000015
12115  -29.228  -80.385  -42.229 0.1000000015
9734  -29.498  -81.702  -43.464 0.1000000015
8620  -29.374  -82.287  -44.091 0.1000000015
8675  -29.125  -82.269  -47.780 0.1000000015
8676  -29.657  -81.673  -47.543 0.1000000015
8693  -29.490  -81.150  -48.155 0.1000000015
9785  -29.723  -80.663  -48.590 0.1000000015
7630  -29.570  -83.118  -45.672 0.1000000015
12097  -29.642  -79.960  -41.685 0.1000000015
7648  -30.124  -82.717  -46.260 0.1000000015
7588  -29.993  -82.492  -44.149 0.1000000015
7611  -29.596  -82.975  -44.750 0.1000000015
13313  -29.018  -78.612  -40.402 0.1000000015
8644  -31.539  -81.854  -44.635 0.1000000015
8645  -32.092  -81.459  -44.242 0.1000000015
9747  -32.451  -80.632  -44.131 0.1000000015
9735  -30.114  -81.641  -43.060 0.1000000015
7589  -30.485  -82.346  -44.284 0.1000000015
8599  -31.334  -81.657  -43.253 0.1000000015
7590  -30.999  -82.143  -44.503 0.1000000015
8623  -32.089  -81.481  -43.709 0.1000000015
9719  -31.189  -81.175  -42.747 0.1000000015
10863  -30.372  -80.289  -41.875 0.1000000015
10884  -30.795  -80.698  -42.285 0.1000000015
10886  -32.284  -80.039  -42.709 0.1000000015
8621  -30.404  -82.088  -43.590 0.1000000015
9746  -32.112  -80.917  -44.627 0.1000000015
8600  -31.873  -81.539  -43.457 0.1000000015
6689  -28.769  -83.411  -45.243 0.1000000015
6703  -26.852  -84.205  -45.832 0.1000000015
6706  -28.989  -83.537  -45.774 0.1000000015
6719  -27.921  -83.727  -46.405 0.1000000015
6732  -28.377  -83.465  -46.946 0.1000000015
7613  -31.053  -82.112  -44.922 0.1000000015
7665  -29.574  -82.551  -47.131 0.1000000015
8598  -30.711  -81.617  -43.020 0.1000000015
8622  -31.438  -81.961  -43.916 0.1000000015
8624  -32.266  -81.185  -43.641 0.1000000015
8642  -28.079  -82.544  -44.611 0.1000000015
8646  -32.376  -81.203  -43.859 0.1000000015
8655  -31.981  -81.427  -44.911 0.1000000015
8692  -28.969  -81.684  -48.525 0.1000000015
8707  -28.714  -81.401  -49.480 0.1000000015
8722  -27.744  -81.925  -50.070 0.1000000015
9718  -30.385  -81.182  -42.696 0.1000000015
9733  -28.546  -81.512  -43.981 0.1000000015
9745  -28.214  -82.006  -44.396 0.1000000015
9784  -29.362  -81.141  -48.610 0.1000000015
9815  -29.031  -81.018  -49.890 0.1000000015
10646  -40.651  -80.433  -28.964 0.1000000015
10687  -40.648  -80.492  -30.139 0.1000000015
10802  -39.533  -79.678  -36.680 0.2000000030
10803  -39.856  -79.695  -36.681 0.2000000030
10862  -29.949  -80.306  -41.928 0.1000000015
10882  -28.859  -80.722  -42.842 0.1000000015
10883  -29.846  -80.611  -42.291 0.1000000015
10901  -28.642  -81.035  -43.449 0.1000000015
10976  -29.892  -80.352  -49.821 0.1000000015
11845  -40.926  -79.432  -28.033 0.1000000015
11861  -39.638  -79.403  -29.060 0.1000000015
11886  -41.248  -80.400  -29.255 0.1000000015
11904  -38.952  -79.784  -30.128 0.1000000015
12008  -41.102  -79.279  -36.148 0.2000000030
12039  -37.771  -78.026  -38.038 0.1000000015
12040  -37.943  -78.300  -38.096 0.1000000015
12076  -28.383  -78.977  -40.920 0.1000000015
13130  -40.562  -78.831  -28.276 0.1000000015
13190  -43.796  -77.757  -32.564 0.4000000060
13255  -41.778  -78.500  -35.906 0.3000000119
13318  -37.921  -77.785  -39.525 0.2000000030
14299  -45.711  -77.159  -23.347 0.1000000015
14315  -46.714  -76.575  -24.508 0.1000000015
14316  -47.053  -76.357  -24.434 0.1000000015
14331  -45.166  -77.530  -25.367 0.1000000015
14333  -46.277  -76.850  -24.799 0.1000000015
14386  -39.048  -77.650  -29.044 0.1000000015
14401  -43.906  -77.624  -30.860 0.4000000060
14429  -41.990  -76.936  -33.610 0.5000000000
14542  -30.805  -77.664  -39.450 0.1000000015
14558  -36.727  -77.174  -39.436 0.1000000015
15591  -46.369  -76.343  -23.476 0.1000000015
15592  -47.168  -76.219  -23.825 0.1000000015
15614  -46.143  -76.660  -25.453 0.1000000015
15615  -46.552  -76.396  -25.262 0.1000000015
15632  -47.001  -75.335  -26.272 0.2000000030
15673  -38.462  -77.068  -29.216 0.1000000015
15708  -40.263  -75.633  -31.854 0.5000000000
15733  -44.763  -76.221  -32.138 0.4000000060
15756  -43.822  -76.956  -33.004 0.5000000000
15851  -36.174  -76.939  -38.126 0.1000000015
15890  -41.487  -75.117  -39.161 0.3000000119
17012  -46.208  -75.172  -24.266 0.1000000015
17014  -47.240  -75.045  -24.933 0.1000000015
17035  -47.737  -74.489  -25.845 0.2000000030
17050  -39.729  -75.405  -26.416 0.1000000015
17054  -47.428  -74.888  -26.362 0.2000000030
17067  -38.001  -75.391  -28.024 0.1000000015
17072  -46.493  -75.336  -27.308 0.2000000030
17073  -47.200  -74.800  -27.207 0.3000000119
17106  -46.328  -75.067  -29.324 0.3000000119
17126  -46.205  -75.036  -30.010 0.3000000119
17139  -39.930  -75.423  -31.781 0.6000000238
17144  -45.000  -75.575  -31.795 0.5000000000
17145  -45.500  -75.336  -31.236 0.3000000119
17233  -43.487  -74.818  -37.312 0.4000000060
17275  -35.967  -74.473  -39.712 0.1000000015
17307  -41.758  -74.643  -39.321 0.3000000119
18367  -47.681  -74.176  -25.363 0.2000000030
18368  -47.819  -73.819  -25.699 0.2000000030
18383  -37.977  -74.397  -26.031 0.1000000015
18387  -47.714  -74.368  -25.645 0.2000000030
18407  -39.312  -74.919  -25.954 0.1000000015
18408  -47.546  -74.394  -26.852 0.3000000119
18409  -47.739  -74.178  -26.479 0.3000000119
18445  -43.904  -74.070  -29.338 0.4000000060
18447  -47.009  -74.404  -27.960 0.3000000119
18467  -40.838  -74.166  -29.956 0.5000000000
18515  -38.972  -74.102  -31.693 0.6000000238
18517  -40.242  -74.746  -30.987 0.5000000000
18612  -42.867  -74.738  -36.570 0.4000000060
18649  -43.941  -74.147  -38.365 0.2000000030
18674  -41.783  -74.135  -39.864 0.2000000030
18701  -43.181  -74.173  -39.243 0.2000000030
18828  -36.129  -73.925  -47.095 0.1000000015
19758  -38.523  -73.330  -23.727 0.1000000015
19784  -46.911  -73.318  -24.320 0.2000000030
19785  -47.600  -73.355  -25.021 0.2000000030
19797  -34.230  -72.821  -25.085 0.1000000015
19802  -47.733  -73.153  -25.633 0.2000000030
19803  -47.831  -73.479  -25.912 0.3000000119
19822  -47.790  -73.539  -26.444 0.2000000030
19847  -47.556  -73.503  -27.134 0.3000000119
19848  -47.738  -73.821  -26.750 0.3000000119
19874  -47.195  -73.821  -27.760 0.3000000119
19891  -42.969  -73.984  -29.052 0.4000000060
19893  -45.836  -73.848  -29.671 0.3000000119
19903  -45.516  -74.224  -30.404 0.3000000119
19904  -45.659  -74.080  -30.193 0.3000000119
19977  -44.567  -73.545  -35.584 0.3000000119
20024  -44.986  -72.961  -38.215 0.1000000015
20061  -36.699  -72.913  -40.575 0.1000000015
20064  -42.268  -73.993  -39.864 0.2000000030
21084  -34.648  -72.949  -22.829 0.1000000015
21146  -34.901  -72.608  -24.838 0.1000000015
21148  -47.676  -72.826  -25.929 0.3000000119
21149  -47.777  -73.139  -25.917 0.3000000119
21170  -47.668  -72.955  -26.428 0.3000000119
21192  -47.541  -72.961  -26.892 0.3000000119
21209  -46.663  -73.153  -28.109 0.3000000119
21225  -38.227  -72.584  -31.641 0.5000000000
21238  -38.401  -72.418  -32.433 0.5000000000
21273  -45.287  -72.530  -35.350 0.2000000030
21283  -45.167  -72.960  -35.496 0.3000000119
21295  -46.225  -72.003  -36.473 0.1000000015
21325  -38.439  -72.556  -39.837 0.1000000015
21460  -40.926  -71.705  -47.590 0.1000000015
21461  -41.276  -71.529  -47.358 0.1000000015
22337  -47.210  -71.734  -17.247 0.1000000015
22342  -51.210  -71.952  -18.338 0.1000000015
22393  -50.656  -71.287  -19.662 0.1000000015
22499  -47.110  -72.209  -26.175 0.3000000119
22500  -47.466  -72.564  -26.184 0.3000000119
22513  -41.728  -71.881  -27.064 0.4000000060
22527  -38.898  -71.348  -28.493 0.4000000060
22528  -39.813  -71.651  -28.037 0.5000000000
22544  -37.861  -71.485  -30.698 0.4000000060
22571  -38.269  -71.877  -32.239 0.5000000000
22572  -38.788  -71.607  -32.670 0.4000000060
22606  -46.005  -71.968  -35.756 0.1000000015
22658  -45.674  -71.913  -38.557 0.1000000015
22677  -38.533  -72.304  -40.165 0.1000000015
22706  -43.025  -70.976  -40.271 0.1000000015
22771  -42.045  -71.564  -45.316 0.1000000015
22789  -42.475  -71.115  -45.985 0.1000000015
22805  -42.292  -71.095  -46.367 0.1000000015
23745  -41.648  -71.160  -19.066 0.1000000015
23868  -38.551  -70.385  -27.520 0.3000000119
23899  -37.906  -70.705  -29.156 0.4000000060
23933  -39.341  -71.012  -32.385 0.5000000000
24064  -37.518  -69.733  -40.749 0.1000000015
24096  -43.920  -69.901  -41.262 0.2000000030
24141  -41.367  -71.254  -43.701 0.1000000015
24163  -43.422  -70.099  -44.807 0.1000000015
24200  -35.138  -69.871  -46.433 0.1000000015
24252  -40.132  -70.363  -48.034 0.1000000015
24263  -35.884  -70.427  -49.409 0.1000000015
24266  -38.319  -71.019  -49.435 0.1000000015
25191  -45.826  -69.664  -23.145 0.3000000119
25283  -37.858  -70.233  -30.845 0.5000000000
25284  -38.230  -70.032  -31.197 0.5000000000
25399  -44.801  -69.988  -39.984 0.2000000030
25438  -44.802  -68.805  -41.566 0.2000000030
25458  -40.194  -68.676  -42.757 0.1000000015
25459  -43.709  -69.659  -42.839 0.2000000030
25530  -43.495  -69.585  -45.182 0.1000000015
25576  -36.735  -68.833  -47.582 0.1000000015
25577  -37.856  -69.395  -48.349 0.1000000015
25580  -40.415  -69.718  -47.590 0.1000000015
25605  -36.887  -69.831  -48.864 0.1000000015
25608  -39.752  -70.028  -48.119 0.1000000015
25621  -34.855  -69.746  -48.730 0.1000000015
26376  -42.626  -67.854  -19.770 0.3000000119
26396  -41.767  -68.054  -20.318 0.4000000060
26422  -43.354  -68.762  -21.021 0.3000000119
26447  -42.213  -68.806  -21.607 0.4000000060
26509  -39.437  -68.834  -24.998 0.5000000000
26553  -44.224  -67.978  -28.600 0.1000000015
26748  -40.293  -68.101  -40.820 0.1000000015
26750  -45.660  -67.966  -40.958 0.1000000015
26768  -41.106  -68.073  -42.142 0.1000000015
26803  -45.502  -67.964  -43.418 0.1000000015
26817  -42.224  -68.162  -45.186 0.1000000015
26830  -42.696  -68.487  -45.480 0.1000000015
26843  -38.669  -68.627  -46.801 0.1000000015
26855  -36.541  -69.151  -48.266 0.1000000015
26871  -37.042  -69.392  -48.478 0.1000000015
27641  -42.269  -67.414  -19.647 0.3000000119
27647  -48.335  -67.220  -19.186 0.2000000030
27680  -42.343  -67.722  -19.751 0.3000000119
27703  -41.392  -67.791  -20.491 0.4000000060
27751  -39.759  -67.840  -22.923 0.4000000060
27779  -37.910  -67.216  -25.072 0.3000000119
27781  -38.801  -68.003  -24.200 0.4000000060
27796  -37.848  -67.478  -25.528 0.3000000119
27812  -37.751  -67.572  -26.444 0.4000000060
27849  -38.239  -67.616  -28.736 0.3000000119
27867  -38.373  -67.981  -29.376 0.3000000119
27950  -34.230  -67.189  -34.708 0.1000000015
27969  -36.899  -67.024  -35.710 0.1000000015
27988  -37.959  -66.897  -36.741 0.1000000015
28026  -40.221  -67.185  -39.043 0.1000000015
28060  -46.083  -67.380  -40.891 0.1000000015
28080  -46.123  -67.384  -41.507 0.1000000015
28100  -43.786  -66.420  -42.966 0.1000000015
28102  -46.309  -66.997  -41.625 0.1000000015
28933  -42.270  -66.944  -19.568 0.3000000119
28971  -48.557  -66.385  -20.418 0.3000000119
29003  -38.649  -66.044  -23.062 0.2000000030
29004  -38.872  -66.301  -22.723 0.2000000030
29025  -38.508  -66.354  -23.454 0.3000000119
29175  -36.070  -65.944  -32.998 0.1000000015
29242  -38.100  -66.058  -36.027 0.1000000015
29307  -42.696  -65.256  -38.944 0.1000000015
29329  -45.951  -66.129  -39.906 0.1000000015
29356  -46.143  -66.331  -41.576 0.1000000015
29369  -45.025  -65.690  -42.408 0.1000000015
29370  -45.822  -66.274  -42.235 0.1000000015
29371  -46.201  -66.693  -41.829 0.1000000015
30166  -48.053  -66.231  -20.585 0.3000000119
30178  -38.813  -64.926  -22.361 0.3000000119
30233  -47.957  -65.069  -23.982 0.1000000015
30413  -34.185  -65.819  -33.910 0.1000000015
30452  -41.935  -64.994  -37.064 0.1000000015
30453  -42.355  -64.878  -37.310 0.1000000015
30508  -43.054  -64.953  -39.012 0.1000000015
30509  -43.748  -64.771  -39.206 0.1000000015
30554  -46.266  -66.270  -41.130 0.1000000015
30570  -45.534  -65.789  -41.973 0.1000000015
31341  -39.465  -64.280  -21.082 0.1000000015
31390  -38.813  -64.450  -22.934 0.3000000119
31391  -44.785  -64.181  -22.360 0.1000000015
31439  -39.467  -64.085  -24.761 0.2000000030
31441  -48.188  -64.736  -23.938 0.1000000015
31466  -41.104  -64.006  -25.470 0.1000000015
31489  -39.477  -64.735  -26.104 0.2000000030
31507  -43.744  -65.281  -27.035 0.1000000015
31545  -34.909  -63.829  -32.023 0.1000000015
31599  -38.843  -64.637  -34.192 0.1000000015
31672  -43.278  -64.666  -38.384 0.1000000015
31692  -44.311  -64.620  -38.641 0.1000000015
32570  -40.469  -63.288  -20.932 0.1000000015
32571  -41.239  -63.301  -20.807 0.1000000015
32619  -39.251  -63.248  -22.809 0.1000000015
32638  -39.289  -63.457  -23.491 0.2000000030
32655  -39.015  -64.261  -24.082 0.2000000030
32680  -40.989  -63.625  -25.118 0.2000000030
32681  -41.621  -63.353  -25.247 0.1000000015
32751  -37.519  -63.428  -30.483 0.1000000015
32769  -35.386  -62.949  -31.498 0.1000000015
32770  -35.945  -63.284  -30.920 0.1000000015
32800  -34.126  -63.306  -33.981 0.1000000015
32817  -33.927  -63.341  -34.851 0.1000000015
33693  -40.788  -62.656  -20.967 0.1000000015
33710  -39.840  -62.500  -22.118 0.1000000015
33716  -45.140  -62.339  -21.965 0.1000000015
33765  -39.594  -63.189  -23.803 0.2000000030
33794  -40.543  -63.153  -24.674 0.2000000030
33911  -35.601  -61.844  -31.825 0.1000000015
34863  -40.401  -61.506  -22.372 0.1000000015
34884  -40.265  -61.709  -23.025 0.1000000015
34911  -40.330  -61.970  -23.595 0.2000000030
34941  -41.312  -62.148  -24.656 0.2000000030
34983  -37.940  -61.222  -28.828 0.1000000015
34984  -38.684  -61.211  -28.644 0.1000000015
35004  -37.396  -61.446  -29.347 0.1000000015
35050  -35.926  -61.288  -31.931 0.1000000015
35077  -36.078  -60.990  -32.181 0.1000000015
36030  -40.884  -60.647  -22.177 0.1000000015
36055  -40.671  -60.845  -22.481 0.1000000015
36057  -41.427  -60.110  -22.180 0.1000000015
36167  -37.687  -60.796  -28.968 0.1000000015
36168  -38.229  -60.560  -28.631 0.1000000015
36186  -36.899  -60.792  -30.156 0.1000000015
37242  -42.652  -59.391  -21.905 0.1000000015
37266  -41.243  -59.903  -22.813 0.1000000015
37269  -44.705  -59.794  -21.658 0.1000000015
37310  -42.677  -59.208  -24.696 0.1000000015
38462  -42.862  -58.909  -22.042 0.1000000015
38484  -42.238  -59.098  -22.706 0.1000000015
39705  -44.013  -57.013  -23.325 0.1000000015
39706  -47.810  -58.085  -23.220 0.1000000015
40853  -43.990  -56.852  -23.814 0.1000000015
