#!ascii label  , from subject sub-01 vox2ras=TkReg
704
68220  -29.397  -29.174  -31.262 0.4285714328
69226  -29.720  -28.270  -31.582 0.2857142985
69227  -30.399  -27.754  -31.593 0.4285714328
70198  -31.010  -27.745  -31.137 0.4285714328
70212  -29.746  -27.062  -32.101 0.2857142985
70226  -30.109  -26.389  -32.203 0.4285714328
70213  -30.763  -26.905  -31.857 0.4285714328
72080  -29.683  -25.166  -31.948 0.4285714328
71166  -30.464  -25.581  -32.137 0.4285714328
72998  -29.875  -24.419  -31.965 0.4285714328
73982  -30.789  -23.509  -32.290 0.4285714328
74980  -29.800  -22.466  -32.423 0.5714285970
73981  -29.951  -23.496  -32.207 0.5714285970
74982  -31.209  -22.629  -32.246 0.2857142985
75996  -30.393  -21.596  -32.535 0.7142857313
75997  -31.044  -21.727  -32.407 0.7142857313
76977  -31.432  -21.056  -32.206 0.7142857313
76978  -31.925  -20.798  -31.804 0.4285714328
75980  -31.565  -21.750  -32.020 0.5714285970
77949  -32.171  -19.679  -31.868 0.5714285970
76993  -31.075  -20.629  -32.501 0.5714285970
77966  -31.650  -19.611  -32.413 0.5714285970
78880  -32.109  -19.073  -32.287 0.5714285970
77965  -30.990  -19.431  -32.725 0.5714285970
77950  -32.662  -19.154  -31.526 0.4285714328
78896  -32.446  -17.920  -32.408 0.5714285970
79831  -32.963  -17.409  -32.288 0.5714285970
79829  -31.646  -17.666  -32.799 0.7142857313
80786  -32.893  -16.510  -32.514 0.7142857313
80772  -33.513  -16.553  -32.006 0.5714285970
78910  -30.527  -17.994  -32.897 0.5714285970
79845  -31.809  -16.978  -32.915 0.8571428657
81713  -33.253  -15.684  -32.148 0.7142857313
79844  -31.150  -17.222  -33.020 0.5714285970
82639  -32.962  -14.999  -32.247 0.7142857313
81714  -33.854  -15.621  -31.626 0.5714285970
80785  -32.307  -16.386  -32.928 0.7142857313
81728  -32.716  -15.623  -32.672 0.7142857313
82623  -32.963  -14.283  -32.045 0.5714285970
83535  -33.873  -14.130  -31.399 0.5714285970
81727  -32.173  -15.493  -33.186 0.5714285970
82638  -32.501  -14.569  -32.736 0.7142857313
83533  -32.654  -13.477  -32.222 0.7142857313
83534  -33.479  -13.522  -31.560 0.7142857313
83566  -31.688  -13.964  -33.646 0.7142857313
85410  -32.559  -11.508  -31.778 0.7142857313
84450  -32.932  -12.503  -31.680 0.5714285970
83550  -31.961  -13.430  -33.126 0.7142857313
82651  -31.394  -14.444  -33.885 0.5714285970
85411  -33.276  -11.531  -31.266 0.5714285970
86362  -32.946  -10.569  -31.415 0.5714285970
83549  -31.604  -12.815  -33.514 0.8571428657
86361  -32.275  -10.533  -31.947 0.7142857313
84464  -31.737  -12.138  -33.103 0.8571428657
85427  -31.988  -11.398  -32.389 0.7142857313
88294  -31.646  -9.196  -32.418 0.8571428657
87308  -32.562  -9.525  -31.572 0.5714285970
86377  -31.740  -10.514  -32.492 0.8571428657
86376  -31.280  -10.529  -33.013 0.8571428657
85426  -31.574  -11.201  -32.885 0.8571428657
88283  -31.417  -8.090  -32.470 0.8571428657
89240  -31.587  -7.468  -32.139 0.8571428657
90192  -31.282  -6.517  -32.340 0.8571428657
87321  -31.460  -9.742  -32.650 0.8571428657
89251  -30.941  -7.523  -32.927 0.8571428657
89262  -30.043  -7.580  -33.919 1.0000000000
88293  -31.216  -8.793  -32.785 0.8571428657
89250  -30.446  -6.983  -33.308 1.0000000000
89263  -30.680  -8.367  -33.389 1.0000000000
91132  -30.395  -5.512  -33.128 1.0000000000
91151  -28.608  -5.611  -34.497 0.7142857313
90199  -30.155  -6.402  -33.492 1.0000000000
90198  -29.590  -6.415  -33.972 1.0000000000
91141  -29.800  -5.512  -33.673 1.0000000000
93915  -29.075  -3.014  -34.160 1.0000000000
92991  -27.939  -3.647  -34.367 0.8571428657
94819  -28.321  -1.643  -34.459 0.8571428657
93922  -27.705  -2.649  -34.344 1.0000000000
96617  -28.437  0.371  -35.111 0.8571428657
95730  -28.044  -0.683  -34.571 0.8571428657
95731  -28.841  -0.620  -34.873 1.0000000000
97490  -27.894  1.343  -35.318 0.8571428657
97491  -28.417  0.999  -35.489 0.8571428657
96601  -27.095  0.287  -33.616 0.5714285970
98320  -27.394  2.429  -34.861 0.7142857313
98331  -27.655  2.411  -36.062 0.5714285970
98306  -26.528  2.140  -32.897 0.5714285970
97475  -26.799  1.326  -33.239 0.5714285970
99032  -27.136  3.592  -34.362 0.4285714328
99017  -26.315  3.490  -31.822 0.2857142985
99025  -26.484  3.360  -32.498 0.2857142985
99010  -26.321  3.584  -30.807 0.2857142985
78895  -31.890  -18.492  -32.600 0.5714285970
87309  -33.175  -9.809  -31.077 0.5714285970
84465  -32.256  -12.430  -32.339 0.7142857313
87322  -31.942  -9.678  -32.186 0.8571428657
88284  -31.883  -8.590  -32.026 0.8571428657
92062  -29.434  -4.597  -33.930 0.8571428657
98998  -27.565  4.087  -29.991 0.1428571492
70211  -28.839  -27.356  -31.784 0.2857142985
71150  -28.916  -26.259  -31.822 0.2857142985
71151  -29.571  -25.982  -32.046 0.2857142985
71165  -30.049  -25.717  -32.165 0.4285714328
72094  -30.740  -25.073  -32.110 0.4285714328
73014  -31.127  -24.351  -32.095 0.4285714328
73980  -29.456  -23.001  -32.164 0.5714285970
74981  -30.535  -22.594  -32.454 0.5714285970
75995  -29.574  -21.491  -32.509 0.2857142985
76994  -31.640  -20.353  -32.184 0.4285714328
78868  -33.241  -18.706  -31.122 0.4285714328
77980  -30.579  -18.792  -32.779 0.7142857313
78894  -31.142  -18.279  -32.837 0.7142857313
78881  -32.621  -18.479  -31.976 0.7142857313
79818  -33.557  -17.533  -31.583 0.4285714328
79843  -30.368  -17.115  -33.185 0.5714285970
80800  -30.933  -16.251  -33.451 0.5714285970
82625  -34.173  -14.692  -31.302 0.5714285970
83517  -33.938  -13.001  -31.181 0.5714285970
81744  -31.515  -15.393  -33.605 0.8571428657
88273  -32.590  -8.431  -31.271 0.5714285970
87338  -30.986  -9.749  -33.138 1.0000000000
90191  -30.679  -6.417  -32.929 1.0000000000
91140  -29.233  -5.577  -34.171 0.8571428657
92072  -28.333  -4.624  -34.467 0.7142857313
92061  -28.941  -4.292  -34.259 1.0000000000
92985  -29.902  -3.646  -33.659 1.0000000000
92983  -28.685  -3.650  -34.272 0.7142857313
92984  -29.274  -3.652  -34.042 1.0000000000
92071  -27.395  -4.641  -34.526 0.7142857313
93923  -28.584  -2.653  -34.299 0.8571428657
94820  -29.260  -1.580  -34.441 1.0000000000
98296  -26.565  2.865  -32.907 0.7142857313
97476  -27.377  1.352  -34.151 0.5714285970
97464  -25.987  1.412  -32.534 0.4285714328
99026  -26.835  3.625  -33.153 0.4285714328
99042  -27.170  3.409  -35.640 0.4285714328
99779  -27.309  4.389  -34.409 0.4285714328
99018  -26.853  3.977  -32.203 0.2857142985
99774  -27.318  4.300  -33.658 0.4285714328
76992  -30.275  -20.535  -32.587 0.4285714328
77964  -30.105  -19.554  -32.627 0.4285714328
98307  -26.988  2.474  -33.618 0.7142857313
69225  -28.765  -28.396  -31.638 0.2857142985
72997  -29.348  -24.487  -31.799 0.2857142985
73013  -30.428  -24.322  -32.116 0.4285714328
73968  -29.605  -23.979  -31.876 0.4285714328
79830  -32.291  -17.337  -32.653 0.7142857313
80801  -31.687  -16.307  -33.253 0.5714285970
82624  -33.474  -14.722  -31.713 0.5714285970
82652  -31.912  -14.566  -33.420 0.8571428657
85444  -31.272  -11.366  -33.523 0.8571428657
92073  -28.931  -4.934  -34.342 0.8571428657
96616  -27.733  0.307  -34.446 0.8571428657
97460  -25.711  2.100  -32.083 0.4285714328
98295  -26.137  2.624  -32.357 0.4285714328
98282  -25.405  3.304  -30.957 0.2857142985
99011  -27.120  3.941  -31.248 0.2857142985
72079  -29.083  -25.299  -31.802 0.2857142985
102236  -27.685  7.262  -35.678 0.2857142985
103174  -28.400  8.188  -34.489 0.1428571492
100570  -27.335  5.736  -35.560 0.2857142985
101346  -27.222  6.364  -36.035 0.2857142985
102237  -28.333  7.274  -34.899 0.1428571492
99775  -27.956  4.805  -33.226 0.1428571492
100563  -27.735  5.385  -34.835 0.2857142985
100555  -28.352  5.484  -33.750 0.1428571492
101355  -26.728  6.243  -36.876 0.2857142985
100595  -28.778  4.936  -37.375 0.2857142985
100593  -27.130  4.994  -37.691 0.2857142985
102229  -28.960  7.443  -33.900 0.1428571492
99786  -27.080  4.540  -35.236 0.2857142985
99066  -27.656  3.309  -37.512 0.2857142985
100569  -26.830  5.357  -36.110 0.2857142985
100562  -27.184  5.243  -35.450 0.2857142985
99056  -29.684  3.487  -36.178 0.1428571492
99075  -27.820  3.739  -37.597 0.2857142985
101340  -28.533  6.368  -34.352 0.1428571492
99798  -26.859  4.283  -36.382 0.2857142985
99802  -32.522  4.265  -35.195 0.1428571492
99801  -31.383  4.423  -35.862 0.1428571492
99814  -28.601  3.965  -37.276 0.4285714328
99055  -27.253  3.298  -36.713 0.2857142985
97493  -30.611  1.501  -34.755 0.2857142985
98333  -28.944  2.451  -36.413 0.4285714328
98342  -27.669  2.605  -36.966 0.2857142985
97494  -31.466  1.562  -34.207 0.1428571492
98334  -30.182  2.529  -35.570 0.2857142985
98332  -28.132  2.104  -36.556 0.4285714328
97508  -29.408  1.553  -35.580 0.5714285970
97506  -28.071  1.838  -35.984 0.7142857313
96603  -31.139  0.457  -33.690 0.1428571492
96620  -30.818  1.025  -34.233 0.1428571492
97507  -28.575  1.516  -35.833 0.7142857313
97492  -29.926  1.150  -35.063 0.4285714328
95720  -32.261  -0.397  -32.600 0.2857142985
95718  -30.692  -0.653  -33.692 0.7142857313
96630  -28.763  0.865  -35.525 0.7142857313
95733  -30.190  -0.600  -34.284 0.8571428657
96618  -29.304  0.487  -35.255 0.5714285970
94799  -32.080  -1.687  -32.046 0.2857142985
95704  -31.973  -0.976  -32.424 0.2857142985
95732  -29.636  -0.521  -34.729 0.7142857313
95717  -27.289  -0.732  -34.013 0.5714285970
93905  -32.155  -2.412  -31.695 0.1428571492
94811  -30.845  -1.559  -33.253 0.7142857313
93894  -32.485  -2.857  -31.168 0.1428571492
87351  -28.752  -9.477  -34.715 0.5714285970
89261  -29.406  -6.984  -34.223 0.8571428657
89279  -28.961  -7.519  -34.508 0.4285714328
90212  -29.025  -6.433  -34.392 0.5714285970
92972  -30.469  -3.694  -33.059 0.8571428657
93916  -29.653  -2.720  -33.972 0.8571428657
93893  -31.976  -3.081  -31.652 0.2857142985
93917  -30.396  -2.639  -33.379 0.8571428657
92951  -32.763  -3.678  -30.855 0.4285714328
93904  -31.552  -2.695  -32.279 0.7142857313
89280  -29.482  -8.124  -34.358 0.5714285970
88322  -29.137  -8.650  -34.582 0.5714285970
92063  -30.121  -4.592  -33.393 0.8571428657
92964  -32.131  -3.747  -31.248 0.4285714328
92973  -31.047  -3.724  -32.469 0.8571428657
93903  -30.883  -3.000  -32.801 0.8571428657
92043  -32.572  -4.562  -31.001 0.4285714328
82662  -30.346  -13.957  -34.473 0.7142857313
83575  -29.217  -13.213  -34.707 0.4285714328
82663  -30.885  -14.128  -34.271 0.7142857313
85459  -31.066  -11.719  -34.101 0.8571428657
85457  -29.760  -11.436  -34.698 0.5714285970
86406  -29.225  -10.475  -34.661 0.5714285970
86405  -28.427  -10.378  -34.755 0.4285714328
85443  -30.857  -11.127  -33.963 0.8571428657
86407  -29.938  -10.534  -34.458 0.5714285970
88306  -30.299  -8.873  -33.789 0.7142857313
87352  -29.488  -9.595  -34.506 0.5714285970
90183  -31.925  -6.557  -31.700 0.7142857313
91133  -30.987  -5.549  -32.534 0.7142857313
92051  -30.691  -4.617  -32.777 0.8571428657
90175  -33.394  -6.390  -30.119 0.2857142985
91123  -32.386  -5.607  -31.207 0.4285714328
81755  -30.105  -14.651  -34.236 0.4285714328
82661  -29.698  -13.976  -34.463 0.4285714328
84478  -31.370  -12.298  -33.813 0.7142857313
86393  -30.901  -10.518  -33.573 0.8571428657
89241  -32.182  -7.530  -31.503 0.7142857313
90174  -32.865  -6.603  -30.540 0.2857142985
90184  -32.479  -6.644  -31.136 0.5714285970
80799  -30.121  -16.235  -33.530 0.5714285970
81743  -30.691  -15.161  -33.981 0.5714285970
81756  -30.537  -14.485  -34.278 0.5714285970
87299  -33.033  -9.089  -31.045 0.4285714328
88274  -33.167  -8.359  -30.653 0.4285714328
89231  -33.371  -7.375  -30.169 0.4285714328
89230  -32.730  -7.494  -30.845 0.4285714328
77979  -29.951  -18.697  -32.735 0.5714285970
81699  -34.580  -15.537  -31.201 0.4285714328
86353  -34.082  -11.078  -30.365 0.4285714328
86339  -34.378  -10.464  -29.840 0.4285714328
73015  -31.547  -24.171  -31.889 0.1428571492
84435  -34.184  -12.494  -30.794 0.4285714328
85397  -34.487  -11.652  -30.218 0.4285714328
74967  -31.798  -22.564  -31.819 0.1428571492
75981  -32.128  -21.684  -31.564 0.1428571492
77935  -32.672  -19.817  -31.156 0.2857142985
80743  -35.249  -16.826  -30.342 0.2857142985
82610  -35.570  -14.526  -30.265 0.2857142985
81700  -35.223  -15.434  -30.666 0.2857142985
79819  -34.232  -17.177  -31.064 0.4285714328
82609  -34.866  -14.556  -30.825 0.2857142985
83519  -35.165  -13.604  -30.320 0.2857142985
73969  -32.076  -23.239  -31.633 0.1428571492
75966  -32.669  -21.631  -31.004 0.2857142985
76963  -32.426  -20.810  -31.279 0.2857142985
78869  -33.929  -18.569  -30.323 0.2857142985
79807  -34.605  -17.543  -30.445 0.2857142985
79806  -33.909  -17.887  -30.897 0.2857142985
74968  -32.375  -22.509  -31.362 0.1428571492
76965  -33.622  -20.555  -30.034 0.2857142985
74952  -32.935  -22.519  -30.805 0.2857142985
76964  -32.933  -20.656  -30.646 0.2857142985
77936  -33.335  -19.594  -30.411 0.2857142985
72081  -31.364  -25.156  -31.939 0.1428571492
72999  -31.601  -24.595  -31.878 0.1428571492
69210  -30.028  -29.084  -30.809 0.2857142985
68203  -29.800  -29.781  -30.539 0.2857142985
67247  -29.237  -29.923  -31.022 0.2857142985
71152  -31.019  -25.916  -32.004 0.2857142985
68204  -30.673  -29.731  -30.077 0.1428571492
67236  -29.474  -30.628  -30.186 0.2857142985
75967  -33.278  -21.576  -30.429 0.2857142985
77921  -34.099  -19.486  -29.778 0.2857142985
80760  -35.428  -16.125  -30.418 0.2857142985
84437  -35.486  -12.694  -29.736 0.2857142985
84488  -30.276  -12.352  -34.714 0.7142857313
84436  -34.780  -12.672  -30.303 0.4285714328
87353  -30.090  -9.676  -34.152 0.5714285970
91112  -32.659  -6.111  -30.836 0.5714285970
92042  -31.845  -4.650  -31.467 0.7142857313
93924  -29.223  -2.404  -34.224 0.8571428657
92044  -33.011  -4.843  -30.669 0.2857142985
94810  -30.098  -1.629  -34.033 0.8571428657
94798  -31.485  -1.622  -32.635 0.5714285970
97509  -30.135  1.752  -35.235 0.4285714328
101334  -28.967  6.515  -33.048 0.1428571492
99068  -28.984  3.235  -36.852 0.2857142985
99057  -30.718  3.498  -35.749 0.1428571492
101365  -26.932  6.104  -37.711 0.2857142985
69211  -30.697  -28.567  -30.805 0.1428571492
73000  -32.094  -24.180  -31.641 0.1428571492
73970  -32.608  -23.373  -31.227 0.1428571492
77934  -32.286  -20.270  -31.526 0.2857142985
79791  -35.417  -17.552  -29.988 0.2857142985
81754  -29.408  -14.759  -34.085 0.2857142985
83504  -35.902  -13.614  -29.704 0.2857142985
85383  -35.737  -11.621  -29.197 0.2857142985
83577  -30.653  -13.238  -34.482 0.7142857313
83565  -31.350  -13.351  -33.947 0.5714285970
84486  -28.655  -12.312  -34.760 0.4285714328
84487  -29.520  -12.329  -34.862 0.5714285970
85398  -35.075  -11.989  -29.786 0.4285714328
87350  -27.898  -9.345  -34.674 0.2857142985
84451  -33.637  -12.442  -31.231 0.4285714328
88321  -28.330  -8.451  -34.690 0.2857142985
87284  -34.080  -9.323  -29.815 0.4285714328
87300  -33.518  -9.355  -30.495 0.4285714328
88258  -34.374  -8.389  -29.463 0.1428571492
89217  -33.980  -7.652  -29.650 0.1428571492
91113  -33.026  -5.617  -30.512 0.2857142985
94821  -29.809  -1.084  -34.416 0.8571428657
94777  -33.309  -2.279  -30.788 0.2857142985
99766  -27.406  4.362  -32.712 0.2857142985
95692  -33.254  -1.029  -31.508 0.1428571492
96602  -30.545  -0.080  -34.030 0.5714285970
95705  -32.696  -0.728  -32.019 0.1428571492
95719  -31.491  -0.587  -32.979 0.1428571492
97477  -32.011  1.169  -33.572 0.1428571492
101333  -28.731  6.173  -33.602 0.1428571492
96619  -30.274  0.421  -34.535 0.5714285970
96604  -32.337  0.435  -32.915 0.1428571492
98344  -28.632  2.871  -37.044 0.2857142985
98321  -30.554  2.042  -35.161 0.2857142985
98322  -31.254  2.410  -35.033 0.1428571492
99058  -31.618  3.454  -35.318 0.1428571492
99827  -28.675  4.278  -37.280 0.2857142985
100596  -29.661  5.462  -37.288 0.2857142985
100582  -29.964  5.028  -36.829 0.1428571492
100583  -31.009  5.246  -36.471 0.1428571492
69212  -31.656  -28.289  -30.584 0.1428571492
72083  -32.569  -25.086  -31.430 0.1428571492
81686  -35.841  -15.441  -30.141 0.2857142985
91097  -33.845  -5.695  -29.932 0.2857142985
100584  -32.041  5.526  -36.275 0.1428571492
101369  -30.291  6.292  -37.673 0.2857142985
68219  -28.659  -29.354  -31.497 0.2857142985
70199  -31.706  -27.300  -31.058 0.1428571492
70214  -31.467  -26.527  -31.576 0.1428571492
73983  -31.490  -23.529  -31.953 0.1428571492
80773  -34.137  -16.483  -31.433 0.4285714328
86352  -33.632  -10.547  -30.672 0.4285714328
91122  -31.576  -5.592  -31.856 0.7142857313
88307  -30.711  -9.109  -33.323 0.8571428657
83518  -34.335  -13.576  -30.996 0.4285714328
88323  -29.766  -8.749  -34.256 0.5714285970
99787  -27.455  4.776  -34.654 0.2857142985
99780  -27.763  4.795  -34.119 0.2857142985
101347  -27.860  6.375  -35.285 0.2857142985
103186  -28.002  7.981  -35.233 0.1428571492
99825  -27.600  4.161  -37.600 0.2857142985
101341  -28.926  6.691  -33.687 0.1428571492
99826  -28.201  4.079  -37.514 0.2857142985
98343  -28.222  2.628  -37.189 0.2857142985
100580  -26.729  5.160  -37.078 0.2857142985
99816  -30.191  4.578  -36.438 0.1428571492
99800  -30.416  4.136  -36.096 0.1428571492
99813  -27.148  4.174  -37.201 0.2857142985
100571  -31.671  5.083  -36.068 0.1428571492
99815  -29.219  4.203  -36.872 0.1428571492
96631  -29.023  1.046  -35.663 0.5714285970
98323  -32.128  2.500  -34.325 0.1428571492
98335  -30.979  2.949  -35.469 0.2857142985
89278  -27.881  -7.449  -34.602 0.4285714328
92963  -31.550  -3.738  -31.804 0.4285714328
93918  -31.024  -2.294  -32.866 0.8571428657
92052  -31.247  -4.645  -32.127 0.7142857313
83576  -30.008  -13.203  -34.815 0.4285714328
84489  -30.932  -12.400  -34.341 0.7142857313
85458  -30.497  -11.455  -34.388 0.7142857313
85456  -28.967  -11.383  -34.793 0.4285714328
85455  -28.109  -11.315  -34.745 0.2857142985
86392  -30.472  -10.525  -34.059 0.7142857313
87337  -30.558  -9.752  -33.673 0.8571428657
81742  -29.788  -15.462  -33.875 0.5714285970
85396  -33.880  -11.627  -30.757 0.4285714328
86338  -33.878  -9.929  -30.188 0.4285714328
80759  -34.819  -16.449  -30.840 0.2857142985
78855  -34.754  -18.484  -29.851 0.2857142985
67237  -30.087  -30.198  -29.992 0.1428571492
68186  -31.645  -29.995  -29.579 0.1428571492
88257  -33.737  -8.412  -30.036 0.2857142985
100556  -28.692  5.879  -33.123 0.1428571492
68205  -31.606  -29.227  -30.141 0.1428571492
100549  -28.459  5.356  -32.789 0.1428571492
94808  -26.735  -1.735  -33.899 0.5714285970
92982  -26.527  -3.286  -34.114 0.4285714328
93914  -26.946  -2.610  -34.209 0.4285714328
92990  -27.026  -3.633  -34.365 0.4285714328
94818  -27.508  -1.687  -34.283 0.4285714328
91149  -26.965  -5.631  -34.526 0.4285714328
92070  -26.449  -4.706  -34.348 0.4285714328
90211  -28.270  -6.523  -34.574 0.5714285970
82596  -37.044  -14.614  -29.207 0.1428571492
82595  -36.266  -14.559  -29.693 0.1428571492
83505  -36.694  -13.640  -29.139 0.1428571492
74979  -28.886  -22.477  -32.165 0.2857142985
81689  -38.269  -15.596  -29.108 0.1428571492
81688  -37.378  -15.575  -29.288 0.1428571492
82598  -38.787  -14.651  -29.248 0.1428571492
79792  -36.271  -17.513  -29.693 0.1428571492
80745  -36.824  -16.528  -29.543 0.1428571492
80744  -35.947  -16.497  -29.992 0.1428571492
80746  -37.689  -16.557  -29.187 0.1428571492
80748  -39.443  -16.586  -29.528 0.1428571492
81729  -40.558  -15.685  -32.566 0.1428571492
81702  -40.312  -15.731  -30.599 0.1428571492
82612  -40.404  -14.945  -31.165 0.1428571492
73967  -29.109  -23.575  -31.861 0.2857142985
74966  -28.559  -23.139  -31.876 0.2857142985
77922  -35.033  -19.472  -29.543 0.1428571492
77923  -35.991  -19.487  -29.527 0.1428571492
78856  -35.657  -18.485  -29.608 0.1428571492
79794  -38.029  -17.545  -29.184 0.1428571492
79793  -37.139  -17.524  -29.380 0.1428571492
79795  -38.911  -17.545  -29.386 0.1428571492
80762  -40.580  -16.653  -30.892 0.1428571492
81715  -40.569  -15.777  -31.517 0.1428571492
72996  -28.651  -24.485  -31.701 0.2857142985
72995  -27.798  -24.497  -31.644 0.2857142985
76951  -34.481  -20.507  -29.708 0.1428571492
76952  -35.413  -20.487  -29.696 0.1428571492
78859  -38.352  -18.443  -29.501 0.1428571492
78857  -36.580  -18.499  -29.488 0.1428571492
79796  -39.696  -17.557  -29.798 0.1428571492
81746  -40.187  -15.503  -33.782 0.1428571492
75968  -34.002  -21.546  -29.944 0.1428571492
75954  -34.886  -21.493  -29.882 0.1428571492
76953  -36.347  -20.475  -29.803 0.1428571492
75955  -35.761  -21.455  -29.951 0.1428571492
77937  -38.337  -19.608  -30.290 0.1428571492
77926  -38.594  -19.094  -29.884 0.1428571492
77924  -36.953  -19.489  -29.581 0.1428571492
78860  -39.154  -18.472  -29.732 0.1428571492
80774  -40.993  -16.748  -31.951 0.1428571492
78871  -40.500  -18.467  -30.774 0.1428571492
80787  -40.808  -16.412  -33.171 0.1428571492
80788  -41.237  -17.181  -32.726 0.1428571492
74941  -35.272  -22.440  -30.053 0.1428571492
74953  -33.631  -22.516  -30.351 0.1428571492
75956  -36.581  -21.435  -30.156 0.1428571492
76954  -37.338  -20.430  -30.188 0.1428571492
76968  -39.056  -19.891  -31.077 0.1428571492
76967  -38.230  -20.362  -30.919 0.1428571492
77951  -39.642  -19.673  -31.046 0.1428571492
77938  -39.135  -19.360  -30.435 0.1428571492
79820  -41.148  -17.725  -31.751 0.1428571492
78870  -39.896  -18.495  -30.163 0.1428571492
74944  -37.427  -22.397  -30.579 0.1428571492
74942  -36.097  -22.403  -30.067 0.1428571492
75969  -37.619  -21.442  -30.917 0.1428571492
78882  -40.901  -18.362  -31.342 0.1428571492
75957  -37.187  -21.488  -30.487 0.1428571492
78858  -37.486  -18.488  -29.442 0.1428571492
80802  -40.625  -16.375  -34.269 0.1428571492
81758  -40.112  -15.731  -34.869 0.1428571492
91150  -27.811  -5.596  -34.605 0.4285714328
82641  -40.216  -14.762  -32.908 0.1428571492
82611  -40.089  -14.821  -30.382 0.1428571492
82626  -40.514  -14.944  -32.033 0.1428571492
84423  -36.315  -12.641  -29.190 0.1428571492
101368  -29.138  5.950  -37.774 0.1428571492
85382  -34.951  -11.268  -29.559 0.1428571492
81687  -36.545  -15.533  -29.657 0.1428571492
82597  -37.932  -14.640  -29.020 0.1428571492
81690  -39.154  -15.611  -29.316 0.1428571492
80747  -38.605  -16.574  -29.171 0.1428571492
83507  -38.457  -13.700  -29.098 0.1428571492
82599  -39.527  -14.694  -29.735 0.1428571492
81701  -39.863  -15.656  -29.852 0.1428571492
80761  -40.121  -16.615  -30.089 0.1428571492
79808  -40.352  -17.566  -30.379 0.1428571492
79809  -40.823  -17.576  -31.119 0.1428571492
74954  -34.429  -22.488  -30.114 0.1428571492
77925  -37.862  -19.368  -29.845 0.1428571492
76955  -37.924  -19.924  -30.325 0.1428571492
77939  -40.035  -19.177  -30.656 0.1428571492
77952  -40.514  -19.397  -31.524 0.1428571492
76966  -37.534  -20.888  -30.682 0.1428571492
66278  -27.712  -30.930  -31.150 0.1428571492
67246  -28.614  -30.415  -31.123 0.1428571492
67245  -27.714  -30.281  -31.381 0.1428571492
68218  -27.824  -29.444  -31.522 0.1428571492
69224  -27.948  -28.490  -31.487 0.1428571492
70210  -28.063  -27.546  -31.439 0.1428571492
71135  -27.469  -26.928  -31.286 0.1428571492
71149  -28.038  -26.456  -31.458 0.1428571492
71134  -26.708  -26.702  -31.136 0.1428571492
71148  -27.243  -26.282  -31.313 0.1428571492
72077  -27.355  -25.444  -31.454 0.1428571492
72078  -28.312  -25.401  -31.604 0.1428571492
72994  -26.924  -24.431  -31.551 0.1428571492
74965  -27.995  -22.846  -31.869 0.1428571492
73965  -27.394  -23.541  -31.712 0.1428571492
74978  -27.930  -21.930  -32.046 0.2857142985
76991  -29.399  -20.444  -32.550 0.2857142985
79842  -29.611  -17.089  -33.194 0.4285714328
90209  -26.688  -6.526  -34.350 0.2857142985
92980  -25.259  -3.648  -33.423 0.2857142985
93913  -26.300  -2.658  -33.865 0.2857142985
93912  -25.585  -2.753  -33.572 0.4285714328
73966  -28.240  -23.682  -31.766 0.1428571492
74977  -27.315  -21.617  -32.103 0.1428571492
72076  -26.547  -25.187  -31.388 0.1428571492
74964  -27.000  -22.340  -31.862 0.1428571492
75993  -27.734  -21.068  -32.275 0.2857142985
75994  -28.662  -21.291  -32.359 0.2857142985
76990  -28.443  -20.271  -32.523 0.2857142985
77978  -29.195  -18.556  -32.718 0.4285714328
79841  -28.819  -17.138  -33.008 0.2857142985
89277  -27.071  -7.374  -34.395 0.2857142985
90210  -27.416  -6.523  -34.504 0.2857142985
92059  -25.722  -4.655  -33.857 0.2857142985
92058  -24.843  -4.527  -33.118 0.2857142985
92981  -26.019  -3.609  -33.811 0.2857142985
91148  -26.287  -5.731  -34.369 0.2857142985
91139  -25.338  -5.542  -33.550 0.2857142985
92069  -25.999  -5.204  -34.276 0.2857142985
92060  -26.138  -4.228  -34.058 0.2857142985
90208  -26.095  -6.521  -34.179 0.2857142985
90197  -25.607  -6.461  -33.825 0.2857142985
91147  -25.802  -5.699  -34.081 0.2857142985
78909  -29.820  -17.867  -32.915 0.4285714328
77963  -29.237  -19.448  -32.620 0.4285714328
92989  -26.431  -3.904  -34.129 0.2857142985
66279  -28.156  -30.816  -31.168 0.1428571492
69209  -27.172  -28.537  -31.206 0.1428571492
70197  -27.321  -27.643  -31.213 0.1428571492
78908  -29.089  -17.836  -32.855 0.4285714328
90196  -25.083  -6.382  -33.391 0.2857142985
80798  -29.335  -16.303  -33.448 0.2857142985
104092  -28.138  9.452  -38.998 0.1428571492
103211  -28.673  8.444  -39.374 0.1428571492
102263  -28.063  7.447  -38.724 0.1428571492
101380  -28.393  6.510  -38.327 0.1428571492
104971  -28.394  10.423  -39.335 0.1428571492
101379  -27.472  6.672  -38.217 0.1428571492
102251  -26.988  7.211  -37.491 0.1428571492
104072  -27.250  9.358  -36.359 0.1428571492
81741  -29.011  -15.523  -33.712 0.2857142985
81753  -28.765  -14.804  -33.907 0.2857142985
101381  -29.522  6.718  -38.413 0.1428571492
103212  -29.212  7.979  -39.570 0.1428571492
101367  -28.306  5.636  -37.779 0.1428571492
102264  -29.034  7.393  -39.094 0.1428571492
100594  -27.881  4.904  -37.676 0.1428571492
103204  -27.373  8.348  -37.788 0.1428571492
103196  -27.238  8.310  -36.898 0.1428571492
102244  -27.231  7.263  -36.532 0.1428571492
103185  -27.534  8.345  -35.898 0.1428571492
101366  -27.608  5.800  -37.895 0.1428571492
103210  -27.808  8.411  -38.605 0.1428571492
104091  -27.624  9.416  -38.183 0.1428571492
102262  -27.373  7.459  -38.205 0.1428571492
104970  -27.850  10.454  -38.605 0.1428571492
89275  -25.894  -7.312  -33.961 0.1428571492
89276  -26.443  -7.321  -34.189 0.1428571492
91138  -24.798  -5.519  -33.040 0.1428571492
91118  -21.959  -5.648  -31.845 0.1428571492
91129  -22.530  -5.313  -32.221 0.1428571492
88319  -26.739  -8.143  -34.305 0.1428571492
91131  -24.205  -5.460  -32.698 0.1428571492
92047  -22.091  -4.276  -32.084 0.1428571492
92970  -23.334  -3.490  -32.691 0.1428571492
92969  -22.418  -3.456  -32.273 0.2857142985
87349  -26.950  -9.231  -34.321 0.1428571492
92031  -33.099  -4.283  -30.708 0.1428571492
89260  -25.349  -7.290  -33.600 0.1428571492
92971  -23.863  -3.200  -33.000 0.1428571492
93901  -23.492  -2.572  -32.761 0.2857142985
94805  -24.503  -2.105  -33.169 0.2857142985
96577  -24.298  0.914  -31.752 0.2857142985
96576  -23.550  0.874  -31.569 0.2857142985
97459  -25.132  1.567  -31.810 0.2857142985
99009  -25.710  3.513  -30.263 0.1428571492
94807  -25.964  -1.862  -33.598 0.2857142985
95715  -25.664  -1.297  -33.418 0.2857142985
95701  -24.226  -0.612  -32.693 0.2857142985
96585  -23.832  0.244  -32.173 0.2857142985
96600  -26.322  0.397  -33.088 0.2857142985
96586  -24.800  0.411  -32.435 0.2857142985
98290  -25.606  2.835  -31.663 0.1428571492
97457  -23.288  1.344  -31.140 0.2857142985
99758  -27.611  4.389  -31.780 0.1428571492
99748  -27.815  4.439  -30.908 0.1428571492
95691  -22.740  0.057  -31.842 0.1428571492
95690  -22.084  -0.386  -31.568 0.1428571492
93900  -22.731  -2.586  -32.369 0.2857142985
98289  -24.820  2.614  -31.188 0.1428571492
97458  -24.014  1.746  -31.127 0.2857142985
98288  -24.228  2.596  -30.731 0.1428571492
92038  -21.316  -4.236  -31.589 0.2857142985
97450  -22.924  1.963  -30.451 0.1428571492
98995  -24.722  3.596  -29.044 0.1428571492
98279  -23.137  2.881  -29.697 0.1428571492
92941  -19.677  -4.416  -29.341 0.1428571492
93886  -33.698  -2.933  -30.380 0.1428571492
90159  -33.984  -6.695  -29.562 0.1428571492
86404  -27.589  -10.296  -34.583 0.1428571492
87348  -26.509  -8.639  -34.119 0.1428571492
92953  -34.091  -3.739  -30.249 0.1428571492
88318  -26.208  -8.117  -34.065 0.1428571492
89259  -24.756  -7.199  -33.166 0.1428571492
89249  -24.212  -6.993  -32.814 0.1428571492
90188  -23.068  -6.291  -32.452 0.1428571492
92050  -24.500  -4.966  -32.805 0.1428571492
92057  -24.310  -4.035  -32.970 0.1428571492
92968  -21.572  -3.393  -31.824 0.2857142985
94796  -23.857  -1.682  -32.823 0.1428571492
94795  -22.993  -1.700  -32.423 0.1428571492
95700  -23.148  -0.589  -32.270 0.1428571492
97436  -22.577  2.578  -29.658 0.1428571492
97449  -22.140  1.522  -30.250 0.2857142985
97451  -23.744  2.314  -30.629 0.1428571492
98280  -23.827  2.959  -30.180 0.1428571492
98266  -24.501  3.489  -29.691 0.1428571492
98281  -24.791  3.311  -30.443 0.1428571492
92032  -33.669  -4.661  -30.353 0.1428571492
92033  -34.361  -4.387  -30.012 0.1428571492
96587  -25.615  0.376  -32.772 0.2857142985
97463  -25.412  0.911  -32.344 0.2857142985
85454  -27.320  -11.244  -34.394 0.1428571492
95716  -26.292  -0.742  -33.479 0.2857142985
88320  -27.440  -8.318  -34.549 0.1428571492
90160  -34.542  -6.621  -29.236 0.1428571492
92979  -24.442  -3.508  -33.158 0.1428571492
93911  -24.824  -2.774  -33.348 0.1428571492
90190  -24.522  -6.294  -32.935 0.1428571492
88304  -25.004  -8.204  -33.262 0.1428571492
88305  -25.645  -8.217  -33.725 0.1428571492
91130  -23.421  -5.350  -32.512 0.1428571492
92048  -22.931  -4.391  -32.491 0.1428571492
92049  -23.949  -4.473  -32.751 0.1428571492
92978  -23.972  -3.731  -32.950 0.1428571492
93902  -24.132  -2.660  -33.132 0.2857142985
94797  -24.598  -1.409  -33.042 0.2857142985
94806  -25.180  -1.857  -33.366 0.2857142985
96575  -22.722  0.770  -31.345 0.1428571492
98996  -25.439  3.557  -29.428 0.1428571492
95702  -25.271  -0.671  -33.073 0.2857142985
95703  -25.895  -0.182  -33.084 0.2857142985
99759  -28.271  4.865  -31.354 0.1428571492
95699  -22.587  -1.076  -32.104 0.2857142985
75991  -26.228  -20.505  -31.928 0.1428571492
76989  -27.443  -20.145  -32.406 0.1428571492
76987  -26.044  -19.846  -31.835 0.1428571492
77960  -26.291  -19.103  -32.320 0.1428571492
78891  -26.261  -18.640  -32.453 0.1428571492
77961  -27.074  -19.271  -32.471 0.1428571492
78905  -26.279  -18.197  -32.558 0.1428571492
77962  -28.210  -19.117  -32.622 0.1428571492
78906  -27.187  -18.046  -32.611 0.1428571492
78907  -28.196  -18.066  -32.697 0.1428571492
77977  -28.694  -18.395  -32.705 0.1428571492
79840  -27.885  -17.222  -32.725 0.1428571492
79839  -26.881  -17.334  -32.630 0.1428571492
80797  -28.524  -16.305  -33.147 0.1428571492
82660  -28.946  -14.075  -34.303 0.1428571492
75979  -26.311  -21.768  -31.827 0.1428571492
96568  -22.309  1.126  -30.689 0.1428571492
76988  -26.623  -19.965  -32.142 0.1428571492
75992  -26.723  -21.094  -32.127 0.1428571492
77959  -25.661  -18.896  -32.139 0.1428571492
78892  -26.699  -18.653  -32.512 0.1428571492
78893  -27.439  -18.639  -32.582 0.1428571492
79838  -26.039  -17.402  -32.614 0.1428571492
78904  -25.702  -18.124  -32.484 0.1428571492
75978  -25.649  -21.170  -31.614 0.1428571492
70227  -30.470  -26.118  -32.147 0.4285714328
72093  -30.185  -25.052  -32.066 0.4285714328
77976  -26.007  -18.650  -32.398 0.1428571492
83552  -40.318  -14.414  -32.309 0.1428571492
90189  -23.849  -6.254  -32.628 0.1428571492
91124  -32.737  -5.150  -30.841 0.2857142985
92922  -19.649  -4.474  -29.087 0.1428571492
92952  -33.406  -3.702  -30.564 0.1428571492
93885  -33.006  -2.953  -30.653 0.2857142985
94776  -32.864  -2.454  -30.959 0.4285714328
94809  -29.564  -2.082  -34.192 0.8571428657
96584  -23.163  0.303  -31.907 0.2857142985
99059  -32.283  3.579  -34.953 0.1428571492
99067  -28.423  3.419  -37.330 0.2857142985
99076  -28.006  3.576  -37.608 0.2857142985
99799  -29.824  4.142  -36.310 0.1428571492
99817  -30.777  4.582  -36.247 0.1428571492
100581  -29.392  4.918  -37.065 0.2857142985
101378  -27.063  6.839  -37.996 0.1428571492
102230  -29.085  7.006  -33.398 0.1428571492
