#!ascii label  , from subject sub-01 vox2ras=TkReg
273
78880  -32.109  -19.073  -32.287 0.0000000000
81755  -30.105  -14.651  -34.236 0.0000000000
92990  -27.026  -3.633  -34.365 0.0000000000
90198  -29.590  -6.415  -33.972 0.0000000000
87321  -31.460  -9.742  -32.650 0.0000000000
83535  -33.873  -14.130  -31.399 0.0000000000
93912  -25.585  -2.753  -33.572 0.0000000000
89263  -30.680  -8.367  -33.389 0.0000000000
86407  -29.938  -10.534  -34.458 0.0000000000
79845  -31.809  -16.978  -32.915 0.0000000000
82638  -32.501  -14.569  -32.736 0.0000000000
80772  -33.513  -16.553  -32.006 0.0000000000
73980  -29.456  -23.001  -32.164 0.0000000000
77980  -30.579  -18.792  -32.779 0.0000000000
98296  -26.565  2.865  -32.907 0.0000000000
97476  -27.377  1.352  -34.151 0.0000000000
96616  -27.733  0.307  -34.446 0.0000000000
95731  -28.841  -0.620  -34.873 0.0000000000
94810  -30.098  -1.629  -34.033 0.0000000000
92072  -28.333  -4.624  -34.467 0.0000000000
93903  -30.883  -3.000  -32.801 0.0000000000
92042  -31.845  -4.650  -31.467 0.0000000000
90184  -32.479  -6.644  -31.136 0.0000000000
87300  -33.518  -9.355  -30.495 0.0000000000
84478  -31.370  -12.298  -33.813 0.0000000000
85410  -32.559  -11.508  -31.778 0.0000000000
87351  -28.752  -9.477  -34.715 0.0000000000
86405  -28.427  -10.378  -34.755 0.0000000000
79829  -31.646  -17.666  -32.799 0.0000000000
80785  -32.307  -16.386  -32.928 0.0000000000
79831  -32.963  -17.409  -32.288 0.0000000000
69227  -30.399  -27.754  -31.593 0.0000000000
70226  -30.109  -26.389  -32.203 0.0000000000
71165  -30.049  -25.717  -32.165 0.0000000000
78909  -29.820  -17.867  -32.915 0.0000000000
77978  -29.195  -18.556  -32.718 0.0000000000
97490  -27.894  1.343  -35.318 0.0000000000
93914  -26.946  -2.610  -34.209 0.0000000000
94818  -27.508  -1.687  -34.283 0.0000000000
94819  -28.321  -1.643  -34.459 0.0000000000
94820  -29.260  -1.580  -34.441 0.0000000000
93923  -28.584  -2.653  -34.299 0.0000000000
91151  -28.608  -5.611  -34.497 0.0000000000
92985  -29.902  -3.646  -33.659 0.0000000000
92063  -30.121  -4.592  -33.393 0.0000000000
92973  -31.047  -3.724  -32.469 0.0000000000
91132  -30.395  -5.512  -33.128 0.0000000000
88293  -31.216  -8.793  -32.785 0.0000000000
89240  -31.587  -7.468  -32.139 0.0000000000
88284  -31.883  -8.590  -32.026 0.0000000000
88274  -33.167  -8.359  -30.653 0.0000000000
87308  -32.562  -9.525  -31.572 0.0000000000
82661  -29.698  -13.976  -34.463 0.0000000000
84488  -30.276  -12.352  -34.714 0.0000000000
82663  -30.885  -14.128  -34.271 0.0000000000
82623  -32.963  -14.283  -32.045 0.0000000000
83533  -32.654  -13.477  -32.222 0.0000000000
83517  -33.938  -13.001  -31.181 0.0000000000
85396  -33.880  -11.627  -30.757 0.0000000000
84436  -34.780  -12.672  -30.303 0.0000000000
73982  -30.789  -23.509  -32.290 0.0000000000
74980  -29.800  -22.466  -32.423 0.0000000000
74981  -30.535  -22.594  -32.454 0.0000000000
75997  -31.044  -21.727  -32.407 0.0000000000
89279  -28.961  -7.519  -34.508 0.0000000000
89250  -30.446  -6.983  -33.308 0.0000000000
89280  -29.482  -8.124  -34.358 0.0000000000
88306  -30.299  -8.873  -33.789 0.0000000000
86393  -30.901  -10.518  -33.573 0.0000000000
80800  -30.933  -16.251  -33.451 0.0000000000
82651  -31.394  -14.444  -33.885 0.0000000000
81727  -32.173  -15.493  -33.186 0.0000000000
81728  -32.716  -15.623  -32.672 0.0000000000
81714  -33.854  -15.621  -31.626 0.0000000000
72094  -30.740  -25.073  -32.110 0.0000000000
80799  -30.121  -16.235  -33.530 0.0000000000
79843  -30.368  -17.115  -33.185 0.0000000000
78910  -30.527  -17.994  -32.897 0.0000000000
77965  -30.990  -19.431  -32.725 0.0000000000
99779  -27.309  4.389  -34.409 0.0000000000
97464  -25.987  1.412  -32.534 0.0000000000
98307  -26.988  2.474  -33.618 0.0000000000
98331  -27.655  2.411  -36.062 0.0000000000
97506  -28.071  1.838  -35.984 0.0000000000
96631  -29.023  1.046  -35.663 0.0000000000
95717  -27.289  -0.732  -34.013 0.0000000000
95730  -28.044  -0.683  -34.571 0.0000000000
97492  -29.926  1.150  -35.063 0.0000000000
96619  -30.274  0.421  -34.535 0.0000000000
96602  -30.545  -0.080  -34.030 0.0000000000
95718  -30.692  -0.653  -33.692 0.0000000000
92991  -27.939  -3.647  -34.367 0.0000000000
92983  -28.685  -3.650  -34.272 0.0000000000
93917  -30.396  -2.639  -33.379 0.0000000000
94798  -31.485  -1.622  -32.635 0.0000000000
93904  -31.552  -2.695  -32.279 0.0000000000
92043  -32.572  -4.562  -31.001 0.0000000000
90192  -31.282  -6.517  -32.340 0.0000000000
91123  -32.386  -5.607  -31.207 0.0000000000
85456  -28.967  -11.383  -34.793 0.0000000000
85458  -30.497  -11.455  -34.388 0.0000000000
85444  -31.272  -11.366  -33.523 0.0000000000
83550  -31.961  -13.430  -33.126 0.0000000000
84464  -31.737  -12.138  -33.103 0.0000000000
86361  -32.275  -10.533  -31.947 0.0000000000
86362  -32.946  -10.569  -31.415 0.0000000000
86339  -34.378  -10.464  -29.840 0.0000000000
76992  -30.275  -20.535  -32.587 0.0000000000
76993  -31.075  -20.629  -32.501 0.0000000000
76994  -31.640  -20.353  -32.184 0.0000000000
78895  -31.890  -18.492  -32.600 0.0000000000
78896  -32.446  -17.920  -32.408 0.0000000000
78881  -32.621  -18.479  -31.976 0.0000000000
77950  -32.662  -19.154  -31.526 0.0000000000
70198  -31.010  -27.745  -31.137 0.0000000000
92982  -26.527  -3.286  -34.114 0.0000000000
93922  -27.705  -2.649  -34.344 0.0000000000
90212  -29.025  -6.433  -34.392 0.0000000000
90211  -28.270  -6.523  -34.574 0.0000000000
91140  -29.233  -5.577  -34.171 0.0000000000
91141  -29.800  -5.512  -33.673 0.0000000000
88294  -31.646  -9.196  -32.418 0.0000000000
88273  -32.590  -8.431  -31.271 0.0000000000
87322  -31.942  -9.678  -32.186 0.0000000000
82662  -30.346  -13.957  -34.473 0.0000000000
81756  -30.537  -14.485  -34.278 0.0000000000
83534  -33.479  -13.522  -31.560 0.0000000000
83518  -34.335  -13.576  -30.996 0.0000000000
83519  -35.165  -13.604  -30.320 0.0000000000
82609  -34.866  -14.556  -30.825 0.0000000000
88321  -28.330  -8.451  -34.690 0.0000000000
88322  -29.137  -8.650  -34.582 0.0000000000
86406  -29.225  -10.475  -34.661 0.0000000000
87352  -29.488  -9.595  -34.506 0.0000000000
87353  -30.090  -9.676  -34.152 0.0000000000
87337  -30.558  -9.752  -33.673 0.0000000000
86392  -30.472  -10.525  -34.059 0.0000000000
81744  -31.515  -15.393  -33.605 0.0000000000
80801  -31.687  -16.307  -33.253 0.0000000000
80786  -32.893  -16.510  -32.514 0.0000000000
81713  -33.253  -15.684  -32.148 0.0000000000
80773  -34.137  -16.483  -31.433 0.0000000000
69226  -29.720  -28.270  -31.582 0.0000000000
68220  -29.397  -29.174  -31.262 0.0000000000
71166  -30.464  -25.581  -32.137 0.0000000000
77979  -29.951  -18.697  -32.735 0.0000000000
78894  -31.142  -18.279  -32.837 0.0000000000
99026  -26.835  3.625  -33.153 0.0000000000
99032  -27.136  3.592  -34.362 0.0000000000
97475  -26.799  1.326  -33.239 0.0000000000
98320  -27.394  2.429  -34.861 0.0000000000
97491  -28.417  0.999  -35.489 0.0000000000
97507  -28.575  1.516  -35.833 0.0000000000
94808  -26.735  -1.735  -33.899 0.0000000000
96618  -29.304  0.487  -35.255 0.0000000000
95732  -29.636  -0.521  -34.729 0.0000000000
94821  -29.809  -1.084  -34.416 0.0000000000
95733  -30.190  -0.600  -34.284 0.0000000000
91150  -27.811  -5.596  -34.605 0.0000000000
91149  -26.965  -5.631  -34.526 0.0000000000
92071  -27.395  -4.641  -34.526 0.0000000000
94811  -30.845  -1.559  -33.253 0.0000000000
93918  -31.024  -2.294  -32.866 0.0000000000
92052  -31.247  -4.645  -32.127 0.0000000000
92963  -31.550  -3.738  -31.804 0.0000000000
92964  -32.131  -3.747  -31.248 0.0000000000
89262  -30.043  -7.580  -33.919 0.0000000000
89251  -30.941  -7.523  -32.927 0.0000000000
89241  -32.182  -7.530  -31.503 0.0000000000
90183  -31.925  -6.557  -31.700 0.0000000000
91112  -32.659  -6.111  -30.836 0.0000000000
87284  -34.080  -9.323  -29.815 0.0000000000
84486  -28.655  -12.312  -34.760 0.0000000000
84489  -30.932  -12.400  -34.341 0.0000000000
85459  -31.066  -11.719  -34.101 0.0000000000
85443  -30.857  -11.127  -33.963 0.0000000000
82652  -31.912  -14.566  -33.420 0.0000000000
83566  -31.688  -13.964  -33.646 0.0000000000
84450  -32.932  -12.503  -31.680 0.0000000000
84465  -32.256  -12.430  -32.339 0.0000000000
85427  -31.988  -11.398  -32.389 0.0000000000
85411  -33.276  -11.531  -31.266 0.0000000000
85397  -34.487  -11.652  -30.218 0.0000000000
86353  -34.082  -11.078  -30.365 0.0000000000
75980  -31.565  -21.750  -32.020 0.0000000000
76977  -31.432  -21.056  -32.206 0.0000000000
76978  -31.925  -20.798  -31.804 0.0000000000
79830  -32.291  -17.337  -32.653 0.0000000000
79818  -33.557  -17.533  -31.583 0.0000000000
78868  -33.241  -18.706  -31.122 0.0000000000
70213  -30.763  -26.905  -31.857 0.0000000000
79842  -29.611  -17.089  -33.194 0.0000000000
78908  -29.089  -17.836  -32.855 0.0000000000
98295  -26.137  2.624  -32.357 0.0000000000
96601  -27.095  0.287  -33.616 0.0000000000
93924  -29.223  -2.404  -34.224 0.0000000000
92073  -28.931  -4.934  -34.342 0.0000000000
92061  -28.941  -4.292  -34.259 0.0000000000
92062  -29.434  -4.597  -33.930 0.0000000000
92972  -30.469  -3.694  -33.059 0.0000000000
92051  -30.691  -4.617  -32.777 0.0000000000
91133  -30.987  -5.549  -32.534 0.0000000000
88283  -31.417  -8.090  -32.470 0.0000000000
89230  -32.730  -7.494  -30.845 0.0000000000
87299  -33.033  -9.089  -31.045 0.0000000000
83575  -29.217  -13.213  -34.707 0.0000000000
83576  -30.008  -13.203  -34.815 0.0000000000
83577  -30.653  -13.238  -34.482 0.0000000000
83565  -31.350  -13.351  -33.947 0.0000000000
84451  -33.637  -12.442  -31.231 0.0000000000
84435  -34.184  -12.494  -30.794 0.0000000000
85398  -35.075  -11.989  -29.786 0.0000000000
73981  -29.951  -23.496  -32.207 0.0000000000
75996  -30.393  -21.596  -32.535 0.0000000000
89278  -27.881  -7.449  -34.602 0.0000000000
89261  -29.406  -6.984  -34.223 0.0000000000
88323  -29.766  -8.749  -34.256 0.0000000000
88307  -30.711  -9.109  -33.323 0.0000000000
87338  -30.986  -9.749  -33.138 0.0000000000
81743  -30.691  -15.161  -33.981 0.0000000000
82639  -32.962  -14.999  -32.247 0.0000000000
82624  -33.474  -14.722  -31.713 0.0000000000
82625  -34.173  -14.692  -31.302 0.0000000000
81699  -34.580  -15.537  -31.201 0.0000000000
79819  -34.232  -17.177  -31.064 0.0000000000
73968  -29.605  -23.979  -31.876 0.0000000000
72080  -29.683  -25.166  -31.948 0.0000000000
72998  -29.875  -24.419  -31.965 0.0000000000
73013  -30.428  -24.322  -32.116 0.0000000000
73014  -31.127  -24.351  -32.095 0.0000000000
81742  -29.788  -15.462  -33.875 0.0000000000
79844  -31.150  -17.222  -33.020 0.0000000000
99774  -27.318  4.300  -33.658 0.0000000000
97460  -25.711  2.100  -32.083 0.0000000000
98306  -26.528  2.140  -32.897 0.0000000000
99042  -27.170  3.409  -35.640 0.0000000000
98332  -28.132  2.104  -36.556 0.0000000000
98333  -28.944  2.451  -36.413 0.0000000000
97508  -29.408  1.553  -35.580 0.0000000000
96617  -28.437  0.371  -35.111 0.0000000000
96630  -28.763  0.865  -35.525 0.0000000000
97509  -30.135  1.752  -35.235 0.0000000000
96620  -30.818  1.025  -34.233 0.0000000000
92070  -26.449  -4.706  -34.348 0.0000000000
93915  -29.075  -3.014  -34.160 0.0000000000
93916  -29.653  -2.720  -33.972 0.0000000000
92984  -29.274  -3.652  -34.042 0.0000000000
95719  -31.491  -0.587  -32.979 0.0000000000
93905  -32.155  -2.412  -31.695 0.0000000000
93894  -32.485  -2.857  -31.168 0.0000000000
92951  -32.763  -3.678  -30.855 0.0000000000
90199  -30.155  -6.402  -33.492 0.0000000000
90191  -30.679  -6.417  -32.929 0.0000000000
91122  -31.576  -5.592  -31.856 0.0000000000
89231  -33.371  -7.375  -30.169 0.0000000000
85457  -29.760  -11.436  -34.698 0.0000000000
84487  -29.520  -12.329  -34.862 0.0000000000
86376  -31.280  -10.529  -33.013 0.0000000000
83549  -31.604  -12.815  -33.514 0.0000000000
85426  -31.574  -11.201  -32.885 0.0000000000
86377  -31.740  -10.514  -32.492 0.0000000000
87309  -33.175  -9.809  -31.077 0.0000000000
86352  -33.632  -10.547  -30.672 0.0000000000
86338  -33.878  -9.929  -30.188 0.0000000000
77963  -29.237  -19.448  -32.620 0.0000000000
77964  -30.105  -19.554  -32.627 0.0000000000
77966  -31.650  -19.611  -32.413 0.0000000000
77949  -32.171  -19.679  -31.868 0.0000000000
70227  -30.470  -26.118  -32.147 0.0000000000
72093  -30.185  -25.052  -32.066 0.0000000000
93893  -31.976  -3.081  -31.652 0.0000000000
94776  -32.864  -2.454  -30.959 0.0000000000
94809  -29.564  -2.082  -34.192 0.0000000000
