#!ascii label  , from subject sub-01 vox2ras=TkReg
1041
43836  8.232  -48.861  42.971 0.0000000000
36154  3.537  -54.417  26.180 0.0000000000
34727  2.495  -55.624  40.259 0.0000000000
41570  4.388  -49.821  35.179 0.0000000000
48445  3.212  -43.248  28.511 0.0000000000
39288  4.307  -51.664  44.424 0.0000000000
42639  3.365  -49.523  40.907 0.0000000000
40423  11.910  -49.309  41.978 0.0000000000
35932  7.422  -52.628  41.583 0.0000000000
31209  4.428  -56.616  40.573 0.0000000000
46381  0.536  -45.219  34.488 0.0000000000
42779  2.838  -46.990  31.502 0.0000000000
50331  1.805  -41.157  32.382 0.0000000000
32426  1.085  -57.321  36.731 0.0000000000
37172  3.251  -55.176  34.304 0.0000000000
38224  4.230  -52.888  39.341 0.0000000000
42668  0.964  -48.290  37.044 0.0000000000
39474  6.126  -52.243  30.432 0.0000000000
44091  4.924  -47.266  26.328 0.0000000000
47558  2.908  -45.149  23.962 0.0000000000
50388  6.421  -41.398  27.062 0.0000000000
41509  6.242  -49.737  44.673 0.0000000000
42625  5.039  -48.701  42.932 0.0000000000
42594  9.558  -49.189  42.915 0.0000000000
39302  9.493  -50.546  41.427 0.0000000000
39283  7.635  -50.684  43.092 0.0000000000
37068  5.830  -52.692  43.914 0.0000000000
48405  1.078  -43.468  33.018 0.0000000000
33541  1.234  -56.393  38.692 0.0000000000
37113  1.391  -54.725  38.011 0.0000000000
37091  3.243  -54.451  40.285 0.0000000000
45140  3.165  -47.805  39.078 0.0000000000
41554  2.742  -49.091  38.654 0.0000000000
33497  3.070  -56.273  42.084 0.0000000000
30111  3.310  -58.049  39.551 0.0000000000
31220  2.154  -57.341  39.931 0.0000000000
30149  1.134  -58.458  37.445 0.0000000000
38265  5.680  -52.402  35.269 0.0000000000
38310  4.830  -53.099  32.254 0.0000000000
40524  6.511  -50.138  33.513 0.0000000000
46439  2.445  -45.008  30.079 0.0000000000
44052  4.687  -46.459  29.082 0.0000000000
46472  3.595  -44.705  28.061 0.0000000000
45353  3.329  -46.890  24.764 0.0000000000
48468  3.374  -43.946  25.755 0.0000000000
37077  3.973  -53.401  42.534 0.0000000000
39309  4.158  -51.897  41.541 0.0000000000
41523  3.740  -50.693  42.823 0.0000000000
43874  3.923  -48.272  40.764 0.0000000000
39312  13.718  -49.476  40.405 0.0000000000
38226  12.257  -50.362  38.322 0.0000000000
38210  11.014  -50.612  39.828 0.0000000000
35943  9.259  -53.011  40.121 0.0000000000
33487  6.296  -54.622  41.532 0.0000000000
34709  4.698  -54.509  43.342 0.0000000000
41588  2.040  -48.356  35.243 0.0000000000
41617  3.578  -48.965  32.788 0.0000000000
43986  1.837  -46.320  33.084 0.0000000000
47458  2.145  -44.249  31.772 0.0000000000
49405  2.615  -42.579  30.602 0.0000000000
43859  9.729  -47.856  42.111 0.0000000000
40445  17.304  -48.558  39.603 0.0000000000
41532  18.161  -48.036  41.188 0.0000000000
41527  13.918  -48.463  42.270 0.0000000000
43832  11.824  -48.045  42.912 0.0000000000
31349  1.650  -58.627  34.364 0.0000000000
33602  2.268  -56.969  33.298 0.0000000000
34811  2.316  -56.162  35.307 0.0000000000
37137  3.361  -54.284  36.439 0.0000000000
40468  4.693  -51.002  37.675 0.0000000000
40434  3.932  -51.467  40.557 0.0000000000
40450  3.176  -49.724  38.683 0.0000000000
40482  2.226  -48.848  36.290 0.0000000000
43948  0.655  -47.468  35.890 0.0000000000
36092  3.158  -55.659  31.715 0.0000000000
37226  4.839  -54.383  30.489 0.0000000000
38388  5.203  -52.844  27.948 0.0000000000
42775  5.917  -48.371  30.924 0.0000000000
41689  6.567  -49.671  27.633 0.0000000000
40645  3.836  -50.908  26.591 0.0000000000
41737  3.324  -49.453  25.055 0.0000000000
44144  3.294  -47.602  23.843 0.0000000000
52288  3.094  -39.321  32.624 0.0000000000
51291  3.942  -41.111  30.310 0.0000000000
52339  6.342  -39.276  29.766 0.0000000000
50377  4.341  -42.692  27.942 0.0000000000
49456  4.621  -43.010  25.252 0.0000000000
42597  7.087  -49.002  43.833 0.0000000000
42611  6.657  -48.745  43.462 0.0000000000
43850  7.210  -48.242  42.463 0.0000000000
43835  8.877  -48.873  42.750 0.0000000000
40404  8.737  -49.756  42.659 0.0000000000
41507  7.965  -49.590  43.339 0.0000000000
40407  6.753  -50.261  44.374 0.0000000000
36155  3.484  -54.242  25.792 0.0000000000
37267  3.515  -53.220  25.582 0.0000000000
34736  2.114  -55.793  39.639 0.0000000000
35948  1.680  -55.195  39.677 0.0000000000
37087  2.949  -54.860  40.256 0.0000000000
39331  14.047  -50.078  38.126 0.0000000000
34721  3.101  -55.429  41.642 0.0000000000
32356  2.662  -56.787  41.001 0.0000000000
33500  2.235  -56.670  40.333 0.0000000000
32374  1.584  -57.066  39.706 0.0000000000
39370  5.984  -51.144  35.732 0.0000000000
38275  6.118  -51.862  34.599 0.0000000000
40509  5.582  -49.835  34.773 0.0000000000
47481  2.512  -44.006  28.999 0.0000000000
45296  3.091  -44.950  29.125 0.0000000000
47493  2.905  -44.342  28.499 0.0000000000
47505  3.383  -44.239  27.106 0.0000000000
48457  3.378  -43.858  27.030 0.0000000000
38192  4.107  -52.363  43.441 0.0000000000
39297  3.989  -51.746  42.924 0.0000000000
40412  3.700  -51.122  43.721 0.0000000000
42636  4.360  -48.614  42.198 0.0000000000
43883  4.631  -47.432  39.858 0.0000000000
39299  12.816  -49.162  41.518 0.0000000000
38203  11.793  -50.113  40.476 0.0000000000
39307  11.564  -50.178  40.979 0.0000000000
38201  8.461  -51.342  41.513 0.0000000000
37079  9.309  -51.418  40.843 0.0000000000
35937  8.304  -53.141  40.620 0.0000000000
35933  7.070  -53.465  41.665 0.0000000000
38189  5.398  -52.145  44.513 0.0000000000
34704  5.074  -54.069  43.657 0.0000000000
37070  4.563  -53.082  44.085 0.0000000000
35927  3.908  -54.069  43.317 0.0000000000
43973  0.899  -47.035  34.299 0.0000000000
42719  1.651  -47.535  34.465 0.0000000000
45236  0.858  -46.445  33.873 0.0000000000
50309  1.374  -41.289  33.189 0.0000000000
47448  1.523  -44.039  32.555 0.0000000000
48412  1.935  -43.132  31.707 0.0000000000
47465  2.190  -43.750  31.282 0.0000000000
50340  2.330  -41.460  31.595 0.0000000000
41526  15.034  -48.575  41.818 0.0000000000
31312  0.951  -57.809  35.360 0.0000000000
33580  1.461  -56.919  35.079 0.0000000000
33571  1.424  -56.826  35.856 0.0000000000
37111  3.161  -54.142  38.207 0.0000000000
37126  2.938  -54.526  37.188 0.0000000000
37110  4.074  -53.359  38.532 0.0000000000
38241  4.809  -52.719  37.035 0.0000000000
39334  4.718  -51.755  38.763 0.0000000000
40424  3.818  -50.997  41.944 0.0000000000
39308  4.137  -51.919  41.184 0.0000000000
41543  3.461  -50.191  40.685 0.0000000000
41558  2.248  -48.676  37.596 0.0000000000
40443  3.088  -49.489  38.995 0.0000000000
40461  2.276  -48.834  37.182 0.0000000000
40460  2.764  -49.425  37.740 0.0000000000
40472  1.850  -48.543  36.681 0.0000000000
41566  1.382  -48.303  36.440 0.0000000000
42669  0.796  -48.296  36.645 0.0000000000
37107  10.919  -51.421  38.371 0.0000000000
38239  11.632  -50.918  37.242 0.0000000000
32360  5.789  -56.203  40.149 0.0000000000
31229  5.215  -56.672  38.995 0.0000000000
31215  4.908  -56.504  39.968 0.0000000000
30134  2.605  -58.984  38.733 0.0000000000
30133  3.458  -58.854  38.582 0.0000000000
31282  1.076  -57.900  37.015 0.0000000000
30181  0.915  -58.922  35.655 0.0000000000
36047  2.884  -55.486  33.870 0.0000000000
34867  2.547  -56.158  32.634 0.0000000000
36061  2.987  -55.464  33.095 0.0000000000
38328  5.509  -52.675  31.709 0.0000000000
38330  4.795  -53.880  31.753 0.0000000000
38347  5.616  -53.059  30.872 0.0000000000
37225  5.258  -54.048  29.654 0.0000000000
39497  6.163  -52.352  29.335 0.0000000000
41647  3.014  -47.422  32.209 0.0000000000
41631  4.519  -48.842  31.631 0.0000000000
42777  3.987  -48.215  30.578 0.0000000000
45312  5.639  -46.701  27.681 0.0000000000
44050  5.994  -47.262  28.722 0.0000000000
42844  5.607  -48.560  26.814 0.0000000000
40624  4.840  -50.858  27.017 0.0000000000
41714  4.272  -49.684  26.501 0.0000000000
41716  3.314  -49.856  25.598 0.0000000000
42862  3.923  -48.497  25.786 0.0000000000
46549  2.936  -45.550  24.201 0.0000000000
45365  3.203  -47.204  24.294 0.0000000000
45383  3.455  -46.578  23.804 0.0000000000
53274  4.146  -38.672  32.122 0.0000000000
52328  3.520  -40.140  31.390 0.0000000000
53295  4.355  -39.061  31.525 0.0000000000
52349  7.251  -39.092  28.387 0.0000000000
51298  6.422  -40.473  28.478 0.0000000000
51299  5.516  -40.904  28.717 0.0000000000
50375  5.778  -41.435  27.911 0.0000000000
49431  4.485  -42.785  27.117 0.0000000000
49443  5.167  -42.690  25.851 0.0000000000
40409  5.126  -50.788  45.160 0.0000000000
42601  4.324  -50.031  44.458 0.0000000000
42612  5.753  -48.842  43.658 0.0000000000
41517  10.926  -49.094  42.803 0.0000000000
39301  10.401  -50.299  41.550 0.0000000000
40416  9.199  -49.937  42.388 0.0000000000
39294  8.400  -50.450  42.504 0.0000000000
38196  7.602  -51.398  42.372 0.0000000000
37076  6.703  -52.426  42.571 0.0000000000
38187  6.764  -51.279  43.390 0.0000000000
39286  5.683  -51.339  44.842 0.0000000000
48374  0.578  -43.512  34.551 0.0000000000
47436  0.670  -44.296  34.034 0.0000000000
49372  0.733  -42.637  33.974 0.0000000000
50310  0.932  -41.808  33.826 0.0000000000
51231  1.308  -40.283  33.702 0.0000000000
33550  1.168  -56.453  37.855 0.0000000000
34778  1.563  -56.186  37.006 0.0000000000
34763  0.979  -55.700  38.433 0.0000000000
37097  2.027  -54.935  39.326 0.0000000000
37095  3.606  -53.706  39.821 0.0000000000
43886  3.185  -48.774  39.841 0.0000000000
41550  3.272  -49.589  39.828 0.0000000000
43897  2.705  -48.455  38.814 0.0000000000
43910  2.166  -47.999  37.892 0.0000000000
43924  1.216  -47.810  37.014 0.0000000000
32354  3.682  -56.815  41.636 0.0000000000
31210  3.861  -57.054  40.781 0.0000000000
31211  3.321  -57.262  40.887 0.0000000000
31233  2.640  -58.057  39.612 0.0000000000
30125  1.944  -58.413  38.960 0.0000000000
30136  1.452  -58.791  38.216 0.0000000000
31235  1.778  -57.751  39.270 0.0000000000
31267  1.195  -57.698  37.804 0.0000000000
37148  4.282  -53.426  35.236 0.0000000000
37170  4.069  -53.723  33.426 0.0000000000
38277  4.906  -52.809  33.903 0.0000000000
39414  6.161  -51.969  33.340 0.0000000000
39453  6.851  -51.402  31.693 0.0000000000
44037  2.703  -45.844  30.464 0.0000000000
44016  3.561  -47.145  30.227 0.0000000000
44054  3.154  -45.816  29.862 0.0000000000
46452  4.040  -45.288  28.580 0.0000000000
45314  4.778  -46.003  27.094 0.0000000000
45351  4.031  -46.680  25.688 0.0000000000
46511  3.674  -45.047  26.346 0.0000000000
47520  3.466  -44.861  25.785 0.0000000000
49477  3.157  -44.406  24.533 0.0000000000
51308  7.287  -39.975  27.003 0.0000000000
50400  6.569  -41.509  25.959 0.0000000000
51334  7.035  -40.391  25.272 0.0000000000
35934  3.542  -54.291  41.639 0.0000000000
35940  3.478  -54.407  41.079 0.0000000000
37078  4.016  -53.351  42.102 0.0000000000
39303  4.104  -51.800  42.271 0.0000000000
41530  3.632  -50.385  42.184 0.0000000000
42626  4.211  -49.114  42.998 0.0000000000
42637  3.672  -49.012  42.139 0.0000000000
43875  3.411  -48.851  40.829 0.0000000000
43885  3.486  -48.396  40.119 0.0000000000
39319  13.764  -49.756  39.744 0.0000000000
39325  13.645  -49.983  38.915 0.0000000000
38214  13.127  -49.793  39.586 0.0000000000
38205  10.301  -51.172  40.466 0.0000000000
37089  10.150  -52.190  40.124 0.0000000000
35946  9.785  -52.660  39.654 0.0000000000
32350  6.170  -55.628  40.503 0.0000000000
32345  5.202  -55.442  41.285 0.0000000000
34707  6.020  -53.883  42.550 0.0000000000
33482  5.412  -54.515  42.379 0.0000000000
33490  4.391  -55.523  42.421 0.0000000000
33485  3.749  -55.230  43.015 0.0000000000
34716  3.371  -54.920  42.073 0.0000000000
40512  2.800  -49.204  35.117 0.0000000000
41585  3.747  -49.681  34.636 0.0000000000
41603  2.789  -48.661  34.327 0.0000000000
41635  2.327  -47.339  33.641 0.0000000000
42760  2.426  -46.791  32.638 0.0000000000
45235  1.400  -45.697  33.138 0.0000000000
45250  2.183  -45.596  32.061 0.0000000000
44001  2.340  -46.137  31.876 0.0000000000
46428  2.209  -45.000  31.043 0.0000000000
47473  2.362  -43.716  30.177 0.0000000000
48427  2.676  -42.959  29.926 0.0000000000
43848  9.439  -48.252  42.207 0.0000000000
39316  15.973  -49.135  39.412 0.0000000000
42643  19.597  -47.437  40.937 0.0000000000
42631  18.868  -47.586  41.429 0.0000000000
41540  18.798  -48.015  40.835 0.0000000000
40437  17.511  -48.468  40.281 0.0000000000
40438  16.229  -48.822  39.950 0.0000000000
39310  15.303  -49.601  40.090 0.0000000000
40421  13.576  -48.780  41.663 0.0000000000
40422  12.482  -48.993  41.982 0.0000000000
42604  13.144  -48.066  42.705 0.0000000000
41516  11.863  -48.655  42.581 0.0000000000
43833  10.937  -48.321  42.800 0.0000000000
43834  9.892  -48.599  42.776 0.0000000000
34844  2.111  -56.517  34.507 0.0000000000
37161  2.933  -55.534  35.041 0.0000000000
36004  2.217  -55.787  36.587 0.0000000000
37139  2.844  -55.278  36.236 0.0000000000
37149  3.643  -54.117  35.520 0.0000000000
38254  4.969  -52.874  35.880 0.0000000000
39355  5.432  -51.535  36.893 0.0000000000
40479  4.481  -50.307  36.705 0.0000000000
38207  4.036  -53.117  41.242 0.0000000000
38212  4.085  -52.631  40.684 0.0000000000
39320  4.158  -52.060  40.141 0.0000000000
41549  3.449  -50.153  40.233 0.0000000000
40442  3.483  -50.146  39.694 0.0000000000
40448  4.010  -51.262  39.542 0.0000000000
40458  4.212  -50.894  38.636 0.0000000000
40469  3.888  -50.278  37.542 0.0000000000
40492  3.194  -49.716  35.763 0.0000000000
40494  2.095  -48.615  35.869 0.0000000000
41590  1.193  -47.923  35.539 0.0000000000
45208  0.445  -46.149  34.913 0.0000000000
43947  0.607  -46.979  36.131 0.0000000000
46372  0.503  -45.389  35.449 0.0000000000
47422  0.529  -44.409  35.019 0.0000000000
31266  4.905  -57.416  37.642 0.0000000000
31231  3.780  -57.819  39.375 0.0000000000
37195  4.021  -54.662  32.424 0.0000000000
36091  3.828  -55.187  31.512 0.0000000000
37254  4.196  -53.734  27.140 0.0000000000
41600  5.279  -49.316  33.544 0.0000000000
41630  6.330  -49.151  32.303 0.0000000000
41644  7.035  -49.438  30.796 0.0000000000
42796  4.789  -48.005  29.789 0.0000000000
42812  6.907  -48.604  29.202 0.0000000000
40603  6.954  -50.575  29.135 0.0000000000
39528  6.259  -51.473  27.892 0.0000000000
39530  4.725  -51.978  27.182 0.0000000000
38402  3.603  -52.701  26.187 0.0000000000
39545  3.301  -51.469  25.694 0.0000000000
44109  3.212  -47.724  24.994 0.0000000000
42885  3.182  -48.779  24.443 0.0000000000
52290  1.930  -39.513  33.121 0.0000000000
53234  3.172  -38.603  33.560 0.0000000000
52307  2.390  -39.887  32.325 0.0000000000
51265  2.737  -40.582  31.606 0.0000000000
50347  3.016  -41.564  30.769 0.0000000000
49411  3.547  -42.366  29.271 0.0000000000
52341  4.645  -40.423  30.182 0.0000000000
50354  4.311  -41.430  29.541 0.0000000000
49421  3.871  -42.745  28.406 0.0000000000
49446  3.998  -43.191  27.086 0.0000000000
49458  3.942  -43.357  26.000 0.0000000000
48499  3.296  -43.955  23.889 0.0000000000
49493  4.186  -43.229  23.749 0.0000000000
42610  7.572  -48.823  43.271 0.0000000000
42622  7.469  -48.534  42.816 0.0000000000
42609  8.352  -49.115  43.100 0.0000000000
41519  7.700  -49.225  43.539 0.0000000000
37266  3.557  -53.461  25.963 0.0000000000
35945  2.407  -55.208  39.902 0.0000000000
35941  3.018  -54.988  40.577 0.0000000000
39324  14.841  -49.811  38.864 0.0000000000
39330  15.087  -49.699  37.840 0.0000000000
34722  2.824  -55.548  41.012 0.0000000000
33499  2.547  -56.405  40.820 0.0000000000
34723  2.475  -56.125  40.494 0.0000000000
34728  2.249  -56.276  40.067 0.0000000000
40490  5.347  -50.210  35.638 0.0000000000
40489  5.997  -50.665  35.218 0.0000000000
48436  2.730  -43.396  29.160 0.0000000000
48446  3.036  -43.654  28.181 0.0000000000
47492  3.005  -43.997  27.827 0.0000000000
38191  4.215  -52.380  44.043 0.0000000000
39289  3.902  -51.725  43.854 0.0000000000
40411  3.867  -51.108  44.281 0.0000000000
39300  11.644  -49.713  41.680 0.0000000000
37081  7.882  -51.860  41.644 0.0000000000
35931  8.228  -52.337  40.910 0.0000000000
35938  7.461  -53.434  41.154 0.0000000000
35939  7.238  -53.669  41.388 0.0000000000
38190  4.729  -52.343  44.469 0.0000000000
37071  4.183  -53.020  43.585 0.0000000000
45224  0.573  -46.713  34.489 0.0000000000
45223  0.681  -45.942  34.005 0.0000000000
49390  1.577  -42.223  32.296 0.0000000000
31296  0.892  -57.577  35.714 0.0000000000
32440  1.081  -57.306  35.490 0.0000000000
32427  1.041  -57.281  36.050 0.0000000000
37101  3.653  -53.669  39.328 0.0000000000
37100  4.003  -53.343  39.121 0.0000000000
38230  4.345  -52.975  38.784 0.0000000000
38223  4.592  -52.362  39.014 0.0000000000
41536  3.491  -50.166  41.355 0.0000000000
40429  3.748  -50.902  41.252 0.0000000000
41544  3.369  -49.705  40.709 0.0000000000
42660  1.755  -48.260  37.234 0.0000000000
41562  1.452  -48.330  36.834 0.0000000000
41567  1.017  -48.224  36.442 0.0000000000
41563  1.023  -48.327  36.656 0.0000000000
32352  4.839  -56.091  40.783 0.0000000000
31208  4.743  -56.405  40.459 0.0000000000
28978  3.034  -59.223  38.496 0.0000000000
30165  0.947  -58.586  36.474 0.0000000000
31295  0.829  -57.982  36.028 0.0000000000
31311  0.979  -58.522  35.232 0.0000000000
37182  3.371  -55.148  33.494 0.0000000000
38346  5.831  -52.513  31.060 0.0000000000
39498  6.071  -52.871  29.645 0.0000000000
41646  3.311  -47.735  31.634 0.0000000000
42778  3.385  -47.520  30.817 0.0000000000
44075  5.533  -47.038  27.034 0.0000000000
44074  6.044  -47.478  27.511 0.0000000000
44090  5.475  -47.748  26.675 0.0000000000
41713  4.971  -49.290  26.664 0.0000000000
42845  4.739  -48.523  26.281 0.0000000000
42846  4.061  -49.094  26.186 0.0000000000
42861  4.535  -47.830  25.942 0.0000000000
46548  3.091  -45.882  24.044 0.0000000000
46547  3.280  -45.634  23.651 0.0000000000
54218  4.543  -37.486  33.079 0.0000000000
54255  4.422  -38.054  32.283 0.0000000000
53273  4.687  -38.300  31.695 0.0000000000
51297  7.167  -39.954  28.016 0.0000000000
51309  6.614  -40.803  27.599 0.0000000000
51310  6.130  -40.951  28.204 0.0000000000
50374  6.282  -41.230  27.521 0.0000000000
50389  5.738  -42.139  26.702 0.0000000000
41510  5.359  -50.000  44.984 0.0000000000
42600  4.733  -49.692  44.534 0.0000000000
42599  5.542  -49.319  44.468 0.0000000000
43851  6.669  -48.210  42.506 0.0000000000
41518  9.944  -49.379  42.833 0.0000000000
40415  10.375  -49.611  42.487 0.0000000000
40405  8.171  -50.115  42.984 0.0000000000
40417  8.527  -50.205  42.632 0.0000000000
39282  8.071  -50.444  42.892 0.0000000000
39295  7.832  -51.024  42.606 0.0000000000
38186  7.318  -51.316  42.740 0.0000000000
37066  6.871  -51.663  42.798 0.0000000000
39285  6.457  -51.010  44.394 0.0000000000
40408  5.996  -50.519  44.991 0.0000000000
50290  0.967  -41.119  34.234 0.0000000000
37092  2.529  -54.935  39.892 0.0000000000
37096  3.279  -54.195  39.863 0.0000000000
45128  3.262  -48.428  39.689 0.0000000000
45141  3.009  -48.275  39.258 0.0000000000
45156  2.591  -47.909  38.541 0.0000000000
45170  2.112  -47.471  37.612 0.0000000000
45181  1.353  -46.650  36.745 0.0000000000
32348  3.533  -56.327  42.183 0.0000000000
32355  3.073  -56.761  41.706 0.0000000000
31213  2.483  -57.158  40.453 0.0000000000
31219  2.713  -57.681  40.040 0.0000000000
31234  2.228  -57.923  39.499 0.0000000000
33529  1.449  -56.476  39.222 0.0000000000
32387  1.317  -56.960  38.962 0.0000000000
32401  1.189  -57.081  38.273 0.0000000000
38266  4.958  -52.840  34.814 0.0000000000
37157  4.320  -53.252  34.245 0.0000000000
39413  6.489  -51.229  33.644 0.0000000000
38291  6.084  -52.034  33.861 0.0000000000
39434  6.200  -52.035  32.503 0.0000000000
40535  6.802  -50.370  32.762 0.0000000000
45278  2.908  -45.761  30.046 0.0000000000
45279  2.745  -45.376  29.909 0.0000000000
45317  3.304  -44.761  28.631 0.0000000000
45315  3.535  -45.166  29.006 0.0000000000
46471  3.902  -44.960  28.160 0.0000000000
46470  4.333  -45.366  27.625 0.0000000000
46489  4.035  -45.372  26.765 0.0000000000
46490  3.894  -45.028  27.115 0.0000000000
48458  3.301  -44.027  26.286 0.0000000000
48469  3.349  -44.318  25.745 0.0000000000
48484  3.227  -44.683  25.068 0.0000000000
49459  3.243  -44.190  25.069 0.0000000000
52357  7.290  -39.093  27.450 0.0000000000
52364  7.081  -39.102  26.340 0.0000000000
51321  7.283  -39.919  26.094 0.0000000000
51333  7.147  -39.747  25.619 0.0000000000
40418  3.784  -51.130  43.180 0.0000000000
40419  3.845  -51.126  42.598 0.0000000000
42613  4.829  -49.139  43.838 0.0000000000
42614  4.084  -49.770  43.855 0.0000000000
43865  3.823  -48.616  41.496 0.0000000000
43866  3.470  -48.963  41.501 0.0000000000
38208  13.011  -49.747  39.939 0.0000000000
38209  12.082  -50.064  39.899 0.0000000000
38199  9.836  -50.928  40.940 0.0000000000
37085  9.423  -52.393  40.444 0.0000000000
37084  9.658  -51.722  40.621 0.0000000000
35942  9.741  -52.660  39.982 0.0000000000
35947  9.285  -53.148  39.289 0.0000000000
34735  8.366  -54.081  39.229 0.0000000000
33495  6.514  -54.925  40.832 0.0000000000
33496  5.894  -55.217  41.072 0.0000000000
33488  5.603  -54.872  41.703 0.0000000000
37067  6.464  -52.284  43.060 0.0000000000
35917  6.410  -52.792  42.954 0.0000000000
35918  6.143  -53.023  43.261 0.0000000000
34708  5.346  -54.098  43.207 0.0000000000
33483  4.783  -54.808  42.753 0.0000000000
33484  4.280  -55.159  43.064 0.0000000000
33491  3.883  -55.751  42.600 0.0000000000
35928  3.767  -53.837  42.859 0.0000000000
34712  3.539  -54.459  42.568 0.0000000000
35929  3.638  -53.997  42.283 0.0000000000
41587  2.535  -48.804  35.053 0.0000000000
41586  2.980  -49.243  34.667 0.0000000000
41604  2.268  -48.245  34.726 0.0000000000
42739  1.305  -46.868  33.888 0.0000000000
42738  1.791  -47.099  33.842 0.0000000000
48389  0.815  -43.488  33.583 0.0000000000
46392  0.938  -45.010  33.549 0.0000000000
47449  1.080  -44.061  33.088 0.0000000000
47457  1.921  -43.860  32.120 0.0000000000
46402  1.735  -44.231  32.414 0.0000000000
46417  2.098  -44.858  32.067 0.0000000000
47466  2.217  -44.355  31.068 0.0000000000
48419  2.370  -43.107  30.843 0.0000000000
45096  9.341  -47.700  41.494 0.0000000000
40453  17.366  -48.614  38.866 0.0000000000
40454  16.652  -48.717  38.465 0.0000000000
40446  16.466  -48.734  39.236 0.0000000000
42632  18.063  -47.708  41.531 0.0000000000
42616  18.697  -47.196  41.726 0.0000000000
41531  18.784  -47.875  41.189 0.0000000000
41541  17.952  -48.322  40.753 0.0000000000
41548  18.273  -48.322  40.466 0.0000000000
40432  15.518  -49.221  40.543 0.0000000000
40439  15.691  -49.372  40.085 0.0000000000
40420  14.292  -48.673  41.736 0.0000000000
41528  13.214  -48.578  42.112 0.0000000000
43831  12.673  -48.020  42.903 0.0000000000
42605  12.283  -48.199  42.787 0.0000000000
42606  11.356  -48.488  42.818 0.0000000000
43858  10.316  -47.682  42.217 0.0000000000
43847  10.463  -47.932  42.528 0.0000000000
30223  1.745  -59.341  33.993 0.0000000000
31350  1.626  -58.030  34.494 0.0000000000
34828  1.988  -56.510  34.924 0.0000000000
33589  1.893  -56.868  34.502 0.0000000000
34827  2.284  -56.203  34.667 0.0000000000
36033  2.677  -55.737  35.059 0.0000000000
35990  1.443  -55.306  37.244 0.0000000000
34794  1.750  -55.832  37.041 0.0000000000
35989  1.989  -55.154  37.073 0.0000000000
37127  2.495  -54.995  36.830 0.0000000000
37138  2.982  -54.921  36.385 0.0000000000
37150  3.271  -54.823  35.697 0.0000000000
37136  4.124  -53.506  36.474 0.0000000000
38228  5.087  -52.085  37.974 0.0000000000
38240  5.195  -52.135  37.419 0.0000000000
40467  5.126  -51.263  37.280 0.0000000000
40478  5.209  -50.833  36.803 0.0000000000
37083  3.837  -53.684  41.448 0.0000000000
37086  3.516  -54.190  40.777 0.0000000000
39314  4.120  -51.845  40.820 0.0000000000
38206  4.111  -52.502  41.068 0.0000000000
39321  4.175  -52.027  40.471 0.0000000000
42651  2.891  -48.996  39.289 0.0000000000
40449  3.723  -50.453  39.201 0.0000000000
40459  3.421  -50.047  38.210 0.0000000000
40471  2.419  -49.122  36.914 0.0000000000
40470  3.048  -49.730  37.241 0.0000000000
40481  2.752  -49.465  36.387 0.0000000000
40480  3.526  -49.920  36.571 0.0000000000
40493  2.591  -49.138  35.626 0.0000000000
41575  1.122  -48.083  35.869 0.0000000000
41574  1.506  -48.225  35.931 0.0000000000
42690  0.890  -47.819  35.636 0.0000000000
43960  0.722  -47.329  35.040 0.0000000000
45209  0.499  -46.908  35.298 0.0000000000
43936  0.734  -47.263  36.420 0.0000000000
39326  12.846  -50.127  38.552 0.0000000000
39332  13.061  -50.159  38.217 0.0000000000
38238  12.323  -50.416  37.765 0.0000000000
31247  5.325  -56.832  38.159 0.0000000000
31217  3.511  -57.682  39.843 0.0000000000
31232  3.583  -57.951  39.448 0.0000000000
31330  1.219  -58.849  34.718 0.0000000000
30213  1.290  -59.492  34.349 0.0000000000
34866  2.666  -56.021  32.063 0.0000000000
34883  2.976  -55.917  31.593 0.0000000000
34882  3.363  -55.869  31.161 0.0000000000
38294  4.438  -53.503  32.662 0.0000000000
37180  4.215  -54.054  32.604 0.0000000000
37210  4.607  -54.357  31.326 0.0000000000
36090  4.415  -54.856  30.800 0.0000000000
34881  4.076  -55.444  30.604 0.0000000000
36103  4.676  -54.865  29.910 0.0000000000
37240  5.109  -53.836  28.586 0.0000000000
37253  4.649  -53.679  27.793 0.0000000000
36138  4.357  -54.308  27.688 0.0000000000
41602  3.317  -49.160  33.846 0.0000000000
41601  4.240  -49.384  33.586 0.0000000000
42757  5.193  -48.694  31.508 0.0000000000
42737  5.612  -48.913  32.117 0.0000000000
42756  6.204  -48.823  31.706 0.0000000000
42755  6.748  -49.080  31.374 0.0000000000
42774  6.586  -48.737  31.025 0.0000000000
44034  4.261  -47.158  29.617 0.0000000000
42797  4.051  -47.857  29.896 0.0000000000
44033  5.168  -47.405  29.291 0.0000000000
42830  6.788  -48.653  28.258 0.0000000000
44049  6.494  -47.914  28.905 0.0000000000
41671  7.024  -49.596  28.603 0.0000000000
41656  7.141  -49.497  29.674 0.0000000000
40622  6.712  -50.657  28.111 0.0000000000
39516  6.461  -51.477  28.732 0.0000000000
40644  4.362  -50.341  26.750 0.0000000000
40625  4.297  -51.428  26.928 0.0000000000
39531  4.096  -52.002  26.826 0.0000000000
39543  3.691  -52.028  26.452 0.0000000000
39544  3.397  -51.687  26.098 0.0000000000
41736  3.293  -49.484  25.280 0.0000000000
41753  3.349  -49.334  24.796 0.0000000000
45352  3.654  -46.737  25.280 0.0000000000
45384  3.310  -46.932  24.084 0.0000000000
44145  2.992  -47.995  24.092 0.0000000000
42911  3.212  -48.520  23.755 0.0000000000
54220  3.342  -38.248  33.760 0.0000000000
52289  2.733  -39.401  32.747 0.0000000000
51278  3.463  -40.849  30.904 0.0000000000
51279  2.940  -41.052  31.165 0.0000000000
50346  3.397  -41.375  30.557 0.0000000000
50356  3.242  -42.107  30.021 0.0000000000
50355  3.804  -41.601  29.901 0.0000000000
53313  6.985  -38.603  29.548 0.0000000000
53314  6.602  -38.433  30.199 0.0000000000
52325  6.158  -38.903  30.327 0.0000000000
52326  5.522  -39.159  30.510 0.0000000000
52340  5.278  -39.872  30.013 0.0000000000
50364  4.790  -41.506  28.911 0.0000000000
50365  4.180  -42.216  28.709 0.0000000000
49433  3.739  -43.155  28.027 0.0000000000
49432  4.114  -42.994  27.527 0.0000000000
49444  4.552  -42.913  26.189 0.0000000000
49476  3.964  -43.387  25.349 0.0000000000
48482  3.660  -43.611  25.050 0.0000000000
48481  3.816  -43.480  24.627 0.0000000000
50401  5.930  -42.243  25.400 0.0000000000
42598  6.434  -49.104  44.159 0.0000000000
42623  6.952  -48.461  42.895 0.0000000000
42608  9.381  -48.892  42.847 0.0000000000
41505  9.157  -49.438  42.700 0.0000000000
42595  8.875  -49.181  43.060 0.0000000000
42596  8.442  -49.377  43.067 0.0000000000
40406  7.466  -50.146  43.662 0.0000000000
41508  7.185  -49.504  44.046 0.0000000000
38410  3.342  -52.064  25.397 0.0000000000
33515  1.727  -56.381  39.554 0.0000000000
34751  1.452  -55.824  39.199 0.0000000000
33498  2.871  -56.082  41.650 0.0000000000
32357  2.204  -56.947  40.351 0.0000000000
32362  1.997  -57.093  40.061 0.0000000000
31236  1.691  -57.267  39.613 0.0000000000
33504  1.949  -56.795  40.069 0.0000000000
38252  6.010  -51.700  36.012 0.0000000000
39392  6.247  -51.144  34.895 0.0000000000
40508  6.143  -50.227  34.505 0.0000000000
47482  2.591  -44.532  29.393 0.0000000000
46454  2.831  -44.791  29.249 0.0000000000
46473  3.267  -44.561  28.306 0.0000000000
46491  3.629  -44.637  27.097 0.0000000000
47504  3.241  -44.036  27.114 0.0000000000
37072  4.132  -53.018  42.986 0.0000000000
37073  4.175  -52.894  42.593 0.0000000000
38193  4.128  -52.358  42.953 0.0000000000
39296  3.848  -51.516  43.440 0.0000000000
41522  3.733  -50.508  43.349 0.0000000000
43864  4.496  -48.164  41.454 0.0000000000
43873  4.537  -47.732  40.686 0.0000000000
39313  12.752  -49.661  40.509 0.0000000000
39306  12.370  -49.680  41.087 0.0000000000
38204  10.952  -50.542  40.433 0.0000000000
37080  8.803  -51.894  40.907 0.0000000000
35936  8.809  -52.550  40.643 0.0000000000
34720  7.031  -54.061  41.231 0.0000000000
34713  6.548  -53.920  42.056 0.0000000000
35919  5.485  -53.592  43.679 0.0000000000
37069  5.170  -53.030  44.317 0.0000000000
35920  4.910  -53.710  43.979 0.0000000000
34705  4.630  -54.141  43.625 0.0000000000
34710  4.141  -54.556  43.408 0.0000000000
35921  4.340  -53.752  43.631 0.0000000000
35922  4.008  -53.522  43.293 0.0000000000
41606  1.334  -47.846  35.090 0.0000000000
41605  1.687  -47.947  34.871 0.0000000000
42720  1.322  -47.415  34.544 0.0000000000
43987  1.193  -46.465  33.696 0.0000000000
49391  1.081  -42.904  33.053 0.0000000000
48404  1.412  -43.390  32.502 0.0000000000
49398  2.259  -42.435  31.338 0.0000000000
42633  17.524  -47.708  41.610 0.0000000000
41535  15.357  -48.802  41.334 0.0000000000
42621  14.704  -48.275  42.459 0.0000000000
42603  14.163  -48.006  42.791 0.0000000000
43846  11.483  -47.801  42.712 0.0000000000
31331  1.275  -58.099  34.800 0.0000000000
32452  1.175  -57.499  35.022 0.0000000000
34812  1.959  -56.451  35.636 0.0000000000
37112  2.130  -54.727  37.809 0.0000000000
37125  3.602  -53.808  37.424 0.0000000000
37124  4.297  -53.209  37.691 0.0000000000
38229  4.662  -52.601  38.323 0.0000000000
39343  4.806  -51.538  38.161 0.0000000000
39315  3.948  -51.480  41.127 0.0000000000
40435  3.721  -50.884  40.597 0.0000000000
42656  2.417  -48.596  38.195 0.0000000000
40451  2.657  -49.196  38.136 0.0000000000
40483  1.978  -48.529  36.049 0.0000000000
42679  0.901  -48.014  36.333 0.0000000000
38222  11.532  -50.747  38.598 0.0000000000
38227  11.583  -50.897  38.017 0.0000000000
32373  5.985  -56.393  39.490 0.0000000000
31214  5.547  -56.424  39.659 0.0000000000
31230  4.263  -57.489  39.003 0.0000000000
30122  3.478  -58.319  39.134 0.0000000000
30166  1.080  -59.140  36.590 0.0000000000
34843  2.237  -56.455  33.971 0.0000000000
34858  2.441  -56.286  33.121 0.0000000000
36062  2.568  -55.848  33.504 0.0000000000
36077  2.661  -55.816  32.767 0.0000000000
36076  3.173  -55.439  32.280 0.0000000000
38311  4.619  -53.685  32.165 0.0000000000
38329  5.044  -53.351  31.684 0.0000000000
38348  5.103  -53.713  31.304 0.0000000000
37209  5.274  -53.849  30.631 0.0000000000
38360  5.820  -53.333  29.887 0.0000000000
38374  5.691  -53.378  28.912 0.0000000000
38373  5.832  -52.709  28.585 0.0000000000
41633  3.387  -47.993  32.513 0.0000000000
41632  3.822  -48.560  31.669 0.0000000000
42758  4.473  -48.594  31.169 0.0000000000
42776  4.998  -48.377  30.648 0.0000000000
45292  5.260  -46.342  28.383 0.0000000000
44051  5.203  -46.857  28.948 0.0000000000
45291  5.761  -46.791  28.285 0.0000000000
44073  6.474  -47.895  28.129 0.0000000000
42831  6.286  -48.629  27.464 0.0000000000
40623  6.034  -50.770  27.308 0.0000000000
41690  5.626  -49.697  26.962 0.0000000000
41691  4.773  -49.976  26.760 0.0000000000
41715  3.604  -49.690  26.058 0.0000000000
41735  3.424  -49.241  25.568 0.0000000000
42863  3.351  -48.554  25.277 0.0000000000
46527  3.211  -46.070  24.499 0.0000000000
54238  4.029  -38.171  32.787 0.0000000000
53275  3.591  -39.068  32.409 0.0000000000
52306  3.298  -39.550  32.023 0.0000000000
52305  4.022  -39.292  31.710 0.0000000000
52327  4.333  -39.794  31.046 0.0000000000
52350  6.769  -39.707  28.869 0.0000000000
51288  5.921  -40.149  29.234 0.0000000000
50363  5.352  -41.308  28.516 0.0000000000
50376  4.956  -42.283  27.785 0.0000000000
50390  4.955  -42.614  26.734 0.0000000000
40410  4.388  -50.978  44.799 0.0000000000
41512  4.050  -50.438  44.347 0.0000000000
41511  4.614  -50.295  44.821 0.0000000000
40414  11.538  -49.294  42.248 0.0000000000
39292  10.858  -49.818  42.055 0.0000000000
39293  9.637  -50.141  42.037 0.0000000000
38194  8.760  -50.709  41.750 0.0000000000
38195  8.075  -51.195  42.111 0.0000000000
37074  7.658  -51.582  42.105 0.0000000000
37082  7.452  -52.122  41.797 0.0000000000
35923  6.975  -52.513  42.058 0.0000000000
37075  7.092  -51.992  42.214 0.0000000000
38188  6.090  -51.788  44.073 0.0000000000
39284  6.973  -50.638  43.789 0.0000000000
39287  4.898  -51.586  44.887 0.0000000000
50291  0.656  -41.897  34.641 0.0000000000
49371  1.149  -42.174  33.243 0.0000000000
51252  1.650  -40.401  32.768 0.0000000000
33560  1.197  -56.803  37.196 0.0000000000
33561  1.334  -56.711  36.630 0.0000000000
33551  1.315  -56.366  37.251 0.0000000000
34777  1.200  -55.786  37.517 0.0000000000
35973  0.897  -54.972  38.044 0.0000000000
35958  0.956  -54.995  39.093 0.0000000000
37103  1.537  -54.716  38.566 0.0000000000
37102  2.635  -54.553  38.880 0.0000000000
38225  3.910  -53.263  39.646 0.0000000000
42646  3.283  -49.316  40.396 0.0000000000
43925  0.905  -48.099  36.725 0.0000000000
32353  4.248  -56.508  41.345 0.0000000000
31218  3.030  -57.789  40.051 0.0000000000
31212  2.991  -57.293  40.911 0.0000000000
30124  2.399  -58.490  39.113 0.0000000000
30135  1.890  -58.845  38.677 0.0000000000
31249  1.385  -57.693  38.609 0.0000000000
31250  1.591  -57.460  39.261 0.0000000000
32414  1.150  -57.220  37.500 0.0000000000
37158  3.780  -53.938  34.506 0.0000000000
37171  3.607  -54.585  33.922 0.0000000000
37169  4.397  -53.110  33.644 0.0000000000
38293  4.691  -52.969  33.072 0.0000000000
38276  5.588  -52.398  34.308 0.0000000000
38292  5.591  -52.440  33.350 0.0000000000
38309  5.341  -52.661  32.549 0.0000000000
39454  6.154  -52.048  31.313 0.0000000000
39473  6.727  -51.431  30.720 0.0000000000
44017  2.705  -46.478  31.051 0.0000000000
42798  3.150  -46.839  30.622 0.0000000000
44036  2.949  -46.243  30.416 0.0000000000
44035  3.536  -46.571  29.956 0.0000000000
45277  3.814  -46.050  29.521 0.0000000000
45295  3.155  -45.384  29.483 0.0000000000
45294  3.641  -45.568  29.306 0.0000000000
45293  4.553  -45.778  28.618 0.0000000000
45313  5.186  -46.355  27.321 0.0000000000
45333  4.776  -46.543  26.585 0.0000000000
44107  4.354  -47.321  25.849 0.0000000000
46508  4.136  -46.194  26.027 0.0000000000
46509  3.964  -46.017  25.900 0.0000000000
46510  3.644  -45.669  25.628 0.0000000000
47519  3.243  -45.458  25.012 0.0000000000
47537  3.075  -45.220  24.690 0.0000000000
48501  2.999  -44.847  24.423 0.0000000000
48500  3.054  -44.472  24.079 0.0000000000
51322  6.967  -40.711  26.500 0.0000000000
52377  6.837  -39.220  25.349 0.0000000000
36153  3.696  -54.732  26.656 0.0000000000
35935  3.257  -54.852  41.119 0.0000000000
38202  4.180  -52.718  41.849 0.0000000000
38197  4.194  -52.457  42.462 0.0000000000
41537  3.385  -49.685  41.105 0.0000000000
41513  3.693  -50.683  43.970 0.0000000000
42615  3.767  -50.078  43.494 0.0000000000
42627  3.702  -49.767  42.803 0.0000000000
42628  3.557  -49.983  42.288 0.0000000000
42638  3.441  -49.520  41.478 0.0000000000
42645  3.330  -49.216  40.789 0.0000000000
43876  3.264  -49.074  40.469 0.0000000000
45127  3.337  -48.079  39.612 0.0000000000
43884  3.894  -47.791  39.941 0.0000000000
39318  14.695  -49.765  39.634 0.0000000000
38220  13.125  -49.880  39.264 0.0000000000
38221  12.455  -50.138  38.827 0.0000000000
38215  12.519  -49.939  39.417 0.0000000000
37099  10.454  -51.938  38.768 0.0000000000
38198  10.820  -50.515  41.027 0.0000000000
37088  10.607  -51.417  39.867 0.0000000000
37094  10.348  -52.111  39.358 0.0000000000
35956  9.821  -52.582  38.776 0.0000000000
34734  8.905  -53.534  39.655 0.0000000000
33503  6.649  -55.290  40.174 0.0000000000
32351  5.566  -55.774  40.683 0.0000000000
35924  6.632  -53.032  42.503 0.0000000000
34706  6.419  -53.630  42.402 0.0000000000
34714  5.990  -54.394  42.069 0.0000000000
35926  5.558  -53.776  43.384 0.0000000000
33489  4.910  -55.115  42.004 0.0000000000
32346  4.578  -55.836  41.690 0.0000000000
32347  4.089  -56.264  42.130 0.0000000000
32349  3.285  -56.322  42.169 0.0000000000
33486  3.533  -55.157  42.783 0.0000000000
33492  3.355  -55.694  42.377 0.0000000000
34717  3.250  -55.009  41.478 0.0000000000
40510  3.556  -49.820  35.276 0.0000000000
41618  3.185  -48.308  33.501 0.0000000000
41620  2.020  -47.680  34.337 0.0000000000
41619  2.651  -47.882  34.079 0.0000000000
41634  2.886  -47.445  33.055 0.0000000000
42759  2.738  -47.133  32.344 0.0000000000
42780  2.548  -46.472  31.596 0.0000000000
46403  1.538  -44.630  32.729 0.0000000000
45264  2.414  -45.615  30.904 0.0000000000
47474  2.334  -44.456  30.110 0.0000000000
48435  2.950  -42.962  29.286 0.0000000000
43849  8.110  -48.571  42.545 0.0000000000
43860  8.709  -48.169  41.880 0.0000000000
39317  15.543  -49.499  39.607 0.0000000000
42644  19.143  -47.688  41.189 0.0000000000
40436  18.195  -48.418  40.217 0.0000000000
40430  17.358  -48.379  40.670 0.0000000000
39311  14.666  -49.553  40.313 0.0000000000
40427  14.650  -48.953  41.202 0.0000000000
40428  13.934  -48.831  41.316 0.0000000000
39305  13.500  -49.086  41.085 0.0000000000
39298  13.298  -48.930  41.451 0.0000000000
41514  13.516  -48.220  42.616 0.0000000000
41515  12.854  -48.425  42.442 0.0000000000
40413  12.196  -48.818  42.293 0.0000000000
42607  10.299  -48.890  42.950 0.0000000000
32467  1.591  -57.509  34.573 0.0000000000
33588  2.006  -57.258  33.992 0.0000000000
36048  2.536  -55.835  34.274 0.0000000000
37173  2.883  -55.523  34.616 0.0000000000
34795  1.865  -56.324  36.438 0.0000000000
36005  2.175  -56.223  36.154 0.0000000000
36020  2.345  -56.131  35.900 0.0000000000
36003  2.594  -55.428  36.403 0.0000000000
36019  2.614  -55.792  35.801 0.0000000000
36018  2.932  -55.478  35.641 0.0000000000
37160  3.159  -55.286  35.151 0.0000000000
37159  3.469  -54.722  34.844 0.0000000000
38253  5.713  -52.221  36.375 0.0000000000
39354  5.805  -51.545  36.280 0.0000000000
39371  5.593  -51.064  36.279 0.0000000000
40491  4.051  -49.920  35.767 0.0000000000
38213  3.771  -53.538  40.587 0.0000000000
38219  3.645  -53.673  40.244 0.0000000000
38218  3.924  -53.155  40.085 0.0000000000
38217  4.129  -52.528  39.920 0.0000000000
40441  3.828  -51.211  40.079 0.0000000000
40440  4.000  -51.613  39.941 0.0000000000
39328  4.289  -51.981  39.780 0.0000000000
39335  4.334  -51.583  39.273 0.0000000000
40457  4.602  -51.312  38.336 0.0000000000
41573  1.887  -48.363  35.636 0.0000000000
40495  1.787  -48.373  35.926 0.0000000000
41589  1.592  -48.119  35.403 0.0000000000
42704  1.091  -47.715  34.860 0.0000000000
43937  0.826  -47.891  36.551 0.0000000000
45192  0.556  -46.485  35.909 0.0000000000
45193  0.540  -46.881  35.828 0.0000000000
43861  7.604  -47.979  41.921 0.0000000000
39341  13.213  -50.154  37.537 0.0000000000
31216  4.063  -57.150  39.920 0.0000000000
30131  4.112  -58.259  38.106 0.0000000000
33620  2.499  -56.618  32.610 0.0000000000
37181  3.815  -54.587  33.086 0.0000000000
37196  3.553  -55.138  32.753 0.0000000000
36075  3.766  -55.075  32.178 0.0000000000
37194  4.400  -54.216  32.030 0.0000000000
37211  4.133  -54.708  31.897 0.0000000000
34901  3.817  -56.123  30.456 0.0000000000
36102  4.894  -54.452  29.088 0.0000000000
37265  3.808  -53.827  26.496 0.0000000000
41584  4.903  -49.554  34.571 0.0000000000
41583  5.666  -49.609  34.239 0.0000000000
41599  6.097  -49.543  33.628 0.0000000000
41616  4.748  -49.072  32.404 0.0000000000
41615  5.863  -49.046  32.781 0.0000000000
41614  6.538  -49.553  32.859 0.0000000000
40550  7.091  -50.613  32.038 0.0000000000
40565  7.083  -50.506  31.200 0.0000000000
44015  3.737  -47.616  30.178 0.0000000000
42795  5.744  -48.076  30.138 0.0000000000
44032  5.774  -47.682  29.462 0.0000000000
44031  6.375  -48.033  29.616 0.0000000000
42794  6.656  -48.521  30.228 0.0000000000
40582  7.076  -50.515  30.180 0.0000000000
39496  6.605  -51.469  29.734 0.0000000000
39517  5.995  -52.098  28.324 0.0000000000
38387  5.650  -52.402  28.061 0.0000000000
39529  5.535  -51.821  27.585 0.0000000000
38389  4.468  -52.856  27.201 0.0000000000
38401  3.983  -52.858  26.621 0.0000000000
38403  3.418  -52.416  25.806 0.0000000000
44108  3.717  -47.587  25.396 0.0000000000
42864  3.151  -48.676  24.862 0.0000000000
44123  3.030  -47.904  24.503 0.0000000000
42913  3.259  -49.115  24.208 0.0000000000
52268  1.598  -39.528  34.259 0.0000000000
53257  2.556  -39.157  33.348 0.0000000000
52308  1.930  -40.010  32.513 0.0000000000
51266  2.120  -40.556  32.189 0.0000000000
50348  2.626  -42.068  30.949 0.0000000000
51264  3.187  -40.282  31.486 0.0000000000
50339  2.727  -41.173  31.307 0.0000000000
49404  2.885  -42.263  30.374 0.0000000000
49412  3.010  -42.601  29.681 0.0000000000
49422  3.363  -42.838  28.862 0.0000000000
51277  4.149  -40.693  30.483 0.0000000000
51289  5.113  -40.588  29.529 0.0000000000
51290  4.443  -41.085  29.782 0.0000000000
48456  3.533  -43.490  27.551 0.0000000000
48467  3.664  -43.596  26.400 0.0000000000
49445  4.197  -43.090  26.580 0.0000000000
48483  3.238  -44.072  24.718 0.0000000000
49475  4.078  -43.308  24.751 0.0000000000
48498  3.755  -43.468  24.139 0.0000000000
47557  3.176  -44.803  23.499 0.0000000000
28967  3.155  -58.990  38.717 0.0000000000
30110  3.530  -57.978  39.461 0.0000000000
30120  4.116  -57.880  38.695 0.0000000000
31221  1.893  -57.266  39.792 0.0000000000
32358  1.883  -56.984  40.220 0.0000000000
32361  5.328  -56.140  40.405 0.0000000000
32363  1.805  -57.035  39.921 0.0000000000
32388  1.489  -57.227  39.347 0.0000000000
33493  3.142  -55.539  41.972 0.0000000000
33516  1.694  -56.815  39.842 0.0000000000
33530  1.474  -56.840  39.518 0.0000000000
33638  2.986  -56.290  31.520 0.0000000000
34703  5.299  -53.954  43.578 0.0000000000
34711  3.622  -54.626  43.026 0.0000000000
34715  3.471  -54.982  42.591 0.0000000000
34737  1.975  -56.463  39.820 0.0000000000
35925  5.838  -53.562  43.118 0.0000000000
35930  8.609  -52.272  40.776 0.0000000000
35972  1.440  -54.852  37.595 0.0000000000
36032  2.983  -55.503  35.275 0.0000000000
37090  9.634  -52.590  40.201 0.0000000000
37109  4.357  -53.067  38.211 0.0000000000
37151  3.059  -55.226  35.818 0.0000000000
38200  9.016  -51.073  41.126 0.0000000000
38211  10.576  -51.209  40.089 0.0000000000
38264  6.064  -51.772  35.501 0.0000000000
38359  6.026  -52.972  29.244 0.0000000000
39290  4.000  -51.904  43.337 0.0000000000
39291  11.370  -49.631  42.021 0.0000000000
39327  4.503  -52.116  39.337 0.0000000000
39333  4.993  -51.920  38.255 0.0000000000
39342  5.094  -51.633  37.693 0.0000000000
39433  6.837  -51.166  32.553 0.0000000000
39475  6.036  -52.781  30.069 0.0000000000
40511  3.077  -49.557  35.146 0.0000000000
41506  8.552  -49.585  42.914 0.0000000000
41520  7.391  -49.136  43.714 0.0000000000
41521  3.776  -50.280  43.854 0.0000000000
41529  3.660  -50.271  42.694 0.0000000000
41571  3.911  -49.900  35.194 0.0000000000
41572  2.318  -48.670  35.492 0.0000000000
41629  6.851  -49.629  31.899 0.0000000000
41645  3.565  -48.024  31.146 0.0000000000
42736  6.031  -48.918  32.238 0.0000000000
42799  2.869  -46.621  30.873 0.0000000000
42886  3.319  -49.103  24.512 0.0000000000
44018  2.566  -46.138  31.025 0.0000000000
44053  3.360  -46.060  29.851 0.0000000000
44092  4.605  -46.871  26.196 0.0000000000
44106  4.570  -47.474  26.023 0.0000000000
45126  3.522  -47.776  39.444 0.0000000000
45276  4.146  -46.384  29.439 0.0000000000
45316  3.398  -44.940  28.818 0.0000000000
45334  4.416  -46.443  26.216 0.0000000000
46416  1.931  -44.373  32.244 0.0000000000
46453  3.751  -45.199  28.836 0.0000000000
46488  4.264  -45.822  26.549 0.0000000000
46528  2.987  -45.604  24.380 0.0000000000
47536  3.072  -45.578  24.616 0.0000000000
47559  2.948  -45.306  24.256 0.0000000000
48426  2.863  -42.830  29.626 0.0000000000
49413  2.795  -42.601  30.147 0.0000000000
49457  4.205  -43.203  25.673 0.0000000000
49460  3.259  -44.421  25.147 0.0000000000
49478  3.172  -44.523  24.761 0.0000000000
49494  3.053  -44.567  24.235 0.0000000000
49495  3.095  -44.620  24.452 0.0000000000
51300  4.960  -41.053  29.250 0.0000000000
52338  7.066  -39.060  29.139 0.0000000000
52376  7.123  -39.499  25.849 0.0000000000
53255  3.828  -38.579  32.646 0.0000000000
53258  2.238  -39.258  33.439 0.0000000000
53293  5.965  -38.593  30.676 0.0000000000
54237  4.613  -37.676  32.468 0.0000000000
