#!ascii label  , from subject sub-01 vox2ras=TkReg
848
90499  39.526  -1.832  17.958 0.0000000000
88634  43.260  -2.800  6.286 0.0000000000
92668  46.242  0.774  6.520 0.0000000000
87808  43.581  -4.365  -4.382 0.0000000000
84824  40.665  -8.047  12.521 0.0000000000
91524  50.954  -0.394  14.861 0.0000000000
90659  43.150  -1.472  -0.236 0.0000000000
93671  36.635  0.848  3.046 0.0000000000
90546  47.053  -2.177  13.109 0.0000000000
85788  44.010  -5.776  12.732 0.0000000000
84880  41.745  -7.355  6.220 0.0000000000
92640  42.949  -0.085  9.024 0.0000000000
94545  40.610  2.665  0.986 0.0000000000
91608  48.735  -0.278  5.681 0.0000000000
95369  44.499  3.323  -1.586 0.0000000000
91600  37.923  -0.330  6.743 0.0000000000
89514  43.707  -2.356  16.368 0.0000000000
87585  42.251  -4.226  15.210 0.0000000000
84845  40.458  -7.845  9.571 0.0000000000
92578  46.654  0.437  11.490 0.0000000000
92570  45.256  0.703  12.663 0.0000000000
92638  44.919  0.299  8.715 0.0000000000
92688  41.875  -0.010  5.200 0.0000000000
92726  43.966  0.849  3.868 0.0000000000
88588  46.323  -3.428  9.410 0.0000000000
89575  48.186  -2.186  9.193 0.0000000000
90593  45.695  -1.613  5.708 0.0000000000
89703  44.394  -2.216  -3.832 0.0000000000
92772  44.442  1.449  -0.687 0.0000000000
91721  43.203  -0.146  -4.797 0.0000000000
93755  42.038  1.218  -3.209 0.0000000000
88747  42.028  -3.376  -3.618 0.0000000000
85969  40.793  -5.872  -1.412 0.0000000000
89529  37.809  -2.285  16.281 0.0000000000
87605  40.081  -4.702  14.619 0.0000000000
92592  48.943  0.278  10.163 0.0000000000
88675  41.888  -3.838  3.672 0.0000000000
89643  43.406  -1.691  3.501 0.0000000000
87758  42.858  -4.223  0.229 0.0000000000
88720  44.675  -3.653  -2.536 0.0000000000
90492  48.565  -1.855  17.471 0.0000000000
90494  45.942  -1.184  17.175 0.0000000000
88566  45.508  -3.907  13.385 0.0000000000
87644  43.702  -4.573  9.736 0.0000000000
85806  41.911  -6.829  12.691 0.0000000000
86756  41.700  -5.405  9.459 0.0000000000
87685  41.368  -4.950  6.686 0.0000000000
85888  42.529  -6.377  4.193 0.0000000000
88525  36.026  -3.642  18.566 0.0000000000
93584  43.347  1.724  12.912 0.0000000000
91550  40.874  -0.326  9.218 0.0000000000
92690  39.839  -0.057  5.132 0.0000000000
93703  38.450  1.455  1.572 0.0000000000
91675  39.241  0.001  0.786 0.0000000000
90537  49.527  -1.915  14.548 0.0000000000
91541  49.685  -0.666  9.674 0.0000000000
92666  48.314  0.858  6.242 0.0000000000
91647  45.059  -0.402  2.382 0.0000000000
93680  47.121  1.701  2.110 0.0000000000
93664  46.041  2.354  2.917 0.0000000000
94556  42.500  3.263  0.183 0.0000000000
93722  40.843  1.221  -0.712 0.0000000000
91601  36.784  -0.174  6.608 0.0000000000
91568  38.143  -0.261  8.407 0.0000000000
90512  42.067  -1.081  16.680 0.0000000000
90526  40.395  -1.641  16.062 0.0000000000
92615  46.914  0.330  9.420 0.0000000000
92616  45.839  0.311  9.572 0.0000000000
92669  45.118  0.477  6.636 0.0000000000
92686  44.233  0.357  5.682 0.0000000000
92685  45.345  0.753  5.634 0.0000000000
88618  44.635  -2.933  7.584 0.0000000000
89591  45.874  -2.452  7.614 0.0000000000
89593  44.477  -2.553  6.829 0.0000000000
89716  44.073  -2.447  -4.494 0.0000000000
90696  43.796  -1.178  -4.437 0.0000000000
89717  43.526  -2.338  -4.685 0.0000000000
90698  42.531  -1.327  -4.533 0.0000000000
88746  42.629  -3.372  -4.244 0.0000000000
85980  42.068  -5.676  -2.714 0.0000000000
85979  42.836  -5.848  -3.053 0.0000000000
87607  38.154  -4.542  14.501 0.0000000000
92558  49.756  0.393  13.200 0.0000000000
92566  49.912  0.318  12.190 0.0000000000
86830  42.400  -5.193  2.916 0.0000000000
87728  42.378  -4.405  2.338 0.0000000000
87742  43.115  -5.019  1.074 0.0000000000
87774  45.046  -4.713  -1.125 0.0000000000
87799  45.465  -4.117  -2.909 0.0000000000
88730  45.193  -3.875  -3.439 0.0000000000
87582  44.329  -4.559  14.831 0.0000000000
88536  44.985  -3.487  14.808 0.0000000000
87616  44.812  -4.846  13.571 0.0000000000
86746  44.950  -4.919  11.407 0.0000000000
86737  44.475  -5.255  11.792 0.0000000000
85792  40.949  -6.705  13.665 0.0000000000
85775  41.625  -6.130  14.063 0.0000000000
84829  41.307  -7.429  12.180 0.0000000000
84864  40.709  -7.326  7.922 0.0000000000
85828  40.667  -6.916  9.411 0.0000000000
86778  40.852  -6.113  8.004 0.0000000000
87657  41.797  -4.805  8.573 0.0000000000
86790  41.358  -5.843  6.079 0.0000000000
86802  41.499  -5.545  5.087 0.0000000000
85874  41.863  -6.451  5.201 0.0000000000
84911  45.663  -7.967  4.124 0.0000000000
92618  43.744  0.273  9.827 0.0000000000
92571  44.087  1.205  12.719 0.0000000000
92619  42.676  0.205  9.917 0.0000000000
92582  41.822  0.941  11.524 0.0000000000
91549  41.930  -0.256  9.145 0.0000000000
91581  40.425  -0.550  7.600 0.0000000000
91580  41.370  -0.543  7.473 0.0000000000
93668  40.848  1.118  2.951 0.0000000000
93669  39.832  1.065  2.927 0.0000000000
93702  39.355  1.935  1.758 0.0000000000
93714  38.327  1.308  1.001 0.0000000000
93713  39.063  1.724  0.323 0.0000000000
90507  47.870  -1.798  16.420 0.0000000000
90506  49.153  -2.061  16.518 0.0000000000
90538  48.286  -1.906  14.382 0.0000000000
90581  48.476  -1.244  7.505 0.0000000000
90564  49.378  -1.282  9.461 0.0000000000
91562  49.343  -0.535  7.826 0.0000000000
92633  49.445  0.114  7.950 0.0000000000
92681  48.788  0.401  5.261 0.0000000000
90645  42.886  -1.781  1.591 0.0000000000
90633  43.930  -0.879  2.671 0.0000000000
91660  44.003  -0.318  1.274 0.0000000000
93720  44.590  1.933  -1.608 0.0000000000
93697  46.084  1.508  0.938 0.0000000000
94552  46.324  2.518  0.856 0.0000000000
94528  46.701  2.539  2.266 0.0000000000
94541  45.439  3.098  1.154 0.0000000000
94542  44.284  2.869  1.255 0.0000000000
95354  44.283  3.443  -0.289 0.0000000000
90667  41.518  -1.464  -1.961 0.0000000000
92782  41.577  0.495  -1.855 0.0000000000
90661  41.302  -1.513  -1.176 0.0000000000
90655  40.659  -1.501  0.353 0.0000000000
90489  50.857  -1.351  16.722 0.0000000000
92693  36.740  0.218  5.270 0.0000000000
92714  37.043  0.429  4.364 0.0000000000
91502  44.013  -0.388  19.030 0.0000000000
91520  42.580  -0.852  17.365 0.0000000000
89524  43.189  -3.020  15.873 0.0000000000
86674  43.284  -5.153  15.057 0.0000000000
84839  40.660  -7.758  10.607 0.0000000000
92569  46.463  0.603  12.528 0.0000000000
92617  44.793  0.248  9.716 0.0000000000
92639  43.941  0.093  8.878 0.0000000000
91595  42.558  -0.308  6.393 0.0000000000
92687  42.986  -0.007  5.645 0.0000000000
92727  42.772  0.698  3.748 0.0000000000
93684  42.391  1.771  2.179 0.0000000000
89552  46.762  -3.223  11.458 0.0000000000
89550  48.245  -2.251  11.683 0.0000000000
89563  47.515  -2.724  9.577 0.0000000000
89589  47.350  -2.026  8.151 0.0000000000
90600  46.912  -1.233  5.623 0.0000000000
90666  43.392  -1.299  -1.571 0.0000000000
91682  43.529  -0.188  -0.887 0.0000000000
91697  44.112  -0.223  -3.086 0.0000000000
92792  44.285  0.835  -3.353 0.0000000000
94595  44.106  2.345  -3.571 0.0000000000
95380  42.998  2.813  -3.307 0.0000000000
92806  42.597  0.817  -4.325 0.0000000000
90673  41.651  -1.418  -3.007 0.0000000000
88734  40.957  -3.485  -2.105 0.0000000000
85954  41.569  -6.694  -1.203 0.0000000000
90528  38.670  -2.012  16.278 0.0000000000
89527  39.849  -2.332  15.518 0.0000000000
88559  38.677  -3.767  14.855 0.0000000000
85778  39.282  -5.803  14.131 0.0000000000
83789  39.656  -7.937  13.203 0.0000000000
92559  48.637  0.460  13.323 0.0000000000
92593  47.918  0.344  10.316 0.0000000000
92614  47.981  0.431  9.267 0.0000000000
88648  42.238  -3.190  4.925 0.0000000000
89630  42.816  -2.466  4.434 0.0000000000
88661  42.143  -3.084  3.939 0.0000000000
89656  42.665  -2.538  2.229 0.0000000000
89668  42.725  -2.797  0.446 0.0000000000
86876  43.922  -5.240  0.253 0.0000000000
88711  43.054  -3.643  -0.589 0.0000000000
89673  43.176  -2.262  -1.189 0.0000000000
88732  44.169  -2.922  -2.762 0.0000000000
88762  44.753  -3.554  -4.126 0.0000000000
87824  44.364  -4.052  -4.532 0.0000000000
85987  43.759  -5.502  -3.570 0.0000000000
90493  47.230  -1.429  17.496 0.0000000000
90523  46.152  -2.136  14.958 0.0000000000
90495  44.874  -1.013  17.190 0.0000000000
89522  45.126  -2.706  15.480 0.0000000000
89542  46.312  -2.548  13.635 0.0000000000
87621  46.003  -4.254  11.572 0.0000000000
87643  44.784  -4.400  9.754 0.0000000000
88599  44.042  -3.514  8.192 0.0000000000
88556  41.286  -4.335  14.878 0.0000000000
86694  42.349  -5.551  14.619 0.0000000000
85773  43.196  -6.076  13.742 0.0000000000
84838  41.184  -7.287  11.357 0.0000000000
85813  41.851  -6.724  11.780 0.0000000000
85811  43.356  -5.726  11.618 0.0000000000
86755  42.679  -5.011  9.867 0.0000000000
87656  42.547  -4.366  8.538 0.0000000000
88620  42.206  -3.910  7.310 0.0000000000
87705  41.492  -4.666  4.785 0.0000000000
86816  42.303  -5.596  3.613 0.0000000000
85903  42.750  -5.932  3.113 0.0000000000
84913  43.241  -7.192  4.415 0.0000000000
84926  44.060  -7.148  3.764 0.0000000000
89516  37.841  -2.377  17.553 0.0000000000
89517  36.910  -2.601  17.186 0.0000000000
88531  35.093  -3.448  16.974 0.0000000000
93571  44.381  2.023  14.522 0.0000000000
94466  41.990  2.249  12.936 0.0000000000
91582  39.504  -0.468  7.639 0.0000000000
91615  38.389  -0.185  5.981 0.0000000000
92713  38.045  0.451  4.359 0.0000000000
92689  40.887  -0.081  5.100 0.0000000000
92730  39.381  0.705  3.494 0.0000000000
93704  37.447  0.970  2.077 0.0000000000
90542  50.954  -1.153  13.793 0.0000000000
90556  49.141  -2.077  11.131 0.0000000000
90555  50.007  -1.563  11.519 0.0000000000
91536  50.726  -0.720  12.287 0.0000000000
92591  49.552  -0.092  9.944 0.0000000000
92613  48.865  0.367  9.103 0.0000000000
92667  47.352  0.950  6.358 0.0000000000
90603  44.607  -1.477  4.948 0.0000000000
90612  45.277  -0.998  4.414 0.0000000000
91636  47.049  -0.150  3.539 0.0000000000
91672  44.551  0.317  0.884 0.0000000000
92742  46.348  0.612  1.998 0.0000000000
92723  47.819  0.466  3.393 0.0000000000
93651  48.504  1.064  4.178 0.0000000000
92704  47.234  1.599  4.498 0.0000000000
92684  46.450  1.066  5.497 0.0000000000
93665  44.730  1.714  3.319 0.0000000000
93699  42.661  2.416  1.504 0.0000000000
94544  41.856  2.818  0.866 0.0000000000
95372  42.185  2.760  -2.013 0.0000000000
95365  41.482  2.747  -0.983 0.0000000000
94566  40.019  2.312  -0.212 0.0000000000
92764  39.768  0.331  0.364 0.0000000000
84973  39.665  -6.821  -0.370 0.0000000000
91553  37.805  0.055  9.103 0.0000000000
91552  38.777  -0.164  9.210 0.0000000000
90498  40.350  -1.350  17.783 0.0000000000
90513  40.961  -1.040  16.938 0.0000000000
90514  39.860  -1.499  16.970 0.0000000000
92636  47.035  0.449  8.395 0.0000000000
92637  45.946  0.439  8.558 0.0000000000
92654  46.070  0.560  7.540 0.0000000000
89606  43.936  -2.340  6.149 0.0000000000
88764  43.932  -3.270  -4.663 0.0000000000
88765  43.311  -3.360  -4.644 0.0000000000
87809  43.120  -4.166  -4.382 0.0000000000
86918  42.774  -4.895  -3.595 0.0000000000
86917  43.539  -4.754  -3.988 0.0000000000
91518  50.792  -0.653  15.915 0.0000000000
92550  50.507  0.118  14.080 0.0000000000
92557  50.659  0.115  13.085 0.0000000000
85919  43.355  -5.905  2.241 0.0000000000
86846  42.807  -5.215  2.056 0.0000000000
85934  43.565  -5.687  1.622 0.0000000000
87789  45.812  -4.449  -1.994 0.0000000000
87798  46.472  -4.676  -2.760 0.0000000000
87805  45.953  -4.699  -3.324 0.0000000000
93705  36.490  0.680  2.264 0.0000000000
87601  44.119  -5.053  14.646 0.0000000000
86713  44.316  -5.460  13.496 0.0000000000
86727  44.428  -5.437  12.477 0.0000000000
85803  44.031  -5.678  12.377 0.0000000000
84810  41.080  -7.060  13.345 0.0000000000
84830  40.738  -8.060  11.634 0.0000000000
84863  41.182  -7.631  7.198 0.0000000000
85849  40.885  -6.677  7.564 0.0000000000
86777  41.130  -5.784  7.285 0.0000000000
85848  41.243  -6.663  6.694 0.0000000000
85861  41.590  -6.654  5.969 0.0000000000
84896  41.869  -6.953  5.665 0.0000000000
92597  43.471  0.592  10.761 0.0000000000
91564  42.171  -0.405  8.243 0.0000000000
93685  41.167  1.733  2.321 0.0000000000
93686  40.071  1.614  2.357 0.0000000000
94546  39.578  2.395  1.201 0.0000000000
94559  38.911  2.046  0.919 0.0000000000
94558  39.762  2.513  0.482 0.0000000000
90522  47.334  -1.896  15.271 0.0000000000
90545  48.026  -1.943  13.336 0.0000000000
91592  48.429  -0.778  6.357 0.0000000000
90580  48.987  -1.060  7.840 0.0000000000
91591  49.005  -0.332  6.123 0.0000000000
92664  49.295  -0.005  6.148 0.0000000000
92680  49.062  -0.055  5.794 0.0000000000
90653  43.268  -1.063  0.934 0.0000000000
90644  43.491  -0.960  1.854 0.0000000000
94563  44.965  2.833  -1.053 0.0000000000
94553  45.454  2.910  0.195 0.0000000000
95353  44.879  3.293  -0.124 0.0000000000
94554  44.739  3.237  0.401 0.0000000000
95362  43.997  3.625  -1.095 0.0000000000
89682  41.214  -2.220  -1.524 0.0000000000
89683  40.837  -2.748  -1.048 0.0000000000
89675  41.057  -2.026  -0.854 0.0000000000
91617  36.821  0.018  5.921 0.0000000000
91616  37.398  -0.060  5.943 0.0000000000
92692  37.733  0.199  5.190 0.0000000000
91503  42.857  -0.648  19.182 0.0000000000
91514  42.185  -0.694  18.236 0.0000000000
89525  42.210  -2.595  15.659 0.0000000000
90524  42.386  -1.755  16.228 0.0000000000
88539  42.609  -3.705  15.461 0.0000000000
87584  42.854  -4.684  15.286 0.0000000000
92560  47.446  0.602  13.462 0.0000000000
92595  45.698  0.258  10.596 0.0000000000
92656  44.047  -0.007  7.877 0.0000000000
91594  43.238  -0.227  6.648 0.0000000000
92670  43.921  -0.050  6.694 0.0000000000
92708  43.458  0.486  4.720 0.0000000000
93667  42.003  1.099  2.898 0.0000000000
93666  43.278  1.341  2.995 0.0000000000
88582  46.579  -3.607  10.438 0.0000000000
89555  47.306  -2.918  10.581 0.0000000000
88581  46.971  -3.184  9.906 0.0000000000
89604  45.942  -2.036  6.733 0.0000000000
89590  46.748  -2.097  7.780 0.0000000000
89603  46.464  -1.932  7.143 0.0000000000
90591  46.782  -1.534  6.471 0.0000000000
90601  46.155  -1.374  5.378 0.0000000000
90672  43.831  -1.318  -2.704 0.0000000000
90683  44.217  -1.404  -3.769 0.0000000000
91720  43.928  0.182  -4.601 0.0000000000
91708  44.296  -0.012  -4.054 0.0000000000
92804  44.312  1.084  -3.969 0.0000000000
93739  44.302  1.871  -3.426 0.0000000000
93763  43.773  1.286  -4.473 0.0000000000
94606  43.139  1.897  -4.173 0.0000000000
92819  43.070  0.857  -4.639 0.0000000000
89704  42.276  -2.708  -4.069 0.0000000000
90684  41.857  -1.283  -4.040 0.0000000000
89705  41.791  -2.390  -3.507 0.0000000000
89692  41.380  -2.490  -2.401 0.0000000000
88733  41.418  -3.382  -2.925 0.0000000000
87802  41.076  -4.263  -2.473 0.0000000000
85968  41.830  -6.248  -1.936 0.0000000000
89528  38.828  -2.292  15.694 0.0000000000
88543  38.202  -2.897  15.276 0.0000000000
86698  38.697  -5.448  14.242 0.0000000000
85794  38.980  -6.460  13.882 0.0000000000
85793  40.072  -6.705  13.761 0.0000000000
84812  39.450  -7.396  13.497 0.0000000000
92576  48.957  0.314  11.247 0.0000000000
92567  48.830  0.425  12.275 0.0000000000
88662  41.731  -3.830  4.432 0.0000000000
87743  42.775  -4.521  1.283 0.0000000000
88684  42.458  -3.520  1.789 0.0000000000
88693  42.650  -3.550  0.849 0.0000000000
89662  42.653  -2.695  1.272 0.0000000000
88703  42.767  -3.519  0.023 0.0000000000
86890  44.541  -5.064  -0.326 0.0000000000
87790  44.723  -4.071  -2.003 0.0000000000
87775  43.690  -4.404  -0.706 0.0000000000
87791  43.956  -3.853  -1.627 0.0000000000
88710  43.428  -3.300  -1.338 0.0000000000
88721  44.168  -3.411  -2.272 0.0000000000
89681  43.688  -2.433  -2.204 0.0000000000
87806  45.347  -4.364  -3.734 0.0000000000
88744  45.009  -3.696  -3.815 0.0000000000
87823  44.896  -3.897  -4.234 0.0000000000
87807  44.801  -4.447  -4.113 0.0000000000
85986  44.603  -5.731  -3.568 0.0000000000
91500  46.279  -0.544  18.761 0.0000000000
91499  47.289  -0.974  18.590 0.0000000000
91510  46.593  -0.906  17.955 0.0000000000
90508  46.226  -1.796  16.157 0.0000000000
90496  43.891  -0.962  17.265 0.0000000000
91512  44.458  -0.523  17.994 0.0000000000
90510  44.235  -1.645  16.748 0.0000000000
89540  45.675  -2.796  14.377 0.0000000000
89543  45.778  -3.207  13.498 0.0000000000
89548  45.884  -3.464  13.034 0.0000000000
88571  45.847  -3.873  12.735 0.0000000000
87635  44.278  -4.736  10.426 0.0000000000
87634  45.259  -4.613  10.587 0.0000000000
87654  44.437  -4.013  9.014 0.0000000000
87655  43.435  -4.142  8.792 0.0000000000
88558  39.685  -3.917  14.896 0.0000000000
88541  40.330  -3.236  15.144 0.0000000000
87604  40.976  -4.778  14.615 0.0000000000
85791  41.716  -6.661  13.435 0.0000000000
85774  42.526  -6.125  13.975 0.0000000000
85790  42.626  -6.415  13.255 0.0000000000
85822  40.727  -7.210  10.033 0.0000000000
85827  41.008  -6.122  9.158 0.0000000000
85821  41.389  -6.418  10.475 0.0000000000
85820  42.227  -5.825  10.747 0.0000000000
85812  42.647  -5.977  11.423 0.0000000000
86749  42.864  -5.449  10.685 0.0000000000
86750  42.137  -5.589  10.273 0.0000000000
87674  41.527  -4.775  7.630 0.0000000000
87673  42.057  -4.353  8.024 0.0000000000
88636  41.680  -4.156  6.382 0.0000000000
88649  41.697  -3.927  5.394 0.0000000000
87695  41.376  -4.830  5.729 0.0000000000
85889  41.880  -5.959  4.665 0.0000000000
86817  41.861  -5.401  4.254 0.0000000000
85902  43.484  -6.616  3.274 0.0000000000
84912  44.472  -7.824  4.606 0.0000000000
85900  45.162  -6.844  3.012 0.0000000000
89506  37.985  -2.719  18.480 0.0000000000
89503  36.639  -3.474  18.746 0.0000000000
89508  36.296  -3.256  17.847 0.0000000000
89518  36.124  -2.929  16.944 0.0000000000
89509  35.711  -3.286  17.323 0.0000000000
92572  43.389  1.446  12.417 0.0000000000
93579  44.250  1.650  13.840 0.0000000000
93580  43.546  2.104  13.571 0.0000000000
94452  43.939  2.480  14.390 0.0000000000
94461  43.057  2.502  13.568 0.0000000000
93585  42.513  1.986  12.807 0.0000000000
92620  41.602  0.035  10.005 0.0000000000
92621  40.512  0.023  10.012 0.0000000000
91551  39.818  -0.301  9.241 0.0000000000
91566  40.158  -0.493  8.420 0.0000000000
91614  39.564  -0.282  6.101 0.0000000000
91598  39.797  -0.463  6.981 0.0000000000
92691  38.780  0.131  5.196 0.0000000000
92712  39.088  0.418  4.360 0.0000000000
91612  41.631  -0.307  5.797 0.0000000000
92710  41.209  0.246  4.383 0.0000000000
93687  39.055  1.306  2.343 0.0000000000
93670  39.209  0.973  2.876 0.0000000000
92743  38.607  0.906  2.877 0.0000000000
93688  38.022  1.053  2.296 0.0000000000
93715  37.674  0.903  1.513 0.0000000000
92766  38.294  0.939  0.712 0.0000000000
90480  49.321  -1.974  18.362 0.0000000000
90520  49.935  -1.936  15.637 0.0000000000
90536  50.452  -1.540  14.627 0.0000000000
90543  50.270  -1.725  13.666 0.0000000000
89554  48.258  -2.372  10.835 0.0000000000
90559  49.001  -1.933  10.162 0.0000000000
90558  49.678  -1.423  10.409 0.0000000000
91539  50.087  -0.741  10.670 0.0000000000
90554  50.508  -1.258  12.175 0.0000000000
92574  50.510  -0.385  11.844 0.0000000000
92651  48.990  0.585  7.114 0.0000000000
92634  48.921  0.565  8.108 0.0000000000
92652  48.175  0.771  7.252 0.0000000000
89629  43.490  -1.835  4.025 0.0000000000
89617  43.687  -2.036  5.071 0.0000000000
90632  44.642  -0.732  3.090 0.0000000000
90620  44.838  -0.821  3.706 0.0000000000
91638  45.430  -0.536  3.105 0.0000000000
91627  46.226  -0.676  3.995 0.0000000000
91637  46.213  -0.331  3.296 0.0000000000
92763  44.032  0.702  -0.452 0.0000000000
91673  43.728  -0.038  0.320 0.0000000000
92762  44.770  1.151  0.304 0.0000000000
93696  46.515  1.810  1.224 0.0000000000
92753  45.971  0.898  1.354 0.0000000000
92752  46.693  1.151  1.765 0.0000000000
92724  47.304  0.429  3.019 0.0000000000
93679  47.546  1.164  2.561 0.0000000000
93661  48.315  0.721  3.716 0.0000000000
93662  47.965  1.291  3.060 0.0000000000
94529  46.550  2.532  2.473 0.0000000000
93663  47.143  2.209  2.773 0.0000000000
93653  46.955  1.832  3.822 0.0000000000
92705  46.617  1.451  4.592 0.0000000000
93654  45.862  1.631  3.867 0.0000000000
93655  45.216  1.414  4.001 0.0000000000
93682  45.027  2.424  2.403 0.0000000000
94555  43.714  3.305  0.346 0.0000000000
93698  43.457  2.587  1.433 0.0000000000
94543  43.067  2.924  0.941 0.0000000000
94583  42.488  2.393  -3.076 0.0000000000
95371  42.741  3.119  -2.403 0.0000000000
94584  42.042  2.144  -2.579 0.0000000000
92774  41.159  0.550  -0.873 0.0000000000
93731  41.322  1.398  -1.348 0.0000000000
93732  40.984  1.619  -0.811 0.0000000000
94565  40.989  2.503  -0.657 0.0000000000
93723  40.410  1.683  -0.543 0.0000000000
92776  39.822  1.232  -0.257 0.0000000000
92775  40.307  0.697  -0.176 0.0000000000
89669  40.504  -2.104  0.583 0.0000000000
90646  40.286  -1.441  0.952 0.0000000000
85970  40.342  -5.620  -1.178 0.0000000000
85956  40.057  -6.138  -0.850 0.0000000000
91602  36.194  -0.230  6.912 0.0000000000
91584  37.485  -0.327  7.574 0.0000000000
91521  41.769  -0.827  17.448 0.0000000000
90525  41.517  -1.628  16.022 0.0000000000
89526  40.988  -2.449  15.458 0.0000000000
92594  46.800  0.347  10.457 0.0000000000
92655  44.986  0.348  7.678 0.0000000000
92707  44.546  0.761  4.781 0.0000000000
88598  45.381  -3.260  8.491 0.0000000000
88597  46.160  -2.991  8.710 0.0000000000
88617  45.268  -2.767  7.714 0.0000000000
89592  45.230  -2.483  7.098 0.0000000000
89605  45.166  -2.018  6.157 0.0000000000
90695  44.194  -1.936  -4.240 0.0000000000
90697  43.122  -1.345  -4.760 0.0000000000
91722  42.824  -0.755  -4.706 0.0000000000
89718  42.780  -2.363  -4.574 0.0000000000
87801  41.657  -4.219  -3.198 0.0000000000
86919  42.063  -4.786  -3.308 0.0000000000
86908  42.221  -5.307  -3.097 0.0000000000
88544  37.123  -2.921  15.419 0.0000000000
88560  37.641  -3.680  14.852 0.0000000000
92551  49.552  0.274  14.233 0.0000000000
87715  42.077  -4.411  3.223 0.0000000000
87800  44.931  -3.795  -2.670 0.0000000000
91511  45.573  -0.621  17.931 0.0000000000
89523  44.118  -3.129  15.914 0.0000000000
88537  44.381  -3.869  15.261 0.0000000000
88555  44.707  -4.138  14.688 0.0000000000
87599  45.069  -4.392  13.696 0.0000000000
87622  45.559  -4.487  12.249 0.0000000000
86726  44.907  -5.019  12.781 0.0000000000
86747  44.424  -4.995  11.132 0.0000000000
85776  40.732  -6.074  14.056 0.0000000000
84823  41.218  -7.310  12.950 0.0000000000
84851  40.543  -7.609  8.653 0.0000000000
85835  40.718  -6.594  8.454 0.0000000000
85834  40.914  -6.084  8.603 0.0000000000
86761  41.137  -5.590  8.401 0.0000000000
85873  42.335  -6.775  4.841 0.0000000000
84924  46.221  -7.563  3.482 0.0000000000
92596  44.584  0.344  10.716 0.0000000000
92580  44.333  0.707  11.706 0.0000000000
92581  43.101  1.176  11.742 0.0000000000
93592  42.937  1.597  12.386 0.0000000000
92598  42.318  0.574  10.780 0.0000000000
91565  41.166  -0.512  8.358 0.0000000000
91597  40.554  -0.497  6.761 0.0000000000
91613  40.662  -0.336  5.896 0.0000000000
92728  41.596  0.624  3.659 0.0000000000
92729  40.494  0.599  3.580 0.0000000000
94547  39.000  2.061  1.341 0.0000000000
92765  39.195  0.848  0.161 0.0000000000
90521  48.695  -1.936  15.478 0.0000000000
90544  49.230  -2.012  13.487 0.0000000000
90573  48.479  -1.609  8.467 0.0000000000
90565  48.773  -1.744  9.306 0.0000000000
90572  49.134  -1.151  8.589 0.0000000000
91548  49.440  -0.572  8.729 0.0000000000
92612  49.411  0.025  8.916 0.0000000000
92650  49.527  0.081  6.978 0.0000000000
92665  48.947  0.495  6.181 0.0000000000
90634  43.141  -1.621  2.478 0.0000000000
90622  43.444  -1.532  3.104 0.0000000000
91648  44.299  -0.510  1.944 0.0000000000
93712  44.969  2.176  -0.329 0.0000000000
93711  45.881  1.998  0.550 0.0000000000
94539  46.701  2.352  1.362 0.0000000000
94532  46.800  2.531  1.927 0.0000000000
94540  46.308  2.907  1.207 0.0000000000
94533  46.150  2.827  2.050 0.0000000000
94534  45.235  2.805  1.847 0.0000000000
95355  43.296  3.465  -0.483 0.0000000000
91689  41.685  -0.468  -2.420 0.0000000000
93742  41.762  1.436  -2.422 0.0000000000
91683  41.430  -0.540  -1.244 0.0000000000
91684  40.908  -0.172  -0.366 0.0000000000
90662  41.003  -1.221  -0.371 0.0000000000
89676  40.766  -2.318  -0.181 0.0000000000
90518  50.922  -0.919  15.369 0.0000000000
92672  36.353  0.051  5.876 0.0000000000
92733  36.400  0.706  3.662 0.0000000000
91513  43.289  -0.623  17.927 0.0000000000
90511  43.144  -1.378  16.784 0.0000000000
89515  42.925  -2.249  16.210 0.0000000000
88538  43.498  -3.903  15.528 0.0000000000
87583  43.752  -4.765  15.119 0.0000000000
86693  43.476  -5.563  14.447 0.0000000000
83823  40.328  -8.814  9.989 0.0000000000
83830  40.665  -8.862  8.751 0.0000000000
83842  40.772  -8.125  7.953 0.0000000000
92561  46.230  0.817  13.603 0.0000000000
92579  45.493  0.376  11.636 0.0000000000
91563  43.135  -0.250  8.096 0.0000000000
91579  42.342  -0.409  7.325 0.0000000000
91578  43.229  -0.270  7.171 0.0000000000
92709  42.302  0.346  4.567 0.0000000000
93700  41.473  2.299  1.603 0.0000000000
90552  47.197  -2.329  12.588 0.0000000000
89546  47.535  -2.358  12.173 0.0000000000
89551  47.424  -2.638  11.535 0.0000000000
89577  46.788  -2.627  8.609 0.0000000000
89576  47.652  -2.282  8.734 0.0000000000
90582  47.642  -1.561  7.462 0.0000000000
90590  47.640  -1.241  6.647 0.0000000000
91609  47.871  -0.722  5.555 0.0000000000
91688  43.688  -0.196  -2.052 0.0000000000
92773  43.954  0.906  -1.435 0.0000000000
92781  44.049  0.721  -2.430 0.0000000000
93721  44.204  1.317  -2.006 0.0000000000
93729  44.478  2.100  -2.630 0.0000000000
94571  44.628  2.765  -2.067 0.0000000000
95378  44.286  3.215  -2.403 0.0000000000
95370  43.745  3.521  -2.041 0.0000000000
95379  43.677  3.099  -3.071 0.0000000000
94597  42.980  2.303  -3.800 0.0000000000
92807  42.160  0.614  -3.743 0.0000000000
91710  42.435  -0.238  -4.400 0.0000000000
91698  41.884  -0.364  -3.477 0.0000000000
87792  40.474  -4.319  -1.625 0.0000000000
86909  41.539  -5.157  -2.644 0.0000000000
86900  41.088  -5.486  -1.921 0.0000000000
85955  41.022  -6.513  -1.083 0.0000000000
90515  38.736  -1.829  17.044 0.0000000000
90527  39.366  -1.839  16.208 0.0000000000
88542  39.255  -3.019  15.144 0.0000000000
87606  39.143  -4.629  14.602 0.0000000000
86697  39.584  -5.332  14.346 0.0000000000
84811  40.371  -7.499  13.246 0.0000000000
92568  47.649  0.496  12.400 0.0000000000
92577  47.816  0.397  11.361 0.0000000000
92653  47.174  0.701  7.392 0.0000000000
88635  42.501  -3.234  6.078 0.0000000000
89607  43.226  -2.606  5.778 0.0000000000
89618  42.841  -2.667  5.269 0.0000000000
89644  42.839  -2.227  3.334 0.0000000000
88674  42.267  -3.421  2.915 0.0000000000
90654  42.833  -2.005  0.708 0.0000000000
90660  42.856  -2.261  0.143 0.0000000000
86860  43.540  -5.395  1.103 0.0000000000
87757  43.270  -4.845  0.525 0.0000000000
87776  42.914  -4.035  -0.337 0.0000000000
89674  42.915  -2.757  -0.407 0.0000000000
89691  44.213  -2.356  -3.214 0.0000000000
88731  44.712  -3.389  -3.159 0.0000000000
89690  44.498  -2.751  -3.698 0.0000000000
89702  44.401  -2.565  -4.144 0.0000000000
88763  44.454  -3.302  -4.340 0.0000000000
86930  44.049  -4.363  -4.475 0.0000000000
86916  44.259  -4.797  -4.078 0.0000000000
90481  48.069  -1.434  18.510 0.0000000000
90539  46.903  -2.074  14.155 0.0000000000
90509  45.164  -1.651  16.548 0.0000000000
89513  44.608  -2.327  16.242 0.0000000000
89512  45.250  -2.137  16.109 0.0000000000
90540  46.207  -2.335  14.423 0.0000000000
89547  46.494  -2.866  12.524 0.0000000000
88576  46.457  -3.810  11.224 0.0000000000
87633  46.079  -4.111  10.087 0.0000000000
87628  45.505  -4.641  11.458 0.0000000000
87627  46.082  -4.300  10.888 0.0000000000
87642  45.667  -4.107  9.673 0.0000000000
87653  45.209  -3.957  9.201 0.0000000000
88619  43.481  -3.108  7.077 0.0000000000
88540  41.544  -3.678  15.177 0.0000000000
86695  41.359  -5.460  14.433 0.0000000000
87603  41.907  -4.761  14.936 0.0000000000
86675  42.918  -5.310  15.004 0.0000000000
85789  43.503  -6.090  13.100 0.0000000000
85805  42.718  -6.383  12.415 0.0000000000
85804  43.556  -5.875  12.171 0.0000000000
86738  43.860  -5.463  11.568 0.0000000000
86748  43.693  -5.138  10.844 0.0000000000
87636  43.748  -4.816  10.369 0.0000000000
87646  42.296  -4.797  9.151 0.0000000000
87645  42.908  -4.529  9.246 0.0000000000
88600  43.009  -3.852  7.988 0.0000000000
87716  41.741  -4.530  3.965 0.0000000000
86831  42.036  -5.035  3.588 0.0000000000
85920  42.818  -5.572  2.586 0.0000000000
84895  42.448  -7.305  5.335 0.0000000000
84914  42.600  -6.939  4.670 0.0000000000
85887  43.181  -6.783  3.939 0.0000000000
85918  44.282  -6.451  2.287 0.0000000000
90500  38.635  -2.296  18.124 0.0000000000
89507  37.162  -2.921  18.159 0.0000000000
89530  36.587  -2.654  16.231 0.0000000000
88526  35.398  -3.623  18.030 0.0000000000
88546  35.101  -3.544  15.862 0.0000000000
94467  41.407  2.406  12.931 0.0000000000
93593  42.238  1.470  12.199 0.0000000000
93586  41.715  1.877  12.594 0.0000000000
93587  40.834  1.894  12.540 0.0000000000
91583  38.530  -0.400  7.602 0.0000000000
91599  38.949  -0.422  6.829 0.0000000000
92732  37.317  0.653  3.520 0.0000000000
91596  41.524  -0.472  6.590 0.0000000000
92711  40.140  0.260  4.318 0.0000000000
92731  38.347  0.677  3.573 0.0000000000
92744  37.723  0.864  2.927 0.0000000000
93689  37.045  0.897  2.532 0.0000000000
93716  36.876  0.766  1.971 0.0000000000
92767  37.719  0.741  1.206 0.0000000000
90491  49.710  -2.194  17.395 0.0000000000
90504  50.486  -1.662  16.280 0.0000000000
90519  50.661  -1.388  15.433 0.0000000000
90535  51.013  -0.993  14.674 0.0000000000
89545  48.128  -2.175  12.182 0.0000000000
90550  48.895  -2.123  12.321 0.0000000000
90549  50.077  -1.799  12.657 0.0000000000
90548  50.748  -1.276  12.907 0.0000000000
91534  51.010  -0.564  13.006 0.0000000000
92565  50.559  -0.163  12.264 0.0000000000
92575  50.061  0.008  11.176 0.0000000000
92635  48.061  0.670  8.266 0.0000000000
89616  44.541  -1.840  5.537 0.0000000000
90602  45.362  -1.453  5.284 0.0000000000
90621  43.996  -1.254  3.494 0.0000000000
90611  46.129  -1.068  4.731 0.0000000000
91626  47.017  -0.711  4.376 0.0000000000
91625  47.789  -0.471  4.665 0.0000000000
91659  45.013  0.081  1.510 0.0000000000
92761  45.634  1.267  0.801 0.0000000000
91646  46.099  0.067  2.588 0.0000000000
91645  46.754  0.172  2.980 0.0000000000
91635  47.749  -0.164  3.969 0.0000000000
91634  48.228  -0.076  4.299 0.0000000000
92703  48.465  0.396  4.355 0.0000000000
93641  48.577  0.978  4.833 0.0000000000
93642  48.196  1.335  4.609 0.0000000000
93652  47.847  1.662  3.782 0.0000000000
92683  47.580  1.301  5.205 0.0000000000
92706  45.546  1.130  4.633 0.0000000000
92725  44.785  1.176  4.135 0.0000000000
94535  44.608  2.593  1.898 0.0000000000
93683  43.813  2.177  2.097 0.0000000000
95363  43.000  3.428  -1.366 0.0000000000
95356  42.205  3.245  -0.652 0.0000000000
94573  41.712  2.281  -1.828 0.0000000000
95364  42.010  2.942  -1.412 0.0000000000
95357  41.513  2.940  -0.747 0.0000000000
94557  41.013  3.137  -0.028 0.0000000000
93724  39.596  1.607  -0.219 0.0000000000
91674  40.287  -0.476  0.541 0.0000000000
85988  43.236  -5.255  -3.566 0.0000000000
84927  43.490  -6.931  3.857 0.0000000000
85777  39.856  -5.961  14.065 0.0000000000
86692  44.183  -5.281  14.254 0.0000000000
86696  40.440  -5.391  14.344 0.0000000000
86712  44.822  -4.990  13.255 0.0000000000
86714  43.664  -5.866  13.737 0.0000000000
86728  44.093  -5.573  12.081 0.0000000000
86736  45.030  -5.047  12.030 0.0000000000
86739  43.299  -5.562  11.244 0.0000000000
86754  43.330  -4.971  10.330 0.0000000000
86762  40.894  -6.089  8.355 0.0000000000
86845  43.263  -5.479  1.702 0.0000000000
86859  44.115  -5.624  0.795 0.0000000000
86861  43.066  -5.156  1.439 0.0000000000
86901  40.509  -5.196  -1.508 0.0000000000
86931  43.845  -4.476  -4.378 0.0000000000
87600  44.611  -4.735  14.199 0.0000000000
87602  42.516  -5.131  15.032 0.0000000000
87615  45.218  -4.524  13.108 0.0000000000
87641  46.046  -3.920  9.717 0.0000000000
87810  42.365  -4.150  -3.749 0.0000000000
87825  43.707  -4.025  -4.627 0.0000000000
87826  43.408  -3.849  -4.598 0.0000000000
88554  45.177  -3.826  14.113 0.0000000000
88557  40.652  -4.114  14.888 0.0000000000
88570  46.245  -3.801  11.987 0.0000000000
88587  46.976  -3.053  9.524 0.0000000000
88589  45.656  -3.713  9.194 0.0000000000
88601  42.437  -4.116  7.968 0.0000000000
88621  41.666  -4.440  7.007 0.0000000000
88745  44.681  -3.209  -3.925 0.0000000000
89502  37.417  -3.187  19.036 0.0000000000
89519  35.625  -3.177  16.789 0.0000000000
89532  35.398  -3.272  16.462 0.0000000000
89539  46.240  -2.415  14.156 0.0000000000
89556  46.784  -3.401  10.932 0.0000000000
89562  48.229  -2.359  9.938 0.0000000000
89564  47.076  -2.860  9.163 0.0000000000
89578  46.172  -2.659  8.268 0.0000000000
89719  42.218  -2.018  -4.212 0.0000000000
90482  47.434  -1.245  18.148 0.0000000000
90497  43.356  -0.889  17.260 0.0000000000
90503  50.819  -1.214  15.953 0.0000000000
90551  47.799  -2.152  12.607 0.0000000000
90574  47.933  -1.709  8.076 0.0000000000
90583  47.040  -1.625  7.109 0.0000000000
90589  48.199  -1.140  6.971 0.0000000000
90592  46.104  -1.631  6.006 0.0000000000
90599  47.417  -1.136  6.081 0.0000000000
90610  46.701  -1.086  5.006 0.0000000000
90613  44.298  -1.371  4.293 0.0000000000
90682  44.359  -2.027  -4.071 0.0000000000
91509  47.148  -1.140  18.037 0.0000000000
91519  43.092  -0.854  17.276 0.0000000000
91532  51.117  -0.388  13.916 0.0000000000
91538  50.438  -0.766  11.594 0.0000000000
91567  39.157  -0.387  8.425 0.0000000000
91576  49.088  -0.648  6.923 0.0000000000
91577  48.600  -0.937  6.929 0.0000000000
91585  36.433  -0.240  7.580 0.0000000000
91593  47.844  -0.935  6.162 0.0000000000
91607  48.994  -0.248  5.888 0.0000000000
91610  47.263  -0.859  5.028 0.0000000000
91611  42.266  -0.207  5.738 0.0000000000
91624  48.433  -0.178  4.915 0.0000000000
91628  45.605  -0.681  3.693 0.0000000000
91658  45.727  0.230  1.956 0.0000000000
91707  44.312  0.550  -4.179 0.0000000000
91709  42.817  0.342  -4.631 0.0000000000
91719  44.182  0.583  -4.390 0.0000000000
92563  44.313  1.351  13.384 0.0000000000
92671  43.188  -0.173  6.335 0.0000000000
92682  48.476  0.939  5.375 0.0000000000
92722  48.199  0.265  3.894 0.0000000000
92740  47.651  0.814  2.826 0.0000000000
92741  47.023  0.752  2.430 0.0000000000
92745  37.150  0.873  2.969 0.0000000000
92754  45.228  0.714  0.947 0.0000000000
92791  44.348  1.352  -3.480 0.0000000000
92793  41.853  0.504  -2.886 0.0000000000
92805  44.357  0.617  -3.937 0.0000000000
92817  44.040  0.976  -4.483 0.0000000000
92818  43.592  0.802  -4.648 0.0000000000
93572  43.898  2.220  14.080 0.0000000000
93581  42.980  2.235  13.231 0.0000000000
93583  43.913  1.585  13.279 0.0000000000
93594  41.279  1.330  12.111 0.0000000000
93643  47.625  1.601  4.373 0.0000000000
93681  45.650  2.680  2.309 0.0000000000
93701  40.333  2.204  1.733 0.0000000000
93710  46.437  2.216  0.897 0.0000000000
93730  44.317  1.461  -2.534 0.0000000000
93740  44.369  1.553  -3.096 0.0000000000
93741  42.158  1.785  -3.023 0.0000000000
93752  43.956  1.746  -4.111 0.0000000000
93753  43.569  1.951  -4.092 0.0000000000
93754  42.438  1.572  -3.702 0.0000000000
93764  43.414  1.550  -4.379 0.0000000000
93765  42.890  1.566  -4.284 0.0000000000
94551  46.600  2.278  1.071 0.0000000000
94564  41.469  2.519  -1.164 0.0000000000
94572  42.235  2.581  -2.395 0.0000000000
94574  41.151  2.028  -1.030 0.0000000000
94581  44.297  2.668  -2.960 0.0000000000
94582  44.107  2.677  -3.282 0.0000000000
94596  43.623  2.397  -3.720 0.0000000000
94605  43.329  2.039  -4.054 0.0000000000
95361  44.764  3.319  -0.684 0.0000000000
95390  43.262  2.684  -3.516 0.0000000000
95391  42.901  2.528  -3.522 0.0000000000
