#!ascii label  , from subject sub-01 vox2ras=TkReg
1381
29047  11.178  -61.407  33.191 0.0000000000
62541  44.418  -29.488  16.402 0.0000000000
39508  29.805  -51.361  28.364 0.0000000000
42744  39.901  -49.620  30.829 0.0000000000
38367  21.815  -52.978  27.644 0.0000000000
34790  17.375  -55.968  36.774 0.0000000000
70734  53.320  -21.459  12.174 0.0000000000
69638  51.175  -23.225  20.009 0.0000000000
51353  40.219  -40.494  23.540 0.0000000000
76869  55.411  -15.525  5.930 0.0000000000
39384  28.513  -52.989  34.369 0.0000000000
31305  13.739  -58.563  34.818 0.0000000000
70684  51.801  -21.702  15.454 0.0000000000
68707  48.330  -23.428  15.264 0.0000000000
60457  45.340  -31.874  20.827 0.0000000000
62477  49.537  -29.349  20.948 0.0000000000
58373  42.215  -33.347  19.938 0.0000000000
42851  36.218  -47.863  25.615 0.0000000000
39502  35.812  -52.092  28.768 0.0000000000
36038  25.436  -54.587  33.457 0.0000000000
35965  22.077  -55.676  37.829 0.0000000000
36056  19.734  -54.738  32.664 0.0000000000
34862  15.455  -56.324  31.326 0.0000000000
40597  25.081  -50.708  28.771 0.0000000000
72713  57.495  -18.850  11.807 0.0000000000
71666  57.314  -20.056  16.384 0.0000000000
65561  48.422  -26.024  18.045 0.0000000000
55363  43.572  -36.701  24.490 0.0000000000
47488  41.088  -45.200  27.110 0.0000000000
72744  55.450  -19.527  8.530 0.0000000000
73828  59.361  -17.643  7.332 0.0000000000
75910  60.837  -15.690  4.629 0.0000000000
38235  27.912  -53.262  36.579 0.0000000000
31327  12.771  -59.491  34.330 0.0000000000
31262  12.807  -59.027  38.084 0.0000000000
30179  11.242  -60.480  36.481 0.0000000000
68730  48.726  -23.398  13.492 0.0000000000
59363  45.638  -32.884  22.798 0.0000000000
60419  47.751  -31.830  23.556 0.0000000000
24322  7.484  -64.785  35.495 0.0000000000
59447  41.949  -33.030  17.479 0.0000000000
40652  30.993  -50.097  25.818 0.0000000000
40631  33.881  -50.144  26.777 0.0000000000
39505  32.923  -51.633  28.533 0.0000000000
36066  23.583  -54.305  30.913 0.0000000000
34851  22.803  -55.676  32.745 0.0000000000
37203  20.675  -53.986  30.222 0.0000000000
39511  23.520  -51.445  28.252 0.0000000000
39448  24.749  -52.215  31.250 0.0000000000
35985  19.640  -55.547  37.222 0.0000000000
71716  55.423  -20.061  12.014 0.0000000000
72696  56.750  -19.164  13.954 0.0000000000
72698  54.722  -19.456  13.746 0.0000000000
69656  51.737  -22.601  17.559 0.0000000000
70647  54.111  -21.782  18.475 0.0000000000
65582  43.731  -27.219  15.324 0.0000000000
66626  45.853  -25.652  16.205 0.0000000000
63491  47.022  -28.008  17.561 0.0000000000
53419  39.918  -38.048  21.754 0.0000000000
55400  41.205  -36.608  22.308 0.0000000000
53382  42.205  -39.078  23.842 0.0000000000
41674  39.434  -49.368  27.694 0.0000000000
45320  38.830  -46.284  26.376 0.0000000000
44040  41.534  -47.624  28.548 0.0000000000
70760  52.390  -21.283  10.098 0.0000000000
72746  53.491  -18.840  8.885 0.0000000000
71738  54.476  -20.597  9.808 0.0000000000
72732  56.761  -20.031  9.998 0.0000000000
76906  58.840  -15.440  2.728 0.0000000000
75913  58.069  -16.629  4.383 0.0000000000
75875  60.029  -16.705  6.282 0.0000000000
74921  56.988  -17.282  5.597 0.0000000000
39444  28.693  -52.265  31.218 0.0000000000
38320  31.295  -52.952  31.486 0.0000000000
39382  30.744  -53.055  34.394 0.0000000000
33567  15.826  -56.898  35.835 0.0000000000
33524  16.613  -56.457  39.220 0.0000000000
32382  14.638  -57.833  39.047 0.0000000000
69744  50.993  -22.451  11.416 0.0000000000
70705  52.488  -20.848  13.650 0.0000000000
70724  50.598  -22.194  13.237 0.0000000000
69682  49.677  -22.656  15.410 0.0000000000
68681  49.326  -23.402  17.313 0.0000000000
61551  45.175  -30.913  18.025 0.0000000000
62507  47.030  -29.702  18.445 0.0000000000
61516  47.763  -30.540  20.457 0.0000000000
50425  37.977  -41.944  23.259 0.0000000000
43963  41.789  -47.765  31.943 0.0000000000
26643  9.349  -62.448  33.335 0.0000000000
27814  10.010  -62.074  36.238 0.0000000000
26618  9.015  -63.718  35.328 0.0000000000
61614  42.783  -30.543  15.745 0.0000000000
60519  43.448  -31.650  17.324 0.0000000000
59399  43.427  -32.868  20.273 0.0000000000
58330  43.619  -33.969  22.498 0.0000000000
42853  34.244  -48.741  25.032 0.0000000000
41678  35.592  -49.861  26.825 0.0000000000
40571  37.984  -51.443  30.010 0.0000000000
38335  34.166  -52.719  31.320 0.0000000000
39418  36.714  -51.610  32.175 0.0000000000
37121  26.168  -54.565  36.142 0.0000000000
34756  24.517  -56.007  37.368 0.0000000000
34785  23.700  -56.705  35.849 0.0000000000
34804  21.329  -55.614  35.149 0.0000000000
36028  18.630  -55.246  34.690 0.0000000000
37221  18.770  -53.893  29.766 0.0000000000
36073  17.146  -55.037  31.654 0.0000000000
34839  16.563  -56.101  33.491 0.0000000000
33598  14.644  -57.556  32.639 0.0000000000
31365  12.970  -58.966  32.612 0.0000000000
30244  11.105  -59.794  31.534 0.0000000000
41727  28.144  -49.592  25.548 0.0000000000
41730  25.268  -48.746  25.700 0.0000000000
40594  27.437  -50.763  28.247 0.0000000000
39446  26.797  -51.691  31.422 0.0000000000
39387  26.454  -52.960  34.027 0.0000000000
72670  58.714  -19.409  16.091 0.0000000000
71669  54.729  -20.791  15.577 0.0000000000
67658  46.573  -24.688  14.786 0.0000000000
67634  47.867  -24.589  17.224 0.0000000000
67618  49.531  -24.681  18.881 0.0000000000
63459  49.592  -28.274  19.408 0.0000000000
65539  50.446  -26.445  19.885 0.0000000000
57408  40.220  -35.101  20.271 0.0000000000
57380  42.251  -34.834  22.506 0.0000000000
57328  44.290  -35.374  24.896 0.0000000000
47524  38.167  -44.136  24.960 0.0000000000
49450  40.374  -42.553  25.482 0.0000000000
46420  42.746  -45.888  30.164 0.0000000000
48440  43.070  -43.751  27.688 0.0000000000
51316  42.543  -41.082  25.897 0.0000000000
52361  44.890  -39.922  26.019 0.0000000000
54311  46.022  -37.456  26.849 0.0000000000
74892  55.031  -17.607  7.094 0.0000000000
73820  57.263  -18.965  7.450 0.0000000000
73801  58.746  -18.327  10.256 0.0000000000
35977  28.538  -54.375  37.224 0.0000000000
30210  11.875  -60.812  34.205 0.0000000000
30178  11.877  -59.908  36.012 0.0000000000
30194  11.585  -60.640  35.372 0.0000000000
58294  45.921  -33.295  23.894 0.0000000000
59346  46.481  -32.954  24.269 0.0000000000
24338  4.974  -64.276  35.122 0.0000000000
40613  30.220  -50.748  27.274 0.0000000000
40612  31.168  -50.901  27.102 0.0000000000
39507  30.873  -51.544  28.540 0.0000000000
37217  22.742  -53.293  28.762 0.0000000000
36082  22.560  -54.323  30.387 0.0000000000
37218  21.730  -53.680  28.986 0.0000000000
39524  22.652  -51.365  26.607 0.0000000000
38366  22.863  -52.407  28.022 0.0000000000
38354  23.703  -52.457  29.075 0.0000000000
36000  18.815  -55.682  36.692 0.0000000000
34772  18.243  -55.789  38.007 0.0000000000
71717  54.564  -20.798  11.933 0.0000000000
72705  55.205  -19.384  12.811 0.0000000000
71707  54.137  -20.012  12.645 0.0000000000
69647  51.068  -22.898  18.716 0.0000000000
69636  52.944  -22.205  19.220 0.0000000000
64551  44.012  -27.805  15.708 0.0000000000
64544  45.326  -27.607  16.525 0.0000000000
63507  45.705  -28.085  16.818 0.0000000000
51370  39.478  -40.249  22.697 0.0000000000
52405  39.891  -39.562  22.429 0.0000000000
53405  40.415  -38.570  22.336 0.0000000000
52392  41.056  -39.813  23.455 0.0000000000
41652  39.856  -49.890  29.299 0.0000000000
42817  40.142  -48.800  27.721 0.0000000000
42785  40.948  -48.901  29.254 0.0000000000
70759  53.101  -21.368  10.402 0.0000000000
71739  53.382  -20.702  9.749 0.0000000000
71727  54.519  -21.128  10.897 0.0000000000
71726  55.375  -20.586  11.206 0.0000000000
76884  57.237  -15.586  4.094 0.0000000000
75893  56.562  -16.458  5.261 0.0000000000
75892  57.309  -16.848  5.032 0.0000000000
74922  56.285  -17.084  5.823 0.0000000000
39425  28.176  -52.193  32.257 0.0000000000
39424  29.124  -52.933  32.173 0.0000000000
39383  29.613  -53.156  34.399 0.0000000000
32435  14.846  -57.656  35.174 0.0000000000
33546  15.439  -57.168  37.485 0.0000000000
32410  14.151  -58.165  37.365 0.0000000000
31227  12.127  -59.136  39.853 0.0000000000
31226  13.159  -58.821  39.894 0.0000000000
69730  49.843  -22.905  11.361 0.0000000000
69717  51.028  -22.356  12.313 0.0000000000
68744  50.015  -22.948  12.304 0.0000000000
68720  48.392  -23.496  14.452 0.0000000000
69692  49.545  -22.700  14.572 0.0000000000
69683  48.957  -22.954  15.348 0.0000000000
69669  49.737  -22.818  16.415 0.0000000000
68694  48.485  -23.429  16.146 0.0000000000
60482  45.568  -31.242  19.255 0.0000000000
61518  46.254  -30.915  19.516 0.0000000000
60470  46.800  -31.252  20.775 0.0000000000
70751  50.543  -21.624  10.302 0.0000000000
26628  9.017  -63.472  34.678 0.0000000000
25498  7.883  -63.758  34.030 0.0000000000
61615  42.073  -30.620  15.319 0.0000000000
60536  43.642  -31.075  16.652 0.0000000000
60537  42.669  -31.724  16.306 0.0000000000
59430  41.871  -33.210  18.071 0.0000000000
59429  42.410  -32.831  18.360 0.0000000000
59400  42.745  -33.147  20.100 0.0000000000
58343  43.933  -33.340  21.621 0.0000000000
58359  42.640  -33.524  20.683 0.0000000000
41740  32.474  -48.980  24.620 0.0000000000
40589  34.288  -51.459  28.014 0.0000000000
40630  34.477  -50.000  26.755 0.0000000000
40587  36.520  -51.435  28.168 0.0000000000
40586  37.824  -51.405  28.670 0.0000000000
39501  36.743  -51.941  28.958 0.0000000000
38301  32.476  -52.996  32.349 0.0000000000
38337  32.760  -52.796  30.909 0.0000000000
39422  33.547  -52.446  32.989 0.0000000000
39397  35.971  -51.848  32.852 0.0000000000
40527  37.464  -50.886  32.387 0.0000000000
36010  25.957  -54.872  35.165 0.0000000000
35997  25.327  -55.747  36.414 0.0000000000
34800  25.395  -55.766  34.906 0.0000000000
36054  21.778  -55.340  32.510 0.0000000000
34819  22.490  -55.945  34.232 0.0000000000
36025  20.835  -55.285  33.827 0.0000000000
36011  20.035  -55.194  35.001 0.0000000000
36042  19.568  -54.941  33.542 0.0000000000
37235  18.701  -53.551  28.687 0.0000000000
34876  15.530  -55.639  29.959 0.0000000000
36087  16.748  -54.996  30.401 0.0000000000
34861  16.304  -55.533  30.972 0.0000000000
34853  17.184  -55.394  32.657 0.0000000000
34855  15.907  -56.497  32.699 0.0000000000
34840  15.935  -56.607  33.755 0.0000000000
33613  15.264  -56.979  32.240 0.0000000000
31366  12.308  -59.548  32.214 0.0000000000
41744  28.646  -49.227  24.765 0.0000000000
41745  27.626  -49.059  24.801 0.0000000000
41682  24.404  -49.700  26.931 0.0000000000
41681  25.332  -49.871  27.351 0.0000000000
40617  26.937  -50.465  27.587 0.0000000000
41662  25.948  -50.550  28.270 0.0000000000
40557  26.912  -51.366  29.640 0.0000000000
40559  25.626  -51.430  30.226 0.0000000000
38287  25.071  -53.222  32.862 0.0000000000
39407  26.078  -52.733  33.359 0.0000000000
37155  26.062  -53.788  34.376 0.0000000000
37144  26.548  -53.502  35.396 0.0000000000
35949  23.919  -56.148  37.799 0.0000000000
27802  9.865  -62.235  37.378 0.0000000000
28997  10.240  -61.627  37.716 0.0000000000
74851  58.243  -17.775  13.175 0.0000000000
72681  56.944  -19.610  14.838 0.0000000000
73751  58.084  -18.670  15.029 0.0000000000
72671  57.975  -19.465  16.017 0.0000000000
71643  57.891  -19.890  18.004 0.0000000000
70691  52.307  -20.954  14.671 0.0000000000
71681  52.950  -20.724  14.597 0.0000000000
70682  53.394  -21.331  15.781 0.0000000000
70645  55.694  -20.955  18.935 0.0000000000
65563  47.004  -26.450  17.313 0.0000000000
67636  46.505  -25.171  16.351 0.0000000000
66616  48.115  -25.395  17.725 0.0000000000
67627  48.516  -24.597  17.769 0.0000000000
66608  49.280  -25.468  18.602 0.0000000000
62491  48.669  -29.441  19.795 0.0000000000
63461  48.011  -29.074  18.917 0.0000000000
63449  49.027  -29.108  19.884 0.0000000000
57409  39.549  -35.481  19.927 0.0000000000
55381  42.015  -36.811  22.962 0.0000000000
56413  41.456  -35.725  22.169 0.0000000000
56383  42.894  -35.909  23.601 0.0000000000
57345  43.694  -35.190  24.327 0.0000000000
56369  43.916  -35.929  24.730 0.0000000000
44114  35.518  -47.192  24.551 0.0000000000
44113  36.207  -46.789  24.788 0.0000000000
46460  39.914  -46.308  26.770 0.0000000000
46478  38.670  -45.619  26.052 0.0000000000
47499  39.649  -44.619  26.096 0.0000000000
48475  39.334  -43.314  25.238 0.0000000000
48451  40.889  -43.617  26.345 0.0000000000
45241  42.317  -46.698  31.109 0.0000000000
49417  44.051  -43.109  28.182 0.0000000000
50370  43.242  -42.000  27.055 0.0000000000
50369  43.991  -41.884  27.164 0.0000000000
51314  44.352  -40.549  26.100 0.0000000000
50367  45.313  -41.198  27.699 0.0000000000
72745  54.370  -19.290  8.795 0.0000000000
73823  54.834  -18.012  7.623 0.0000000000
73821  56.326  -18.742  7.243 0.0000000000
72752  56.426  -19.399  7.953 0.0000000000
72723  57.455  -19.323  11.268 0.0000000000
72741  58.233  -19.198  9.814 0.0000000000
72730  58.227  -19.060  10.786 0.0000000000
74867  58.857  -17.465  10.861 0.0000000000
75933  59.662  -16.079  3.217 0.0000000000
74901  59.489  -17.487  6.586 0.0000000000
74891  59.683  -17.057  7.696 0.0000000000
74883  59.522  -16.975  8.692 0.0000000000
39364  28.381  -52.913  35.244 0.0000000000
39363  29.332  -52.872  35.314 0.0000000000
38234  28.785  -53.099  36.552 0.0000000000
31306  13.175  -58.988  35.136 0.0000000000
31277  13.621  -58.618  36.754 0.0000000000
31292  12.487  -59.494  36.603 0.0000000000
31263  12.182  -59.532  38.247 0.0000000000
30145  11.364  -59.890  38.427 0.0000000000
68731  47.908  -23.928  13.179 0.0000000000
68722  47.201  -24.307  13.871 0.0000000000
59386  45.322  -32.142  21.343 0.0000000000
60455  46.816  -31.647  21.562 0.0000000000
59361  47.116  -32.249  23.499 0.0000000000
60402  48.061  -31.823  24.504 0.0000000000
24348  7.213  -64.222  34.301 0.0000000000
24337  5.822  -64.495  34.706 0.0000000000
24323  6.650  -65.186  35.506 0.0000000000
59482  41.579  -32.281  15.787 0.0000000000
58391  40.970  -33.968  18.300 0.0000000000
41723  32.174  -49.457  25.198 0.0000000000
40633  31.748  -50.354  26.270 0.0000000000
40610  33.373  -50.996  27.541 0.0000000000
39504  33.808  -51.931  28.686 0.0000000000
36051  24.247  -54.529  32.034 0.0000000000
34834  24.527  -55.437  32.817 0.0000000000
36052  23.493  -54.984  31.761 0.0000000000
36068  21.926  -54.883  31.620 0.0000000000
36069  20.897  -54.513  31.569 0.0000000000
34863  14.752  -56.739  30.847 0.0000000000
34895  13.454  -56.171  29.330 0.0000000000
41666  23.577  -50.435  27.032 0.0000000000
40598  24.186  -50.797  28.651 0.0000000000
40560  25.064  -51.425  30.356 0.0000000000
39469  24.388  -51.938  29.691 0.0000000000
38323  24.360  -52.802  30.658 0.0000000000
35966  21.235  -55.625  37.642 0.0000000000
72714  56.394  -19.329  11.987 0.0000000000
73765  57.120  -18.750  13.212 0.0000000000
72704  56.282  -19.015  13.001 0.0000000000
72697  55.635  -19.317  13.759 0.0000000000
72682  55.949  -19.671  14.745 0.0000000000
69666  52.192  -22.322  16.797 0.0000000000
70671  52.830  -21.860  16.509 0.0000000000
69645  52.856  -22.229  18.171 0.0000000000
70638  54.096  -21.709  19.531 0.0000000000
66635  45.092  -25.847  15.177 0.0000000000
65580  44.958  -26.439  15.967 0.0000000000
65572  46.216  -26.521  16.882 0.0000000000
64532  47.413  -27.383  17.650 0.0000000000
63440  50.061  -28.864  21.155 0.0000000000
54412  39.204  -37.496  20.817 0.0000000000
56431  40.060  -36.088  21.066 0.0000000000
54396  40.305  -37.478  21.871 0.0000000000
54384  41.558  -37.333  22.719 0.0000000000
53381  42.627  -38.446  23.994 0.0000000000
42819  37.831  -48.549  27.049 0.0000000000
44080  37.277  -47.361  26.093 0.0000000000
44061  38.633  -47.646  26.855 0.0000000000
44059  40.676  -47.809  27.507 0.0000000000
45281  41.752  -46.893  28.059 0.0000000000
71741  51.567  -20.189  9.514 0.0000000000
72735  52.505  -19.331  9.246 0.0000000000
71740  52.457  -20.419  9.545 0.0000000000
72733  54.068  -20.099  9.283 0.0000000000
71749  54.746  -20.043  9.041 0.0000000000
72743  56.434  -19.881  8.999 0.0000000000
71747  56.054  -20.344  9.790 0.0000000000
71736  56.140  -20.406  10.624 0.0000000000
77865  57.581  -14.412  3.604 0.0000000000
75934  58.679  -16.308  3.355 0.0000000000
75912  59.175  -16.682  4.090 0.0000000000
75890  60.687  -16.066  5.366 0.0000000000
74939  58.933  -17.229  4.760 0.0000000000
74919  58.800  -17.593  5.494 0.0000000000
74902  58.416  -17.929  6.216 0.0000000000
39488  29.107  -51.703  29.313 0.0000000000
39465  30.610  -52.328  30.058 0.0000000000
38340  30.219  -52.646  30.726 0.0000000000
38285  31.142  -53.066  32.854 0.0000000000
39381  31.747  -52.947  34.379 0.0000000000
34791  16.565  -56.327  36.514 0.0000000000
34759  17.033  -56.218  38.246 0.0000000000
33545  15.933  -56.646  37.528 0.0000000000
33537  15.227  -57.178  38.620 0.0000000000
32398  14.118  -58.321  38.397 0.0000000000
32370  13.928  -58.514  39.918 0.0000000000
70735  52.434  -21.834  11.957 0.0000000000
70721  53.372  -20.830  12.788 0.0000000000
70722  52.371  -21.316  12.785 0.0000000000
70706  51.499  -21.385  13.625 0.0000000000
70693  50.907  -21.739  14.523 0.0000000000
69719  49.612  -22.909  13.080 0.0000000000
69691  50.222  -22.242  14.582 0.0000000000
69680  51.131  -22.182  15.805 0.0000000000
69668  50.634  -22.571  16.518 0.0000000000
69657  50.888  -22.739  17.488 0.0000000000
68669  50.328  -23.314  18.720 0.0000000000
61592  45.269  -30.176  17.160 0.0000000000
62523  45.744  -29.624  17.275 0.0000000000
61549  46.368  -30.327  18.454 0.0000000000
61533  47.387  -30.326  19.594 0.0000000000
61502  48.483  -30.297  21.112 0.0000000000
60454  47.465  -31.383  21.886 0.0000000000
61490  48.693  -30.627  22.310 0.0000000000
62463  49.382  -29.946  22.099 0.0000000000
51354  39.094  -40.918  23.197 0.0000000000
43977  41.089  -48.343  31.415 0.0000000000
71742  50.590  -20.080  9.691 0.0000000000
70762  50.890  -20.795  9.869 0.0000000000
70750  51.428  -21.905  10.691 0.0000000000
78807  56.090  -13.652  5.806 0.0000000000
77841  55.195  -14.633  6.191 0.0000000000
27838  10.476  -61.982  33.956 0.0000000000
27825  10.584  -61.789  35.286 0.0000000000
27826  10.013  -62.435  34.874 0.0000000000
26617  9.589  -63.163  35.504 0.0000000000
26597  9.012  -63.666  37.322 0.0000000000
25480  8.014  -64.339  35.515 0.0000000000
63516  43.624  -28.621  15.626 0.0000000000
63518  42.371  -29.106  14.924 0.0000000000
62542  43.757  -29.740  16.131 0.0000000000
60535  44.097  -30.686  16.762 0.0000000000
60501  44.441  -31.427  18.024 0.0000000000
60483  44.625  -31.661  19.080 0.0000000000
59446  42.612  -32.448  17.128 0.0000000000
59412  43.438  -32.323  18.982 0.0000000000
59398  44.199  -32.209  19.766 0.0000000000
59376  44.802  -32.821  21.826 0.0000000000
58329  44.686  -33.301  22.370 0.0000000000
58295  45.198  -34.062  24.358 0.0000000000
42852  35.376  -48.323  25.374 0.0000000000
41721  33.929  -49.236  25.508 0.0000000000
41697  35.235  -49.225  26.207 0.0000000000
42838  35.805  -48.799  26.108 0.0000000000
41676  37.616  -49.658  27.288 0.0000000000
40585  39.021  -50.474  28.522 0.0000000000
41641  39.175  -50.332  30.548 0.0000000000
39485  32.205  -51.990  29.372 0.0000000000
39462  33.414  -52.584  30.250 0.0000000000
39482  35.142  -52.579  29.562 0.0000000000
39398  34.912  -51.932  33.095 0.0000000000
39440  35.936  -52.458  31.510 0.0000000000
39459  36.528  -52.203  30.626 0.0000000000
39438  37.431  -51.468  31.189 0.0000000000
40538  38.282  -50.807  31.254 0.0000000000
41610  38.996  -49.767  31.977 0.0000000000
35961  26.206  -55.051  37.227 0.0000000000
35962  25.046  -55.676  37.284 0.0000000000
35980  24.656  -55.983  36.814 0.0000000000
34769  23.159  -56.297  36.526 0.0000000000
34818  23.457  -56.289  34.071 0.0000000000
34786  22.691  -56.204  35.808 0.0000000000
34770  22.277  -55.892  36.480 0.0000000000
35984  20.669  -55.552  36.769 0.0000000000
35999  19.560  -55.499  36.238 0.0000000000
36013  18.609  -55.546  35.681 0.0000000000
37234  19.790  -53.266  28.323 0.0000000000
37204  19.722  -53.932  30.415 0.0000000000
37205  18.942  -54.218  30.852 0.0000000000
36114  16.915  -54.498  29.042 0.0000000000
36086  17.724  -54.656  30.818 0.0000000000
36057  18.801  -54.821  32.718 0.0000000000
36058  17.713  -55.022  32.787 0.0000000000
36044  17.842  -55.274  33.971 0.0000000000
34807  17.190  -55.879  35.613 0.0000000000
34823  16.422  -56.388  34.691 0.0000000000
33577  15.170  -57.386  34.660 0.0000000000
32462  14.385  -57.946  33.934 0.0000000000
33599  14.066  -57.721  31.882 0.0000000000
32482  13.790  -58.356  32.674 0.0000000000
31344  13.596  -58.700  33.548 0.0000000000
31345  13.071  -59.024  33.511 0.0000000000
30220  12.064  -60.155  32.697 0.0000000000
30231  11.152  -60.519  32.186 0.0000000000
29048  10.328  -61.509  32.618 0.0000000000
27863  9.083  -61.469  32.065 0.0000000000
41743  29.690  -49.325  24.665 0.0000000000
41726  29.332  -49.739  25.698 0.0000000000
40636  28.962  -50.198  26.846 0.0000000000
41728  27.068  -49.417  25.571 0.0000000000
40616  27.821  -50.455  27.600 0.0000000000
40593  28.277  -50.798  28.218 0.0000000000
39489  28.034  -51.444  29.209 0.0000000000
39445  27.468  -51.774  31.065 0.0000000000
39426  26.968  -51.884  32.163 0.0000000000
40543  25.727  -51.695  31.231 0.0000000000
39406  26.910  -52.390  33.313 0.0000000000
39385  27.665  -52.792  34.301 0.0000000000
38248  27.359  -53.053  35.787 0.0000000000
37119  27.217  -53.772  36.917 0.0000000000
29010  10.619  -61.264  36.882 0.0000000000
30146  10.857  -60.437  38.348 0.0000000000
73764  57.754  -18.375  13.930 0.0000000000
71695  53.284  -20.412  13.667 0.0000000000
71679  54.402  -20.039  14.637 0.0000000000
71668  55.753  -20.461  15.667 0.0000000000
70669  54.527  -21.483  16.614 0.0000000000
71657  56.011  -20.969  16.818 0.0000000000
71656  56.869  -20.431  17.069 0.0000000000
67670  46.458  -24.803  13.536 0.0000000000
67657  47.018  -24.090  15.004 0.0000000000
66634  45.939  -25.226  15.406 0.0000000000
67646  46.460  -24.882  15.832 0.0000000000
68695  47.657  -23.810  15.894 0.0000000000
68682  48.534  -23.822  17.115 0.0000000000
68670  49.689  -23.704  18.409 0.0000000000
68656  50.325  -23.756  19.467 0.0000000000
63474  46.846  -29.189  17.900 0.0000000000
63472  48.603  -28.013  18.369 0.0000000000
64517  48.908  -27.229  18.456 0.0000000000
63447  50.470  -28.263  20.765 0.0000000000
64502  50.150  -26.963  19.553 0.0000000000
65551  49.504  -26.328  18.848 0.0000000000
66600  50.260  -25.572  19.669 0.0000000000
67611  50.494  -24.732  20.079 0.0000000000
57440  40.274  -34.423  17.844 0.0000000000
57422  40.982  -34.104  19.437 0.0000000000
56442  40.283  -35.640  20.824 0.0000000000
57393  41.308  -34.748  21.287 0.0000000000
58345  42.060  -33.979  21.247 0.0000000000
57379  43.123  -34.433  22.802 0.0000000000
57362  43.976  -34.591  24.052 0.0000000000
57343  45.149  -34.618  25.186 0.0000000000
45338  37.551  -46.110  25.678 0.0000000000
49468  38.345  -42.664  24.157 0.0000000000
50410  39.121  -42.027  24.156 0.0000000000
50408  40.440  -41.474  24.782 0.0000000000
43990  41.724  -47.563  30.822 0.0000000000
45267  41.991  -46.990  29.090 0.0000000000
46441  42.505  -45.480  27.987 0.0000000000
47470  43.091  -44.987  29.459 0.0000000000
47486  42.475  -44.611  27.588 0.0000000000
49427  41.920  -43.181  26.776 0.0000000000
50383  41.959  -41.838  26.153 0.0000000000
51328  41.492  -40.929  25.099 0.0000000000
52372  43.016  -39.978  24.940 0.0000000000
52371  43.655  -39.444  24.822 0.0000000000
53371  44.251  -38.474  25.015 0.0000000000
52352  45.941  -39.574  27.296 0.0000000000
53369  45.545  -38.449  26.048 0.0000000000
54336  44.614  -37.538  25.293 0.0000000000
56354  45.321  -35.794  26.072 0.0000000000
76858  54.791  -15.457  6.466 0.0000000000
75876  55.131  -16.379  6.329 0.0000000000
74904  56.561  -17.724  6.203 0.0000000000
73831  56.935  -18.372  6.716 0.0000000000
73819  58.461  -18.709  8.046 0.0000000000
72751  57.384  -19.400  8.403 0.0000000000
72750  58.134  -19.245  8.929 0.0000000000
73809  59.149  -17.870  8.886 0.0000000000
74874  59.277  -17.114  9.719 0.0000000000
35960  27.069  -54.943  37.345 0.0000000000
34752  27.835  -55.183  37.463 0.0000000000
29037  11.225  -61.391  34.672 0.0000000000
58277  46.084  -33.445  24.908 0.0000000000
39523  30.108  -51.034  27.816 0.0000000000
39522  30.620  -51.160  27.818 0.0000000000
37231  22.316  -53.046  28.143 0.0000000000
37232  21.744  -53.328  28.254 0.0000000000
38355  23.184  -52.802  28.724 0.0000000000
34789  18.159  -55.872  37.165 0.0000000000
35986  18.866  -55.637  37.598 0.0000000000
70747  54.037  -21.347  11.726 0.0000000000
70720  54.038  -20.734  12.441 0.0000000000
70733  53.938  -21.119  12.276 0.0000000000
69637  51.935  -22.663  19.629 0.0000000000
63509  44.288  -28.570  16.119 0.0000000000
63508  45.210  -28.610  16.618 0.0000000000
51369  40.032  -40.002  22.869 0.0000000000
52393  40.443  -39.622  22.905 0.0000000000
51352  40.821  -40.287  23.777 0.0000000000
42765  40.111  -49.630  30.229 0.0000000000
41651  40.451  -49.441  29.123 0.0000000000
42764  40.665  -49.205  30.100 0.0000000000
70748  53.429  -21.584  11.187 0.0000000000
76868  56.009  -15.550  5.367 0.0000000000
75894  55.804  -16.423  5.811 0.0000000000
39404  28.761  -53.022  33.282 0.0000000000
32436  14.270  -58.053  35.277 0.0000000000
32421  14.823  -57.704  35.928 0.0000000000
32422  14.224  -58.133  36.333 0.0000000000
69729  50.410  -22.859  11.813 0.0000000000
68763  49.834  -23.112  11.983 0.0000000000
69670  49.124  -22.925  16.021 0.0000000000
60471  45.970  -31.389  20.241 0.0000000000
26637  8.021  -63.311  33.578 0.0000000000
61625  41.532  -30.591  14.941 0.0000000000
60574  41.153  -31.039  14.839 0.0000000000
60555  42.297  -31.137  15.657 0.0000000000
60556  41.578  -31.578  15.376 0.0000000000
58390  41.640  -33.486  18.618 0.0000000000
58389  42.065  -33.202  19.204 0.0000000000
40588  35.368  -51.389  28.035 0.0000000000
38283  32.739  -52.850  33.051 0.0000000000
38282  33.211  -52.672  33.050 0.0000000000
39400  33.139  -52.528  33.563 0.0000000000
36024  25.861  -54.640  34.319 0.0000000000
34816  25.270  -55.367  33.697 0.0000000000
36055  20.658  -54.860  32.579 0.0000000000
36040  21.147  -55.351  33.331 0.0000000000
36041  20.396  -55.026  33.386 0.0000000000
34854  16.646  -55.743  32.281 0.0000000000
41664  24.673  -50.166  27.984 0.0000000000
41663  25.455  -50.373  28.165 0.0000000000
40596  25.810  -50.766  28.708 0.0000000000
40575  25.646  -51.024  29.455 0.0000000000
37166  25.288  -53.888  33.132 0.0000000000
38286  25.637  -53.277  33.364 0.0000000000
37165  25.800  -53.901  33.756 0.0000000000
35964  23.029  -55.852  37.768 0.0000000000
26596  9.416  -62.882  37.898 0.0000000000
27790  9.871  -62.122  38.303 0.0000000000
73781  57.970  -18.192  11.975 0.0000000000
73772  58.110  -17.891  12.466 0.0000000000
73773  57.746  -18.147  12.832 0.0000000000
72672  57.191  -19.849  15.627 0.0000000000
72663  58.332  -19.699  17.010 0.0000000000
71655  57.636  -19.983  17.106 0.0000000000
70683  52.667  -21.326  15.467 0.0000000000
65562  47.846  -26.393  17.767 0.0000000000
66617  47.388  -25.471  17.274 0.0000000000
66609  48.722  -25.389  18.158 0.0000000000
65552  48.960  -26.283  18.395 0.0000000000
62478  48.916  -29.614  20.487 0.0000000000
56457  39.152  -35.650  19.850 0.0000000000
55364  42.934  -36.661  24.002 0.0000000000
55380  42.511  -36.618  23.311 0.0000000000
56382  43.371  -35.931  24.146 0.0000000000
44099  35.901  -47.634  25.219 0.0000000000
44098  36.521  -47.158  25.325 0.0000000000
46459  40.522  -45.815  26.951 0.0000000000
46476  40.076  -45.187  26.548 0.0000000000
47498  40.649  -44.631  26.645 0.0000000000
48452  40.266  -43.954  26.140 0.0000000000
48429  44.543  -43.168  29.113 0.0000000000
49424  44.296  -42.212  27.601 0.0000000000
50360  45.113  -41.766  28.022 0.0000000000
50368  44.741  -41.606  27.373 0.0000000000
73812  54.190  -18.241  8.227 0.0000000000
73811  55.070  -18.675  8.085 0.0000000000
72753  55.724  -19.007  7.720 0.0000000000
72722  57.952  -18.751  11.485 0.0000000000
73792  58.480  -18.254  11.200 0.0000000000
75932  60.500  -15.659  3.754 0.0000000000
75952  60.275  -15.427  3.036 0.0000000000
75931  61.015  -15.176  4.084 0.0000000000
75861  60.035  -16.433  7.205 0.0000000000
73818  59.268  -17.779  7.958 0.0000000000
38246  28.368  -52.933  36.194 0.0000000000
39348  29.063  -52.716  36.003 0.0000000000
31291  13.074  -59.017  36.152 0.0000000000
31307  12.618  -59.540  35.523 0.0000000000
30161  11.791  -59.870  37.260 0.0000000000
68732  47.180  -24.427  12.858 0.0000000000
59375  45.507  -32.534  22.093 0.0000000000
59374  46.227  -32.264  22.418 0.0000000000
59362  46.305  -32.626  23.216 0.0000000000
25500  5.801  -63.576  34.223 0.0000000000
24324  5.432  -64.995  35.379 0.0000000000
41725  30.390  -49.710  25.331 0.0000000000
40651  31.500  -50.015  25.753 0.0000000000
39520  32.380  -51.299  27.928 0.0000000000
40611  32.192  -50.888  27.196 0.0000000000
40590  33.604  -51.560  28.147 0.0000000000
36065  24.169  -54.078  31.405 0.0000000000
34849  23.995  -55.163  32.216 0.0000000000
37202  21.651  -54.028  29.860 0.0000000000
36067  22.656  -54.765  31.218 0.0000000000
36083  21.598  -54.449  30.801 0.0000000000
36084  20.885  -54.288  30.860 0.0000000000
39512  23.009  -51.425  27.425 0.0000000000
40618  23.103  -50.818  26.864 0.0000000000
40599  23.562  -50.819  27.664 0.0000000000
39491  23.962  -51.583  29.014 0.0000000000
40577  24.591  -51.395  29.584 0.0000000000
37200  23.653  -53.410  29.827 0.0000000000
38341  24.168  -52.530  29.933 0.0000000000
37187  24.191  -53.581  30.998 0.0000000000
37186  24.472  -53.722  31.790 0.0000000000
35967  20.409  -55.589  37.858 0.0000000000
71715  56.058  -19.965  11.923 0.0000000000
72715  55.515  -19.639  12.340 0.0000000000
72706  54.455  -19.566  13.187 0.0000000000
72683  55.118  -19.582  14.420 0.0000000000
69655  52.521  -22.325  17.468 0.0000000000
69635  53.511  -21.939  19.501 0.0000000000
65587  43.900  -26.730  15.043 0.0000000000
66636  44.343  -26.412  15.047 0.0000000000
65581  44.410  -26.856  15.640 0.0000000000
64543  45.954  -27.488  16.859 0.0000000000
64533  46.652  -27.411  17.267 0.0000000000
54413  38.489  -37.443  20.323 0.0000000000
54397  39.753  -37.500  21.370 0.0000000000
53392  41.692  -38.592  23.154 0.0000000000
53404  41.145  -37.988  22.617 0.0000000000
53391  42.308  -38.001  23.473 0.0000000000
42818  39.088  -48.647  27.263 0.0000000000
44041  41.066  -48.109  28.189 0.0000000000
42816  40.692  -48.422  27.940 0.0000000000
45299  41.107  -46.824  27.364 0.0000000000
44058  41.262  -47.472  27.905 0.0000000000
71748  55.428  -20.249  9.339 0.0000000000
71737  55.346  -20.604  10.252 0.0000000000
71725  56.159  -20.240  11.526 0.0000000000
75914  57.091  -16.277  4.644 0.0000000000
74920  57.881  -17.454  5.333 0.0000000000
74903  57.440  -17.896  6.136 0.0000000000
39466  29.552  -52.155  30.319 0.0000000000
39443  29.625  -52.748  31.280 0.0000000000
39403  30.161  -53.320  33.145 0.0000000000
39423  29.999  -53.078  32.034 0.0000000000
39402  31.329  -53.027  33.611 0.0000000000
33566  16.252  -56.586  36.093 0.0000000000
34792  16.298  -56.464  36.789 0.0000000000
33556  16.016  -56.670  36.689 0.0000000000
32397  14.749  -57.746  37.986 0.0000000000
33526  15.039  -57.178  39.642 0.0000000000
33511  15.186  -57.520  40.077 0.0000000000
31278  12.962  -58.996  37.143 0.0000000000
31261  13.519  -58.663  37.764 0.0000000000
70736  51.541  -22.200  11.721 0.0000000000
70723  51.271  -21.904  12.732 0.0000000000
70707  50.744  -21.934  13.730 0.0000000000
68746  48.632  -23.555  12.461 0.0000000000
68745  49.454  -23.099  12.640 0.0000000000
68729  49.287  -23.053  13.227 0.0000000000
69681  50.492  -22.283  15.489 0.0000000000
69658  50.039  -22.911  17.436 0.0000000000
69648  50.350  -23.023  18.192 0.0000000000
61571  45.643  -30.383  17.706 0.0000000000
61570  46.032  -30.336  18.086 0.0000000000
61517  46.801  -30.764  19.979 0.0000000000
61534  46.797  -30.437  19.120 0.0000000000
60438  46.854  -31.919  22.386 0.0000000000
60437  47.767  -31.483  22.617 0.0000000000
62451  50.155  -29.853  23.607 0.0000000000
50438  38.226  -41.461  22.971 0.0000000000
51355  38.568  -41.196  23.021 0.0000000000
71729  50.216  -20.943  10.049 0.0000000000
70749  52.408  -21.791  10.959 0.0000000000
78808  55.564  -14.124  6.063 0.0000000000
27839  9.731  -62.481  33.819 0.0000000000
26606  9.534  -62.989  36.793 0.0000000000
26607  9.045  -63.792  36.194 0.0000000000
24335  7.584  -64.436  34.890 0.0000000000
64552  43.378  -27.886  15.227 0.0000000000
63526  42.593  -28.295  14.764 0.0000000000
62558  42.358  -29.698  15.168 0.0000000000
62570  42.117  -29.290  14.835 0.0000000000
62557  43.244  -29.532  15.681 0.0000000000
61613  43.374  -30.176  16.075 0.0000000000
61594  43.893  -30.331  16.432 0.0000000000
60502  43.654  -31.831  18.201 0.0000000000
59464  41.765  -32.683  16.434 0.0000000000
59463  42.390  -32.330  16.587 0.0000000000
59387  44.566  -32.527  21.071 0.0000000000
58312  45.418  -33.332  23.254 0.0000000000
58313  44.255  -34.086  23.422 0.0000000000
44116  33.970  -47.978  24.117 0.0000000000
42868  34.936  -47.788  24.713 0.0000000000
42869  34.427  -48.204  24.569 0.0000000000
41700  32.554  -49.847  25.820 0.0000000000
41722  33.109  -49.289  25.166 0.0000000000
41699  33.460  -49.725  26.028 0.0000000000
41679  34.891  -49.834  26.661 0.0000000000
41677  36.597  -49.639  27.005 0.0000000000
42820  37.144  -49.047  26.989 0.0000000000
40606  38.231  -50.405  27.806 0.0000000000
40570  38.741  -50.949  29.515 0.0000000000
40569  39.364  -50.371  29.397 0.0000000000
40555  38.655  -50.861  30.525 0.0000000000
38339  30.982  -52.759  30.721 0.0000000000
39464  31.552  -52.452  30.032 0.0000000000
38338  31.862  -52.855  30.769 0.0000000000
38336  33.611  -52.755  31.089 0.0000000000
39483  34.104  -52.409  29.496 0.0000000000
39461  34.375  -52.694  30.544 0.0000000000
40519  36.566  -51.503  32.855 0.0000000000
39419  36.117  -51.984  32.057 0.0000000000
39439  36.868  -51.754  31.514 0.0000000000
41626  38.242  -50.532  31.873 0.0000000000
35978  26.334  -54.611  36.902 0.0000000000
35979  25.797  -55.153  36.699 0.0000000000
34784  24.938  -56.305  36.007 0.0000000000
34767  24.578  -56.266  36.508 0.0000000000
35981  23.595  -56.203  37.079 0.0000000000
34768  24.146  -56.507  36.586 0.0000000000
34835  23.638  -55.952  33.170 0.0000000000
34836  22.774  -56.000  33.423 0.0000000000
34820  21.391  -55.596  34.264 0.0000000000
34803  22.151  -55.896  35.058 0.0000000000
34787  21.843  -55.768  35.804 0.0000000000
34771  21.509  -55.697  36.409 0.0000000000
34788  21.046  -55.512  35.845 0.0000000000
36027  19.445  -55.077  34.438 0.0000000000
36012  19.413  -55.309  35.302 0.0000000000
37220  19.720  -53.687  29.444 0.0000000000
37237  16.851  -54.314  28.550 0.0000000000
36098  16.559  -54.857  29.442 0.0000000000
36085  18.415  -54.500  31.208 0.0000000000
36072  18.119  -54.702  31.839 0.0000000000
34838  17.199  -55.554  33.243 0.0000000000
34822  17.191  -55.792  34.324 0.0000000000
33597  15.349  -57.018  33.197 0.0000000000
33584  15.488  -57.008  34.110 0.0000000000
33585  14.878  -57.539  33.765 0.0000000000
33632  14.157  -56.942  30.587 0.0000000000
33614  14.645  -57.172  31.475 0.0000000000
32483  13.183  -58.616  31.913 0.0000000000
32502  13.476  -58.070  31.577 0.0000000000
32463  14.021  -58.306  33.666 0.0000000000
31364  13.390  -58.814  33.077 0.0000000000
30230  11.631  -59.864  31.921 0.0000000000
30221  11.897  -60.740  33.141 0.0000000000
30232  10.419  -60.699  31.871 0.0000000000
29058  9.726  -61.038  31.928 0.0000000000
41702  29.156  -50.035  26.347 0.0000000000
41703  28.570  -49.960  26.271 0.0000000000
41729  25.996  -48.845  25.527 0.0000000000
41747  26.205  -48.582  24.854 0.0000000000
40638  27.395  -50.220  26.993 0.0000000000
40572  27.849  -51.000  28.697 0.0000000000
39510  28.231  -51.124  28.685 0.0000000000
40541  26.884  -51.539  30.298 0.0000000000
40544  24.977  -51.693  30.991 0.0000000000
39447  25.283  -51.973  31.671 0.0000000000
39427  26.025  -52.089  32.305 0.0000000000
39386  26.898  -52.818  34.349 0.0000000000
39365  27.586  -52.932  35.218 0.0000000000
39366  27.132  -52.949  34.993 0.0000000000
37132  26.453  -53.835  35.813 0.0000000000
38237  26.871  -53.424  36.067 0.0000000000
37120  26.574  -54.061  36.549 0.0000000000
37106  26.687  -54.333  36.991 0.0000000000
34755  25.220  -55.886  37.651 0.0000000000
34748  16.617  -56.420  38.758 0.0000000000
34747  17.175  -56.313  39.016 0.0000000000
27813  10.550  -61.560  36.062 0.0000000000
28986  10.363  -61.461  38.485 0.0000000000
28996  10.622  -60.997  37.975 0.0000000000
28985  10.663  -60.854  38.730 0.0000000000
30130  10.846  -60.208  39.023 0.0000000000
28973  10.737  -60.833  39.487 0.0000000000
73741  58.591  -18.873  15.553 0.0000000000
70704  53.138  -20.614  13.266 0.0000000000
71670  53.904  -20.794  15.237 0.0000000000
71680  53.600  -20.403  14.493 0.0000000000
71658  55.275  -21.113  16.283 0.0000000000
70657  53.933  -21.776  17.512 0.0000000000
70670  53.650  -21.651  16.606 0.0000000000
70656  54.719  -21.633  17.703 0.0000000000
70655  55.516  -21.293  17.877 0.0000000000
71645  56.353  -20.837  17.947 0.0000000000
71644  57.156  -20.398  17.979 0.0000000000
67671  45.723  -25.205  14.211 0.0000000000
68709  47.208  -24.091  14.581 0.0000000000
66627  45.238  -26.062  16.046 0.0000000000
67635  47.083  -24.619  16.519 0.0000000000
67645  46.977  -24.202  15.549 0.0000000000
68683  47.849  -23.949  16.648 0.0000000000
67626  49.071  -24.606  18.328 0.0000000000
68671  48.956  -23.954  17.856 0.0000000000
68657  49.749  -24.159  19.133 0.0000000000
63460  48.826  -28.656  19.154 0.0000000000
63473  47.629  -28.579  18.158 0.0000000000
64504  49.076  -27.885  18.678 0.0000000000
65527  50.922  -26.548  20.604 0.0000000000
64488  50.377  -27.524  20.043 0.0000000000
65540  49.966  -26.384  19.353 0.0000000000
57441  39.358  -34.889  18.198 0.0000000000
57423  40.407  -34.540  19.063 0.0000000000
56430  40.737  -35.780  21.521 0.0000000000
57381  41.501  -35.094  21.985 0.0000000000
57392  42.075  -34.343  21.737 0.0000000000
58331  42.943  -34.275  22.411 0.0000000000
57344  44.492  -34.782  24.648 0.0000000000
57327  44.926  -35.191  25.456 0.0000000000
44079  38.054  -47.195  26.485 0.0000000000
45322  37.378  -46.629  25.818 0.0000000000
45321  38.012  -46.425  26.150 0.0000000000
47510  38.610  -44.647  25.506 0.0000000000
47511  37.857  -45.117  25.352 0.0000000000
48477  37.865  -43.650  24.470 0.0000000000
48476  38.696  -43.550  24.937 0.0000000000
49451  39.696  -42.996  25.333 0.0000000000
49467  39.399  -42.608  24.845 0.0000000000
49466  39.975  -42.088  24.906 0.0000000000
50409  39.727  -41.766  24.473 0.0000000000
50396  40.882  -41.767  25.334 0.0000000000
43964  41.286  -48.194  31.812 0.0000000000
43976  41.758  -47.587  31.542 0.0000000000
46408  42.626  -46.158  30.850 0.0000000000
45255  42.277  -46.753  30.123 0.0000000000
45254  42.573  -46.258  29.694 0.0000000000
46431  42.405  -46.439  28.970 0.0000000000
46430  42.678  -45.840  29.055 0.0000000000
48431  43.460  -43.976  28.397 0.0000000000
47477  43.472  -44.322  28.957 0.0000000000
47478  43.022  -44.741  28.425 0.0000000000
48441  42.205  -43.761  27.123 0.0000000000
50382  42.636  -41.636  26.423 0.0000000000
49436  42.127  -42.192  26.462 0.0000000000
50394  42.181  -41.323  25.873 0.0000000000
50395  41.529  -41.532  25.604 0.0000000000
51327  42.310  -40.613  25.200 0.0000000000
51325  44.107  -40.006  25.344 0.0000000000
52370  44.686  -39.447  25.516 0.0000000000
51282  45.921  -40.556  28.804 0.0000000000
52343  46.203  -39.591  28.276 0.0000000000
53338  46.446  -38.648  27.826 0.0000000000
54334  45.784  -37.820  26.375 0.0000000000
54335  45.346  -37.520  25.916 0.0000000000
54312  45.729  -37.258  26.428 0.0000000000
55350  44.939  -36.647  25.651 0.0000000000
55334  45.600  -36.597  26.381 0.0000000000
77832  54.680  -14.545  6.714 0.0000000000
73802  52.170  -18.368  9.048 0.0000000000
72747  52.906  -18.495  8.937 0.0000000000
74906  54.883  -17.028  6.791 0.0000000000
74905  55.635  -17.375  6.438 0.0000000000
73830  57.904  -18.366  6.925 0.0000000000
72742  57.433  -19.620  9.384 0.0000000000
73810  58.752  -18.630  9.245 0.0000000000
73800  58.991  -17.872  9.648 0.0000000000
75837  59.026  -16.853  10.909 0.0000000000
77864  58.354  -14.652  2.929 0.0000000000
75891  60.118  -16.609  5.403 0.0000000000
37118  27.989  -53.876  37.175 0.0000000000
30193  12.110  -60.031  34.880 0.0000000000
58311  45.868  -33.068  23.466 0.0000000000
40634  30.686  -50.456  26.475 0.0000000000
39521  31.522  -51.229  27.865 0.0000000000
39506  31.848  -51.705  28.556 0.0000000000
36081  23.152  -54.068  30.126 0.0000000000
37201  22.617  -53.912  29.592 0.0000000000
38365  23.585  -51.954  28.557 0.0000000000
37216  23.356  -53.016  29.075 0.0000000000
35968  19.525  -55.560  38.117 0.0000000000
35969  18.832  -55.586  38.357 0.0000000000
34745  18.727  -55.770  39.218 0.0000000000
71706  55.053  -19.714  12.411 0.0000000000
69646  52.178  -22.516  18.458 0.0000000000
64545  44.668  -27.735  16.192 0.0000000000
53406  39.674  -39.119  22.016 0.0000000000
53393  40.899  -39.152  22.969 0.0000000000
52382  41.792  -39.623  23.938 0.0000000000
41660  39.856  -49.657  28.428 0.0000000000
41659  40.357  -49.312  28.571 0.0000000000
44006  41.269  -48.402  29.676 0.0000000000
71728  53.797  -21.117  10.366 0.0000000000
76885  56.655  -15.525  4.824 0.0000000000
33568  15.320  -57.319  35.483 0.0000000000
33557  15.411  -57.287  36.389 0.0000000000
32409  14.813  -57.715  36.917 0.0000000000
31244  12.576  -59.111  39.008 0.0000000000
31243  13.390  -58.770  38.775 0.0000000000
69728  50.936  -22.626  12.024 0.0000000000
69718  50.295  -22.627  12.759 0.0000000000
69704  48.856  -23.214  14.068 0.0000000000
69693  48.905  -23.096  14.583 0.0000000000
68693  49.026  -23.260  16.612 0.0000000000
60500  45.125  -31.234  18.550 0.0000000000
61550  45.732  -30.757  18.425 0.0000000000
60436  48.356  -31.261  23.170 0.0000000000
69745  50.516  -22.452  10.959 0.0000000000
26644  8.799  -62.514  33.072 0.0000000000
26635  9.207  -62.748  33.679 0.0000000000
26636  8.620  -63.202  33.820 0.0000000000
25497  8.548  -63.607  34.316 0.0000000000
25489  8.553  -63.842  34.774 0.0000000000
62559  41.867  -30.129  15.049 0.0000000000
61595  43.281  -30.778  16.232 0.0000000000
59413  42.711  -32.936  19.482 0.0000000000
59388  43.802  -32.996  21.018 0.0000000000
58358  43.355  -33.382  21.045 0.0000000000
42870  33.350  -48.516  24.187 0.0000000000
40609  34.744  -50.523  27.269 0.0000000000
40608  36.015  -50.614  27.442 0.0000000000
40607  37.166  -50.600  27.636 0.0000000000
38319  32.168  -52.994  31.571 0.0000000000
38318  33.058  -52.927  31.700 0.0000000000
38299  33.828  -52.660  32.255 0.0000000000
40501  36.814  -51.334  33.225 0.0000000000
40540  37.023  -51.243  32.024 0.0000000000
35996  25.745  -55.414  35.854 0.0000000000
34783  25.405  -55.863  35.609 0.0000000000
34801  24.258  -56.538  34.909 0.0000000000
34852  22.327  -55.783  33.020 0.0000000000
34837  21.979  -55.646  33.485 0.0000000000
34821  20.945  -55.439  34.722 0.0000000000
34805  20.651  -55.419  35.129 0.0000000000
36026  20.404  -55.229  34.297 0.0000000000
37236  17.598  -54.052  28.947 0.0000000000
36099  15.847  -55.095  29.152 0.0000000000
36088  16.191  -55.213  29.830 0.0000000000
36059  17.172  -55.289  32.340 0.0000000000
31380  12.554  -58.971  31.687 0.0000000000
31381  11.686  -59.358  31.378 0.0000000000
41706  25.109  -49.141  26.370 0.0000000000
41705  26.424  -49.810  26.664 0.0000000000
41680  26.086  -50.291  27.755 0.0000000000
40595  26.537  -50.744  28.390 0.0000000000
40573  27.225  -51.063  29.004 0.0000000000
40574  26.395  -50.991  29.238 0.0000000000
40558  26.273  -51.388  29.941 0.0000000000
40542  26.422  -51.591  30.832 0.0000000000
39428  25.145  -52.560  32.369 0.0000000000
39408  25.458  -52.898  33.022 0.0000000000
38271  26.147  -53.274  33.996 0.0000000000
38260  26.723  -53.191  34.992 0.0000000000
38261  26.351  -53.420  34.585 0.0000000000
37145  26.241  -53.926  35.064 0.0000000000
29011  10.176  -61.784  37.074 0.0000000000
72695  57.454  -19.044  14.561 0.0000000000
72680  57.577  -19.347  15.191 0.0000000000
72653  58.587  -19.901  17.754 0.0000000000
71696  52.721  -20.676  14.133 0.0000000000
71671  53.258  -20.822  15.163 0.0000000000
70681  54.046  -21.273  15.917 0.0000000000
70646  54.877  -21.500  18.762 0.0000000000
66618  46.625  -25.598  16.818 0.0000000000
62492  48.035  -29.702  19.463 0.0000000000
62506  47.654  -29.434  18.779 0.0000000000
66595  50.755  -25.632  20.304 0.0000000000
57424  39.220  -35.276  19.329 0.0000000000
55399  41.763  -36.419  22.579 0.0000000000
56414  40.963  -36.151  22.055 0.0000000000
55398  42.210  -36.281  22.852 0.0000000000
56396  42.487  -35.774  23.006 0.0000000000
57364  42.794  -35.284  23.321 0.0000000000
57346  43.125  -35.353  23.846 0.0000000000
46477  39.522  -45.722  26.432 0.0000000000
47500  39.103  -45.137  26.045 0.0000000000
47509  39.313  -44.193  25.627 0.0000000000
48464  39.153  -43.865  25.374 0.0000000000
48463  39.768  -43.597  25.658 0.0000000000
48462  40.396  -43.333  25.948 0.0000000000
49438  40.768  -43.024  26.012 0.0000000000
45228  42.263  -46.892  31.764 0.0000000000
45227  42.663  -46.096  31.564 0.0000000000
46407  42.846  -45.686  31.001 0.0000000000
48439  43.692  -43.457  28.115 0.0000000000
49426  42.521  -42.715  26.964 0.0000000000
49425  43.713  -42.732  27.610 0.0000000000
50381  43.613  -41.384  26.579 0.0000000000
51315  43.115  -40.827  26.014 0.0000000000
50380  44.284  -41.296  26.799 0.0000000000
51304  44.675  -41.025  26.779 0.0000000000
51303  45.234  -40.567  26.905 0.0000000000
73822  55.509  -18.270  7.217 0.0000000000
73832  56.169  -18.147  6.706 0.0000000000
72731  57.528  -19.595  10.367 0.0000000000
76924  59.728  -15.112  2.549 0.0000000000
76923  60.535  -14.896  2.638 0.0000000000
76838  60.346  -15.852  7.525 0.0000000000
37117  29.068  -53.648  36.887 0.0000000000
31290  13.717  -58.609  35.746 0.0000000000
31279  12.478  -59.434  37.477 0.0000000000
31245  11.911  -59.510  39.104 0.0000000000
30118  11.718  -59.832  40.059 0.0000000000
68721  47.850  -23.877  14.128 0.0000000000
68708  47.605  -23.819  15.008 0.0000000000
60456  45.998  -31.831  21.261 0.0000000000
60439  46.246  -31.978  21.972 0.0000000000
60420  47.152  -32.016  23.056 0.0000000000
25499  6.710  -63.599  33.776 0.0000000000
24349  6.457  -64.188  34.269 0.0000000000
24336  6.885  -64.666  34.780 0.0000000000
58407  41.503  -33.532  17.823 0.0000000000
58374  41.509  -33.706  19.552 0.0000000000
41701  31.876  -49.886  25.657 0.0000000000
40632  32.880  -50.325  26.601 0.0000000000
39503  34.758  -52.057  28.704 0.0000000000
36039  24.917  -54.574  32.841 0.0000000000
34833  25.101  -55.035  33.159 0.0000000000
36053  22.704  -55.294  31.993 0.0000000000
36070  19.944  -54.440  31.910 0.0000000000
34893  15.110  -55.324  28.871 0.0000000000
34877  14.524  -56.301  30.181 0.0000000000
34878  13.878  -56.687  29.991 0.0000000000
41665  23.984  -50.251  27.542 0.0000000000
40576  24.953  -51.020  29.591 0.0000000000
40545  24.754  -51.871  30.766 0.0000000000
39449  24.544  -52.125  30.446 0.0000000000
38322  24.610  -53.002  31.564 0.0000000000
37176  24.827  -53.863  32.472 0.0000000000
73783  56.835  -18.938  12.234 0.0000000000
73782  57.251  -18.754  12.234 0.0000000000
72673  56.478  -19.963  15.402 0.0000000000
70672  52.207  -21.947  16.126 0.0000000000
70658  53.186  -21.957  17.425 0.0000000000
70648  53.430  -21.980  18.304 0.0000000000
65574  44.960  -27.052  16.168 0.0000000000
65573  45.488  -26.674  16.401 0.0000000000
62470  49.744  -29.467  21.671 0.0000000000
55444  38.416  -36.519  19.943 0.0000000000
56444  38.898  -36.025  20.075 0.0000000000
55430  39.639  -36.686  20.929 0.0000000000
55416  40.188  -36.678  21.462 0.0000000000
55415  40.676  -36.664  21.964 0.0000000000
54385  40.886  -37.436  22.300 0.0000000000
54371  42.128  -37.464  23.211 0.0000000000
54370  42.624  -37.446  23.704 0.0000000000
54355  43.177  -37.524  24.246 0.0000000000
42836  37.407  -48.048  26.500 0.0000000000
44062  37.831  -47.751  26.625 0.0000000000
45302  38.581  -46.869  26.513 0.0000000000
44060  39.731  -47.810  27.065 0.0000000000
45301  39.355  -46.794  26.712 0.0000000000
45300  40.229  -46.898  27.042 0.0000000000
46458  41.679  -45.814  27.487 0.0000000000
72736  51.455  -19.246  9.381 0.0000000000
72734  53.390  -19.762  9.278 0.0000000000
72724  56.836  -19.981  11.010 0.0000000000
76907  58.006  -15.613  3.378 0.0000000000
75911  60.146  -16.341  4.394 0.0000000000
74938  59.594  -16.890  4.786 0.0000000000
74918  59.527  -17.169  5.523 0.0000000000
74940  58.396  -17.282  4.956 0.0000000000
73829  58.894  -18.112  7.132 0.0000000000
39487  30.192  -51.865  29.307 0.0000000000
38321  30.463  -52.902  31.406 0.0000000000
38302  31.614  -53.053  32.247 0.0000000000
39401  32.268  -52.852  33.691 0.0000000000
39362  30.305  -52.858  35.273 0.0000000000
39346  30.750  -52.741  35.778 0.0000000000
39361  31.206  -52.923  35.068 0.0000000000
38368  20.945  -53.147  27.755 0.0000000000
34774  16.841  -56.177  37.415 0.0000000000
34760  16.340  -56.454  38.080 0.0000000000
33536  15.757  -56.782  38.194 0.0000000000
33525  15.923  -56.589  39.144 0.0000000000
33510  15.719  -57.087  40.091 0.0000000000
32383  14.020  -58.455  39.357 0.0000000000
32369  14.564  -58.011  40.026 0.0000000000
70692  51.631  -21.289  14.527 0.0000000000
68764  49.263  -23.247  11.823 0.0000000000
69702  50.117  -22.398  13.755 0.0000000000
69703  49.414  -22.910  13.696 0.0000000000
70685  51.157  -21.772  15.181 0.0000000000
69667  51.530  -22.388  16.499 0.0000000000
62540  45.176  -29.578  16.835 0.0000000000
63493  45.631  -29.122  16.975 0.0000000000
62522  46.318  -29.774  17.836 0.0000000000
61535  46.126  -30.712  18.966 0.0000000000
62493  47.389  -29.934  19.074 0.0000000000
61515  48.395  -30.115  20.537 0.0000000000
62471  49.119  -29.889  21.433 0.0000000000
60469  47.359  -31.140  21.236 0.0000000000
61491  47.969  -31.094  22.075 0.0000000000
61503  47.948  -30.846  21.513 0.0000000000
62462  50.008  -29.595  22.586 0.0000000000
51371  38.385  -40.774  22.330 0.0000000000
42709  40.053  -49.006  32.036 0.0000000000
42743  40.555  -48.991  31.089 0.0000000000
42707  41.140  -48.406  31.986 0.0000000000
70761  51.540  -21.088  9.892 0.0000000000
77840  55.725  -14.669  5.701 0.0000000000
27850  10.433  -61.796  33.111 0.0000000000
26627  9.430  -62.976  34.380 0.0000000000
24347  7.683  -64.139  34.525 0.0000000000
25490  8.045  -64.087  34.881 0.0000000000
25479  8.553  -64.030  35.467 0.0000000000
62556  43.852  -29.178  16.025 0.0000000000
63517  42.831  -28.722  15.108 0.0000000000
61593  44.608  -30.324  16.829 0.0000000000
61572  44.919  -30.741  17.450 0.0000000000
60518  44.233  -31.032  17.128 0.0000000000
60472  45.006  -31.755  20.070 0.0000000000
60538  41.903  -32.078  15.967 0.0000000000
59445  43.030  -32.077  17.327 0.0000000000
59428  43.114  -32.213  17.877 0.0000000000
60484  43.986  -31.756  18.714 0.0000000000
59411  44.056  -31.986  19.153 0.0000000000
58342  44.490  -32.987  21.728 0.0000000000
58328  45.308  -33.007  22.635 0.0000000000
44115  34.499  -47.573  24.212 0.0000000000
42854  33.667  -48.933  24.985 0.0000000000
41698  34.360  -49.579  26.243 0.0000000000
42837  36.634  -48.461  26.305 0.0000000000
41675  38.633  -49.568  27.488 0.0000000000
40605  38.816  -50.151  27.881 0.0000000000
40584  39.549  -50.124  28.906 0.0000000000
41640  39.654  -50.011  30.125 0.0000000000
39486  31.213  -51.993  29.298 0.0000000000
39463  32.488  -52.516  30.105 0.0000000000
39484  33.162  -52.159  29.417 0.0000000000
39421  34.191  -52.456  32.442 0.0000000000
39442  34.269  -52.681  31.969 0.0000000000
39420  35.328  -52.285  32.310 0.0000000000
39441  34.676  -52.704  31.580 0.0000000000
39460  35.520  -52.699  30.576 0.0000000000
39481  36.197  -52.383  29.674 0.0000000000
39480  37.122  -51.876  29.760 0.0000000000
40539  37.601  -51.127  31.616 0.0000000000
40556  37.881  -51.231  30.887 0.0000000000
41625  38.959  -50.246  31.206 0.0000000000
42745  39.347  -49.953  30.971 0.0000000000
42725  39.834  -49.315  31.615 0.0000000000
35963  23.985  -56.124  37.544 0.0000000000
35982  22.659  -55.880  37.146 0.0000000000
34817  24.477  -55.989  33.895 0.0000000000
34802  23.099  -56.380  34.992 0.0000000000
35983  21.743  -55.666  37.075 0.0000000000
35998  20.222  -55.432  35.719 0.0000000000
34806  18.012  -55.774  36.256 0.0000000000
37233  20.877  -53.439  28.394 0.0000000000
37219  20.732  -53.703  29.198 0.0000000000
37188  20.412  -54.135  30.868 0.0000000000
37189  19.888  -54.136  31.218 0.0000000000
37190  19.446  -54.316  31.450 0.0000000000
36097  17.274  -54.574  29.788 0.0000000000
37222  18.084  -54.282  30.154 0.0000000000
37206  18.282  -54.409  30.754 0.0000000000
36071  19.052  -54.540  31.800 0.0000000000
36043  18.640  -54.943  33.715 0.0000000000
36029  17.901  -55.580  34.977 0.0000000000
36014  17.934  -55.704  35.623 0.0000000000
34808  16.534  -56.371  35.666 0.0000000000
33575  16.163  -56.624  35.440 0.0000000000
34824  15.891  -56.703  34.369 0.0000000000
33576  15.755  -56.896  34.937 0.0000000000
32448  14.612  -57.792  34.531 0.0000000000
32449  14.118  -58.189  34.392 0.0000000000
32481  14.339  -57.938  33.333 0.0000000000
31325  13.771  -58.539  34.137 0.0000000000
31326  13.336  -58.870  34.252 0.0000000000
31346  12.616  -59.583  33.191 0.0000000000
30209  12.260  -60.134  33.766 0.0000000000
29057  10.620  -61.104  32.266 0.0000000000
27851  9.577  -61.992  32.813 0.0000000000
27852  8.878  -62.131  32.696 0.0000000000
27864  8.479  -61.787  32.305 0.0000000000
26654  8.606  -62.184  32.687 0.0000000000
26655  8.265  -62.295  32.687 0.0000000000
41742  30.696  -49.281  24.572 0.0000000000
40653  30.234  -50.071  25.970 0.0000000000
40635  29.726  -50.254  26.567 0.0000000000
40614  29.419  -50.538  27.346 0.0000000000
40591  29.749  -50.885  27.776 0.0000000000
41704  27.623  -49.926  26.299 0.0000000000
40637  28.176  -50.201  26.921 0.0000000000
40615  28.644  -50.461  27.512 0.0000000000
40592  29.135  -50.814  28.016 0.0000000000
39509  28.761  -51.240  28.615 0.0000000000
39467  28.363  -51.868  30.171 0.0000000000
39490  27.391  -51.399  29.440 0.0000000000
39468  27.488  -51.592  29.969 0.0000000000
39405  27.804  -52.464  33.298 0.0000000000
40530  26.407  -51.727  31.509 0.0000000000
40531  26.251  -51.827  31.817 0.0000000000
39350  27.769  -52.929  35.731 0.0000000000
38247  27.825  -52.988  36.079 0.0000000000
38249  26.841  -53.263  35.595 0.0000000000
38236  27.283  -53.341  36.374 0.0000000000
34758  17.689  -55.944  38.494 0.0000000000
34746  17.872  -55.872  39.170 0.0000000000
29024  10.944  -61.151  35.797 0.0000000000
30162  10.990  -60.406  37.567 0.0000000000
30119  10.873  -60.047  39.883 0.0000000000
74842  58.040  -17.919  13.450 0.0000000000
71708  53.423  -20.404  13.037 0.0000000000
71694  53.937  -19.763  13.718 0.0000000000
71678  55.127  -19.968  15.113 0.0000000000
71667  56.638  -20.365  16.119 0.0000000000
70668  55.243  -21.413  17.029 0.0000000000
67679  46.344  -24.630  12.474 0.0000000000
67659  45.847  -25.248  14.912 0.0000000000
63492  46.311  -28.612  17.273 0.0000000000
64518  48.165  -27.390  18.064 0.0000000000
65553  48.472  -26.670  18.137 0.0000000000
63448  49.694  -28.693  20.114 0.0000000000
64489  49.905  -28.033  19.603 0.0000000000
64503  49.611  -27.435  19.121 0.0000000000
64516  49.281  -26.831  18.665 0.0000000000
66601  49.752  -25.526  19.130 0.0000000000
67617  49.981  -24.728  19.429 0.0000000000
68646  50.989  -23.936  20.597 0.0000000000
69628  51.405  -23.519  20.512 0.0000000000
58375  41.083  -33.935  19.007 0.0000000000
56443  39.615  -35.886  20.393 0.0000000000
56429  41.214  -35.298  21.773 0.0000000000
57394  40.627  -35.291  20.987 0.0000000000
57407  40.994  -34.306  20.049 0.0000000000
58360  41.736  -33.858  20.499 0.0000000000
58344  42.839  -33.921  21.745 0.0000000000
57363  43.285  -34.727  23.475 0.0000000000
58314  43.564  -34.320  23.063 0.0000000000
58296  44.463  -34.395  24.127 0.0000000000
44097  37.038  -46.877  25.687 0.0000000000
45339  37.045  -46.385  25.413 0.0000000000
46494  37.997  -45.569  25.686 0.0000000000
46515  37.224  -45.292  24.954 0.0000000000
49486  38.091  -42.248  23.588 0.0000000000
50424  38.610  -41.717  23.529 0.0000000000
50423  39.460  -41.332  23.862 0.0000000000
50422  40.042  -41.168  24.200 0.0000000000
51341  40.440  -40.876  24.258 0.0000000000
43991  41.188  -48.368  30.543 0.0000000000
44005  41.680  -47.647  29.935 0.0000000000
46442  42.265  -46.294  28.394 0.0000000000
47462  43.089  -45.000  30.359 0.0000000000
47461  43.549  -44.461  30.567 0.0000000000
47487  41.616  -44.617  27.116 0.0000000000
47497  41.164  -44.120  26.722 0.0000000000
48450  41.541  -43.652  26.718 0.0000000000
49437  41.459  -42.634  26.227 0.0000000000
49449  41.055  -42.115  25.667 0.0000000000
50407  41.088  -41.233  25.050 0.0000000000
51340  41.160  -40.537  24.358 0.0000000000
51339  41.988  -40.108  24.449 0.0000000000
52381  42.621  -39.569  24.394 0.0000000000
51326  43.449  -40.276  25.361 0.0000000000
52380  43.133  -38.991  24.357 0.0000000000
53380  43.480  -38.411  24.484 0.0000000000
54354  43.855  -37.550  24.789 0.0000000000
50359  45.499  -41.373  28.418 0.0000000000
51294  45.839  -40.539  27.859 0.0000000000
52360  45.413  -39.480  26.269 0.0000000000
53370  44.994  -38.403  25.528 0.0000000000
55351  44.204  -36.691  25.072 0.0000000000
56368  44.603  -35.904  25.280 0.0000000000
74875  58.980  -17.513  10.179 0.0000000000
74866  59.091  -17.029  10.452 0.0000000000
30129  11.355  -59.734  39.386 0.0000000000
31228  11.720  -59.469  39.655 0.0000000000
33555  16.276  -56.514  36.429 0.0000000000
34757  18.369  -55.775  38.704 0.0000000000
34773  17.551  -55.981  37.685 0.0000000000
34775  16.326  -56.440  37.170 0.0000000000
34850  23.566  -55.534  32.394 0.0000000000
34875  16.214  -55.377  30.274 0.0000000000
35955  18.794  -55.634  38.815 0.0000000000
35959  27.809  -54.772  37.449 0.0000000000
37133  26.114  -54.492  35.635 0.0000000000
38259  27.149  -53.010  35.336 0.0000000000
38270  26.534  -53.105  34.407 0.0000000000
38284  31.919  -52.978  32.985 0.0000000000
38300  33.382  -52.772  32.479 0.0000000000
38303  30.763  -53.048  32.206 0.0000000000
38304  24.777  -53.251  32.242 0.0000000000
38316  34.254  -52.715  31.573 0.0000000000
38317  33.931  -52.719  31.825 0.0000000000
39338  29.372  -52.821  36.307 0.0000000000
39349  28.167  -52.856  35.791 0.0000000000
39458  37.320  -51.692  30.670 0.0000000000
40502  36.468  -51.581  33.147 0.0000000000
40528  36.837  -51.292  32.514 0.0000000000
40529  36.498  -51.684  32.550 0.0000000000
40554  39.157  -50.544  30.033 0.0000000000
40561  24.768  -51.708  30.308 0.0000000000
41624  39.399  -49.994  30.760 0.0000000000
41639  40.163  -49.647  29.787 0.0000000000
41661  39.204  -49.903  27.946 0.0000000000
41696  35.983  -49.209  26.480 0.0000000000
41720  34.629  -49.017  25.679 0.0000000000
41724  31.335  -49.656  25.279 0.0000000000
42724  40.418  -48.889  31.680 0.0000000000
42726  39.405  -49.737  31.364 0.0000000000
42802  40.705  -48.852  28.477 0.0000000000
42803  40.297  -49.184  28.282 0.0000000000
44022  41.567  -47.806  29.236 0.0000000000
44023  41.275  -48.335  28.882 0.0000000000
44081  36.660  -47.715  25.841 0.0000000000
45213  42.407  -46.894  32.001 0.0000000000
45240  42.633  -46.128  31.159 0.0000000000
45266  42.429  -46.481  29.390 0.0000000000
45340  36.586  -46.366  24.975 0.0000000000
46421  42.512  -46.380  30.593 0.0000000000
46457  42.096  -45.144  27.520 0.0000000000
46495  37.358  -45.587  25.235 0.0000000000
51313  45.013  -40.159  26.285 0.0000000000
52369  45.246  -38.970  25.752 0.0000000000
53356  46.043  -38.455  26.848 0.0000000000
55333  45.849  -36.964  26.707 0.0000000000
55431  39.037  -36.641  20.419 0.0000000000
56412  42.048  -35.789  22.603 0.0000000000
60520  42.957  -31.994  17.005 0.0000000000
61489  49.402  -30.137  22.522 0.0000000000
62479  48.374  -29.914  20.132 0.0000000000
70639  53.617  -21.946  19.017 0.0000000000
72712  57.810  -18.600  11.751 0.0000000000
73774  56.957  -18.865  12.557 0.0000000000
