#!ascii label  , from subject sub-01 vox2ras=TkReg
918
45263  19.025  -46.375  30.232 0.0000000000
42685  31.057  -45.614  34.657 0.0000000000
67637  40.966  -24.553  17.849 0.0000000000
54415  34.597  -37.139  21.208 0.0000000000
48453  35.776  -42.937  27.282 0.0000000000
76822  50.654  -15.475  12.187 0.0000000000
63463  40.718  -28.487  19.755 0.0000000000
61556  35.780  -30.046  18.437 0.0000000000
40580  15.060  -49.366  29.524 0.0000000000
45218  25.159  -44.443  33.517 0.0000000000
44026  29.021  -45.190  29.831 0.0000000000
46467  22.201  -44.243  27.320 0.0000000000
72675  45.028  -19.019  15.530 0.0000000000
43944  21.268  -45.575  36.558 0.0000000000
40504  17.135  -48.923  35.067 0.0000000000
70649  44.545  -21.319  19.469 0.0000000000
38289  12.341  -50.914  33.676 0.0000000000
34842  9.344  -54.530  33.271 0.0000000000
60445  35.348  -31.534  22.534 0.0000000000
51356  35.875  -39.999  23.423 0.0000000000
48496  32.304  -43.584  23.453 0.0000000000
44084  31.166  -47.477  26.101 0.0000000000
61521  40.221  -29.490  21.293 0.0000000000
62511  38.203  -29.101  18.828 0.0000000000
60486  38.259  -29.853  20.325 0.0000000000
62480  42.395  -28.368  21.617 0.0000000000
42829  18.618  -47.535  27.355 0.0000000000
41687  16.469  -48.998  27.171 0.0000000000
41654  17.122  -48.304  29.800 0.0000000000
46412  22.495  -44.886  31.673 0.0000000000
45261  23.860  -44.735  30.040 0.0000000000
46450  20.016  -44.772  28.587 0.0000000000
45349  19.827  -46.154  26.035 0.0000000000
68697  40.367  -23.224  16.624 0.0000000000
67621  42.960  -24.702  19.516 0.0000000000
68684  42.347  -23.173  18.670 0.0000000000
70662  42.729  -21.523  17.102 0.0000000000
40465  16.106  -49.094  37.235 0.0000000000
40506  15.357  -48.690  34.595 0.0000000000
39352  13.952  -49.779  36.366 0.0000000000
34761  8.425  -54.225  37.724 0.0000000000
36002  9.448  -53.542  36.013 0.0000000000
33570  8.250  -55.022  35.113 0.0000000000
31308  6.858  -57.241  34.636 0.0000000000
31280  5.910  -56.903  36.560 0.0000000000
52374  37.995  -39.204  25.872 0.0000000000
50397  35.817  -41.268  26.007 0.0000000000
50413  33.904  -41.888  24.152 0.0000000000
48465  34.332  -43.481  25.670 0.0000000000
45306  27.540  -45.242  27.235 0.0000000000
44068  29.762  -47.114  27.672 0.0000000000
45346  28.480  -46.528  25.547 0.0000000000
45375  29.753  -46.285  23.351 0.0000000000
57395  34.808  -34.717  21.243 0.0000000000
58376  33.696  -33.423  19.989 0.0000000000
56460  33.066  -35.530  19.557 0.0000000000
78754  53.820  -13.358  11.203 0.0000000000
77811  51.669  -15.004  10.312 0.0000000000
65555  41.379  -26.570  18.487 0.0000000000
63494  38.820  -28.068  17.922 0.0000000000
65530  42.888  -26.326  20.462 0.0000000000
43956  28.752  -44.891  33.950 0.0000000000
42733  29.690  -45.421  32.081 0.0000000000
43984  26.878  -44.659  31.743 0.0000000000
45286  25.404  -44.608  28.186 0.0000000000
46503  24.204  -44.601  25.576 0.0000000000
72654  46.670  -18.895  17.983 0.0000000000
73742  47.553  -17.922  16.160 0.0000000000
74832  48.038  -17.090  14.436 0.0000000000
74852  48.776  -16.799  11.940 0.0000000000
45222  20.052  -45.581  33.614 0.0000000000
41613  17.944  -47.352  33.111 0.0000000000
42703  19.294  -46.765  35.406 0.0000000000
45220  23.293  -45.087  34.421 0.0000000000
71659  44.727  -19.849  17.200 0.0000000000
40534  15.800  -48.708  32.549 0.0000000000
38324  13.659  -50.063  31.713 0.0000000000
37177  11.757  -51.889  31.514 0.0000000000
37134  11.024  -51.588  36.435 0.0000000000
36030  10.729  -52.973  33.796 0.0000000000
28989  3.478  -59.434  37.587 0.0000000000
60443  37.317  -30.712  22.687 0.0000000000
56415  35.659  -35.727  22.885 0.0000000000
54373  36.447  -37.421  24.110 0.0000000000
53408  35.350  -38.063  22.396 0.0000000000
51373  33.740  -39.935  22.714 0.0000000000
50441  32.024  -41.740  22.300 0.0000000000
48528  31.229  -43.466  21.484 0.0000000000
42769  31.218  -45.893  30.257 0.0000000000
42821  32.687  -47.084  27.873 0.0000000000
45323  34.026  -45.967  26.768 0.0000000000
46498  32.237  -45.836  24.305 0.0000000000
47569  30.724  -44.934  22.139 0.0000000000
60487  35.150  -30.876  19.805 0.0000000000
60522  33.506  -32.054  17.591 0.0000000000
61506  39.998  -29.945  21.985 0.0000000000
61522  39.533  -29.773  21.129 0.0000000000
60473  39.182  -30.137  21.494 0.0000000000
61492  41.440  -29.177  22.233 0.0000000000
44048  18.986  -46.857  29.059 0.0000000000
41667  17.867  -47.500  28.919 0.0000000000
42793  18.230  -47.159  29.763 0.0000000000
46414  19.539  -45.331  31.328 0.0000000000
46425  20.371  -44.692  30.418 0.0000000000
46438  19.376  -45.657  29.464 0.0000000000
45290  19.327  -46.047  28.660 0.0000000000
68686  40.756  -23.689  17.480 0.0000000000
67629  41.670  -24.633  18.504 0.0000000000
68673  42.822  -23.659  19.393 0.0000000000
68685  41.576  -23.414  18.093 0.0000000000
68696  41.063  -22.928  17.314 0.0000000000
33539  7.960  -55.001  37.447 0.0000000000
33547  8.325  -54.846  36.526 0.0000000000
32411  7.643  -55.482  36.508 0.0000000000
32437  7.817  -55.413  35.416 0.0000000000
32424  7.026  -55.884  36.051 0.0000000000
31293  6.112  -57.309  35.814 0.0000000000
50385  36.894  -41.116  27.084 0.0000000000
49440  35.891  -42.276  26.935 0.0000000000
49441  35.236  -42.561  25.929 0.0000000000
48455  34.832  -43.424  26.156 0.0000000000
42699  31.702  -45.655  34.067 0.0000000000
46501  25.828  -45.250  25.102 0.0000000000
45328  27.592  -45.803  26.541 0.0000000000
45347  27.184  -45.856  25.117 0.0000000000
46520  27.701  -45.604  23.666 0.0000000000
56445  34.809  -35.640  20.979 0.0000000000
57411  33.953  -34.589  20.365 0.0000000000
76812  50.918  -15.569  13.860 0.0000000000
76817  51.535  -15.368  13.462 0.0000000000
76820  52.069  -15.057  13.105 0.0000000000
77807  52.465  -14.532  11.533 0.0000000000
76824  51.200  -15.256  11.686 0.0000000000
63475  40.988  -27.784  19.325 0.0000000000
64534  40.089  -27.239  18.116 0.0000000000
64522  39.529  -28.071  18.536 0.0000000000
61573  37.103  -29.420  18.597 0.0000000000
62525  37.168  -29.029  18.096 0.0000000000
61574  36.427  -29.506  18.174 0.0000000000
62494  41.292  -28.524  20.352 0.0000000000
63451  41.835  -27.923  20.370 0.0000000000
65554  42.107  -26.463  19.081 0.0000000000
40600  16.153  -48.843  28.661 0.0000000000
39493  14.147  -50.014  29.614 0.0000000000
45201  27.111  -44.634  34.126 0.0000000000
43970  27.538  -44.825  32.912 0.0000000000
45231  26.164  -44.626  32.102 0.0000000000
46434  22.904  -44.187  28.694 0.0000000000
45272  24.573  -44.615  29.170 0.0000000000
45288  23.774  -44.346  28.290 0.0000000000
45309  24.576  -44.756  27.293 0.0000000000
46484  23.260  -44.380  26.437 0.0000000000
46506  21.569  -44.797  25.652 0.0000000000
52423  32.624  -39.760  21.619 0.0000000000
72665  45.984  -18.905  16.825 0.0000000000
73736  46.996  -18.396  16.605 0.0000000000
73737  46.429  -18.480  16.154 0.0000000000
73766  46.727  -17.923  14.066 0.0000000000
74854  47.507  -17.450  12.658 0.0000000000
74843  48.748  -16.619  12.872 0.0000000000
45206  20.971  -45.120  34.921 0.0000000000
43972  19.419  -46.223  34.081 0.0000000000
43946  19.810  -46.362  35.871 0.0000000000
45205  22.668  -45.145  35.047 0.0000000000
46380  22.205  -45.170  34.347 0.0000000000
71646  45.342  -19.831  18.501 0.0000000000
70659  44.393  -20.895  18.797 0.0000000000
70675  42.512  -21.209  16.224 0.0000000000
41598  18.123  -47.804  34.053 0.0000000000
40546  17.070  -48.297  32.256 0.0000000000
40521  16.903  -48.780  33.989 0.0000000000
39390  13.489  -49.361  34.756 0.0000000000
39411  14.141  -49.050  33.450 0.0000000000
38306  13.226  -50.169  32.734 0.0000000000
38325  12.970  -50.745  31.456 0.0000000000
38307  12.176  -51.472  32.368 0.0000000000
37122  10.913  -51.494  37.551 0.0000000000
34809  9.627  -53.882  34.590 0.0000000000
36016  10.068  -53.336  34.961 0.0000000000
34825  9.794  -53.973  33.739 0.0000000000
37179  10.808  -53.092  32.620 0.0000000000
57366  35.741  -34.993  23.585 0.0000000000
51342  37.016  -39.935  24.428 0.0000000000
53384  37.360  -38.214  24.857 0.0000000000
52394  37.161  -38.755  23.667 0.0000000000
53407  36.183  -38.100  22.835 0.0000000000
52409  35.328  -39.044  22.606 0.0000000000
52410  34.379  -39.545  22.709 0.0000000000
52397  34.822  -40.160  23.027 0.0000000000
49471  33.323  -42.585  24.202 0.0000000000
49489  32.982  -42.115  23.487 0.0000000000
49490  32.429  -42.585  23.169 0.0000000000
49505  31.684  -42.775  22.234 0.0000000000
48513  31.480  -43.604  22.324 0.0000000000
42772  29.514  -45.475  30.478 0.0000000000
42750  30.749  -45.705  31.177 0.0000000000
42790  30.384  -46.140  29.477 0.0000000000
44067  30.591  -47.495  27.326 0.0000000000
42823  31.039  -46.957  27.797 0.0000000000
44065  32.498  -47.098  27.343 0.0000000000
45305  33.694  -46.505  27.023 0.0000000000
45325  32.759  -46.678  25.931 0.0000000000
46480  33.508  -45.491  25.580 0.0000000000
45343  31.619  -46.935  24.854 0.0000000000
46540  29.292  -45.730  22.674 0.0000000000
46539  30.449  -45.615  22.718 0.0000000000
60444  36.354  -30.996  22.553 0.0000000000
61510  36.445  -30.428  21.249 0.0000000000
60463  35.431  -31.111  21.538 0.0000000000
58393  32.624  -33.626  18.223 0.0000000000
59431  33.540  -32.145  18.469 0.0000000000
78772  53.821  -13.201  9.864 0.0000000000
61536  40.635  -28.935  20.618 0.0000000000
62509  39.876  -28.700  19.625 0.0000000000
61538  39.409  -29.429  20.331 0.0000000000
61539  38.621  -29.687  20.160 0.0000000000
61541  36.965  -29.977  19.535 0.0000000000
62466  42.225  -28.914  22.702 0.0000000000
61504  41.266  -28.995  21.488 0.0000000000
41686  17.222  -48.305  27.550 0.0000000000
41669  16.675  -48.549  28.651 0.0000000000
40578  16.671  -48.542  29.801 0.0000000000
46411  23.336  -45.094  32.359 0.0000000000
45246  24.050  -44.913  31.449 0.0000000000
45247  23.105  -44.576  30.661 0.0000000000
46435  22.181  -44.218  29.121 0.0000000000
46449  21.132  -44.460  28.380 0.0000000000
46487  20.386  -45.048  26.741 0.0000000000
45331  19.692  -45.630  27.183 0.0000000000
44089  19.153  -47.201  26.767 0.0000000000
72686  44.594  -19.592  14.086 0.0000000000
43935  21.072  -46.088  37.269 0.0000000000
68660  43.476  -23.721  19.843 0.0000000000
69650  43.529  -22.743  19.315 0.0000000000
70651  43.606  -21.828  18.604 0.0000000000
70661  43.292  -21.477  17.769 0.0000000000
69660  42.468  -22.317  17.926 0.0000000000
69672  41.237  -22.237  16.508 0.0000000000
40486  16.552  -49.100  35.713 0.0000000000
40505  16.309  -49.024  34.738 0.0000000000
40487  15.796  -49.007  35.484 0.0000000000
39351  14.493  -49.226  35.983 0.0000000000
39391  13.100  -49.742  35.273 0.0000000000
35987  9.758  -52.947  36.471 0.0000000000
35988  9.179  -53.588  36.653 0.0000000000
34793  8.973  -54.180  35.918 0.0000000000
33578  8.714  -54.673  34.663 0.0000000000
33579  8.294  -55.210  34.131 0.0000000000
51330  36.984  -40.011  25.316 0.0000000000
51343  36.284  -40.277  24.140 0.0000000000
51344  35.196  -40.987  24.329 0.0000000000
50411  35.120  -41.481  24.883 0.0000000000
49453  34.372  -42.613  25.101 0.0000000000
48479  33.300  -43.532  24.710 0.0000000000
44046  28.394  -44.930  28.725 0.0000000000
42825  29.817  -46.472  28.385 0.0000000000
44087  28.502  -46.021  27.051 0.0000000000
44103  28.777  -46.573  26.460 0.0000000000
44101  30.253  -47.376  25.631 0.0000000000
45344  30.660  -47.105  24.791 0.0000000000
45361  29.119  -46.690  24.207 0.0000000000
46541  28.233  -45.519  22.825 0.0000000000
59389  34.646  -33.316  21.709 0.0000000000
59390  34.413  -32.678  21.221 0.0000000000
58361  34.107  -33.540  20.689 0.0000000000
57427  33.028  -34.529  19.558 0.0000000000
78743  53.512  -14.004  12.420 0.0000000000
78756  52.686  -14.241  10.998 0.0000000000
66619  40.527  -25.524  17.608 0.0000000000
66620  39.674  -25.636  17.240 0.0000000000
65565  40.104  -26.585  17.711 0.0000000000
63479  38.272  -28.794  18.388 0.0000000000
63496  37.037  -28.463  17.073 0.0000000000
63441  43.586  -27.437  22.328 0.0000000000
65516  44.261  -26.111  21.786 0.0000000000
65528  43.785  -25.946  21.199 0.0000000000
66603  43.210  -25.318  19.921 0.0000000000
66610  41.970  -25.595  18.678 0.0000000000
42676  29.770  -45.435  34.837 0.0000000000
42701  30.396  -45.583  33.696 0.0000000000
43968  29.280  -45.234  33.084 0.0000000000
43981  28.997  -45.315  32.170 0.0000000000
44011  28.394  -44.833  30.576 0.0000000000
45245  25.390  -44.712  31.382 0.0000000000
45259  26.006  -44.551  30.561 0.0000000000
44028  27.440  -44.560  29.560 0.0000000000
45285  26.476  -44.530  28.350 0.0000000000
45330  25.458  -45.210  26.324 0.0000000000
46502  24.994  -44.808  25.213 0.0000000000
74814  48.516  -17.116  16.377 0.0000000000
73752  46.783  -17.989  14.976 0.0000000000
74820  47.834  -17.496  15.530 0.0000000000
74819  48.986  -16.667  15.267 0.0000000000
74831  48.799  -16.602  13.944 0.0000000000
75818  49.430  -16.154  13.311 0.0000000000
75824  50.008  -15.728  12.687 0.0000000000
76828  50.380  -15.869  11.144 0.0000000000
45234  19.405  -45.822  32.455 0.0000000000
44000  18.572  -46.598  31.488 0.0000000000
42753  18.552  -46.642  32.853 0.0000000000
41597  18.416  -47.175  33.879 0.0000000000
41582  18.325  -47.963  35.088 0.0000000000
42678  19.965  -46.641  37.322 0.0000000000
40484  18.057  -48.591  36.571 0.0000000000
40474  17.378  -48.770  37.087 0.0000000000
42664  30.141  -45.478  35.662 0.0000000000
43932  29.257  -45.176  35.410 0.0000000000
43943  27.603  -44.686  34.538 0.0000000000
45202  26.135  -44.527  34.335 0.0000000000
45203  24.936  -44.054  34.634 0.0000000000
45219  24.011  -44.772  33.936 0.0000000000
46389  22.957  -45.188  33.750 0.0000000000
46401  20.312  -45.194  32.486 0.0000000000
72647  46.785  -18.898  18.883 0.0000000000
72655  45.830  -19.367  17.762 0.0000000000
72666  44.984  -19.248  16.536 0.0000000000
70673  43.765  -20.710  17.369 0.0000000000
71661  43.586  -20.322  15.867 0.0000000000
71672  44.081  -19.974  15.455 0.0000000000
41627  17.471  -47.688  31.904 0.0000000000
41643  17.107  -48.216  31.004 0.0000000000
40563  15.766  -48.737  30.527 0.0000000000
39409  15.355  -48.688  33.111 0.0000000000
39451  14.698  -49.074  31.818 0.0000000000
39492  14.492  -49.502  30.296 0.0000000000
39472  13.629  -50.422  30.092 0.0000000000
38343  13.079  -51.040  30.124 0.0000000000
38262  12.398  -50.386  36.108 0.0000000000
38263  11.660  -51.140  35.605 0.0000000000
37146  10.972  -52.143  35.216 0.0000000000
38290  11.662  -51.879  33.468 0.0000000000
38308  11.567  -52.127  32.825 0.0000000000
30148  4.380  -58.166  37.371 0.0000000000
60441  39.086  -30.734  23.102 0.0000000000
59364  35.248  -32.483  23.323 0.0000000000
58332  35.174  -34.006  22.623 0.0000000000
57383  35.481  -34.912  22.455 0.0000000000
55417  35.209  -36.474  21.858 0.0000000000
55383  35.979  -36.533  23.946 0.0000000000
54398  35.319  -37.200  22.248 0.0000000000
54399  34.911  -37.271  21.736 0.0000000000
53424  33.864  -38.333  21.693 0.0000000000
52411  33.321  -39.337  22.289 0.0000000000
51375  32.340  -40.595  22.162 0.0000000000
51358  34.191  -40.670  23.284 0.0000000000
51359  32.983  -40.948  22.953 0.0000000000
50457  31.902  -41.304  21.252 0.0000000000
49522  31.693  -42.405  21.435 0.0000000000
48541  31.835  -43.312  20.924 0.0000000000
47489  35.334  -43.752  27.856 0.0000000000
42730  31.469  -45.496  32.269 0.0000000000
42748  31.976  -45.521  31.441 0.0000000000
42767  32.501  -45.460  30.596 0.0000000000
42807  30.685  -46.515  28.553 0.0000000000
42805  32.591  -46.555  28.438 0.0000000000
42804  33.090  -46.071  28.956 0.0000000000
45284  34.257  -45.849  28.353 0.0000000000
46462  34.674  -44.897  27.696 0.0000000000
47490  35.088  -44.135  27.182 0.0000000000
47502  34.323  -44.380  26.236 0.0000000000
47513  33.444  -44.548  25.059 0.0000000000
47528  32.403  -44.611  23.955 0.0000000000
46499  31.625  -46.358  24.189 0.0000000000
47529  31.906  -45.169  23.464 0.0000000000
47548  31.500  -44.693  22.916 0.0000000000
47568  30.970  -44.173  21.919 0.0000000000
61508  38.233  -30.224  21.414 0.0000000000
61525  37.230  -30.080  20.344 0.0000000000
61542  35.947  -30.193  19.248 0.0000000000
60477  34.499  -31.646  20.452 0.0000000000
60503  35.017  -30.729  18.873 0.0000000000
61557  35.002  -30.526  18.092 0.0000000000
75838  50.691  -16.074  10.157 0.0000000000
61507  39.501  -30.088  21.656 0.0000000000
60459  39.232  -30.363  22.138 0.0000000000
61493  40.814  -29.596  22.599 0.0000000000
44030  18.844  -46.735  29.834 0.0000000000
44014  18.620  -46.716  30.559 0.0000000000
46415  19.181  -45.849  30.537 0.0000000000
46426  19.499  -45.329  30.206 0.0000000000
46427  19.225  -45.954  29.983 0.0000000000
45275  19.148  -46.340  29.539 0.0000000000
67638  40.011  -24.459  17.150 0.0000000000
67647  39.765  -23.888  16.565 0.0000000000
33549  7.583  -55.488  37.141 0.0000000000
33548  8.045  -55.150  36.789 0.0000000000
32412  7.042  -55.832  36.795 0.0000000000
49430  35.872  -42.493  27.474 0.0000000000
49439  36.314  -41.606  27.166 0.0000000000
48454  35.415  -43.277  26.769 0.0000000000
42684  31.843  -45.579  34.786 0.0000000000
45348  26.417  -45.555  25.280 0.0000000000
46522  25.978  -44.998  24.076 0.0000000000
46521  26.891  -45.439  24.003 0.0000000000
55433  34.545  -36.490  20.858 0.0000000000
56446  34.233  -35.664  20.546 0.0000000000
76818  50.815  -15.501  13.070 0.0000000000
76821  51.524  -15.207  12.557 0.0000000000
77800  51.885  -14.970  11.884 0.0000000000
64521  40.073  -27.684  18.655 0.0000000000
63476  40.478  -28.183  19.397 0.0000000000
61555  36.693  -29.769  18.810 0.0000000000
61575  35.552  -29.930  17.536 0.0000000000
63462  41.220  -28.124  19.714 0.0000000000
40579  16.172  -48.776  29.444 0.0000000000
40601  15.639  -49.319  28.292 0.0000000000
40581  14.536  -49.932  29.003 0.0000000000
45217  26.462  -44.575  33.175 0.0000000000
46447  23.123  -44.185  28.096 0.0000000000
46446  23.745  -44.319  27.799 0.0000000000
46466  23.133  -44.217  27.238 0.0000000000
46485  22.306  -44.388  26.454 0.0000000000
46486  21.339  -44.596  26.553 0.0000000000
51389  32.263  -40.381  21.011 0.0000000000
72674  45.684  -18.642  16.015 0.0000000000
74861  47.758  -17.523  12.056 0.0000000000
45191  20.990  -45.314  36.138 0.0000000000
43958  20.448  -45.482  35.773 0.0000000000
43945  20.493  -45.893  36.444 0.0000000000
45190  22.103  -45.388  36.235 0.0000000000
70650  44.083  -21.870  19.171 0.0000000000
71640  44.857  -20.464  18.966 0.0000000000
40520  17.646  -48.406  34.476 0.0000000000
40532  17.449  -48.195  33.218 0.0000000000
38288  12.917  -49.959  34.068 0.0000000000
39412  13.572  -49.424  33.714 0.0000000000
37108  10.281  -52.052  38.048 0.0000000000
34826  9.233  -54.390  34.204 0.0000000000
34841  9.870  -54.095  32.798 0.0000000000
52385  36.957  -39.821  23.923 0.0000000000
52395  36.432  -39.274  23.264 0.0000000000
52396  35.367  -39.787  23.014 0.0000000000
49472  32.733  -43.081  23.731 0.0000000000
48512  31.965  -43.280  22.808 0.0000000000
48497  31.835  -43.853  22.981 0.0000000000
42771  30.018  -45.732  30.359 0.0000000000
42791  30.119  -46.019  29.789 0.0000000000
44066  31.572  -47.296  27.169 0.0000000000
44083  32.201  -47.150  26.480 0.0000000000
45326  32.115  -47.074  25.629 0.0000000000
45342  32.515  -46.423  25.144 0.0000000000
60462  35.975  -30.911  21.978 0.0000000000
60446  34.780  -31.753  22.000 0.0000000000
61537  40.173  -29.190  20.653 0.0000000000
62496  40.055  -28.996  20.051 0.0000000000
60485  38.593  -29.847  20.557 0.0000000000
61540  37.881  -29.852  19.872 0.0000000000
62465  43.048  -28.415  23.152 0.0000000000
61505  40.732  -29.382  21.749 0.0000000000
61520  40.703  -29.050  21.075 0.0000000000
61519  41.142  -28.868  21.057 0.0000000000
41653  17.604  -47.713  29.575 0.0000000000
41668  17.398  -48.012  28.767 0.0000000000
41655  16.684  -48.539  29.457 0.0000000000
46436  20.886  -44.428  29.396 0.0000000000
46424  21.882  -44.450  30.379 0.0000000000
46469  20.269  -44.859  27.689 0.0000000000
44072  19.164  -46.886  27.899 0.0000000000
45311  19.415  -46.132  27.768 0.0000000000
66602  43.567  -24.938  20.077 0.0000000000
67620  43.382  -24.604  19.886 0.0000000000
68672  43.283  -23.356  19.545 0.0000000000
69651  42.855  -22.762  18.806 0.0000000000
69659  43.168  -22.206  18.484 0.0000000000
69661  41.666  -22.459  17.416 0.0000000000
40475  16.678  -49.004  36.669 0.0000000000
40476  15.996  -49.097  36.353 0.0000000000
39368  13.759  -49.509  35.637 0.0000000000
39369  13.143  -49.939  35.884 0.0000000000
35957  9.076  -53.314  38.297 0.0000000000
35971  8.902  -53.626  37.369 0.0000000000
33558  8.537  -54.677  36.148 0.0000000000
33569  8.622  -54.657  35.525 0.0000000000
34810  9.079  -54.292  35.057 0.0000000000
32438  7.224  -56.114  35.160 0.0000000000
32450  7.772  -55.691  34.575 0.0000000000
31294  5.547  -57.798  36.076 0.0000000000
31281  5.403  -57.383  36.807 0.0000000000
51319  36.586  -40.660  26.261 0.0000000000
51331  35.915  -40.791  25.389 0.0000000000
51332  35.418  -41.205  25.038 0.0000000000
50398  35.390  -41.628  25.498 0.0000000000
49442  34.733  -43.037  25.678 0.0000000000
49454  33.658  -43.027  24.868 0.0000000000
48466  33.800  -43.505  25.220 0.0000000000
44070  28.163  -45.181  27.698 0.0000000000
44088  27.976  -45.587  27.135 0.0000000000
45327  28.349  -46.245  26.437 0.0000000000
44102  29.328  -47.104  26.070 0.0000000000
45345  29.646  -47.102  25.001 0.0000000000
45362  28.138  -46.085  24.289 0.0000000000
45377  28.238  -45.800  23.599 0.0000000000
58346  34.958  -33.932  21.928 0.0000000000
58347  34.500  -33.760  21.314 0.0000000000
57396  34.343  -34.174  20.926 0.0000000000
57412  33.431  -35.067  19.881 0.0000000000
77808  51.676  -14.888  11.160 0.0000000000
77810  52.207  -14.511  10.668 0.0000000000
77815  51.752  -15.069  9.895 0.0000000000
65564  40.838  -26.273  17.953 0.0000000000
64535  39.461  -27.588  17.986 0.0000000000
64536  38.659  -27.542  17.505 0.0000000000
64537  37.877  -27.643  17.083 0.0000000000
62510  39.033  -28.913  19.356 0.0000000000
63435  43.206  -27.938  22.587 0.0000000000
63434  43.944  -27.681  23.075 0.0000000000
63442  42.970  -27.740  21.895 0.0000000000
64491  43.049  -26.805  20.993 0.0000000000
64478  43.561  -26.837  21.651 0.0000000000
64490  43.454  -26.384  21.143 0.0000000000
65529  43.367  -25.991  20.691 0.0000000000
66597  43.378  -25.548  20.334 0.0000000000
65541  43.087  -25.819  20.255 0.0000000000
66611  41.298  -25.549  18.089 0.0000000000
43941  29.222  -45.113  34.596 0.0000000000
43955  29.396  -45.185  33.923 0.0000000000
43983  27.557  -44.937  31.998 0.0000000000
43982  28.251  -45.187  32.152 0.0000000000
43996  28.312  -44.988  31.355 0.0000000000
43997  27.612  -44.730  31.250 0.0000000000
45260  24.877  -44.675  30.344 0.0000000000
45271  25.719  -44.491  29.391 0.0000000000
44029  26.513  -44.508  29.831 0.0000000000
45270  26.705  -44.498  29.155 0.0000000000
46483  24.100  -44.608  26.380 0.0000000000
45308  25.215  -45.057  27.062 0.0000000000
46482  24.868  -44.970  26.203 0.0000000000
46507  20.643  -45.203  25.760 0.0000000000
73724  47.415  -18.268  18.249 0.0000000000
73735  47.806  -17.764  16.782 0.0000000000
73734  48.458  -17.248  17.188 0.0000000000
74815  47.920  -17.596  16.207 0.0000000000
73754  45.591  -18.800  13.807 0.0000000000
73753  46.054  -18.446  14.506 0.0000000000
74845  47.389  -17.451  13.704 0.0000000000
74833  47.336  -17.605  14.682 0.0000000000
75825  49.390  -16.309  12.332 0.0000000000
43999  18.774  -46.430  32.322 0.0000000000
43985  19.118  -46.281  33.145 0.0000000000
42718  18.976  -46.698  34.490 0.0000000000
41581  18.598  -47.278  34.784 0.0000000000
41568  18.935  -47.366  35.739 0.0000000000
42688  20.451  -46.093  36.762 0.0000000000
41565  18.852  -48.157  37.097 0.0000000000
41569  18.585  -48.061  36.104 0.0000000000
45186  27.103  -44.678  35.097 0.0000000000
45204  23.749  -44.511  34.967 0.0000000000
46388  23.675  -45.129  33.407 0.0000000000
45221  20.833  -45.168  33.899 0.0000000000
46391  20.826  -45.142  33.266 0.0000000000
66621  38.784  -25.635  16.733 0.0000000000
71647  44.814  -20.105  18.040 0.0000000000
72656  45.292  -19.493  17.284 0.0000000000
70674  43.259  -20.818  16.670 0.0000000000
70686  42.983  -20.631  15.592 0.0000000000
71673  43.552  -20.254  15.000 0.0000000000
42754  18.152  -46.902  32.254 0.0000000000
42773  18.046  -47.083  31.085 0.0000000000
41628  17.090  -48.241  31.695 0.0000000000
40547  16.456  -48.509  31.612 0.0000000000
40548  15.380  -48.728  31.526 0.0000000000
40522  15.980  -48.861  33.670 0.0000000000
40523  15.278  -48.649  33.749 0.0000000000
39431  14.075  -49.448  32.480 0.0000000000
39430  14.866  -48.838  32.603 0.0000000000
39452  14.183  -49.608  31.555 0.0000000000
40549  14.819  -48.933  31.245 0.0000000000
39471  13.973  -49.906  30.722 0.0000000000
38342  13.429  -50.405  30.807 0.0000000000
38326  12.267  -51.447  31.017 0.0000000000
37191  11.778  -51.859  31.006 0.0000000000
38239  11.632  -50.918  37.242 0.0000000000
38251  11.771  -50.848  36.477 0.0000000000
36001  9.906  -53.133  35.676 0.0000000000
36015  10.617  -52.870  34.601 0.0000000000
37156  11.166  -52.407  34.150 0.0000000000
37167  11.119  -52.669  33.218 0.0000000000
31266  4.905  -57.416  37.642 0.0000000000
31248  4.651  -57.457  38.208 0.0000000000
28976  3.716  -59.013  38.014 0.0000000000
28987  3.947  -58.895  37.180 0.0000000000
60408  36.801  -31.356  24.195 0.0000000000
58298  35.345  -33.330  23.945 0.0000000000
58316  35.234  -33.727  23.231 0.0000000000
57382  35.774  -35.262  23.111 0.0000000000
56416  35.430  -35.815  22.279 0.0000000000
54372  36.765  -37.480  24.749 0.0000000000
54387  35.705  -37.273  22.819 0.0000000000
53422  35.029  -37.604  22.139 0.0000000000
53423  34.662  -37.916  22.002 0.0000000000
53409  34.549  -38.612  22.350 0.0000000000
53410  33.946  -38.871  22.398 0.0000000000
52412  32.735  -39.884  22.273 0.0000000000
51374  33.127  -40.158  22.719 0.0000000000
51345  34.566  -41.230  23.964 0.0000000000
50426  34.158  -41.438  23.880 0.0000000000
50428  32.664  -41.670  23.059 0.0000000000
51360  32.421  -41.195  22.660 0.0000000000
49506  31.373  -43.149  21.926 0.0000000000
49523  31.424  -42.925  21.656 0.0000000000
48542  31.265  -43.915  20.885 0.0000000000
42716  30.388  -45.533  32.870 0.0000000000
42715  30.957  -45.633  33.031 0.0000000000
42731  30.881  -45.544  32.112 0.0000000000
42749  31.364  -45.677  31.261 0.0000000000
42768  31.870  -45.731  30.352 0.0000000000
42808  30.153  -46.399  28.845 0.0000000000
42824  30.302  -46.986  28.095 0.0000000000
42822  32.021  -46.857  27.759 0.0000000000
42806  31.513  -46.466  28.401 0.0000000000
44044  33.468  -46.611  28.586 0.0000000000
44043  33.791  -45.769  28.955 0.0000000000
44063  34.054  -46.515  28.351 0.0000000000
45304  34.253  -46.068  27.630 0.0000000000
46463  34.334  -45.277  26.939 0.0000000000
46479  33.983  -45.418  26.200 0.0000000000
46497  33.010  -45.633  24.952 0.0000000000
47514  32.795  -45.159  24.553 0.0000000000
45360  30.337  -46.723  23.978 0.0000000000
45359  31.145  -46.652  24.227 0.0000000000
46519  30.503  -46.183  23.367 0.0000000000
46538  31.134  -45.376  22.925 0.0000000000
60442  38.344  -30.676  22.669 0.0000000000
61495  37.940  -30.355  21.898 0.0000000000
61511  35.747  -30.635  20.933 0.0000000000
61526  36.075  -30.323  20.232 0.0000000000
59401  34.070  -32.553  20.158 0.0000000000
60505  33.528  -32.064  18.145 0.0000000000
60488  34.322  -31.569  19.463 0.0000000000
60504  34.035  -31.423  18.270 0.0000000000
60521  33.972  -31.439  17.059 0.0000000000
79761  54.392  -12.653  10.371 0.0000000000
79772  54.446  -12.724  9.383 0.0000000000
79760  54.918  -11.986  9.946 0.0000000000
75847  50.465  -16.718  10.134 0.0000000000
60474  38.818  -29.984  21.029 0.0000000000
42811  18.492  -47.279  28.502 0.0000000000
41642  17.561  -47.675  30.534 0.0000000000
46413  20.987  -44.816  31.503 0.0000000000
46437  19.823  -44.856  29.499 0.0000000000
45289  19.560  -45.376  28.535 0.0000000000
67628  42.357  -24.696  19.070 0.0000000000
68674  42.009  -23.875  18.957 0.0000000000
40456  15.706  -49.355  37.684 0.0000000000
40466  15.480  -49.265  37.014 0.0000000000
39330  15.087  -49.699  37.840 0.0000000000
33559  8.191  -55.114  36.047 0.0000000000
32423  7.597  -55.528  35.896 0.0000000000
32425  6.418  -56.368  36.292 0.0000000000
31264  5.864  -56.614  37.289 0.0000000000
50386  36.138  -41.334  26.652 0.0000000000
50387  35.678  -41.811  26.237 0.0000000000
45329  26.211  -45.426  26.103 0.0000000000
45363  27.476  -45.787  24.282 0.0000000000
57410  34.495  -35.152  20.772 0.0000000000
56447  33.650  -35.624  20.016 0.0000000000
75817  50.183  -15.745  13.666 0.0000000000
75811  51.114  -15.849  15.226 0.0000000000
77798  53.064  -14.373  12.787 0.0000000000
77799  52.399  -14.769  12.462 0.0000000000
64520  40.844  -27.446  18.886 0.0000000000
65556  40.597  -26.998  18.257 0.0000000000
62512  37.562  -29.245  18.628 0.0000000000
62526  36.260  -29.203  17.331 0.0000000000
64492  42.452  -27.038  20.415 0.0000000000
65542  42.596  -26.209  19.859 0.0000000000
64505  42.000  -27.240  19.695 0.0000000000
64519  41.480  -27.337  19.135 0.0000000000
41670  16.126  -48.873  28.096 0.0000000000
39513  14.293  -50.582  28.608 0.0000000000
39494  13.666  -50.879  29.268 0.0000000000
43957  27.859  -44.743  33.896 0.0000000000
45216  27.261  -44.667  33.560 0.0000000000
43971  26.930  -44.682  32.409 0.0000000000
45273  23.610  -44.476  28.924 0.0000000000
45287  24.363  -44.590  28.008 0.0000000000
46465  24.043  -44.490  27.174 0.0000000000
46504  23.427  -44.510  25.715 0.0000000000
47518  23.024  -44.530  25.211 0.0000000000
46505  22.514  -44.588  25.466 0.0000000000
52422  33.090  -39.032  21.168 0.0000000000
72664  46.557  -18.793  17.290 0.0000000000
73731  47.249  -18.326  17.397 0.0000000000
73743  47.059  -18.094  15.740 0.0000000000
73767  46.124  -18.404  13.476 0.0000000000
73775  46.750  -17.889  12.968 0.0000000000
74844  48.088  -17.018  13.342 0.0000000000
74853  48.179  -17.117  12.410 0.0000000000
74860  48.261  -17.479  11.691 0.0000000000
45207  19.977  -45.702  34.492 0.0000000000
43959  19.823  -46.000  35.228 0.0000000000
46379  22.775  -45.165  34.386 0.0000000000
71639  45.372  -19.982  19.271 0.0000000000
40533  16.642  -48.604  32.883 0.0000000000
39389  14.276  -48.784  34.414 0.0000000000
39388  14.738  -48.630  33.923 0.0000000000
39432  13.730  -49.520  33.062 0.0000000000
38305  13.645  -49.906  32.286 0.0000000000
36017  9.483  -53.746  35.368 0.0000000000
36031  10.246  -53.439  34.172 0.0000000000
37168  10.784  -53.053  33.135 0.0000000000
36046  10.460  -53.435  33.262 0.0000000000
58297  35.460  -34.292  23.800 0.0000000000
56398  35.806  -35.707  23.536 0.0000000000
52384  37.507  -39.261  24.443 0.0000000000
52383  37.825  -38.670  25.088 0.0000000000
53394  37.149  -38.172  24.142 0.0000000000
53395  36.708  -38.144  23.478 0.0000000000
54386  36.086  -37.347  23.463 0.0000000000
52408  35.880  -38.668  22.622 0.0000000000
50427  33.458  -41.610  23.580 0.0000000000
42752  29.554  -45.406  31.251 0.0000000000
42732  30.303  -45.491  32.028 0.0000000000
42751  30.150  -45.575  31.176 0.0000000000
42770  30.577  -45.891  30.273 0.0000000000
44064  33.432  -47.013  27.784 0.0000000000
44082  33.042  -46.862  26.779 0.0000000000
45324  33.457  -46.171  26.239 0.0000000000
45341  33.081  -46.103  25.528 0.0000000000
46561  29.727  -45.321  21.943 0.0000000000
46560  30.269  -45.211  22.075 0.0000000000
46581  30.156  -45.001  21.476 0.0000000000
61496  37.041  -30.430  21.923 0.0000000000
61497  36.444  -30.677  21.928 0.0000000000
60476  35.224  -31.008  20.699 0.0000000000
58377  33.163  -33.464  19.413 0.0000000000
59414  33.567  -32.477  19.162 0.0000000000
59415  33.114  -32.931  18.944 0.0000000000
78765  53.446  -13.559  10.508 0.0000000000
62495  40.706  -28.763  20.163 0.0000000000
62508  40.405  -28.653  19.800 0.0000000000
62497  39.480  -29.075  19.865 0.0000000000
61552  38.971  -29.342  19.857 0.0000000000
61553  38.343  -29.432  19.544 0.0000000000
61554  37.568  -29.603  19.074 0.0000000000
62472  42.670  -28.452  22.288 0.0000000000
62473  41.987  -28.865  21.854 0.0000000000
62481  41.691  -28.603  21.031 0.0000000000
62482  41.001  -28.792  20.695 0.0000000000
41685  17.862  -47.665  27.951 0.0000000000
45233  24.163  -45.029  32.869 0.0000000000
45232  25.222  -44.717  32.406 0.0000000000
45262  23.014  -44.397  29.718 0.0000000000
45274  23.023  -44.265  29.128 0.0000000000
46448  22.151  -44.268  28.163 0.0000000000
46468  21.223  -44.494  27.450 0.0000000000
45332  19.396  -46.482  27.000 0.0000000000
72676  44.600  -19.564  14.982 0.0000000000
72685  45.218  -19.061  14.508 0.0000000000
43934  21.554  -45.786  36.982 0.0000000000
68648  44.340  -23.895  20.791 0.0000000000
68659  44.108  -23.621  20.315 0.0000000000
68661  43.144  -24.207  19.731 0.0000000000
69641  43.851  -23.192  19.800 0.0000000000
69640  44.167  -22.730  19.774 0.0000000000
69649  43.961  -22.441  19.422 0.0000000000
70660  43.969  -20.959  18.229 0.0000000000
69671  42.088  -21.837  16.861 0.0000000000
69684  41.903  -21.649  15.795 0.0000000000
40488  15.052  -48.707  35.508 0.0000000000
40477  15.264  -49.018  36.188 0.0000000000
39367  14.271  -48.935  35.289 0.0000000000
38272  12.925  -49.807  34.778 0.0000000000
35970  9.585  -52.872  37.539 0.0000000000
51329  37.573  -39.758  25.767 0.0000000000
52375  37.582  -39.616  25.304 0.0000000000
51357  35.298  -40.357  23.510 0.0000000000
50412  34.541  -41.702  24.497 0.0000000000
49452  35.016  -42.184  25.373 0.0000000000
50399  34.928  -41.925  25.050 0.0000000000
49470  34.027  -42.173  24.517 0.0000000000
48480  32.804  -43.556  24.131 0.0000000000
44045  28.828  -45.263  28.896 0.0000000000
42810  29.397  -45.626  29.292 0.0000000000
42826  29.473  -45.915  28.747 0.0000000000
44069  29.106  -45.999  28.032 0.0000000000
44086  29.274  -46.750  27.010 0.0000000000
44085  29.951  -47.516  26.656 0.0000000000
44100  30.927  -47.319  25.301 0.0000000000
45376  28.790  -46.067  23.490 0.0000000000
59377  34.842  -32.834  22.314 0.0000000000
59378  34.588  -32.206  21.746 0.0000000000
57426  33.448  -33.987  19.898 0.0000000000
58378  32.749  -33.854  18.992 0.0000000000
78755  53.269  -13.964  11.397 0.0000000000
77806  52.995  -14.373  12.112 0.0000000000
78774  52.717  -14.257  9.712 0.0000000000
65566  39.199  -26.626  17.327 0.0000000000
63477  39.646  -28.359  19.038 0.0000000000
63478  38.917  -28.491  18.457 0.0000000000
62524  37.854  -28.963  18.388 0.0000000000
63495  38.118  -28.459  17.840 0.0000000000
64479  43.021  -27.295  21.436 0.0000000000
66596  43.743  -25.249  20.529 0.0000000000
66604  42.603  -25.519  19.277 0.0000000000
42686  30.374  -45.585  34.469 0.0000000000
42700  31.007  -45.682  33.888 0.0000000000
42687  29.821  -45.431  34.220 0.0000000000
42702  29.861  -45.415  33.464 0.0000000000
42717  29.905  -45.427  32.730 0.0000000000
43969  28.421  -45.063  33.056 0.0000000000
43995  28.945  -45.216  31.336 0.0000000000
44010  29.006  -45.147  30.575 0.0000000000
45244  26.215  -44.600  31.396 0.0000000000
43998  26.839  -44.579  31.008 0.0000000000
44012  27.607  -44.626  30.452 0.0000000000
44027  28.393  -44.814  29.709 0.0000000000
44047  27.451  -44.616  28.527 0.0000000000
44071  27.262  -44.791  27.750 0.0000000000
45307  26.526  -45.010  27.284 0.0000000000
46481  25.475  -45.193  25.812 0.0000000000
46523  25.376  -44.771  24.500 0.0000000000
54416  34.041  -37.407  20.800 0.0000000000
74809  49.140  -16.871  17.146 0.0000000000
72684  45.659  -18.686  15.209 0.0000000000
73744  46.299  -18.386  15.452 0.0000000000
74821  47.263  -17.791  15.254 0.0000000000
74813  49.838  -16.692  16.414 0.0000000000
75804  49.861  -16.285  15.139 0.0000000000
75813  49.599  -16.173  14.351 0.0000000000
75831  49.975  -16.019  11.630 0.0000000000
45249  18.933  -46.187  30.974 0.0000000000
45248  18.999  -46.109  31.724 0.0000000000
42735  18.260  -46.903  33.024 0.0000000000
42734  18.680  -46.725  33.543 0.0000000000
41612  18.283  -47.035  33.383 0.0000000000
42689  19.721  -46.677  36.354 0.0000000000
41564  19.295  -47.416  36.709 0.0000000000
40503  17.862  -48.530  35.547 0.0000000000
40485  17.290  -48.894  36.099 0.0000000000
40464  16.691  -48.827  37.601 0.0000000000
42674  31.201  -45.499  35.276 0.0000000000
42675  30.272  -45.518  35.243 0.0000000000
43942  28.216  -44.810  34.866 0.0000000000
45187  25.848  -44.451  35.411 0.0000000000
46398  23.359  -45.186  33.034 0.0000000000
46399  22.561  -45.124  32.841 0.0000000000
46390  21.689  -45.119  33.676 0.0000000000
46400  21.470  -45.029  32.576 0.0000000000
67639  39.342  -25.005  16.907 0.0000000000
72648  46.006  -19.413  18.619 0.0000000000
71648  44.292  -20.331  17.495 0.0000000000
71660  44.181  -20.131  16.555 0.0000000000
72667  44.485  -19.517  15.834 0.0000000000
71682  44.089  -19.943  14.506 0.0000000000
40562  16.581  -48.521  30.386 0.0000000000
39410  14.705  -48.779  33.225 0.0000000000
39429  15.332  -48.717  32.654 0.0000000000
40564  14.938  -48.976  30.654 0.0000000000
39353  13.229  -50.064  36.700 0.0000000000
38273  12.376  -50.327  34.981 0.0000000000
37123  10.264  -52.202  37.007 0.0000000000
37135  10.375  -52.479  36.005 0.0000000000
37147  10.406  -52.814  35.293 0.0000000000
38274  11.672  -51.501  34.507 0.0000000000
37178  11.374  -52.440  32.157 0.0000000000
31265  5.372  -57.023  37.480 0.0000000000
30147  4.875  -57.723  37.056 0.0000000000
30164  4.520  -58.275  36.783 0.0000000000
60458  39.634  -30.350  22.704 0.0000000000
60426  35.781  -31.545  23.391 0.0000000000
57367  35.447  -34.457  23.070 0.0000000000
56432  35.187  -35.613  21.645 0.0000000000
55432  34.993  -36.204  21.288 0.0000000000
55418  34.901  -36.738  21.348 0.0000000000
56397  35.929  -35.785  24.231 0.0000000000
55401  35.769  -36.482  23.250 0.0000000000
55402  35.499  -36.480  22.582 0.0000000000
54400  34.421  -37.637  21.484 0.0000000000
42714  31.580  -45.561  33.223 0.0000000000
42729  32.086  -45.369  32.495 0.0000000000
42786  33.132  -45.416  29.787 0.0000000000
42809  29.753  -46.020  29.110 0.0000000000
42789  31.012  -46.200  29.343 0.0000000000
42788  31.758  -46.046  29.280 0.0000000000
42787  32.458  -45.815  29.464 0.0000000000
44025  33.666  -45.112  29.621 0.0000000000
45303  34.493  -45.431  28.113 0.0000000000
46445  34.547  -44.859  28.176 0.0000000000
46461  35.047  -44.276  27.823 0.0000000000
48444  35.524  -43.434  27.395 0.0000000000
47501  34.937  -43.816  26.595 0.0000000000
47512  33.931  -43.960  25.587 0.0000000000
47503  33.891  -44.996  25.705 0.0000000000
47527  32.964  -44.055  24.505 0.0000000000
46518  31.342  -45.850  23.535 0.0000000000
46517  32.057  -45.404  23.747 0.0000000000
47547  32.029  -44.183  23.316 0.0000000000
47588  30.505  -44.534  21.337 0.0000000000
47612  30.605  -44.457  20.838 0.0000000000
47587  30.868  -44.115  21.141 0.0000000000
60460  38.634  -30.276  21.654 0.0000000000
60461  38.388  -30.112  21.155 0.0000000000
61509  37.748  -30.154  21.095 0.0000000000
61524  37.939  -30.000  20.408 0.0000000000
60464  34.673  -31.648  21.307 0.0000000000
76825  50.582  -15.581  11.479 0.0000000000
76827  50.908  -15.505  10.789 0.0000000000
28975  3.949  -58.793  37.788 0.0000000000
36045  10.760  -53.027  33.356 0.0000000000
38327  11.892  -51.894  30.576 0.0000000000
39450  15.224  -48.770  32.245 0.0000000000
39470  14.486  -49.328  31.040 0.0000000000
40507  14.770  -48.566  35.016 0.0000000000
42792  29.484  -45.571  29.813 0.0000000000
44013  26.860  -44.544  30.325 0.0000000000
45310  19.612  -45.438  28.048 0.0000000000
46451  19.530  -45.300  28.934 0.0000000000
46464  24.567  -44.845  26.860 0.0000000000
46500  26.456  -45.463  24.722 0.0000000000
47491  34.665  -44.719  27.024 0.0000000000
47515  24.826  -44.497  24.401 0.0000000000
47549  31.021  -45.205  22.633 0.0000000000
51320  36.093  -40.963  26.115 0.0000000000
58315  35.462  -34.453  23.393 0.0000000000
58392  32.878  -33.274  18.798 0.0000000000
60475  38.319  -29.978  20.713 0.0000000000
61523  38.988  -29.783  20.628 0.0000000000
