#!ascii label  , from subject sub-01 vox2ras=TkReg
1723
65579  49.555  -26.762  15.279 0.0000000000
36170  40.761  -54.125  24.225 0.0000000000
31404  26.512  -58.498  29.281 0.0000000000
32518  21.544  -57.011  30.533 0.0000000000
32468  34.695  -56.303  31.733 0.0000000000
38413  31.298  -52.553  23.570 0.0000000000
59461  45.202  -32.890  16.479 0.0000000000
69679  57.230  -22.792  15.924 0.0000000000
54368  48.334  -37.390  24.647 0.0000000000
47583  40.886  -44.671  21.757 0.0000000000
43018  34.022  -48.617  16.119 0.0000000000
30185  27.207  -58.905  35.011 0.0000000000
30267  24.889  -60.006  29.250 0.0000000000
30173  23.699  -59.308  35.699 0.0000000000
32493  30.602  -56.819  31.895 0.0000000000
58292  51.220  -33.403  24.573 0.0000000000
38352  42.157  -52.337  29.617 0.0000000000
40626  45.207  -49.971  27.482 0.0000000000
46492  45.155  -45.614  25.379 0.0000000000
42891  40.174  -48.668  23.697 0.0000000000
45450  36.765  -47.075  19.767 0.0000000000
38498  37.241  -52.341  19.580 0.0000000000
37318  26.672  -53.753  22.902 0.0000000000
39649  27.943  -51.843  18.991 0.0000000000
67641  52.918  -24.107  15.693 0.0000000000
68778  54.916  -24.405  10.860 0.0000000000
33707  27.869  -56.949  25.724 0.0000000000
31461  27.151  -59.093  24.700 0.0000000000
33658  38.972  -55.933  28.295 0.0000000000
36197  36.754  -54.300  22.635 0.0000000000
34927  34.248  -55.029  27.973 0.0000000000
36112  29.008  -54.469  28.100 0.0000000000
61612  47.820  -30.276  15.566 0.0000000000
32395  20.416  -57.450  37.931 0.0000000000
30218  18.000  -59.015  32.978 0.0000000000
67615  53.217  -24.350  20.174 0.0000000000
63457  51.895  -28.428  19.191 0.0000000000
59396  50.145  -32.168  20.643 0.0000000000
57405  46.363  -34.675  20.434 0.0000000000
53445  44.530  -38.293  19.135 0.0000000000
51302  48.175  -40.509  27.474 0.0000000000
50435  45.438  -41.384  22.603 0.0000000000
51419  40.273  -40.825  19.400 0.0000000000
48588  36.592  -43.003  17.568 0.0000000000
38516  32.525  -51.932  18.460 0.0000000000
31269  27.075  -57.928  36.670 0.0000000000
29018  25.650  -59.819  35.276 0.0000000000
31251  25.854  -57.883  37.478 0.0000000000
31283  28.876  -57.497  35.389 0.0000000000
34933  42.403  -53.823  27.227 0.0000000000
38392  43.248  -51.979  26.369 0.0000000000
41718  42.594  -49.576  25.590 0.0000000000
39556  40.439  -51.603  24.453 0.0000000000
40689  38.714  -50.586  22.375 0.0000000000
38440  38.920  -52.938  22.197 0.0000000000
35006  28.558  -55.446  22.645 0.0000000000
35041  28.492  -55.113  20.263 0.0000000000
67655  51.288  -24.739  15.469 0.0000000000
67689  51.551  -24.769  12.613 0.0000000000
66666  49.898  -25.955  12.884 0.0000000000
31421  27.014  -57.847  27.591 0.0000000000
31443  27.848  -58.679  25.577 0.0000000000
30288  27.258  -59.478  27.062 0.0000000000
31406  23.188  -58.384  29.742 0.0000000000
31432  23.748  -58.026  26.577 0.0000000000
33681  21.848  -56.454  26.681 0.0000000000
33683  20.247  -56.434  27.441 0.0000000000
36064  38.145  -54.218  30.865 0.0000000000
32509  36.498  -56.210  30.556 0.0000000000
33676  36.507  -55.507  27.717 0.0000000000
32530  34.984  -56.731  29.940 0.0000000000
33596  27.613  -56.593  31.904 0.0000000000
34871  29.489  -55.369  30.171 0.0000000000
34891  26.915  -55.671  29.396 0.0000000000
34941  26.582  -55.797  26.747 0.0000000000
60534  47.099  -31.856  16.016 0.0000000000
60588  46.716  -31.392  13.895 0.0000000000
58485  45.687  -32.856  14.027 0.0000000000
29045  16.297  -60.021  33.827 0.0000000000
61531  51.281  -30.498  20.063 0.0000000000
60452  52.571  -30.943  22.459 0.0000000000
56380  49.207  -35.612  24.671 0.0000000000
58327  48.866  -34.115  22.534 0.0000000000
56410  47.140  -35.889  22.560 0.0000000000
55442  45.353  -36.666  19.934 0.0000000000
54394  46.580  -37.845  22.079 0.0000000000
46533  43.038  -45.106  23.696 0.0000000000
48474  45.069  -43.732  24.349 0.0000000000
49501  42.902  -43.144  22.370 0.0000000000
50464  42.775  -41.291  21.149 0.0000000000
49532  40.554  -42.550  20.634 0.0000000000
50484  38.588  -41.922  18.895 0.0000000000
48539  38.798  -44.039  20.008 0.0000000000
45472  35.724  -46.158  16.547 0.0000000000
37300  34.557  -53.151  23.219 0.0000000000
37355  35.182  -52.943  20.299 0.0000000000
38464  32.161  -52.377  20.993 0.0000000000
39698  28.062  -51.694  15.912 0.0000000000
70717  58.734  -21.158  13.000 0.0000000000
70703  57.227  -21.706  12.946 0.0000000000
30224  26.096  -59.135  32.226 0.0000000000
27885  26.301  -60.528  29.414 0.0000000000
26651  25.822  -60.517  31.385 0.0000000000
27847  24.157  -60.218  32.805 0.0000000000
31360  22.686  -58.459  32.954 0.0000000000
32442  32.685  -56.431  33.673 0.0000000000
31373  32.512  -56.627  31.853 0.0000000000
31315  30.633  -57.597  33.804 0.0000000000
32457  28.849  -57.302  33.372 0.0000000000
59343  52.739  -31.866  24.773 0.0000000000
55332  50.102  -36.545  26.453 0.0000000000
44077  45.594  -47.286  26.372 0.0000000000
44111  42.380  -47.488  24.416 0.0000000000
44150  40.171  -47.041  22.640 0.0000000000
46604  38.811  -45.739  20.909 0.0000000000
42939  38.348  -48.571  21.728 0.0000000000
41799  36.866  -49.778  20.171 0.0000000000
40751  36.045  -50.673  17.887 0.0000000000
38415  29.299  -52.487  23.829 0.0000000000
38466  29.939  -51.936  20.829 0.0000000000
38487  27.639  -52.342  20.655 0.0000000000
68705  54.876  -23.802  15.664 0.0000000000
68741  55.376  -23.163  12.673 0.0000000000
68728  53.733  -23.802  12.993 0.0000000000
30308  25.584  -59.486  26.095 0.0000000000
36095  40.167  -53.843  28.944 0.0000000000
33687  40.003  -55.645  25.931 0.0000000000
33766  39.043  -55.118  23.081 0.0000000000
34962  38.028  -54.941  25.332 0.0000000000
36162  35.784  -54.313  25.684 0.0000000000
37258  33.371  -53.872  26.023 0.0000000000
33645  32.358  -55.742  29.591 0.0000000000
36109  31.562  -54.715  27.911 0.0000000000
37261  30.743  -53.523  26.173 0.0000000000
37264  27.422  -53.766  25.800 0.0000000000
34965  26.912  -55.583  24.385 0.0000000000
63513  48.851  -28.028  15.663 0.0000000000
64567  48.503  -27.549  13.617 0.0000000000
62586  47.663  -29.469  13.336 0.0000000000
30158  21.710  -58.440  36.864 0.0000000000
32446  21.037  -57.772  34.756 0.0000000000
31302  19.095  -57.828  34.931 0.0000000000
32500  19.506  -57.468  31.121 0.0000000000
68678  55.522  -23.904  17.991 0.0000000000
68680  53.046  -23.849  17.892 0.0000000000
67633  51.608  -25.294  17.545 0.0000000000
64531  50.909  -27.770  17.171 0.0000000000
62520  50.080  -29.431  17.826 0.0000000000
60499  49.264  -31.586  17.840 0.0000000000
59426  47.276  -33.018  18.246 0.0000000000
59373  50.934  -32.764  22.916 0.0000000000
58355  48.599  -33.656  20.750 0.0000000000
58388  45.718  -33.947  18.555 0.0000000000
56469  44.419  -35.481  18.336 0.0000000000
54454  43.831  -37.292  17.680 0.0000000000
52367  48.370  -39.306  25.763 0.0000000000
48449  46.884  -43.522  26.459 0.0000000000
50393  46.849  -41.601  25.213 0.0000000000
52391  46.693  -39.866  23.207 0.0000000000
51383  44.899  -40.229  21.281 0.0000000000
52450  43.176  -39.500  19.002 0.0000000000
47629  36.802  -45.187  18.958 0.0000000000
36226  37.339  -53.918  20.523 0.0000000000
38513  35.606  -52.516  18.709 0.0000000000
39680  33.488  -50.839  17.081 0.0000000000
39628  29.851  -51.849  18.733 0.0000000000
39683  30.963  -50.738  16.849 0.0000000000
31270  26.331  -58.318  36.995 0.0000000000
32390  26.203  -57.029  37.610 0.0000000000
36159  41.545  -54.185  25.529 0.0000000000
37268  43.156  -52.837  26.733 0.0000000000
37270  42.126  -53.009  25.632 0.0000000000
38405  42.034  -52.184  25.482 0.0000000000
38411  40.823  -52.446  24.531 0.0000000000
38419  39.626  -52.542  23.451 0.0000000000
37296  39.930  -53.372  23.435 0.0000000000
66632  50.038  -25.936  15.157 0.0000000000
66643  50.136  -25.596  14.141 0.0000000000
66644  49.620  -26.169  14.285 0.0000000000
31412  26.785  -58.299  28.266 0.0000000000
31420  27.240  -58.561  27.420 0.0000000000
30266  26.761  -59.134  28.690 0.0000000000
32517  22.502  -57.657  30.727 0.0000000000
31414  23.098  -57.877  28.596 0.0000000000
32549  22.180  -56.825  28.343 0.0000000000
33682  21.078  -56.256  27.085 0.0000000000
33649  20.865  -56.574  28.809 0.0000000000
34832  34.597  -55.420  33.309 0.0000000000
34848  35.492  -55.342  32.389 0.0000000000
33590  36.767  -55.671  31.469 0.0000000000
32510  35.683  -56.602  30.603 0.0000000000
32529  35.587  -56.567  30.003 0.0000000000
31389  35.065  -56.819  30.910 0.0000000000
33612  26.525  -56.812  30.569 0.0000000000
33630  26.944  -56.119  30.372 0.0000000000
33631  26.438  -56.688  29.870 0.0000000000
33666  26.424  -56.366  28.448 0.0000000000
59460  46.463  -32.252  16.147 0.0000000000
59479  46.093  -31.922  15.097 0.0000000000
59505  45.098  -32.856  14.872 0.0000000000
62459  53.967  -29.131  23.412 0.0000000000
61500  52.467  -30.355  21.637 0.0000000000
61474  53.436  -30.707  23.426 0.0000000000
55362  48.756  -36.795  24.895 0.0000000000
56394  48.102  -35.722  23.586 0.0000000000
55379  47.728  -36.890  23.618 0.0000000000
55397  46.899  -36.966  22.365 0.0000000000
54382  47.444  -37.780  23.436 0.0000000000
47564  41.767  -44.723  22.580 0.0000000000
47563  42.419  -44.217  22.779 0.0000000000
47582  41.464  -44.165  21.924 0.0000000000
49516  41.758  -42.713  21.397 0.0000000000
48523  40.550  -43.996  21.123 0.0000000000
48538  39.856  -43.616  20.517 0.0000000000
47606  39.226  -44.718  20.664 0.0000000000
37302  32.635  -52.713  23.025 0.0000000000
37301  33.483  -52.928  22.780 0.0000000000
38422  32.020  -52.423  22.843 0.0000000000
70702  57.799  -21.410  13.673 0.0000000000
69699  57.465  -21.948  14.499 0.0000000000
30215  26.530  -58.868  33.529 0.0000000000
29052  26.288  -59.944  32.684 0.0000000000
29042  26.339  -59.931  33.791 0.0000000000
29006  24.459  -60.010  35.555 0.0000000000
27833  24.685  -60.524  33.909 0.0000000000
29033  23.927  -59.753  33.934 0.0000000000
30216  23.530  -59.451  32.857 0.0000000000
30189  22.914  -58.876  35.129 0.0000000000
32428  32.070  -56.391  34.274 0.0000000000
32443  31.762  -56.806  33.894 0.0000000000
32444  30.998  -57.242  34.191 0.0000000000
30184  27.865  -58.387  34.828 0.0000000000
31317  28.508  -57.985  34.441 0.0000000000
31318  27.944  -58.155  34.336 0.0000000000
31358  27.418  -57.653  33.220 0.0000000000
38361  45.002  -51.114  28.178 0.0000000000
41658  46.036  -49.212  28.608 0.0000000000
41673  46.113  -49.031  28.068 0.0000000000
44057  46.695  -47.254  27.686 0.0000000000
41693  45.250  -49.292  26.991 0.0000000000
42850  41.565  -49.179  25.018 0.0000000000
42848  43.245  -48.648  25.474 0.0000000000
44112  41.705  -47.957  24.310 0.0000000000
44129  41.424  -47.470  23.835 0.0000000000
44131  39.968  -48.160  22.997 0.0000000000
44151  39.526  -47.628  22.359 0.0000000000
42892  39.442  -48.701  23.020 0.0000000000
39611  37.745  -51.765  20.639 0.0000000000
40713  37.806  -50.717  21.239 0.0000000000
40723  36.756  -50.827  19.681 0.0000000000
41824  36.455  -50.322  18.654 0.0000000000
39642  36.540  -51.653  18.796 0.0000000000
38426  27.696  -52.735  23.233 0.0000000000
38446  28.115  -52.215  22.270 0.0000000000
37338  27.164  -53.313  21.890 0.0000000000
68706  53.856  -23.929  15.158 0.0000000000
68718  54.702  -23.511  14.484 0.0000000000
67653  52.965  -24.074  14.589 0.0000000000
67688  52.334  -24.628  12.293 0.0000000000
33728  28.331  -56.853  25.199 0.0000000000
33706  28.405  -57.085  25.325 0.0000000000
27895  25.739  -60.577  29.182 0.0000000000
29111  26.109  -60.356  27.648 0.0000000000
30277  25.253  -59.938  28.167 0.0000000000
32594  23.247  -56.957  24.960 0.0000000000
31464  24.398  -57.841  24.676 0.0000000000
33621  38.616  -55.551  29.571 0.0000000000
36079  39.192  -54.047  29.620 0.0000000000
33639  39.483  -55.402  28.802 0.0000000000
34923  40.606  -55.009  27.446 0.0000000000
33672  39.803  -55.831  27.182 0.0000000000
33704  38.812  -55.522  25.631 0.0000000000
33689  38.460  -55.547  26.660 0.0000000000
34926  35.128  -55.341  27.926 0.0000000000
36143  36.479  -54.881  26.561 0.0000000000
36145  34.934  -54.419  26.636 0.0000000000
36164  33.995  -53.818  25.732 0.0000000000
36146  33.875  -54.100  26.529 0.0000000000
32492  31.574  -56.761  31.657 0.0000000000
32514  32.445  -56.475  30.965 0.0000000000
32515  31.763  -56.473  30.970 0.0000000000
34910  29.528  -54.830  28.724 0.0000000000
34909  30.574  -54.883  28.596 0.0000000000
36111  30.111  -54.474  27.996 0.0000000000
36129  30.845  -54.021  27.154 0.0000000000
37243  29.975  -53.687  26.807 0.0000000000
37277  29.112  -53.029  25.454 0.0000000000
37245  28.426  -53.815  26.918 0.0000000000
33693  26.954  -56.565  26.575 0.0000000000
36152  26.554  -55.026  26.103 0.0000000000
34950  27.558  -56.545  25.400 0.0000000000
62554  48.223  -29.409  15.689 0.0000000000
63525  47.858  -28.831  14.562 0.0000000000
61624  47.396  -30.185  14.630 0.0000000000
59530  47.553  -31.793  12.723 0.0000000000
31257  20.722  -57.628  37.432 0.0000000000
31301  21.235  -57.985  35.611 0.0000000000
32418  20.423  -57.542  36.345 0.0000000000
30206  17.821  -58.855  33.975 0.0000000000
31323  18.380  -58.236  34.464 0.0000000000
31342  19.361  -57.893  33.544 0.0000000000
31363  18.586  -58.375  32.407 0.0000000000
32501  18.835  -57.713  30.554 0.0000000000
31394  18.294  -58.242  30.396 0.0000000000
68677  56.372  -23.641  18.099 0.0000000000
68667  53.923  -23.643  19.033 0.0000000000
68668  53.039  -24.068  19.248 0.0000000000
67632  52.047  -24.478  17.237 0.0000000000
67624  52.240  -24.843  18.505 0.0000000000
64501  52.418  -27.403  19.528 0.0000000000
65550  51.858  -26.817  18.255 0.0000000000
63469  51.749  -28.085  18.522 0.0000000000
63489  50.170  -28.513  17.312 0.0000000000
62504  51.032  -29.265  18.796 0.0000000000
60481  50.603  -31.253  19.947 0.0000000000
60497  50.291  -31.141  19.027 0.0000000000
59424  49.627  -31.952  18.506 0.0000000000
59425  48.517  -32.237  18.030 0.0000000000
59408  49.245  -32.579  19.468 0.0000000000
59344  52.012  -32.697  24.836 0.0000000000
59359  51.852  -32.435  23.698 0.0000000000
58308  51.166  -33.067  23.822 0.0000000000
57389  48.044  -34.206  21.404 0.0000000000
58341  48.927  -33.832  21.814 0.0000000000
57404  47.422  -34.219  20.824 0.0000000000
58370  47.584  -33.493  19.540 0.0000000000
57420  46.185  -34.281  19.621 0.0000000000
57438  44.853  -34.525  18.257 0.0000000000
57421  45.617  -34.661  19.323 0.0000000000
54426  44.949  -37.513  19.468 0.0000000000
55443  44.816  -36.580  19.194 0.0000000000
54453  44.038  -37.768  18.055 0.0000000000
53457  43.639  -38.590  18.028 0.0000000000
51312  48.191  -40.128  26.604 0.0000000000
46474  46.100  -45.544  26.402 0.0000000000
47484  46.978  -44.304  27.476 0.0000000000
47495  46.442  -44.432  26.449 0.0000000000
49484  45.301  -42.425  23.459 0.0000000000
49464  45.984  -42.289  24.260 0.0000000000
50420  46.217  -41.354  23.646 0.0000000000
51337  46.880  -40.327  24.186 0.0000000000
50434  46.037  -41.054  22.943 0.0000000000
51367  45.854  -40.361  22.229 0.0000000000
51368  45.323  -40.731  22.044 0.0000000000
51400  41.398  -40.999  20.212 0.0000000000
51398  42.873  -40.683  20.562 0.0000000000
52452  41.657  -40.110  19.338 0.0000000000
52468  41.388  -39.714  18.621 0.0000000000
52469  40.312  -39.850  18.254 0.0000000000
51434  39.627  -40.545  18.697 0.0000000000
49557  37.517  -42.656  18.275 0.0000000000
49566  37.812  -42.059  18.044 0.0000000000
45435  37.583  -46.882  20.362 0.0000000000
47608  37.806  -45.427  20.064 0.0000000000
46623  36.817  -45.968  19.338 0.0000000000
47670  35.502  -44.810  16.050 0.0000000000
35002  37.885  -54.844  22.904 0.0000000000
36195  38.454  -54.653  22.283 0.0000000000
35025  37.131  -54.564  21.961 0.0000000000
37372  34.168  -52.711  19.654 0.0000000000
37370  35.886  -53.258  19.882 0.0000000000
37384  34.551  -52.638  19.204 0.0000000000
38532  34.490  -52.017  18.124 0.0000000000
38533  33.588  -51.799  18.060 0.0000000000
39630  28.513  -51.656  19.549 0.0000000000
38485  29.921  -51.994  19.698 0.0000000000
39648  28.617  -51.597  18.646 0.0000000000
39684  29.928  -50.779  16.824 0.0000000000
40774  31.522  -49.966  16.544 0.0000000000
68742  54.525  -23.557  12.303 0.0000000000
69716  56.043  -22.742  12.097 0.0000000000
63561  49.194  -28.328  12.080 0.0000000000
31285  27.473  -58.324  36.129 0.0000000000
30186  26.320  -59.401  35.225 0.0000000000
30152  26.695  -58.667  36.392 0.0000000000
30153  25.946  -59.120  36.669 0.0000000000
30139  24.462  -59.006  37.478 0.0000000000
31284  28.119  -57.855  35.739 0.0000000000
37230  42.615  -53.059  28.589 0.0000000000
38351  43.177  -51.716  29.592 0.0000000000
36122  43.332  -53.076  27.831 0.0000000000
37255  43.894  -52.063  27.376 0.0000000000
39534  44.093  -51.005  26.990 0.0000000000
40628  44.062  -50.306  26.588 0.0000000000
39546  43.115  -51.279  26.056 0.0000000000
40650  41.629  -50.411  25.333 0.0000000000
40672  40.165  -50.685  24.283 0.0000000000
41774  38.992  -49.651  22.781 0.0000000000
40673  39.634  -50.665  23.680 0.0000000000
39583  38.758  -51.785  22.414 0.0000000000
38479  38.138  -52.712  20.734 0.0000000000
35007  27.307  -55.046  22.448 0.0000000000
36215  27.513  -54.287  21.087 0.0000000000
35028  28.046  -54.897  21.411 0.0000000000
67654  52.111  -24.339  15.061 0.0000000000
67667  52.176  -24.326  14.041 0.0000000000
67668  51.390  -24.659  14.454 0.0000000000
67690  50.816  -25.091  12.946 0.0000000000
33692  27.473  -57.055  26.502 0.0000000000
32575  28.033  -57.571  25.925 0.0000000000
31430  27.636  -58.147  26.683 0.0000000000
30305  27.451  -59.234  26.427 0.0000000000
30306  27.273  -59.525  26.096 0.0000000000
31405  23.862  -59.139  29.493 0.0000000000
30278  24.394  -59.154  27.902 0.0000000000
31422  23.726  -58.402  27.705 0.0000000000
31433  23.105  -57.293  26.670 0.0000000000
33711  20.613  -55.912  25.275 0.0000000000
33603  37.568  -55.568  30.474 0.0000000000
33641  38.154  -56.029  29.230 0.0000000000
33674  37.887  -55.557  27.649 0.0000000000
32544  36.306  -56.018  29.319 0.0000000000
33662  35.352  -55.926  28.932 0.0000000000
33663  34.386  -55.829  29.075 0.0000000000
33609  29.285  -56.217  31.632 0.0000000000
33627  29.998  -55.763  30.849 0.0000000000
33628  28.876  -55.770  30.871 0.0000000000
34872  28.434  -55.473  30.149 0.0000000000
34911  28.444  -54.892  28.763 0.0000000000
36132  27.354  -54.536  27.439 0.0000000000
34931  26.602  -55.400  27.831 0.0000000000
33680  26.688  -56.535  27.432 0.0000000000
60533  47.724  -31.387  16.199 0.0000000000
60572  47.018  -30.899  14.183 0.0000000000
60573  46.562  -31.499  14.540 0.0000000000
59521  46.265  -32.009  13.680 0.0000000000
30208  16.805  -59.588  34.986 0.0000000000
30228  17.158  -59.600  32.476 0.0000000000
30241  17.405  -59.198  31.205 0.0000000000
30242  16.609  -59.823  31.631 0.0000000000
62475  52.537  -29.252  20.986 0.0000000000
62489  51.376  -29.539  19.470 0.0000000000
61513  52.216  -30.065  20.911 0.0000000000
61501  51.859  -30.939  21.323 0.0000000000
59395  50.752  -31.662  20.961 0.0000000000
57341  50.536  -34.451  24.996 0.0000000000
58310  49.796  -33.874  23.371 0.0000000000
56393  48.851  -35.118  23.855 0.0000000000
56409  47.712  -35.350  22.786 0.0000000000
57390  47.128  -35.007  21.711 0.0000000000
56441  45.715  -35.746  20.444 0.0000000000
55414  46.222  -36.535  21.296 0.0000000000
55428  46.263  -37.129  21.199 0.0000000000
53433  45.473  -38.559  20.623 0.0000000000
46512  44.037  -45.619  24.508 0.0000000000
47522  44.637  -44.627  24.416 0.0000000000
47542  43.687  -44.651  23.754 0.0000000000
48505  44.353  -43.261  23.278 0.0000000000
49499  44.438  -42.595  22.836 0.0000000000
50449  44.276  -41.186  21.822 0.0000000000
49514  43.348  -42.283  22.075 0.0000000000
50452  41.729  -41.939  21.029 0.0000000000
50467  40.264  -41.818  20.107 0.0000000000
50483  39.188  -41.507  19.166 0.0000000000
49545  39.271  -42.260  19.635 0.0000000000
49546  38.690  -42.422  19.270 0.0000000000
48557  37.980  -43.478  19.301 0.0000000000
44221  36.235  -47.851  18.250 0.0000000000
45464  35.944  -46.843  18.038 0.0000000000
45480  35.782  -47.171  16.419 0.0000000000
45481  35.650  -46.603  16.035 0.0000000000
45523  34.614  -45.890  14.826 0.0000000000
37299  35.471  -53.494  23.437 0.0000000000
37334  36.064  -53.682  21.870 0.0000000000
37315  34.782  -52.990  22.093 0.0000000000
38462  33.802  -52.880  20.901 0.0000000000
38482  32.784  -52.672  20.181 0.0000000000
39686  28.027  -51.780  16.978 0.0000000000
38559  27.886  -52.725  15.702 0.0000000000
70701  58.859  -20.876  14.206 0.0000000000
70718  57.721  -21.514  12.428 0.0000000000
70732  57.868  -21.678  11.482 0.0000000000
31392  26.261  -58.718  30.374 0.0000000000
30257  26.688  -59.556  29.410 0.0000000000
29072  26.624  -60.009  30.532 0.0000000000
26659  26.031  -60.596  31.000 0.0000000000
27880  25.173  -60.545  30.686 0.0000000000
27831  25.953  -60.467  34.112 0.0000000000
27859  24.800  -60.520  32.124 0.0000000000
29074  24.713  -60.260  30.639 0.0000000000
30252  23.748  -59.420  30.883 0.0000000000
31393  23.139  -58.592  31.005 0.0000000000
32497  22.492  -57.895  31.816 0.0000000000
32454  33.548  -56.302  33.051 0.0000000000
31372  33.429  -56.482  31.578 0.0000000000
31333  32.661  -56.641  32.823 0.0000000000
31355  31.737  -56.912  32.480 0.0000000000
31357  30.487  -57.278  32.809 0.0000000000
31297  30.170  -57.600  34.520 0.0000000000
31336  30.185  -57.496  33.319 0.0000000000
32473  29.814  -57.079  32.725 0.0000000000
32474  28.632  -56.907  32.814 0.0000000000
32476  26.583  -57.503  32.057 0.0000000000
58440  44.158  -33.594  15.699 0.0000000000
58465  44.604  -33.552  14.803 0.0000000000
57502  43.920  -34.130  15.051 0.0000000000
60398  53.645  -30.590  25.041 0.0000000000
57324  51.412  -34.068  26.233 0.0000000000
57325  50.921  -34.695  25.974 0.0000000000
56367  49.492  -36.282  25.408 0.0000000000
55348  49.248  -37.021  25.418 0.0000000000
45298  46.563  -46.432  27.352 0.0000000000
45335  45.323  -46.387  25.825 0.0000000000
42834  44.232  -48.609  25.853 0.0000000000
44094  44.282  -47.489  25.485 0.0000000000
45337  44.042  -46.848  25.021 0.0000000000
45356  42.958  -46.564  24.180 0.0000000000
45387  41.209  -46.169  22.993 0.0000000000
46556  40.506  -45.923  22.292 0.0000000000
46603  39.517  -45.335  21.163 0.0000000000
45412  39.525  -46.568  21.836 0.0000000000
45434  38.298  -46.744  20.922 0.0000000000
44192  37.777  -47.724  20.852 0.0000000000
41786  38.123  -49.527  21.620 0.0000000000
42954  37.325  -48.740  20.558 0.0000000000
42967  36.746  -48.859  19.847 0.0000000000
41813  36.514  -49.286  18.689 0.0000000000
41838  35.972  -49.681  17.175 0.0000000000
41839  35.572  -50.076  16.936 0.0000000000
38414  30.354  -52.477  23.726 0.0000000000
38423  30.933  -52.247  22.857 0.0000000000
38445  29.163  -51.743  21.992 0.0000000000
39602  28.399  -51.814  21.279 0.0000000000
38519  27.630  -52.417  19.408 0.0000000000
36230  27.405  -53.745  20.605 0.0000000000
36248  27.544  -54.050  18.729 0.0000000000
68716  56.500  -23.142  15.655 0.0000000000
69690  56.232  -22.805  14.048 0.0000000000
68726  55.466  -23.163  13.755 0.0000000000
68727  54.571  -23.444  13.361 0.0000000000
68743  53.727  -24.090  12.132 0.0000000000
67666  52.984  -24.103  13.565 0.0000000000
67687  53.106  -24.596  11.997 0.0000000000
29087  27.006  -60.016  28.014 0.0000000000
30290  26.746  -59.944  26.802 0.0000000000
30326  26.253  -59.334  25.353 0.0000000000
31431  24.362  -58.699  26.418 0.0000000000
30328  24.793  -58.429  25.254 0.0000000000
37214  41.432  -53.180  29.217 0.0000000000
34902  41.721  -54.163  27.934 0.0000000000
34935  41.393  -54.645  26.790 0.0000000000
34960  40.613  -54.903  24.604 0.0000000000
34976  40.243  -54.734  23.860 0.0000000000
33722  39.509  -55.324  24.253 0.0000000000
33745  38.722  -55.243  24.310 0.0000000000
36181  37.419  -54.593  23.885 0.0000000000
33690  37.616  -55.219  27.018 0.0000000000
36160  37.421  -54.761  25.762 0.0000000000
36172  36.665  -54.314  24.802 0.0000000000
36174  34.948  -53.729  24.839 0.0000000000
37273  33.555  -53.591  25.207 0.0000000000
37274  32.515  -53.355  25.056 0.0000000000
32512  34.130  -56.553  30.611 0.0000000000
32532  33.660  -56.299  30.236 0.0000000000
33664  33.208  -55.660  29.171 0.0000000000
33646  31.407  -55.562  29.705 0.0000000000
34886  31.816  -55.408  29.101 0.0000000000
34929  32.548  -54.886  27.965 0.0000000000
36147  32.798  -54.132  26.655 0.0000000000
37260  31.746  -53.634  25.896 0.0000000000
37275  31.405  -53.221  25.146 0.0000000000
37290  29.783  -52.759  24.592 0.0000000000
37291  28.709  -52.816  24.614 0.0000000000
37293  26.952  -53.463  24.177 0.0000000000
36151  27.180  -54.211  26.507 0.0000000000
36166  26.539  -54.812  25.056 0.0000000000
36184  26.528  -54.348  23.313 0.0000000000
34983  27.705  -55.683  23.592 0.0000000000
64549  49.297  -27.554  15.671 0.0000000000
65585  49.180  -26.776  14.509 0.0000000000
63524  48.123  -28.188  14.183 0.0000000000
61639  47.367  -30.236  13.695 0.0000000000
60595  48.168  -31.143  12.564 0.0000000000
57527  45.336  -34.155  14.102 0.0000000000
32391  25.281  -57.385  37.778 0.0000000000
32392  24.345  -57.663  37.938 0.0000000000
30140  23.558  -58.983  37.459 0.0000000000
31255  22.218  -58.283  37.889 0.0000000000
30174  22.723  -58.872  36.001 0.0000000000
30190  22.264  -58.650  35.386 0.0000000000
32459  21.549  -57.897  33.975 0.0000000000
32479  20.800  -57.387  32.480 0.0000000000
32419  19.645  -57.439  36.517 0.0000000000
32447  19.913  -57.745  34.221 0.0000000000
32461  20.006  -57.673  33.130 0.0000000000
32499  20.615  -57.165  31.390 0.0000000000
32536  20.132  -56.818  29.152 0.0000000000
69665  57.385  -22.787  16.904 0.0000000000
68689  56.059  -23.611  17.185 0.0000000000
68690  55.116  -24.002  16.882 0.0000000000
68691  53.843  -23.983  16.551 0.0000000000
68666  55.051  -23.772  18.958 0.0000000000
68679  54.400  -23.798  17.882 0.0000000000
68692  52.742  -24.082  16.696 0.0000000000
67642  52.051  -24.472  16.112 0.0000000000
67643  51.166  -25.066  16.537 0.0000000000
66625  50.477  -26.001  16.208 0.0000000000
66606  51.982  -25.905  18.524 0.0000000000
65559  51.359  -27.052  17.504 0.0000000000
65570  50.282  -26.896  16.328 0.0000000000
63504  49.870  -28.047  16.667 0.0000000000
63490  49.502  -28.939  16.964 0.0000000000
61589  49.276  -30.015  17.138 0.0000000000
62490  50.787  -29.814  18.945 0.0000000000
61568  49.695  -30.264  17.707 0.0000000000
60532  48.334  -30.927  16.532 0.0000000000
60517  48.001  -31.690  16.915 0.0000000000
59442  47.438  -32.141  17.082 0.0000000000
59443  46.191  -32.943  17.399 0.0000000000
60417  52.610  -31.625  23.548 0.0000000000
59372  51.332  -32.042  22.478 0.0000000000
58353  50.013  -32.797  21.419 0.0000000000
58326  49.512  -33.742  22.805 0.0000000000
58354  49.516  -33.179  20.945 0.0000000000
59397  49.548  -32.805  20.292 0.0000000000
59409  48.149  -33.027  18.985 0.0000000000
59427  46.522  -33.278  18.080 0.0000000000
59444  45.413  -33.216  17.168 0.0000000000
58406  44.682  -33.856  17.288 0.0000000000
57457  44.151  -34.573  17.281 0.0000000000
56456  44.697  -35.838  18.966 0.0000000000
55456  44.137  -36.121  18.170 0.0000000000
53367  49.192  -38.378  26.371 0.0000000000
53378  48.441  -38.354  25.238 0.0000000000
49434  47.473  -42.240  26.970 0.0000000000
48461  46.015  -43.585  25.335 0.0000000000
49447  46.902  -42.239  25.763 0.0000000000
50391  47.618  -40.847  26.371 0.0000000000
51324  47.406  -40.340  25.119 0.0000000000
52379  47.624  -39.412  24.699 0.0000000000
53390  47.475  -38.582  23.963 0.0000000000
53403  46.730  -38.630  22.618 0.0000000000
53418  45.917  -38.716  21.354 0.0000000000
52433  44.837  -39.257  20.248 0.0000000000
51384  43.786  -40.788  21.105 0.0000000000
51397  43.975  -40.019  20.180 0.0000000000
52449  44.084  -39.158  19.202 0.0000000000
52481  42.482  -39.015  17.591 0.0000000000
50494  38.468  -41.446  18.340 0.0000000000
50509  38.019  -41.356  16.404 0.0000000000
47607  38.284  -44.964  20.283 0.0000000000
47628  37.503  -44.858  19.534 0.0000000000
48572  36.218  -44.137  17.872 0.0000000000
46648  35.915  -45.779  17.793 0.0000000000
47657  35.892  -44.775  17.520 0.0000000000
36194  38.840  -54.350  22.390 0.0000000000
37333  38.535  -53.654  21.510 0.0000000000
37353  37.801  -53.355  20.409 0.0000000000
36240  36.301  -53.663  20.467 0.0000000000
37369  36.486  -53.288  19.766 0.0000000000
38511  36.766  -52.374  19.259 0.0000000000
38530  35.814  -52.076  18.327 0.0000000000
40753  34.812  -50.895  17.166 0.0000000000
40772  33.620  -50.246  16.817 0.0000000000
38465  31.129  -52.211  20.958 0.0000000000
38484  30.812  -52.267  19.942 0.0000000000
38501  31.612  -52.341  19.164 0.0000000000
39668  29.586  -51.308  17.531 0.0000000000
39645  30.999  -51.823  17.880 0.0000000000
39644  31.741  -51.699  17.990 0.0000000000
39682  31.971  -50.717  17.068 0.0000000000
40773  32.585  -50.039  16.776 0.0000000000
69701  56.122  -22.691  13.105 0.0000000000
69726  56.597  -22.519  11.401 0.0000000000
69742  57.525  -22.233  10.873 0.0000000000
65611  48.972  -27.003  12.725 0.0000000000
36169  41.308  -54.089  24.937 0.0000000000
36168  41.757  -53.718  25.448 0.0000000000
37282  41.652  -53.417  25.156 0.0000000000
37283  41.223  -53.254  24.693 0.0000000000
37284  40.541  -53.340  24.069 0.0000000000
36180  40.193  -54.113  23.622 0.0000000000
66633  49.596  -26.400  14.811 0.0000000000
32534  22.401  -57.317  29.572 0.0000000000
32550  21.360  -56.583  28.684 0.0000000000
32535  21.304  -56.717  29.380 0.0000000000
33593  34.507  -55.924  32.484 0.0000000000
34831  35.058  -55.340  32.849 0.0000000000
33592  35.160  -55.850  32.104 0.0000000000
33606  35.459  -56.084  31.547 0.0000000000
32489  35.340  -56.362  31.228 0.0000000000
32511  35.365  -56.681  30.892 0.0000000000
31370  34.690  -56.464  31.392 0.0000000000
32516  26.286  -57.593  30.042 0.0000000000
32533  26.429  -57.315  29.018 0.0000000000
59480  45.509  -32.509  15.422 0.0000000000
61487  53.805  -29.729  23.221 0.0000000000
61473  53.899  -30.186  23.765 0.0000000000
55378  48.180  -36.786  24.263 0.0000000000
55396  47.333  -36.958  22.965 0.0000000000
47565  41.106  -45.097  22.246 0.0000000000
48522  41.195  -43.629  21.451 0.0000000000
47584  40.048  -44.673  21.119 0.0000000000
37288  32.239  -52.822  23.913 0.0000000000
69688  57.749  -22.232  15.359 0.0000000000
69689  56.868  -22.667  14.848 0.0000000000
30201  27.398  -58.506  34.331 0.0000000000
30202  26.667  -59.303  34.458 0.0000000000
29020  24.179  -59.806  34.723 0.0000000000
30188  23.510  -59.264  34.560 0.0000000000
33564  31.713  -55.874  34.989 0.0000000000
32429  31.339  -56.683  34.523 0.0000000000
33565  30.939  -56.447  35.034 0.0000000000
30200  27.925  -58.276  34.544 0.0000000000
30214  27.220  -58.325  33.829 0.0000000000
39532  45.142  -50.446  27.773 0.0000000000
40583  45.657  -49.925  28.356 0.0000000000
40604  45.565  -49.875  27.881 0.0000000000
41692  45.777  -49.147  27.513 0.0000000000
42867  40.415  -49.162  24.265 0.0000000000
42866  41.108  -48.627  24.521 0.0000000000
42890  40.811  -48.081  23.789 0.0000000000
40714  37.199  -50.797  20.510 0.0000000000
39612  37.315  -51.707  19.899 0.0000000000
39627  36.904  -51.684  19.308 0.0000000000
38427  27.148  -53.041  22.958 0.0000000000
38447  27.352  -52.830  22.445 0.0000000000
37317  26.862  -53.503  22.712 0.0000000000
29090  25.184  -60.225  29.175 0.0000000000
29099  25.553  -60.288  28.462 0.0000000000
32593  23.621  -57.140  24.528 0.0000000000
33640  38.990  -55.698  29.189 0.0000000000
34885  39.314  -55.197  29.083 0.0000000000
33657  39.801  -55.538  28.306 0.0000000000
33673  38.740  -55.821  27.402 0.0000000000
34940  35.320  -54.876  27.113 0.0000000000
36125  34.745  -54.815  27.422 0.0000000000
36126  34.066  -54.536  27.380 0.0000000000
33607  31.134  -56.502  31.319 0.0000000000
36130  29.581  -54.063  27.418 0.0000000000
37244  29.058  -53.717  26.885 0.0000000000
36131  28.452  -54.120  27.440 0.0000000000
33708  27.301  -56.688  26.130 0.0000000000
34951  26.904  -56.182  25.606 0.0000000000
34964  27.934  -56.480  24.769 0.0000000000
61611  48.307  -30.009  16.091 0.0000000000
62555  47.743  -29.332  15.034 0.0000000000
32394  21.038  -57.604  38.144 0.0000000000
31273  20.838  -57.728  36.953 0.0000000000
32406  20.249  -57.475  37.118 0.0000000000
31343  18.587  -58.259  33.457 0.0000000000
31378  18.541  -58.249  31.337 0.0000000000
30240  18.059  -58.836  31.331 0.0000000000
68651  56.557  -23.401  19.502 0.0000000000
69634  56.188  -22.993  20.297 0.0000000000
68655  53.178  -24.239  19.864 0.0000000000
67616  52.899  -24.798  19.811 0.0000000000
64514  52.029  -27.523  18.739 0.0000000000
63470  51.110  -28.546  18.238 0.0000000000
63458  51.351  -28.943  18.927 0.0000000000
59407  50.042  -31.846  19.339 0.0000000000
58357  47.160  -33.922  20.170 0.0000000000
53444  44.961  -38.362  19.892 0.0000000000
53456  43.996  -38.316  18.278 0.0000000000
46475  45.679  -45.565  25.868 0.0000000000
47496  45.971  -45.020  26.029 0.0000000000
49498  45.028  -42.054  22.779 0.0000000000
49483  45.853  -41.904  23.643 0.0000000000
50421  45.799  -41.610  23.245 0.0000000000
51418  41.208  -40.679  19.764 0.0000000000
51432  41.231  -40.189  19.183 0.0000000000
51433  40.663  -40.275  19.002 0.0000000000
52470  39.708  -40.015  18.055 0.0000000000
49567  37.175  -42.395  17.579 0.0000000000
49568  36.573  -42.698  17.100 0.0000000000
46622  37.429  -46.012  19.926 0.0000000000
45451  36.234  -46.930  18.945 0.0000000000
36196  37.219  -54.582  23.091 0.0000000000
35024  37.702  -54.684  22.020 0.0000000000
35003  37.359  -54.675  22.470 0.0000000000
38499  33.508  -52.637  19.571 0.0000000000
37385  34.025  -52.569  19.309 0.0000000000
38515  33.801  -52.349  18.855 0.0000000000
68761  54.519  -24.162  11.388 0.0000000000
68777  55.385  -23.878  10.704 0.0000000000
30169  26.978  -58.890  35.721 0.0000000000
31271  25.564  -58.670  37.259 0.0000000000
30154  25.055  -59.242  36.860 0.0000000000
30138  25.050  -58.902  37.427 0.0000000000
31268  27.800  -57.557  36.336 0.0000000000
36123  42.641  -53.616  27.622 0.0000000000
36105  42.920  -53.260  28.177 0.0000000000
37269  42.798  -52.806  26.288 0.0000000000
37256  43.621  -52.436  27.160 0.0000000000
37257  43.333  -52.418  26.677 0.0000000000
38390  44.115  -51.686  27.333 0.0000000000
38391  43.698  -51.820  26.844 0.0000000000
39535  43.608  -51.158  26.517 0.0000000000
39555  41.053  -51.534  24.914 0.0000000000
39548  41.687  -51.302  25.400 0.0000000000
40661  41.252  -50.765  25.118 0.0000000000
40662  40.757  -50.705  24.761 0.0000000000
39565  39.785  -51.641  23.958 0.0000000000
38420  39.224  -52.641  22.835 0.0000000000
39599  38.646  -52.584  21.804 0.0000000000
38460  38.698  -53.202  21.720 0.0000000000
35027  29.405  -55.610  21.387 0.0000000000
66654  50.261  -25.571  13.275 0.0000000000
67678  50.755  -25.055  13.850 0.0000000000
66665  50.270  -25.821  12.441 0.0000000000
32555  27.394  -57.650  27.001 0.0000000000
31419  27.238  -59.157  27.365 0.0000000000
31429  27.547  -58.767  26.649 0.0000000000
30289  27.169  -59.695  26.747 0.0000000000
31413  23.795  -58.764  28.715 0.0000000000
32557  22.459  -56.877  27.147 0.0000000000
31423  23.096  -57.547  27.502 0.0000000000
32565  22.604  -56.780  26.187 0.0000000000
32577  23.002  -56.871  25.409 0.0000000000
33709  22.405  -56.366  25.429 0.0000000000
34952  21.726  -55.739  24.909 0.0000000000
33694  21.974  -56.278  25.978 0.0000000000
33696  20.369  -56.239  26.476 0.0000000000
33712  19.624  -56.475  25.928 0.0000000000
33697  19.556  -56.521  26.897 0.0000000000
34829  36.558  -54.673  32.300 0.0000000000
32487  36.574  -56.167  30.844 0.0000000000
33604  36.980  -55.841  30.953 0.0000000000
33623  37.222  -56.024  29.990 0.0000000000
33622  38.075  -55.622  29.992 0.0000000000
33642  37.184  -56.000  29.203 0.0000000000
32528  36.381  -56.219  29.941 0.0000000000
32545  35.545  -56.235  29.445 0.0000000000
32546  34.842  -56.359  29.522 0.0000000000
33610  28.185  -56.172  31.478 0.0000000000
34874  26.991  -55.851  29.937 0.0000000000
34873  27.485  -55.635  30.053 0.0000000000
34890  27.917  -55.272  29.441 0.0000000000
34912  27.328  -55.138  28.644 0.0000000000
34913  26.636  -55.661  28.682 0.0000000000
32548  26.692  -57.286  28.022 0.0000000000
32556  26.979  -57.276  27.404 0.0000000000
33679  27.135  -57.001  27.007 0.0000000000
60554  46.830  -31.618  15.523 0.0000000000
60553  47.193  -30.967  15.113 0.0000000000
59504  45.711  -32.456  14.449 0.0000000000
59503  46.096  -31.926  14.412 0.0000000000
58484  46.073  -32.887  13.695 0.0000000000
29035  16.498  -59.836  34.697 0.0000000000
29044  16.832  -59.756  34.052 0.0000000000
29054  16.831  -59.863  33.367 0.0000000000
30229  16.534  -59.965  32.263 0.0000000000
60467  51.288  -31.281  21.084 0.0000000000
60453  51.828  -31.318  21.876 0.0000000000
56379  49.958  -35.100  24.981 0.0000000000
57342  49.904  -34.765  24.516 0.0000000000
57378  47.518  -35.208  22.409 0.0000000000
56426  46.928  -35.574  21.980 0.0000000000
56427  46.484  -35.847  21.712 0.0000000000
56411  46.743  -36.384  22.104 0.0000000000
55413  46.525  -36.895  21.733 0.0000000000
54410  46.340  -37.586  21.496 0.0000000000
54411  46.009  -37.829  20.977 0.0000000000
54395  46.249  -38.165  21.567 0.0000000000
46513  43.330  -45.665  24.026 0.0000000000
47523  43.935  -45.149  24.158 0.0000000000
48507  42.906  -43.644  22.798 0.0000000000
48492  43.411  -43.996  23.295 0.0000000000
48506  43.769  -43.358  23.025 0.0000000000
49500  43.450  -42.840  22.434 0.0000000000
49515  42.706  -42.687  21.952 0.0000000000
49517  41.079  -42.908  21.071 0.0000000000
49531  41.262  -42.321  20.916 0.0000000000
50466  41.195  -41.503  20.452 0.0000000000
50468  39.672  -41.875  19.750 0.0000000000
49533  39.750  -42.501  20.127 0.0000000000
48556  39.046  -43.035  19.836 0.0000000000
42993  36.237  -48.748  17.699 0.0000000000
44230  36.063  -47.764  17.388 0.0000000000
44245  35.868  -47.736  16.651 0.0000000000
45498  35.089  -46.483  15.241 0.0000000000
37314  35.498  -53.330  22.434 0.0000000000
38441  33.283  -52.789  21.763 0.0000000000
38463  33.009  -52.724  20.981 0.0000000000
38481  33.589  -52.819  20.221 0.0000000000
69714  57.232  -21.825  12.274 0.0000000000
31375  26.167  -58.370  31.624 0.0000000000
30237  26.268  -59.424  31.059 0.0000000000
27857  25.915  -60.369  31.769 0.0000000000
27868  26.177  -60.449  31.256 0.0000000000
26650  26.148  -60.693  31.212 0.0000000000
26668  25.917  -60.701  30.553 0.0000000000
27869  25.537  -60.617  30.966 0.0000000000
29017  26.105  -59.833  35.183 0.0000000000
29030  26.199  -60.083  34.815 0.0000000000
29031  25.530  -60.236  34.544 0.0000000000
27834  24.201  -60.211  33.465 0.0000000000
27846  24.501  -60.480  32.907 0.0000000000
27860  24.375  -60.319  32.208 0.0000000000
27871  24.667  -60.369  31.500 0.0000000000
29064  24.327  -60.112  31.551 0.0000000000
30251  24.268  -59.843  30.941 0.0000000000
30238  23.890  -59.706  31.599 0.0000000000
30217  23.082  -58.895  33.309 0.0000000000
30226  23.234  -58.993  32.514 0.0000000000
31376  22.912  -58.526  32.081 0.0000000000
32477  22.437  -58.118  32.536 0.0000000000
33563  32.821  -55.915  34.307 0.0000000000
34797  33.541  -55.329  34.422 0.0000000000
33574  33.091  -56.166  33.832 0.0000000000
33583  33.811  -56.036  33.275 0.0000000000
32441  33.219  -56.224  33.574 0.0000000000
31332  33.111  -56.509  32.833 0.0000000000
32455  32.822  -56.569  33.145 0.0000000000
31314  31.406  -57.122  33.528 0.0000000000
31334  31.919  -56.911  32.943 0.0000000000
31335  31.157  -57.316  33.137 0.0000000000
31356  30.985  -57.282  32.733 0.0000000000
32431  29.763  -57.335  35.166 0.0000000000
31298  29.229  -57.758  34.800 0.0000000000
31337  29.118  -57.633  33.784 0.0000000000
32456  29.505  -57.396  33.341 0.0000000000
32458  28.039  -57.270  33.258 0.0000000000
31359  26.605  -58.031  32.757 0.0000000000
32475  27.464  -57.070  32.596 0.0000000000
57314  51.131  -34.610  26.550 0.0000000000
56366  50.108  -35.600  25.659 0.0000000000
55347  49.745  -36.759  25.871 0.0000000000
38350  44.244  -51.750  29.185 0.0000000000
44076  46.352  -47.378  27.068 0.0000000000
45318  46.224  -46.433  26.713 0.0000000000
41695  43.950  -49.621  26.085 0.0000000000
42835  43.709  -49.143  25.792 0.0000000000
44096  42.796  -48.073  24.982 0.0000000000
42847  43.806  -48.074  25.431 0.0000000000
44095  43.405  -47.517  24.988 0.0000000000
44110  43.089  -47.023  24.527 0.0000000000
45355  43.571  -46.486  24.599 0.0000000000
45371  41.067  -46.772  23.277 0.0000000000
45370  41.762  -46.320  23.438 0.0000000000
45388  40.636  -46.499  22.756 0.0000000000
46555  41.065  -45.629  22.557 0.0000000000
45389  40.075  -46.542  22.265 0.0000000000
44178  38.570  -47.633  21.572 0.0000000000
44177  39.137  -47.094  21.807 0.0000000000
41775  38.585  -49.667  22.191 0.0000000000
41798  37.505  -49.677  20.923 0.0000000000
42968  36.562  -48.811  19.099 0.0000000000
40735  36.339  -50.822  18.470 0.0000000000
41825  36.364  -49.763  18.236 0.0000000000
38424  29.837  -52.090  22.954 0.0000000000
38425  28.733  -52.270  23.058 0.0000000000
38468  27.597  -52.519  21.581 0.0000000000
38467  28.083  -52.055  21.619 0.0000000000
38486  27.934  -52.029  21.138 0.0000000000
39615  27.816  -52.032  20.251 0.0000000000
38504  27.628  -52.289  20.031 0.0000000000
36229  27.760  -54.451  20.404 0.0000000000
36247  27.992  -54.836  18.408 0.0000000000
37386  27.439  -53.167  19.071 0.0000000000
68704  55.840  -23.534  16.129 0.0000000000
68717  55.803  -23.288  14.920 0.0000000000
68719  53.787  -23.779  14.021 0.0000000000
67676  52.235  -24.403  13.099 0.0000000000
32562  27.930  -58.066  26.114 0.0000000000
32574  28.283  -57.583  25.476 0.0000000000
32591  28.560  -57.792  24.672 0.0000000000
29079  26.732  -60.111  29.431 0.0000000000
30256  26.807  -59.815  28.972 0.0000000000
29088  26.738  -60.219  28.683 0.0000000000
30291  25.857  -60.118  27.181 0.0000000000
29110  26.471  -60.237  27.465 0.0000000000
30307  26.474  -59.703  26.160 0.0000000000
30293  24.189  -58.799  27.069 0.0000000000
31486  24.849  -57.966  24.187 0.0000000000
36049  38.052  -54.006  31.659 0.0000000000
37185  38.612  -53.505  31.197 0.0000000000
37199  39.506  -53.298  30.056 0.0000000000
36078  39.758  -53.501  29.548 0.0000000000
37215  40.849  -53.282  29.262 0.0000000000
36094  41.222  -53.537  28.831 0.0000000000
36107  41.109  -54.025  28.378 0.0000000000
34936  40.701  -55.258  26.464 0.0000000000
34946  41.376  -54.589  25.998 0.0000000000
34947  40.667  -55.132  25.521 0.0000000000
33721  40.061  -55.238  24.444 0.0000000000
33702  40.045  -55.364  24.983 0.0000000000
33723  38.960  -55.404  24.667 0.0000000000
33724  38.580  -55.218  24.966 0.0000000000
34979  38.340  -54.987  24.017 0.0000000000
33675  37.072  -55.530  27.820 0.0000000000
33691  37.016  -55.350  27.422 0.0000000000
36144  35.851  -54.717  26.472 0.0000000000
34949  37.036  -54.819  26.345 0.0000000000
36161  36.704  -54.586  25.808 0.0000000000
36173  35.730  -53.943  24.716 0.0000000000
37272  34.361  -53.717  25.160 0.0000000000
31391  33.716  -56.481  31.015 0.0000000000
32490  33.095  -56.473  31.320 0.0000000000
33625  32.382  -56.199  30.417 0.0000000000
33624  33.061  -56.255  30.487 0.0000000000
33644  33.329  -55.999  29.877 0.0000000000
33665  32.750  -55.593  29.160 0.0000000000
33626  31.265  -55.998  30.563 0.0000000000
34870  30.551  -55.451  30.018 0.0000000000
34908  31.646  -55.000  28.338 0.0000000000
34887  31.006  -55.237  29.196 0.0000000000
34907  32.681  -55.328  28.739 0.0000000000
36127  33.103  -54.491  27.355 0.0000000000
36128  31.938  -54.473  27.499 0.0000000000
36149  31.305  -53.803  26.465 0.0000000000
37276  30.265  -53.109  25.351 0.0000000000
37278  28.035  -53.295  25.293 0.0000000000
37292  27.735  -53.113  24.399 0.0000000000
37279  27.006  -53.712  25.042 0.0000000000
36133  26.602  -54.914  26.961 0.0000000000
36175  26.521  -54.661  24.048 0.0000000000
34984  26.742  -55.119  23.366 0.0000000000
64550  48.781  -27.731  15.268 0.0000000000
63514  48.317  -28.492  15.250 0.0000000000
62569  47.551  -29.454  14.159 0.0000000000
63540  47.783  -28.798  13.758 0.0000000000
60587  47.130  -31.213  13.305 0.0000000000
60596  47.629  -31.101  12.791 0.0000000000
33533  25.608  -56.469  37.794 0.0000000000
32393  23.428  -57.755  38.041 0.0000000000
31253  23.975  -58.401  37.851 0.0000000000
30142  22.026  -58.549  37.375 0.0000000000
30141  22.703  -58.796  37.419 0.0000000000
30157  22.327  -58.891  36.800 0.0000000000
30175  21.956  -58.718  36.147 0.0000000000
31321  21.484  -58.070  35.133 0.0000000000
32478  21.816  -57.722  32.846 0.0000000000
32460  20.854  -57.614  33.580 0.0000000000
31303  18.283  -58.098  35.424 0.0000000000
31288  18.257  -57.993  36.404 0.0000000000
32420  18.885  -57.571  36.823 0.0000000000
32434  18.962  -57.540  35.896 0.0000000000
31362  19.264  -57.937  32.778 0.0000000000
32480  19.845  -57.445  32.164 0.0000000000
32519  20.403  -57.017  30.280 0.0000000000
32537  19.123  -57.194  29.126 0.0000000000
31395  17.662  -58.867  30.234 0.0000000000
69664  58.043  -22.296  17.277 0.0000000000
68703  56.646  -23.198  16.537 0.0000000000
68688  56.815  -23.215  17.480 0.0000000000
68642  55.302  -23.217  20.600 0.0000000000
68653  54.677  -23.615  19.953 0.0000000000
66624  50.837  -25.629  16.510 0.0000000000
66614  51.017  -26.057  16.974 0.0000000000
66599  52.400  -25.691  19.343 0.0000000000
65549  52.199  -26.631  19.042 0.0000000000
64515  51.673  -27.691  18.084 0.0000000000
65560  50.796  -26.990  16.854 0.0000000000
64541  50.328  -27.640  16.751 0.0000000000
63471  50.442  -28.965  17.973 0.0000000000
62521  49.619  -29.422  17.318 0.0000000000
62538  49.137  -29.420  16.800 0.0000000000
61532  50.764  -30.448  19.359 0.0000000000
60498  49.853  -31.078  18.258 0.0000000000
61548  50.008  -30.438  18.183 0.0000000000
60515  49.348  -31.004  17.610 0.0000000000
61569  49.164  -30.608  17.222 0.0000000000
60516  48.611  -31.320  17.123 0.0000000000
59441  48.168  -31.868  17.272 0.0000000000
60399  53.499  -31.107  24.781 0.0000000000
60416  53.376  -31.245  23.952 0.0000000000
59358  52.669  -31.795  23.985 0.0000000000
59385  50.522  -32.502  21.892 0.0000000000
58368  49.119  -33.125  20.243 0.0000000000
58369  48.458  -33.282  19.876 0.0000000000
58387  46.512  -33.583  18.654 0.0000000000
58386  47.136  -33.450  18.970 0.0000000000
58404  46.040  -33.455  18.093 0.0000000000
58420  44.979  -33.431  17.063 0.0000000000
58405  45.306  -33.655  17.707 0.0000000000
57439  44.396  -34.951  17.914 0.0000000000
57458  43.582  -35.087  16.924 0.0000000000
56484  44.152  -35.257  17.767 0.0000000000
56455  45.195  -35.663  19.587 0.0000000000
54439  44.130  -36.717  18.141 0.0000000000
55455  44.396  -36.358  18.585 0.0000000000
55488  43.413  -36.436  17.162 0.0000000000
52358  48.917  -39.159  26.639 0.0000000000
52366  48.852  -38.809  26.162 0.0000000000
53368  48.846  -38.367  25.856 0.0000000000
52378  48.134  -38.920  25.061 0.0000000000
47494  46.952  -43.868  26.836 0.0000000000
48438  47.450  -43.481  27.538 0.0000000000
48448  47.306  -43.221  26.891 0.0000000000
48447  47.537  -42.873  27.386 0.0000000000
48459  47.044  -42.912  26.236 0.0000000000
47521  45.221  -44.058  24.705 0.0000000000
48473  45.604  -43.378  24.659 0.0000000000
49448  46.508  -42.256  25.095 0.0000000000
50392  47.255  -41.242  25.777 0.0000000000
51323  47.755  -40.257  25.841 0.0000000000
50405  47.024  -40.978  24.930 0.0000000000
51350  46.766  -40.023  23.520 0.0000000000
52390  46.974  -39.437  23.544 0.0000000000
53402  47.095  -38.579  23.205 0.0000000000
52403  46.837  -39.077  22.989 0.0000000000
51382  45.585  -39.863  21.612 0.0000000000
52418  45.973  -39.463  21.820 0.0000000000
52419  45.490  -39.380  21.132 0.0000000000
50450  43.300  -41.622  21.640 0.0000000000
51416  43.035  -39.938  19.747 0.0000000000
51415  43.611  -39.658  19.516 0.0000000000
52434  44.395  -39.553  20.004 0.0000000000
52466  43.338  -39.011  18.099 0.0000000000
52483  40.849  -39.303  17.569 0.0000000000
50493  39.021  -41.025  18.638 0.0000000000
50501  37.364  -41.901  17.058 0.0000000000
50500  37.887  -41.508  17.279 0.0000000000
50510  37.541  -41.724  16.561 0.0000000000
47641  36.981  -44.468  18.867 0.0000000000
48558  37.349  -44.066  19.022 0.0000000000
45471  35.821  -46.724  16.969 0.0000000000
46649  35.696  -45.652  16.994 0.0000000000
47658  35.599  -44.777  16.773 0.0000000000
48590  35.494  -44.246  16.535 0.0000000000
35000  39.251  -54.879  23.112 0.0000000000
34999  39.804  -54.643  23.417 0.0000000000
36211  38.167  -54.287  21.514 0.0000000000
36225  37.932  -53.854  20.784 0.0000000000
37352  38.270  -53.540  20.956 0.0000000000
37335  35.728  -53.389  21.470 0.0000000000
36228  36.105  -53.862  21.221 0.0000000000
37354  35.811  -53.383  20.624 0.0000000000
37383  35.365  -52.761  19.234 0.0000000000
37382  36.007  -52.943  19.244 0.0000000000
37381  36.476  -52.857  19.393 0.0000000000
38512  36.213  -52.346  18.811 0.0000000000
39663  34.239  -51.481  17.517 0.0000000000
39662  35.036  -51.520  17.633 0.0000000000
40754  34.037  -50.898  17.058 0.0000000000
38444  30.439  -52.022  21.938 0.0000000000
38503  29.896  -51.945  19.136 0.0000000000
38502  30.532  -52.138  18.921 0.0000000000
39699  27.912  -51.973  16.451 0.0000000000
39669  28.696  -51.429  17.722 0.0000000000
39685  28.849  -51.105  16.731 0.0000000000
39667  30.517  -51.341  17.412 0.0000000000
39666  31.434  -51.316  17.459 0.0000000000
39665  32.422  -51.349  17.645 0.0000000000
41859  31.062  -49.108  15.967 0.0000000000
41858  32.216  -49.187  16.416 0.0000000000
70730  59.792  -21.053  12.288 0.0000000000
69727  56.104  -22.934  11.567 0.0000000000
69743  56.874  -22.634  10.947 0.0000000000
65586  48.801  -27.014  13.886 0.0000000000
65597  48.832  -26.952  13.136 0.0000000000
32404  27.408  -57.124  36.856 0.0000000000
32405  26.665  -57.507  37.191 0.0000000000
36142  42.290  -53.779  26.644 0.0000000000
36141  42.695  -53.588  27.041 0.0000000000
36158  42.087  -53.732  26.067 0.0000000000
38404  42.672  -52.133  25.908 0.0000000000
38406  41.426  -52.291  25.048 0.0000000000
38412  40.152  -52.532  24.036 0.0000000000
37297  39.563  -53.162  23.040 0.0000000000
37311  39.588  -53.577  23.013 0.0000000000
67656  50.632  -25.295  15.777 0.0000000000
67669  50.656  -25.142  14.817 0.0000000000
66655  49.716  -26.006  13.435 0.0000000000
30275  27.078  -59.301  27.942 0.0000000000
30274  27.062  -59.655  27.810 0.0000000000
33667  21.731  -56.535  27.483 0.0000000000
33668  21.019  -56.412  28.126 0.0000000000
33650  20.521  -56.614  28.600 0.0000000000
34830  35.784  -54.886  32.586 0.0000000000
33591  36.351  -55.764  31.691 0.0000000000
32488  36.229  -56.368  30.986 0.0000000000
31401  35.300  -56.740  30.430 0.0000000000
31402  34.995  -56.867  30.399 0.0000000000
33611  27.103  -56.423  31.243 0.0000000000
33647  26.688  -56.097  29.804 0.0000000000
34892  26.426  -55.955  28.986 0.0000000000
33648  26.454  -56.336  29.277 0.0000000000
29046  15.556  -60.512  33.599 0.0000000000
62460  53.772  -29.408  22.843 0.0000000000
62469  53.401  -29.203  22.060 0.0000000000
61488  53.331  -30.223  22.816 0.0000000000
56381  48.526  -36.211  24.402 0.0000000000
56395  47.557  -36.354  23.192 0.0000000000
54383  47.019  -37.812  22.775 0.0000000000
47544  42.229  -45.091  23.138 0.0000000000
47543  42.719  -44.604  23.240 0.0000000000
48508  42.311  -43.912  22.498 0.0000000000
48521  41.946  -43.591  22.031 0.0000000000
48520  42.547  -43.392  22.328 0.0000000000
48537  40.647  -43.337  20.957 0.0000000000
37287  33.484  -53.187  24.112 0.0000000000
38421  32.777  -52.692  22.471 0.0000000000
38442  32.476  -52.523  21.847 0.0000000000
70690  58.147  -21.481  14.845 0.0000000000
69700  56.861  -22.112  13.670 0.0000000000
27844  25.860  -60.526  33.036 0.0000000000
29005  25.138  -59.990  35.686 0.0000000000
29019  24.912  -60.276  34.875 0.0000000000
27821  24.278  -60.123  34.094 0.0000000000
29043  23.872  -59.846  33.162 0.0000000000
29053  23.949  -59.949  32.337 0.0000000000
30203  23.466  -59.319  33.667 0.0000000000
30204  22.807  -58.740  34.229 0.0000000000
34798  32.471  -55.210  35.248 0.0000000000
31313  32.176  -56.752  33.322 0.0000000000
31299  28.393  -58.019  35.114 0.0000000000
31338  27.929  -57.817  33.867 0.0000000000
31339  27.103  -58.123  33.484 0.0000000000
38362  44.861  -51.567  28.331 0.0000000000
39499  45.340  -50.857  28.566 0.0000000000
40566  45.771  -50.094  28.854 0.0000000000
42814  46.700  -48.044  28.129 0.0000000000
44056  46.779  -46.979  28.065 0.0000000000
42815  46.357  -48.238  27.571 0.0000000000
42832  45.812  -48.335  26.985 0.0000000000
41719  41.867  -49.672  25.329 0.0000000000
42849  42.146  -48.643  25.056 0.0000000000
42865  41.836  -48.176  24.577 0.0000000000
44130  40.458  -47.523  23.184 0.0000000000
44152  38.766  -48.279  22.040 0.0000000000
39584  38.521  -51.195  22.041 0.0000000000
40700  38.326  -50.591  21.858 0.0000000000
41812  36.581  -49.811  19.116 0.0000000000
40734  36.561  -50.881  18.958 0.0000000000
38416  28.329  -52.699  23.852 0.0000000000
37357  27.303  -53.094  21.022 0.0000000000
27886  26.026  -60.931  29.656 0.0000000000
27893  26.390  -60.406  28.625 0.0000000000
27903  25.886  -60.520  28.644 0.0000000000
30276  25.663  -60.192  27.808 0.0000000000
31446  23.767  -57.701  25.737 0.0000000000
31445  24.261  -58.185  25.689 0.0000000000
31465  23.903  -57.648  25.185 0.0000000000
32592  24.147  -57.427  24.180 0.0000000000
36080  38.451  -54.538  30.154 0.0000000000
34868  38.775  -55.093  29.579 0.0000000000
36096  39.427  -54.623  29.147 0.0000000000
34884  39.869  -54.908  28.699 0.0000000000
36108  40.502  -54.479  28.422 0.0000000000
34904  40.409  -54.993  28.205 0.0000000000
33703  39.403  -55.544  25.287 0.0000000000
33688  39.208  -55.796  26.328 0.0000000000
33705  38.251  -55.224  25.997 0.0000000000
34925  36.118  -55.409  27.561 0.0000000000
34924  36.490  -55.385  27.443 0.0000000000
34939  35.950  -55.110  27.098 0.0000000000
36163  34.808  -53.968  25.635 0.0000000000
31374  31.916  -56.800  31.946 0.0000000000
32491  32.470  -56.581  31.422 0.0000000000
34888  30.027  -55.149  29.368 0.0000000000
36110  31.109  -54.623  27.906 0.0000000000
37262  29.587  -53.378  26.201 0.0000000000
37263  28.321  -53.583  26.289 0.0000000000
63506  48.562  -28.931  15.907 0.0000000000
59520  46.897  -32.042  12.991 0.0000000000
58492  47.244  -32.368  12.834 0.0000000000
31239  21.303  -57.668  38.214 0.0000000000
31256  21.355  -57.888  37.610 0.0000000000
31286  21.476  -58.236  36.225 0.0000000000
31272  21.259  -58.051  36.814 0.0000000000
32432  20.744  -57.678  35.697 0.0000000000
30191  17.041  -59.410  35.515 0.0000000000
31322  19.063  -57.967  34.122 0.0000000000
31377  19.183  -57.946  31.955 0.0000000000
32521  18.627  -57.662  29.783 0.0000000000
68676  56.915  -23.218  18.244 0.0000000000
68664  56.672  -23.501  18.756 0.0000000000
68665  56.059  -23.936  18.906 0.0000000000
68654  53.611  -23.874  20.162 0.0000000000
67625  51.857  -25.502  18.092 0.0000000000
64530  51.291  -27.901  17.639 0.0000000000
63488  50.909  -28.203  17.562 0.0000000000
62505  50.507  -29.456  18.410 0.0000000000
59423  50.028  -31.580  18.735 0.0000000000
59360  51.122  -32.960  23.474 0.0000000000
57377  48.160  -34.653  22.550 0.0000000000
57403  48.014  -33.975  20.811 0.0000000000
58356  47.886  -33.752  20.330 0.0000000000
58371  46.706  -33.876  19.521 0.0000000000
58372  46.133  -34.042  19.146 0.0000000000
56468  44.933  -35.210  18.914 0.0000000000
54438  44.325  -37.380  18.569 0.0000000000
53468  43.853  -37.942  17.815 0.0000000000
53469  43.389  -38.211  17.374 0.0000000000
52359  48.539  -39.552  26.441 0.0000000000
46456  46.428  -45.546  26.983 0.0000000000
47485  46.556  -44.908  27.201 0.0000000000
48489  45.247  -43.159  24.078 0.0000000000
49465  45.538  -42.801  24.116 0.0000000000
50406  46.579  -41.365  24.452 0.0000000000
51338  46.539  -40.851  23.878 0.0000000000
51351  46.485  -40.434  23.247 0.0000000000
52404  46.539  -39.542  22.659 0.0000000000
50465  42.110  -41.321  20.875 0.0000000000
51399  41.802  -40.856  20.354 0.0000000000
51417  42.143  -40.289  19.869 0.0000000000
52451  42.314  -39.782  19.181 0.0000000000
51442  39.214  -40.213  17.826 0.0000000000
49556  38.111  -42.424  18.678 0.0000000000
46605  38.049  -45.951  20.407 0.0000000000
46636  36.282  -45.895  18.630 0.0000000000
46654  35.613  -45.620  16.301 0.0000000000
35001  38.669  -55.022  23.008 0.0000000000
35023  38.216  -54.748  22.307 0.0000000000
36212  37.279  -54.410  21.331 0.0000000000
37356  34.361  -52.841  20.208 0.0000000000
37371  34.967  -52.831  19.686 0.0000000000
38514  34.870  -52.476  18.676 0.0000000000
39664  33.387  -51.284  17.471 0.0000000000
39613  29.170  -51.636  20.146 0.0000000000
39629  29.330  -51.689  19.185 0.0000000000
40796  28.566  -51.089  15.360 0.0000000000
63562  48.406  -28.598  12.699 0.0000000000
64586  48.730  -27.539  12.687 0.0000000000
30187  25.819  -59.228  35.471 0.0000000000
30171  25.383  -59.282  35.868 0.0000000000
30172  24.631  -59.655  36.172 0.0000000000
30155  24.089  -59.018  36.675 0.0000000000
32417  28.578  -57.232  36.030 0.0000000000
30168  27.673  -58.418  35.435 0.0000000000
37212  42.760  -52.483  28.939 0.0000000000
38364  43.582  -52.236  28.778 0.0000000000
38363  44.318  -52.048  28.530 0.0000000000
36140  43.232  -53.092  27.355 0.0000000000
37242  43.737  -52.575  27.657 0.0000000000
37227  44.376  -52.156  27.954 0.0000000000
38376  44.674  -51.448  27.805 0.0000000000
39533  44.691  -50.812  27.502 0.0000000000
40627  44.642  -50.141  27.065 0.0000000000
40629  43.503  -50.432  26.158 0.0000000000
40648  42.874  -50.467  25.848 0.0000000000
39547  42.437  -51.324  25.750 0.0000000000
40649  42.175  -50.464  25.612 0.0000000000
41738  41.220  -49.860  25.001 0.0000000000
41739  40.568  -49.773  24.549 0.0000000000
41758  40.029  -49.750  24.023 0.0000000000
41759  39.496  -49.654  23.429 0.0000000000
40688  39.106  -50.661  23.017 0.0000000000
39566  39.254  -51.679  23.291 0.0000000000
39600  38.279  -51.830  21.521 0.0000000000
38480  37.656  -52.550  20.078 0.0000000000
35008  26.731  -54.552  22.801 0.0000000000
36198  26.915  -54.112  22.205 0.0000000000
35029  27.352  -54.445  21.692 0.0000000000
33791  30.042  -56.376  20.498 0.0000000000
67677  51.444  -24.621  13.493 0.0000000000
66664  50.929  -25.227  12.165 0.0000000000
32563  27.779  -57.593  26.328 0.0000000000
31444  27.414  -59.265  25.487 0.0000000000
30325  26.980  -59.458  25.546 0.0000000000
30268  24.450  -59.478  28.908 0.0000000000
32564  23.322  -57.334  25.969 0.0000000000
33730  22.818  -56.420  24.626 0.0000000000
33695  21.255  -56.065  26.166 0.0000000000
34846  36.915  -55.284  31.692 0.0000000000
34845  37.566  -54.714  31.335 0.0000000000
34859  37.745  -55.106  30.592 0.0000000000
33659  38.028  -55.837  28.374 0.0000000000
33660  37.124  -55.774  28.495 0.0000000000
33661  36.240  -55.825  28.565 0.0000000000
33677  35.759  -55.690  28.181 0.0000000000
33678  35.179  -55.715  28.534 0.0000000000
34905  34.384  -55.377  28.405 0.0000000000
32494  29.857  -56.648  32.000 0.0000000000
33608  30.378  -56.305  31.419 0.0000000000
33629  27.823  -55.831  30.758 0.0000000000
34889  28.978  -55.145  29.453 0.0000000000
36113  27.935  -54.598  28.115 0.0000000000
34930  27.236  -54.868  28.037 0.0000000000
61591  48.202  -30.604  16.197 0.0000000000
58483  46.850  -32.943  13.108 0.0000000000
30207  17.095  -59.445  34.505 0.0000000000
30219  17.291  -59.439  33.555 0.0000000000
30227  18.056  -58.986  31.941 0.0000000000
29065  16.006  -60.225  32.062 0.0000000000
62488  52.087  -29.052  20.048 0.0000000000
62476  51.939  -29.882  20.331 0.0000000000
61514  51.773  -30.632  20.809 0.0000000000
60480  51.135  -31.053  20.513 0.0000000000
60468  50.771  -31.491  20.633 0.0000000000
58293  50.595  -33.890  24.353 0.0000000000
57359  50.202  -34.212  24.229 0.0000000000
57360  49.488  -34.415  23.724 0.0000000000
57376  48.905  -34.295  23.012 0.0000000000
57361  48.664  -34.796  23.371 0.0000000000
57391  46.535  -35.236  21.215 0.0000000000
56440  46.207  -35.490  20.984 0.0000000000
56428  46.005  -36.060  21.090 0.0000000000
55429  45.933  -36.801  20.689 0.0000000000
54425  45.478  -37.646  20.239 0.0000000000
50366  47.764  -41.261  27.837 0.0000000000
46493  44.608  -45.603  24.926 0.0000000000
47508  44.989  -45.089  25.033 0.0000000000
47541  44.269  -44.149  23.866 0.0000000000
48491  44.036  -43.819  23.509 0.0000000000
48490  44.707  -43.512  23.789 0.0000000000
49485  44.721  -42.954  23.329 0.0000000000
50436  44.721  -41.720  22.363 0.0000000000
50437  43.934  -42.028  22.210 0.0000000000
50451  42.393  -41.917  21.359 0.0000000000
50481  40.572  -41.228  19.882 0.0000000000
51420  39.722  -41.017  19.269 0.0000000000
50482  39.940  -41.365  19.614 0.0000000000
48570  37.630  -43.001  18.659 0.0000000000
48571  36.915  -43.510  18.325 0.0000000000
44210  36.424  -47.946  19.044 0.0000000000
37298  36.171  -53.907  23.244 0.0000000000
37313  36.122  -53.786  22.526 0.0000000000
37336  35.107  -52.914  21.094 0.0000000000
37316  34.151  -52.917  21.555 0.0000000000
37337  34.512  -52.858  20.773 0.0000000000
38500  32.679  -52.448  19.364 0.0000000000
38548  27.665  -52.540  17.486 0.0000000000
39670  27.999  -51.829  18.055 0.0000000000
38560  27.765  -52.493  16.487 0.0000000000
38571  28.227  -52.459  14.880 0.0000000000
39709  28.331  -51.530  15.011 0.0000000000
70731  58.644  -21.362  11.881 0.0000000000
70746  57.889  -21.820  11.098 0.0000000000
30250  26.534  -59.657  30.215 0.0000000000
29080  26.810  -59.793  29.802 0.0000000000
29071  26.695  -60.178  30.057 0.0000000000
29063  26.258  -60.036  31.533 0.0000000000
27878  26.363  -60.383  30.577 0.0000000000
27877  26.341  -60.548  29.948 0.0000000000
26673  25.858  -61.006  30.015 0.0000000000
27887  25.776  -60.676  29.911 0.0000000000
29081  24.813  -60.170  29.870 0.0000000000
29032  25.123  -60.359  34.334 0.0000000000
27845  25.091  -60.691  32.956 0.0000000000
27858  25.456  -60.499  31.816 0.0000000000
27870  24.869  -60.453  31.389 0.0000000000
27881  24.864  -60.457  31.046 0.0000000000
29082  24.723  -60.129  30.018 0.0000000000
30259  24.355  -59.737  29.992 0.0000000000
30260  23.596  -59.127  30.191 0.0000000000
30225  23.594  -59.498  32.194 0.0000000000
30239  23.411  -59.156  31.703 0.0000000000
32498  21.690  -57.311  31.658 0.0000000000
34814  34.174  -55.424  33.798 0.0000000000
33582  34.275  -55.838  33.001 0.0000000000
32469  34.161  -56.150  32.407 0.0000000000
31352  34.295  -56.358  31.771 0.0000000000
31353  33.516  -56.446  32.308 0.0000000000
31354  32.592  -56.634  32.341 0.0000000000
32471  31.398  -56.993  32.258 0.0000000000
32472  30.830  -57.125  32.351 0.0000000000
32430  30.591  -57.073  34.835 0.0000000000
31316  29.651  -57.782  34.117 0.0000000000
33594  29.206  -56.651  32.310 0.0000000000
33595  28.396  -56.548  32.172 0.0000000000
32495  26.948  -56.926  31.854 0.0000000000
32496  26.375  -57.427  31.145 0.0000000000
59462  44.543  -33.192  16.104 0.0000000000
59481  44.769  -33.007  15.549 0.0000000000
57528  44.265  -34.435  14.438 0.0000000000
59323  52.260  -32.488  25.434 0.0000000000
58276  51.784  -33.198  25.690 0.0000000000
57340  51.220  -33.973  25.528 0.0000000000
56352  50.670  -35.376  26.658 0.0000000000
55361  49.172  -36.430  25.143 0.0000000000
54352  48.590  -37.601  25.064 0.0000000000
45319  45.831  -46.261  26.212 0.0000000000
41694  44.568  -49.425  26.515 0.0000000000
42833  45.080  -48.473  26.455 0.0000000000
44078  44.845  -47.798  25.989 0.0000000000
44093  44.959  -47.096  25.784 0.0000000000
45336  44.653  -46.466  25.328 0.0000000000
45354  44.176  -46.201  24.884 0.0000000000
46514  42.810  -46.087  23.900 0.0000000000
44128  42.019  -46.969  23.842 0.0000000000
46534  42.520  -45.596  23.573 0.0000000000
46554  41.546  -45.658  22.937 0.0000000000
46575  40.721  -45.380  22.119 0.0000000000
46576  40.088  -45.628  21.736 0.0000000000
46577  39.378  -45.964  21.416 0.0000000000
45413  38.944  -46.608  21.427 0.0000000000
44193  37.061  -47.881  20.269 0.0000000000
42916  38.910  -48.767  22.448 0.0000000000
42953  37.909  -48.619  21.239 0.0000000000
44209  36.635  -48.121  19.643 0.0000000000
42980  36.431  -48.754  18.473 0.0000000000
41854  35.864  -49.126  16.613 0.0000000000
39585  28.751  -51.731  21.538 0.0000000000
39601  28.947  -51.664  21.059 0.0000000000
39614  28.251  -51.797  20.493 0.0000000000
39631  27.906  -51.922  19.789 0.0000000000
38535  27.620  -52.476  18.507 0.0000000000
36216  27.244  -53.831  21.411 0.0000000000
36241  27.900  -54.662  19.438 0.0000000000
36242  27.505  -53.851  19.710 0.0000000000
37373  27.396  -52.959  20.063 0.0000000000
37394  27.497  -53.330  18.061 0.0000000000
67675  53.009  -24.250  12.671 0.0000000000
30265  26.914  -59.751  28.520 0.0000000000
30264  27.013  -59.838  28.141 0.0000000000
29095  27.058  -59.913  27.527 0.0000000000
29096  26.696  -60.231  27.984 0.0000000000
29109  26.921  -60.020  27.254 0.0000000000
30292  24.895  -59.364  26.938 0.0000000000
30309  24.845  -58.885  25.931 0.0000000000
30327  25.402  -58.906  25.289 0.0000000000
31462  25.914  -58.842  24.507 0.0000000000
36063  38.808  -53.715  30.413 0.0000000000
38333  41.189  -52.484  30.237 0.0000000000
38353  41.595  -52.830  29.569 0.0000000000
37213  42.071  -53.031  29.058 0.0000000000
36106  42.061  -53.606  28.391 0.0000000000
34921  42.143  -53.974  27.481 0.0000000000
34903  41.016  -54.577  27.984 0.0000000000
34922  41.509  -54.422  27.427 0.0000000000
34934  42.088  -54.107  27.000 0.0000000000
34959  41.121  -54.619  25.295 0.0000000000
34961  40.052  -55.133  24.098 0.0000000000
33743  39.175  -55.208  23.464 0.0000000000
33744  38.859  -55.257  23.754 0.0000000000
34978  38.690  -55.127  23.523 0.0000000000
34938  36.830  -55.153  27.065 0.0000000000
34948  37.575  -54.967  26.367 0.0000000000
36171  37.497  -54.657  24.927 0.0000000000
36182  36.587  -54.173  23.746 0.0000000000
36183  35.870  -53.800  23.895 0.0000000000
37285  35.322  -53.631  24.269 0.0000000000
37286  34.536  -53.437  24.349 0.0000000000
31371  34.229  -56.441  31.407 0.0000000000
31390  34.353  -56.619  30.859 0.0000000000
31403  34.582  -56.755  30.374 0.0000000000
32513  33.384  -56.412  30.775 0.0000000000
32531  34.289  -56.523  30.114 0.0000000000
32547  34.414  -56.314  29.634 0.0000000000
34906  33.723  -55.339  28.583 0.0000000000
34928  33.393  -54.939  27.998 0.0000000000
36148  31.869  -54.030  26.579 0.0000000000
37259  32.642  -53.767  25.916 0.0000000000
37289  30.900  -52.812  24.406 0.0000000000
38417  27.786  -52.876  23.851 0.0000000000
37303  27.409  -53.081  23.829 0.0000000000
37305  26.611  -53.780  23.147 0.0000000000
36150  27.893  -53.946  26.974 0.0000000000
36165  26.807  -54.258  25.727 0.0000000000
37280  26.557  -54.074  24.446 0.0000000000
37294  26.522  -53.890  23.767 0.0000000000
65571  49.796  -27.057  15.865 0.0000000000
64556  49.050  -27.235  15.076 0.0000000000
64557  48.606  -27.519  14.560 0.0000000000
63539  48.223  -28.245  13.325 0.0000000000
61652  47.736  -30.234  12.717 0.0000000000
58464  45.297  -33.169  14.320 0.0000000000
57545  45.726  -33.335  13.989 0.0000000000
33534  24.672  -57.090  37.947 0.0000000000
31252  24.957  -58.306  37.701 0.0000000000
31254  23.069  -58.391  37.885 0.0000000000
30156  23.160  -59.077  36.711 0.0000000000
30205  22.476  -58.621  34.851 0.0000000000
31319  22.380  -58.408  34.022 0.0000000000
31300  21.712  -58.337  35.530 0.0000000000
31320  21.949  -58.233  34.608 0.0000000000
31341  22.180  -58.172  33.584 0.0000000000
32407  19.381  -57.468  37.430 0.0000000000
32433  19.970  -57.495  35.463 0.0000000000
33669  20.058  -56.672  28.276 0.0000000000
32520  19.390  -57.201  30.031 0.0000000000
32551  19.529  -56.940  28.596 0.0000000000
31379  18.040  -58.721  30.890 0.0000000000
31407  18.025  -58.269  29.550 0.0000000000
69678  58.021  -22.415  16.321 0.0000000000
68652  55.702  -23.722  19.835 0.0000000000
67644  50.753  -25.471  16.269 0.0000000000
65578  49.999  -26.504  15.793 0.0000000000
66607  51.617  -26.090  17.810 0.0000000000
66615  50.645  -26.484  16.594 0.0000000000
64542  49.802  -27.607  16.263 0.0000000000
63505  49.156  -28.452  16.334 0.0000000000
62539  48.664  -29.417  16.265 0.0000000000
61567  50.100  -29.987  18.169 0.0000000000
61547  50.290  -30.339  18.652 0.0000000000
61590  48.724  -30.307  16.661 0.0000000000
59459  47.206  -31.939  16.346 0.0000000000
60415  53.801  -30.678  24.466 0.0000000000
60434  52.957  -31.087  23.170 0.0000000000
60435  52.168  -31.566  22.883 0.0000000000
59384  50.931  -31.795  21.502 0.0000000000
58309  50.424  -33.520  23.576 0.0000000000
58325  50.193  -33.054  22.490 0.0000000000
58340  49.705  -33.216  21.871 0.0000000000
58339  50.095  -32.850  21.892 0.0000000000
59410  47.555  -33.267  18.921 0.0000000000
58421  44.395  -33.682  16.600 0.0000000000
57456  44.733  -34.130  17.649 0.0000000000
57406  45.703  -35.159  19.964 0.0000000000
56470  44.047  -35.743  17.898 0.0000000000
54331  49.767  -37.276  26.351 0.0000000000
54332  49.346  -37.634  25.994 0.0000000000
54333  48.888  -37.716  25.499 0.0000000000
54353  48.247  -37.941  24.761 0.0000000000
49423  47.605  -42.161  27.573 0.0000000000
50378  47.668  -41.215  27.064 0.0000000000
47507  45.593  -44.526  25.368 0.0000000000
47506  46.167  -43.931  25.742 0.0000000000
48460  46.551  -43.225  25.769 0.0000000000
48472  46.133  -42.925  25.044 0.0000000000
49435  47.234  -42.245  26.372 0.0000000000
50379  47.426  -41.557  26.518 0.0000000000
52368  47.793  -39.822  25.354 0.0000000000
53379  47.961  -38.508  24.654 0.0000000000
54369  47.885  -37.714  24.203 0.0000000000
53417  46.326  -38.756  22.014 0.0000000000
52448  44.616  -38.797  19.602 0.0000000000
50448  44.987  -41.048  22.008 0.0000000000
51396  44.565  -39.774  20.413 0.0000000000
52465  43.775  -38.773  18.382 0.0000000000
52467  42.426  -39.352  18.396 0.0000000000
51435  38.923  -40.732  18.242 0.0000000000
51443  38.633  -40.762  17.538 0.0000000000
47627  38.099  -44.284  19.863 0.0000000000
47642  36.389  -44.803  18.337 0.0000000000
36193  39.569  -54.128  23.056 0.0000000000
37312  39.255  -53.538  22.609 0.0000000000
36210  38.555  -54.021  21.846 0.0000000000
37332  38.802  -53.663  22.004 0.0000000000
36213  36.571  -54.135  21.639 0.0000000000
36227  36.721  -54.037  20.799 0.0000000000
36239  36.617  -53.633  20.241 0.0000000000
36238  37.047  -53.510  19.818 0.0000000000
37368  37.110  -53.118  19.819 0.0000000000
39643  36.147  -51.549  18.335 0.0000000000
39661  35.676  -51.479  17.915 0.0000000000
38531  35.275  -52.110  18.163 0.0000000000
40752  35.526  -50.684  17.334 0.0000000000
40770  35.228  -50.314  16.911 0.0000000000
40771  34.605  -50.264  16.775 0.0000000000
41856  34.343  -49.489  16.419 0.0000000000
38443  31.542  -52.242  21.925 0.0000000000
38483  31.861  -52.400  20.090 0.0000000000
39647  29.377  -51.534  18.332 0.0000000000
39646  30.214  -51.786  18.128 0.0000000000
38518  30.768  -52.028  18.323 0.0000000000
38517  31.356  -52.064  18.426 0.0000000000
38534  32.994  -51.581  17.933 0.0000000000
39681  32.913  -50.763  17.142 0.0000000000
41857  33.299  -49.320  16.506 0.0000000000
69715  56.770  -22.109  12.460 0.0000000000
69725  57.266  -21.963  11.795 0.0000000000
65596  49.239  -26.552  13.615 0.0000000000
65610  49.468  -26.580  12.475 0.0000000000
64585  49.215  -27.417  12.127 0.0000000000
26660  25.836  -60.621  31.063 0.0000000000
26666  26.142  -61.022  29.845 0.0000000000
26667  26.081  -60.720  30.284 0.0000000000
26672  25.906  -61.059  29.842 0.0000000000
26674  25.873  -60.839  30.329 0.0000000000
27820  24.507  -60.224  34.440 0.0000000000
27832  25.385  -60.653  33.856 0.0000000000
27879  25.691  -60.666  30.437 0.0000000000
27888  25.383  -60.542  30.118 0.0000000000
27894  26.162  -60.720  28.933 0.0000000000
27896  25.476  -60.507  29.590 0.0000000000
27901  26.380  -60.383  28.244 0.0000000000
27902  26.094  -60.665  28.310 0.0000000000
29004  25.338  -59.727  35.571 0.0000000000
29034  16.788  -59.689  34.373 0.0000000000
29073  24.899  -60.341  30.264 0.0000000000
29089  25.674  -60.422  28.649 0.0000000000
29097  26.276  -60.387  27.960 0.0000000000
29098  25.806  -60.373  28.080 0.0000000000
29108  27.037  -59.917  26.838 0.0000000000
30170  26.228  -59.249  35.953 0.0000000000
30192  16.687  -59.689  35.218 0.0000000000
30258  24.762  -60.072  29.733 0.0000000000
31287  21.022  -57.821  36.285 0.0000000000
31340  22.618  -58.530  33.626 0.0000000000
31351  34.535  -56.347  31.552 0.0000000000
31361  22.273  -58.102  32.986 0.0000000000
31388  35.335  -56.735  30.636 0.0000000000
31411  26.969  -59.092  28.106 0.0000000000
31463  25.101  -58.364  24.603 0.0000000000
32408  18.857  -57.603  37.295 0.0000000000
32445  21.501  -57.962  34.451 0.0000000000
32453  33.995  -56.140  32.826 0.0000000000
32470  33.733  -56.329  32.589 0.0000000000
32576  23.487  -57.298  25.290 0.0000000000
32612  23.994  -57.135  23.783 0.0000000000
33562  33.332  -55.741  34.178 0.0000000000
33572  34.019  -55.742  33.526 0.0000000000
33573  33.603  -55.878  33.739 0.0000000000
33581  34.787  -55.649  32.613 0.0000000000
33605  35.912  -55.990  31.368 0.0000000000
33643  34.046  -56.234  29.810 0.0000000000
33670  19.490  -56.894  28.201 0.0000000000
33710  21.718  -55.881  25.313 0.0000000000
33767  38.911  -55.135  23.288 0.0000000000
34799  31.947  -55.462  35.303 0.0000000000
34847  36.038  -55.305  32.104 0.0000000000
34860  37.279  -55.249  31.143 0.0000000000
34869  38.226  -55.096  30.026 0.0000000000
34920  42.403  -53.800  27.415 0.0000000000
34937  37.358  -55.089  26.832 0.0000000000
34945  41.847  -54.173  26.492 0.0000000000
34977  39.691  -55.060  23.632 0.0000000000
36093  41.709  -53.366  28.885 0.0000000000
36104  43.340  -52.976  28.149 0.0000000000
36124  42.194  -53.910  27.859 0.0000000000
36156  43.146  -53.097  26.956 0.0000000000
36157  42.704  -53.308  26.629 0.0000000000
36199  26.598  -54.012  22.815 0.0000000000
36214  36.188  -53.799  21.441 0.0000000000
37197  41.105  -52.991  29.633 0.0000000000
37228  43.759  -52.622  28.181 0.0000000000
37229  43.182  -52.794  28.438 0.0000000000
37241  44.066  -52.065  27.557 0.0000000000
37271  41.722  -52.861  25.178 0.0000000000
37304  26.954  -53.300  23.415 0.0000000000
38375  44.935  -51.071  27.983 0.0000000000
38461  38.521  -52.964  21.302 0.0000000000
39476  45.601  -50.719  29.018 0.0000000000
39500  45.107  -51.379  28.716 0.0000000000
39518  45.264  -50.623  28.056 0.0000000000
39519  44.922  -50.873  27.833 0.0000000000
39586  28.493  -51.874  21.757 0.0000000000
41717  43.321  -49.652  25.839 0.0000000000
42917  38.527  -48.941  22.020 0.0000000000
45369  42.419  -46.512  23.868 0.0000000000
46535  41.963  -45.476  23.124 0.0000000000
51311  48.608  -39.652  26.718 0.0000000000
51385  43.190  -41.051  21.155 0.0000000000
55349  48.892  -37.298  25.238 0.0000000000
55470  43.858  -36.322  17.756 0.0000000000
56485  43.719  -35.556  17.403 0.0000000000
59522  45.902  -32.542  13.936 0.0000000000
63515  47.913  -28.870  14.977 0.0000000000
70719  57.230  -21.780  12.520 0.0000000000
