#!ascii label  , from subject sub-01 vox2ras=TkReg
1006
45436  32.528  -45.721  20.647 0.0000000000
69735  44.727  -21.980  11.538 0.0000000000
58468  36.579  -32.932  14.626 0.0000000000
37223  12.226  -53.626  28.864 0.0000000000
47531  25.163  -44.417  23.696 0.0000000000
64554  36.726  -28.015  15.507 0.0000000000
41733  18.435  -48.887  25.659 0.0000000000
38383  16.913  -53.181  26.886 0.0000000000
42903  21.743  -47.909  23.588 0.0000000000
69731  49.210  -22.985  11.137 0.0000000000
50457  31.902  -41.304  21.252 0.0000000000
52455  35.265  -39.455  18.733 0.0000000000
48509  36.182  -43.296  23.265 0.0000000000
73786  47.237  -18.301  11.646 0.0000000000
72737  50.594  -19.062  9.635 0.0000000000
69695  41.290  -22.210  14.233 0.0000000000
66646  43.977  -26.264  14.295 0.0000000000
65614  39.736  -25.939  12.915 0.0000000000
60574  41.153  -31.039  14.839 0.0000000000
42872  31.047  -48.848  23.784 0.0000000000
32524  11.135  -57.867  29.931 0.0000000000
31368  7.258  -59.217  32.178 0.0000000000
28998  4.479  -58.754  36.151 0.0000000000
46583  28.442  -45.425  20.777 0.0000000000
42900  26.495  -48.078  23.248 0.0000000000
57464  32.534  -34.562  16.912 0.0000000000
56458  38.542  -35.824  19.442 0.0000000000
76839  52.541  -15.162  8.635 0.0000000000
69732  47.234  -23.020  10.916 0.0000000000
67679  46.344  -24.630  12.474 0.0000000000
48540  32.846  -43.237  20.699 0.0000000000
49534  34.400  -42.200  20.867 0.0000000000
47567  34.526  -44.302  21.910 0.0000000000
71698  44.177  -20.027  13.453 0.0000000000
73767  46.124  -18.404  13.476 0.0000000000
71720  45.219  -20.141  12.005 0.0000000000
70754  47.645  -21.172  10.566 0.0000000000
25491  5.189  -63.502  34.901 0.0000000000
68734  40.433  -23.594  13.514 0.0000000000
67660  38.856  -24.192  15.038 0.0000000000
61630  36.960  -30.457  14.149 0.0000000000
61642  38.181  -29.538  13.551 0.0000000000
59508  38.865  -32.075  14.493 0.0000000000
57480  39.812  -34.133  16.416 0.0000000000
37251  14.526  -53.587  27.560 0.0000000000
36099  15.847  -55.095  29.152 0.0000000000
34916  13.624  -55.392  28.585 0.0000000000
33633  13.204  -57.107  30.126 0.0000000000
34897  11.181  -55.633  29.438 0.0000000000
32484  8.261  -56.655  32.428 0.0000000000
30195  6.001  -58.603  34.518 0.0000000000
47550  26.859  -44.683  21.976 0.0000000000
45419  27.045  -46.223  20.910 0.0000000000
46587  25.162  -45.283  21.652 0.0000000000
40640  21.928  -50.942  25.374 0.0000000000
42841  23.710  -49.473  26.005 0.0000000000
51401  38.227  -39.944  21.010 0.0000000000
54428  37.301  -37.516  19.197 0.0000000000
66622  38.327  -26.106  16.496 0.0000000000
63497  36.387  -28.867  16.807 0.0000000000
61616  35.077  -30.607  15.538 0.0000000000
39551  19.641  -51.932  25.351 0.0000000000
37246  19.332  -53.072  27.608 0.0000000000
39540  17.671  -51.691  25.749 0.0000000000
39526  14.908  -51.296  27.265 0.0000000000
38356  13.306  -51.249  29.327 0.0000000000
46566  22.730  -45.052  22.650 0.0000000000
46546  21.111  -45.473  24.301 0.0000000000
41750  20.121  -49.468  24.015 0.0000000000
52422  33.090  -39.032  21.168 0.0000000000
53449  33.266  -38.343  19.445 0.0000000000
51424  33.672  -40.163  19.300 0.0000000000
50469  36.135  -41.472  20.974 0.0000000000
74868  50.063  -17.248  10.326 0.0000000000
72725  49.268  -19.489  10.218 0.0000000000
71729  50.216  -20.943  10.049 0.0000000000
70727  43.005  -21.806  12.409 0.0000000000
67693  44.433  -24.522  12.123 0.0000000000
67695  42.277  -24.549  12.493 0.0000000000
66659  41.841  -26.305  13.118 0.0000000000
63526  42.593  -28.295  14.764 0.0000000000
65604  37.972  -26.750  13.912 0.0000000000
62587  40.270  -29.052  13.842 0.0000000000
44156  32.162  -47.627  21.860 0.0000000000
44154  33.837  -46.847  22.682 0.0000000000
70694  42.985  -20.550  14.534 0.0000000000
36074  10.435  -54.027  31.395 0.0000000000
33635  9.858  -56.324  30.648 0.0000000000
31383  9.461  -58.782  30.724 0.0000000000
29067  9.152  -60.362  31.360 0.0000000000
29060  7.270  -61.003  32.164 0.0000000000
27840  5.485  -61.389  34.503 0.0000000000
26619  4.095  -61.410  36.090 0.0000000000
26610  3.027  -61.800  36.688 0.0000000000
45438  30.980  -45.889  20.023 0.0000000000
44182  29.622  -47.337  20.758 0.0000000000
42874  29.008  -48.954  23.854 0.0000000000
44139  23.951  -47.157  23.198 0.0000000000
58448  34.942  -33.688  15.171 0.0000000000
54457  34.230  -37.695  17.482 0.0000000000
56488  35.732  -36.002  17.345 0.0000000000
57482  37.556  -34.802  16.385 0.0000000000
46536  35.941  -45.498  24.103 0.0000000000
76859  54.106  -15.316  7.130 0.0000000000
74887  51.809  -17.135  8.933 0.0000000000
74894  53.627  -16.994  7.834 0.0000000000
68768  45.754  -23.269  11.290 0.0000000000
68748  47.021  -24.231  11.864 0.0000000000
67709  45.873  -23.970  11.468 0.0000000000
47609  32.413  -44.146  20.607 0.0000000000
47586  33.220  -44.144  20.803 0.0000000000
46579  33.482  -45.125  21.122 0.0000000000
70740  44.041  -21.295  12.086 0.0000000000
71721  44.734  -20.528  12.208 0.0000000000
70738  45.474  -21.265  11.502 0.0000000000
70737  46.329  -21.561  11.075 0.0000000000
25492  4.511  -63.498  35.449 0.0000000000
68711  39.492  -23.605  15.341 0.0000000000
67648  39.035  -24.432  16.257 0.0000000000
60579  36.485  -31.387  14.278 0.0000000000
60578  37.446  -31.301  14.139 0.0000000000
58466  38.449  -32.842  14.702 0.0000000000
58444  39.110  -33.522  15.210 0.0000000000
57505  38.447  -34.000  15.385 0.0000000000
37238  13.524  -53.469  27.986 0.0000000000
36118  13.734  -54.482  28.096 0.0000000000
36119  12.756  -54.740  28.495 0.0000000000
34917  12.999  -55.521  28.770 0.0000000000
36100  12.045  -54.497  29.059 0.0000000000
46543  26.424  -44.877  23.357 0.0000000000
47571  26.247  -44.566  21.662 0.0000000000
47552  25.292  -44.374  22.748 0.0000000000
38394  21.849  -52.022  26.089 0.0000000000
55434  33.862  -36.490  20.249 0.0000000000
52420  39.035  -39.323  21.518 0.0000000000
62544  35.516  -29.758  15.983 0.0000000000
61596  35.072  -30.176  16.578 0.0000000000
40665  18.991  -50.868  24.679 0.0000000000
39552  18.506  -51.514  25.458 0.0000000000
40641  17.754  -50.176  25.595 0.0000000000
40620  15.944  -49.900  27.042 0.0000000000
40602  14.919  -50.074  28.364 0.0000000000
39513  14.293  -50.582  28.608 0.0000000000
46524  22.281  -44.741  24.837 0.0000000000
42860  19.104  -48.394  25.099 0.0000000000
44122  19.716  -47.782  24.531 0.0000000000
41751  18.984  -49.616  24.552 0.0000000000
40664  19.903  -50.503  24.178 0.0000000000
52458  32.807  -39.653  19.851 0.0000000000
51407  32.548  -40.241  20.126 0.0000000000
49519  35.470  -42.563  21.806 0.0000000000
50456  34.951  -41.934  20.852 0.0000000000
50454  36.398  -41.857  21.793 0.0000000000
50453  37.201  -41.581  22.096 0.0000000000
49502  37.043  -42.179  22.885 0.0000000000
73776  46.084  -18.652  12.439 0.0000000000
73784  48.993  -17.786  10.861 0.0000000000
73795  48.130  -18.576  10.977 0.0000000000
69747  48.642  -22.577  10.708 0.0000000000
70753  48.565  -21.447  10.400 0.0000000000
69746  49.718  -22.406  10.718 0.0000000000
69705  41.965  -21.881  13.552 0.0000000000
68751  42.464  -23.612  12.333 0.0000000000
69706  41.431  -22.797  13.233 0.0000000000
67698  39.760  -25.111  12.867 0.0000000000
67697  40.497  -24.978  12.690 0.0000000000
65612  40.871  -26.434  13.062 0.0000000000
65599  42.184  -26.963  13.664 0.0000000000
64569  41.504  -27.718  13.736 0.0000000000
65576  37.598  -26.689  16.019 0.0000000000
66638  37.796  -26.043  15.161 0.0000000000
64561  37.092  -27.468  14.765 0.0000000000
61627  39.984  -30.477  14.128 0.0000000000
62588  39.668  -29.266  13.709 0.0000000000
61626  40.911  -30.480  14.489 0.0000000000
62571  41.594  -29.649  14.629 0.0000000000
42895  31.429  -48.488  22.922 0.0000000000
42893  33.173  -48.093  23.353 0.0000000000
69684  41.903  -21.649  15.795 0.0000000000
70687  42.430  -21.129  15.149 0.0000000000
70695  42.479  -21.135  14.039 0.0000000000
38382  17.982  -53.117  26.934 0.0000000000
37236  17.598  -54.052  28.947 0.0000000000
32523  12.266  -57.942  30.284 0.0000000000
32502  13.476  -58.070  31.577 0.0000000000
31396  12.180  -58.714  30.965 0.0000000000
31381  11.686  -59.358  31.378 0.0000000000
34856  9.931  -54.338  31.789 0.0000000000
34865  9.787  -55.223  31.247 0.0000000000
33616  9.372  -55.710  31.665 0.0000000000
32465  7.697  -57.189  32.870 0.0000000000
32505  8.400  -57.822  31.483 0.0000000000
31384  8.391  -58.434  31.380 0.0000000000
30246  8.907  -59.589  31.138 0.0000000000
30233  8.054  -59.499  31.615 0.0000000000
30222  6.772  -59.746  32.565 0.0000000000
30180  5.163  -58.680  35.493 0.0000000000
29039  5.731  -60.074  34.038 0.0000000000
29026  4.929  -60.528  35.344 0.0000000000
27828  4.902  -61.140  35.501 0.0000000000
27815  4.137  -60.346  35.911 0.0000000000
46561  29.727  -45.321  21.943 0.0000000000
46581  30.156  -45.001  21.476 0.0000000000
46610  29.343  -45.551  20.413 0.0000000000
44196  29.892  -46.839  20.264 0.0000000000
45440  29.193  -46.306  20.215 0.0000000000
44159  26.715  -47.612  22.251 0.0000000000
44158  27.576  -47.632  21.673 0.0000000000
42899  27.429  -48.416  23.261 0.0000000000
45379  22.513  -46.594  22.898 0.0000000000
45378  23.277  -46.719  22.863 0.0000000000
44140  22.933  -47.458  23.488 0.0000000000
42840  24.248  -48.946  26.014 0.0000000000
66657  44.109  -25.478  13.021 0.0000000000
67680  45.373  -24.988  13.002 0.0000000000
66645  44.866  -25.543  13.808 0.0000000000
59448  32.992  -32.762  17.058 0.0000000000
59467  33.527  -32.657  16.068 0.0000000000
57510  33.819  -34.409  15.650 0.0000000000
52473  33.907  -38.998  18.518 0.0000000000
53474  33.617  -38.164  17.954 0.0000000000
53459  35.036  -38.609  18.082 0.0000000000
54427  37.960  -37.114  19.765 0.0000000000
55458  36.563  -36.657  18.117 0.0000000000
56473  37.012  -36.092  18.267 0.0000000000
57463  36.557  -35.401  17.251 0.0000000000
57442  38.262  -35.353  18.431 0.0000000000
57441  39.358  -34.889  18.198 0.0000000000
45373  35.307  -46.110  23.567 0.0000000000
76846  53.397  -15.599  7.630 0.0000000000
73804  50.357  -18.156  9.824 0.0000000000
74877  51.169  -17.401  9.346 0.0000000000
73803  51.255  -18.346  9.330 0.0000000000
73813  53.408  -18.058  8.558 0.0000000000
73812  54.190  -18.241  8.227 0.0000000000
41710  17.970  -48.091  26.710 0.0000000000
41711  17.421  -49.177  26.143 0.0000000000
68779  48.149  -23.203  10.942 0.0000000000
68764  49.263  -23.247  11.823 0.0000000000
68747  47.835  -23.918  12.162 0.0000000000
49536  32.476  -42.128  20.785 0.0000000000
50472  33.308  -41.456  20.233 0.0000000000
48526  33.714  -43.329  21.025 0.0000000000
48525  34.595  -43.304  21.624 0.0000000000
48511  34.990  -43.760  22.193 0.0000000000
72685  45.218  -19.061  14.508 0.0000000000
72699  45.038  -19.325  13.470 0.0000000000
72708  45.483  -19.238  12.484 0.0000000000
72717  46.048  -19.216  11.796 0.0000000000
71732  47.320  -20.155  10.753 0.0000000000
70755  46.916  -20.940  10.798 0.0000000000
69748  47.641  -22.231  10.700 0.0000000000
25500  5.801  -63.576  34.223 0.0000000000
69686  40.646  -22.520  14.895 0.0000000000
69696  40.747  -22.826  13.941 0.0000000000
68723  40.091  -23.131  14.578 0.0000000000
68724  39.541  -23.770  14.355 0.0000000000
67684  38.754  -25.158  13.826 0.0000000000
63531  36.571  -28.863  14.906 0.0000000000
63530  37.127  -28.513  14.343 0.0000000000
62574  37.490  -29.426  13.889 0.0000000000
60577  38.441  -31.296  14.160 0.0000000000
59506  40.414  -32.216  14.981 0.0000000000
59484  39.932  -32.788  15.087 0.0000000000
58424  40.888  -33.575  16.534 0.0000000000
41742  30.696  -49.281  24.572 0.0000000000
37250  15.327  -53.676  27.401 0.0000000000
37249  16.546  -53.942  27.765 0.0000000000
36135  14.987  -54.254  27.787 0.0000000000
34893  15.110  -55.324  28.871 0.0000000000
34894  14.428  -55.641  29.256 0.0000000000
33651  12.578  -56.569  29.401 0.0000000000
32539  11.657  -57.334  29.725 0.0000000000
33587  8.496  -55.636  33.094 0.0000000000
32451  7.383  -56.824  33.996 0.0000000000
31328  6.988  -57.721  33.830 0.0000000000
31329  6.515  -58.179  34.123 0.0000000000
31309  6.349  -57.744  35.018 0.0000000000
31310  5.803  -58.206  35.303 0.0000000000
30163  4.822  -58.294  36.313 0.0000000000
46563  27.666  -45.106  21.722 0.0000000000
45418  27.914  -46.158  20.627 0.0000000000
47589  26.776  -45.046  20.939 0.0000000000
45420  26.155  -46.331  21.363 0.0000000000
44160  25.755  -47.006  22.128 0.0000000000
41748  21.808  -49.137  24.264 0.0000000000
42881  22.594  -48.453  24.300 0.0000000000
41709  22.862  -49.899  25.756 0.0000000000
66636  44.343  -26.412  15.047 0.0000000000
56474  32.392  -35.379  18.105 0.0000000000
52437  36.674  -39.973  19.802 0.0000000000
53447  35.883  -38.613  18.484 0.0000000000
53436  37.388  -38.493  19.748 0.0000000000
53434  38.804  -38.053  20.742 0.0000000000
77814  52.181  -14.772  9.637 0.0000000000
24340  2.587  -63.979  35.349 0.0000000000
65567  38.399  -26.715  16.866 0.0000000000
64546  37.272  -27.593  16.455 0.0000000000
63511  36.454  -28.534  16.176 0.0000000000
62560  36.129  -29.308  15.436 0.0000000000
61631  35.904  -30.625  14.649 0.0000000000
59511  35.974  -32.251  14.370 0.0000000000
38395  21.034  -52.506  26.242 0.0000000000
38369  20.382  -53.164  27.961 0.0000000000
38397  19.252  -52.710  26.399 0.0000000000
38398  18.301  -52.644  26.263 0.0000000000
38399  17.196  -52.494  26.213 0.0000000000
40619  16.488  -49.750  26.483 0.0000000000
39541  16.179  -51.189  26.224 0.0000000000
39542  15.611  -51.949  26.423 0.0000000000
38385  14.567  -52.672  27.258 0.0000000000
38371  13.477  -52.377  28.216 0.0000000000
38357  12.990  -51.784  29.062 0.0000000000
47553  24.403  -44.248  23.008 0.0000000000
47533  23.457  -44.374  24.155 0.0000000000
46545  21.714  -45.255  23.612 0.0000000000
44142  21.111  -47.290  23.436 0.0000000000
45364  20.398  -45.969  24.751 0.0000000000
44121  20.258  -47.047  23.987 0.0000000000
42904  21.156  -48.036  23.532 0.0000000000
40663  20.965  -50.229  24.243 0.0000000000
38407  21.382  -51.728  25.412 0.0000000000
54400  34.421  -37.637  21.484 0.0000000000
54430  33.403  -37.338  19.765 0.0000000000
52438  33.125  -39.081  20.126 0.0000000000
52457  33.350  -39.305  19.198 0.0000000000
51423  34.685  -40.254  19.253 0.0000000000
50471  34.414  -41.592  20.405 0.0000000000
51404  35.165  -40.892  19.905 0.0000000000
51422  35.776  -40.225  19.432 0.0000000000
51387  37.348  -41.009  21.479 0.0000000000
51371  38.385  -40.774  22.330 0.0000000000
75840  49.673  -16.698  11.152 0.0000000000
73794  49.369  -18.157  10.466 0.0000000000
72738  49.911  -18.820  9.984 0.0000000000
71731  48.451  -20.377  10.413 0.0000000000
71730  49.514  -20.536  10.106 0.0000000000
69720  43.379  -22.144  11.966 0.0000000000
68749  44.327  -23.751  11.709 0.0000000000
68750  43.556  -23.359  11.792 0.0000000000
67694  43.260  -24.376  12.285 0.0000000000
66668  43.085  -25.225  12.645 0.0000000000
68752  41.393  -23.711  12.709 0.0000000000
66669  42.110  -25.494  12.806 0.0000000000
66658  42.954  -26.193  13.404 0.0000000000
65598  42.823  -26.815  14.012 0.0000000000
64552  43.378  -27.886  15.227 0.0000000000
67649  38.450  -24.970  16.049 0.0000000000
66648  38.273  -25.770  14.243 0.0000000000
65603  38.419  -26.429  13.718 0.0000000000
63544  38.353  -28.277  13.475 0.0000000000
63543  39.280  -28.332  13.482 0.0000000000
64571  39.839  -27.536  13.454 0.0000000000
63528  41.205  -28.667  14.034 0.0000000000
45416  32.323  -46.641  20.981 0.0000000000
45415  32.987  -46.210  21.249 0.0000000000
44155  32.815  -47.302  22.180 0.0000000000
44116  33.970  -47.978  24.117 0.0000000000
71683  43.607  -20.221  14.065 0.0000000000
70726  43.606  -21.282  12.407 0.0000000000
38345  11.867  -52.281  30.070 0.0000000000
37193  10.838  -53.308  31.444 0.0000000000
37208  11.238  -53.562  30.244 0.0000000000
34879  10.741  -55.059  30.097 0.0000000000
33654  10.371  -56.124  30.024 0.0000000000
32525  10.227  -57.331  30.133 0.0000000000
33601  8.795  -56.122  31.999 0.0000000000
31399  9.633  -57.802  30.542 0.0000000000
31398  10.404  -58.342  30.342 0.0000000000
31382  10.700  -59.266  30.862 0.0000000000
30232  10.419  -60.699  31.871 0.0000000000
27853  6.716  -61.786  32.884 0.0000000000
29038  5.940  -59.915  33.525 0.0000000000
29050  6.012  -61.140  33.576 0.0000000000
27854  6.123  -61.970  33.583 0.0000000000
26639  5.338  -62.597  34.607 0.0000000000
26629  4.834  -62.421  35.422 0.0000000000
26630  4.234  -62.657  35.923 0.0000000000
27804  3.433  -60.486  36.698 0.0000000000
26609  3.535  -61.321  36.489 0.0000000000
25473  2.931  -62.984  36.457 0.0000000000
47610  31.646  -44.331  20.562 0.0000000000
47612  30.605  -44.457  20.838 0.0000000000
46608  31.336  -45.099  20.254 0.0000000000
44194  31.397  -46.531  20.335 0.0000000000
42940  31.024  -47.931  21.344 0.0000000000
42896  30.388  -48.611  22.928 0.0000000000
42943  28.654  -47.613  21.298 0.0000000000
42922  28.558  -48.138  21.954 0.0000000000
42873  30.031  -48.946  23.793 0.0000000000
46565  23.715  -45.323  22.308 0.0000000000
44162  24.414  -46.897  22.878 0.0000000000
44117  25.069  -47.488  23.608 0.0000000000
42880  23.605  -48.050  24.688 0.0000000000
42856  25.141  -48.401  25.113 0.0000000000
41747  26.205  -48.582  24.854 0.0000000000
67692  45.575  -24.520  11.960 0.0000000000
61597  34.510  -30.990  16.353 0.0000000000
60559  34.449  -32.031  15.499 0.0000000000
58447  36.025  -33.617  14.962 0.0000000000
54431  32.932  -36.857  19.164 0.0000000000
54459  32.818  -37.132  18.124 0.0000000000
55491  33.130  -36.071  16.721 0.0000000000
54441  35.945  -37.544  17.932 0.0000000000
55473  34.515  -36.649  17.042 0.0000000000
56508  33.612  -35.452  16.185 0.0000000000
57484  35.208  -35.130  16.118 0.0000000000
57508  35.608  -34.448  15.614 0.0000000000
57506  37.779  -34.254  15.482 0.0000000000
57481  38.816  -34.406  16.068 0.0000000000
45391  34.819  -45.889  22.792 0.0000000000
46557  35.149  -45.178  22.812 0.0000000000
47545  35.994  -44.569  23.714 0.0000000000
47525  37.527  -44.739  24.872 0.0000000000
48493  37.344  -43.379  24.051 0.0000000000
78794  54.654  -14.003  6.996 0.0000000000
76841  51.426  -15.944  9.266 0.0000000000
75855  52.161  -16.496  8.617 0.0000000000
73802  52.170  -18.368  9.048 0.0000000000
75854  52.678  -16.781  8.369 0.0000000000
75863  53.102  -16.401  7.929 0.0000000000
75862  53.803  -16.344  7.410 0.0000000000
75877  54.462  -16.326  6.867 0.0000000000
68769  44.711  -23.146  11.408 0.0000000000
46607  32.243  -45.081  20.394 0.0000000000
46606  32.868  -44.788  20.609 0.0000000000
46580  32.854  -45.414  20.717 0.0000000000
70739  44.495  -21.018  12.084 0.0000000000
69734  45.608  -22.320  11.295 0.0000000000
25481  3.940  -63.462  36.003 0.0000000000
59510  36.966  -32.168  14.315 0.0000000000
58467  37.506  -32.895  14.647 0.0000000000
58445  38.064  -33.583  14.996 0.0000000000
38372  12.838  -52.904  28.516 0.0000000000
37239  12.959  -53.864  28.286 0.0000000000
47530  25.827  -44.562  23.283 0.0000000000
38378  21.907  -52.576  26.918 0.0000000000
38377  22.514  -51.975  26.885 0.0000000000
41752  18.648  -50.232  24.819 0.0000000000
40657  18.261  -50.774  25.231 0.0000000000
41734  18.248  -49.911  25.240 0.0000000000
50473  32.532  -41.013  20.482 0.0000000000
49504  35.703  -42.838  22.363 0.0000000000
49518  35.975  -42.438  22.196 0.0000000000
50440  36.918  -41.964  22.458 0.0000000000
49503  36.373  -42.576  22.782 0.0000000000
73787  46.391  -18.647  11.899 0.0000000000
73775  46.750  -17.889  12.968 0.0000000000
74861  47.758  -17.523  12.056 0.0000000000
73796  47.667  -18.661  11.197 0.0000000000
25504  7.754  -63.304  33.536 0.0000000000
66671  40.169  -25.600  12.792 0.0000000000
65613  40.293  -26.212  12.960 0.0000000000
65600  41.276  -26.909  13.304 0.0000000000
65601  40.420  -26.877  13.251 0.0000000000
64553  37.106  -27.358  15.683 0.0000000000
65583  37.454  -26.672  15.262 0.0000000000
60575  40.540  -31.441  14.661 0.0000000000
42871  32.082  -48.679  23.851 0.0000000000
69694  41.887  -21.659  14.682 0.0000000000
37248  17.765  -53.591  27.790 0.0000000000
31397  11.409  -58.641  30.547 0.0000000000
34857  9.432  -54.775  32.230 0.0000000000
31367  7.535  -58.287  32.220 0.0000000000
30234  7.496  -60.057  31.910 0.0000000000
29012  4.617  -59.087  35.765 0.0000000000
29025  5.104  -59.986  35.077 0.0000000000
29013  4.542  -60.036  35.573 0.0000000000
28999  4.175  -59.044  36.368 0.0000000000
46562  28.785  -45.315  21.796 0.0000000000
46582  29.381  -44.988  21.059 0.0000000000
46611  28.849  -45.794  20.334 0.0000000000
44136  26.124  -47.576  22.693 0.0000000000
42924  27.056  -48.089  22.804 0.0000000000
42876  27.094  -48.592  24.058 0.0000000000
44141  22.017  -47.230  23.269 0.0000000000
42902  22.291  -47.764  23.644 0.0000000000
57444  32.448  -34.491  17.725 0.0000000000
59433  32.709  -33.196  17.827 0.0000000000
58410  32.615  -33.572  17.214 0.0000000000
58427  32.949  -33.444  16.341 0.0000000000
58428  32.718  -34.126  16.508 0.0000000000
52472  34.594  -39.045  18.396 0.0000000000
53448  35.315  -38.934  18.422 0.0000000000
55445  37.819  -36.406  19.312 0.0000000000
55457  37.169  -36.593  18.691 0.0000000000
56472  37.632  -35.827  18.664 0.0000000000
57443  37.617  -35.528  18.162 0.0000000000
56471  38.203  -35.651  18.943 0.0000000000
57425  38.560  -35.538  19.011 0.0000000000
77820  52.775  -14.651  8.777 0.0000000000
77819  53.371  -14.221  8.577 0.0000000000
77824  53.033  -14.871  8.313 0.0000000000
42829  18.618  -47.535  27.355 0.0000000000
41685  17.862  -47.665  27.951 0.0000000000
42843  18.884  -48.019  26.269 0.0000000000
68766  47.597  -23.566  11.245 0.0000000000
47585  33.932  -44.190  21.341 0.0000000000
72700  44.593  -19.669  13.598 0.0000000000
71697  44.622  -19.693  13.347 0.0000000000
72718  45.522  -19.508  12.062 0.0000000000
71719  46.414  -20.386  11.164 0.0000000000
69733  46.588  -22.557  11.009 0.0000000000
69749  47.017  -21.720  10.782 0.0000000000
68780  47.832  -22.957  10.808 0.0000000000
69673  40.664  -22.482  15.818 0.0000000000
68710  40.088  -22.991  15.590 0.0000000000
67672  39.047  -24.425  14.120 0.0000000000
62575  36.611  -29.598  14.593 0.0000000000
60576  39.436  -31.348  14.297 0.0000000000
59507  39.749  -32.128  14.654 0.0000000000
58426  39.626  -33.865  15.849 0.0000000000
58425  40.240  -33.709  16.123 0.0000000000
57479  40.311  -33.895  16.501 0.0000000000
57459  40.306  -34.122  16.956 0.0000000000
69672  41.237  -22.237  16.508 0.0000000000
34915  14.409  -55.202  28.447 0.0000000000
34877  14.524  -56.301  30.181 0.0000000000
34895  13.454  -56.171  29.330 0.0000000000
34896  12.211  -55.582  29.021 0.0000000000
33634  12.282  -57.133  29.718 0.0000000000
33652  11.660  -56.550  29.394 0.0000000000
31308  6.858  -57.241  34.636 0.0000000000
31294  5.547  -57.798  36.076 0.0000000000
46542  27.139  -45.090  22.856 0.0000000000
46541  28.233  -45.519  22.825 0.0000000000
46584  27.335  -45.371  20.911 0.0000000000
47570  26.889  -44.794  21.285 0.0000000000
47591  25.688  -44.805  21.471 0.0000000000
46586  25.861  -45.413  21.242 0.0000000000
45421  25.520  -45.910  21.510 0.0000000000
45394  25.597  -46.366  21.710 0.0000000000
45395  25.037  -46.188  21.969 0.0000000000
40655  21.836  -50.444  24.951 0.0000000000
41731  22.316  -49.591  24.922 0.0000000000
40654  22.412  -50.176  25.372 0.0000000000
57428  32.556  -34.529  18.624 0.0000000000
56461  32.595  -35.371  18.952 0.0000000000
51402  37.678  -40.218  20.771 0.0000000000
52436  37.280  -39.511  20.062 0.0000000000
52435  38.140  -39.506  20.747 0.0000000000
53420  39.252  -38.658  21.358 0.0000000000
53435  38.227  -38.578  20.491 0.0000000000
23175  1.839  -64.796  36.027 0.0000000000
64537  37.877  -27.643  17.083 0.0000000000
62543  35.971  -29.192  16.441 0.0000000000
62561  35.711  -30.029  15.282 0.0000000000
60580  35.826  -31.507  14.464 0.0000000000
60558  35.128  -31.744  14.913 0.0000000000
38409  20.409  -52.349  25.833 0.0000000000
38396  20.098  -52.597  26.268 0.0000000000
39538  19.447  -52.387  25.952 0.0000000000
39539  18.803  -52.182  25.845 0.0000000000
41712  16.796  -49.479  26.305 0.0000000000
39525  15.597  -50.641  27.006 0.0000000000
38384  15.652  -52.857  26.807 0.0000000000
39514  13.886  -51.534  28.245 0.0000000000
39515  13.465  -51.776  28.620 0.0000000000
47516  24.221  -44.432  24.730 0.0000000000
47517  23.496  -44.460  25.019 0.0000000000
46525  21.785  -44.940  24.685 0.0000000000
47556  22.146  -44.768  24.162 0.0000000000
45380  21.737  -46.246  23.101 0.0000000000
45381  20.951  -46.185  23.729 0.0000000000
42883  20.482  -48.293  23.775 0.0000000000
41749  21.078  -49.280  23.963 0.0000000000
39559  19.948  -51.361  24.521 0.0000000000
39558  20.713  -50.996  24.520 0.0000000000
39550  20.683  -51.647  24.979 0.0000000000
38408  20.859  -52.137  25.579 0.0000000000
53424  33.864  -38.333  21.693 0.0000000000
53437  33.469  -38.272  20.494 0.0000000000
51425  32.959  -40.035  19.514 0.0000000000
52456  34.212  -39.598  18.809 0.0000000000
49535  33.602  -42.381  20.677 0.0000000000
50470  35.474  -41.449  20.579 0.0000000000
51403  36.488  -40.657  20.338 0.0000000000
51388  36.616  -41.272  21.122 0.0000000000
50439  37.589  -41.707  22.711 0.0000000000
51372  37.649  -41.279  22.138 0.0000000000
73753  46.054  -18.446  14.506 0.0000000000
75832  49.380  -16.607  11.607 0.0000000000
73805  49.892  -18.382  10.078 0.0000000000
70752  49.525  -21.620  10.310 0.0000000000
71743  49.987  -19.621  9.916 0.0000000000
69721  42.481  -22.494  12.505 0.0000000000
66667  43.730  -24.923  12.479 0.0000000000
68733  41.027  -23.292  13.208 0.0000000000
68753  40.723  -24.269  12.852 0.0000000000
66670  41.063  -25.779  12.847 0.0000000000
67696  41.349  -24.798  12.653 0.0000000000
66647  43.233  -26.590  14.116 0.0000000000
64568  42.164  -27.574  14.008 0.0000000000
65589  42.575  -27.232  14.165 0.0000000000
64558  42.881  -27.945  14.870 0.0000000000
66628  38.577  -25.167  16.280 0.0000000000
66629  38.113  -25.716  15.971 0.0000000000
65591  37.814  -26.487  14.359 0.0000000000
66649  37.982  -25.926  14.700 0.0000000000
65590  38.145  -26.209  14.075 0.0000000000
63545  37.724  -28.520  13.746 0.0000000000
62590  38.031  -28.965  13.488 0.0000000000
63542  40.310  -28.437  13.723 0.0000000000
63541  40.937  -28.109  13.750 0.0000000000
63529  40.581  -28.934  13.900 0.0000000000
44180  31.779  -47.227  21.039 0.0000000000
44179  32.475  -46.871  21.349 0.0000000000
42870  33.350  -48.516  24.187 0.0000000000
71682  44.089  -19.943  14.506 0.0000000000
71673  43.552  -20.254  15.000 0.0000000000
70710  42.697  -21.416  12.958 0.0000000000
70709  43.310  -20.615  13.413 0.0000000000
38380  19.950  -52.958  27.301 0.0000000000
37234  19.790  -53.266  28.323 0.0000000000
36115  16.276  -54.586  28.574 0.0000000000
33615  13.808  -57.506  31.049 0.0000000000
38344  12.325  -51.709  29.984 0.0000000000
36060  10.386  -53.694  32.252 0.0000000000
36089  10.793  -54.192  30.586 0.0000000000
36101  11.363  -54.612  29.616 0.0000000000
34880  10.261  -55.531  30.431 0.0000000000
32541  10.426  -56.658  29.936 0.0000000000
32504  8.812  -57.409  31.293 0.0000000000
30245  10.080  -60.058  31.361 0.0000000000
27864  8.479  -61.787  32.305 0.0000000000
27865  7.664  -62.006  32.500 0.0000000000
30211  6.100  -59.282  33.576 0.0000000000
30212  5.801  -59.251  34.234 0.0000000000
26638  5.898  -62.688  33.874 0.0000000000
27803  3.701  -59.978  36.524 0.0000000000
27792  3.458  -59.753  37.070 0.0000000000
27805  3.262  -60.946  36.718 0.0000000000
26621  3.212  -62.650  36.443 0.0000000000
26611  2.105  -62.218  36.979 0.0000000000
48542  31.265  -43.915  20.885 0.0000000000
46609  30.297  -44.994  20.508 0.0000000000
47588  30.505  -44.534  21.337 0.0000000000
44181  30.548  -47.443  20.713 0.0000000000
42941  30.147  -47.889  21.363 0.0000000000
42920  30.748  -48.279  22.090 0.0000000000
44184  27.662  -46.993  20.953 0.0000000000
42898  28.315  -48.584  23.055 0.0000000000
42897  29.336  -48.684  22.913 0.0000000000
47575  23.080  -44.564  22.964 0.0000000000
47574  23.649  -44.645  22.685 0.0000000000
45396  24.080  -46.328  22.509 0.0000000000
44138  24.743  -47.229  23.221 0.0000000000
44118  24.557  -47.524  23.800 0.0000000000
42859  22.986  -49.228  25.451 0.0000000000
42858  23.550  -48.733  25.325 0.0000000000
41706  25.109  -49.141  26.370 0.0000000000
42839  24.799  -48.712  25.717 0.0000000000
41730  25.268  -48.746  25.700 0.0000000000
42855  25.790  -48.426  24.770 0.0000000000
67711  44.654  -23.877  11.638 0.0000000000
61576  34.644  -30.685  17.321 0.0000000000
60521  33.972  -31.439  17.059 0.0000000000
59488  33.974  -32.859  15.604 0.0000000000
59466  34.083  -32.418  15.683 0.0000000000
59487  34.520  -32.753  15.273 0.0000000000
59486  35.391  -32.848  14.818 0.0000000000
54444  32.997  -37.546  18.734 0.0000000000
53473  33.771  -38.032  17.749 0.0000000000
54458  33.258  -37.635  17.786 0.0000000000
55475  32.665  -36.425  17.591 0.0000000000
55474  33.546  -36.864  17.084 0.0000000000
53446  36.789  -38.525  19.113 0.0000000000
53458  35.509  -38.210  18.018 0.0000000000
54429  36.563  -37.914  18.607 0.0000000000
55472  35.338  -36.612  17.340 0.0000000000
56489  35.072  -36.047  17.095 0.0000000000
55490  33.845  -36.162  16.672 0.0000000000
56507  34.554  -35.666  16.480 0.0000000000
56526  34.206  -35.230  15.888 0.0000000000
56506  35.495  -35.551  16.804 0.0000000000
57462  37.299  -35.303  17.503 0.0000000000
57483  36.284  -34.977  16.621 0.0000000000
57507  36.725  -34.393  15.587 0.0000000000
57461  38.455  -34.934  17.290 0.0000000000
45393  33.411  -46.634  22.042 0.0000000000
45392  33.958  -46.064  22.113 0.0000000000
44153  34.442  -46.428  22.845 0.0000000000
45372  35.710  -46.116  24.066 0.0000000000
45390  35.212  -45.637  23.132 0.0000000000
46537  35.533  -45.272  23.390 0.0000000000
47546  35.505  -44.482  23.111 0.0000000000
48478  37.195  -44.005  24.317 0.0000000000
49469  37.727  -43.067  24.053 0.0000000000
77833  54.289  -14.394  7.250 0.0000000000
76858  54.791  -15.457  6.466 0.0000000000
75839  50.211  -16.412  10.748 0.0000000000
75846  50.967  -16.484  9.605 0.0000000000
75856  51.554  -16.496  9.053 0.0000000000
74884  53.782  -17.549  8.134 0.0000000000
74885  53.119  -17.312  8.325 0.0000000000
68767  46.612  -23.608  11.252 0.0000000000
67691  46.300  -24.297  11.710 0.0000000000
46578  34.100  -44.866  21.623 0.0000000000
70725  43.965  -20.579  12.828 0.0000000000
71710  44.522  -20.348  12.532 0.0000000000
68698  39.704  -23.564  16.116 0.0000000000
67647  39.765  -23.888  16.565 0.0000000000
59509  37.932  -32.094  14.413 0.0000000000
59485  39.226  -32.703  14.778 0.0000000000
36137  13.891  -53.949  27.865 0.0000000000
32439  6.614  -56.750  35.495 0.0000000000
47551  26.204  -44.551  22.538 0.0000000000
47572  25.537  -44.486  22.002 0.0000000000
47592  25.254  -44.773  21.798 0.0000000000
39537  21.905  -51.362  25.648 0.0000000000
40639  22.512  -50.758  25.887 0.0000000000
38393  22.335  -51.723  26.429 0.0000000000
55446  33.245  -36.350  19.639 0.0000000000
52407  38.621  -40.103  21.720 0.0000000000
52421  38.664  -39.586  21.320 0.0000000000
52406  39.157  -39.695  21.894 0.0000000000
62527  35.650  -29.621  16.788 0.0000000000
40656  18.802  -51.348  25.126 0.0000000000
39553  17.850  -51.006  25.534 0.0000000000
41688  16.016  -49.232  27.659 0.0000000000
40621  15.384  -50.227  27.585 0.0000000000
46526  21.020  -45.201  24.991 0.0000000000
44105  19.407  -47.333  25.702 0.0000000000
42884  19.598  -48.717  24.260 0.0000000000
52439  32.632  -39.658  20.629 0.0000000000
51406  33.094  -40.668  19.808 0.0000000000
49520  34.856  -42.429  21.263 0.0000000000
50455  35.555  -41.952  21.206 0.0000000000
50425  37.977  -41.944  23.259 0.0000000000
74845  47.389  -17.451  13.704 0.0000000000
74859  49.073  -17.296  11.138 0.0000000000
73785  48.525  -17.933  11.108 0.0000000000
70751  50.543  -21.624  10.302 0.0000000000
69722  41.922  -23.141  12.640 0.0000000000
67682  40.058  -24.453  13.127 0.0000000000
64560  41.920  -28.110  14.144 0.0000000000
65575  38.049  -26.430  16.387 0.0000000000
66630  37.755  -26.275  15.602 0.0000000000
64573  37.749  -27.439  13.764 0.0000000000
61641  38.840  -29.816  13.631 0.0000000000
61640  39.485  -30.002  13.831 0.0000000000
62573  39.908  -29.828  13.931 0.0000000000
62572  40.517  -29.551  14.071 0.0000000000
42919  31.723  -48.000  22.038 0.0000000000
42918  32.295  -47.791  22.261 0.0000000000
42894  32.513  -48.159  22.941 0.0000000000
70675  42.512  -21.209  16.224 0.0000000000
37247  18.732  -53.236  27.735 0.0000000000
32522  13.134  -57.818  30.818 0.0000000000
32503  12.839  -58.399  31.166 0.0000000000
31380  12.554  -58.971  31.687 0.0000000000
30243  11.462  -59.680  31.599 0.0000000000
34864  10.265  -54.693  30.885 0.0000000000
32485  8.075  -57.599  31.865 0.0000000000
29068  8.613  -60.070  31.373 0.0000000000
29059  8.450  -60.726  31.680 0.0000000000
30196  5.537  -59.107  34.761 0.0000000000
27827  5.124  -60.783  35.146 0.0000000000
45439  30.025  -46.004  19.967 0.0000000000
44197  29.326  -46.882  20.432 0.0000000000
44185  26.866  -47.042  21.384 0.0000000000
42923  27.594  -48.138  22.479 0.0000000000
42875  28.027  -48.799  23.968 0.0000000000
45398  22.368  -45.828  22.768 0.0000000000
45397  23.057  -45.965  22.546 0.0000000000
44119  23.772  -47.612  24.003 0.0000000000
42828  24.020  -49.673  26.484 0.0000000000
42827  24.168  -49.439  26.369 0.0000000000
41682  24.404  -49.700  26.931 0.0000000000
67681  44.698  -25.102  12.805 0.0000000000
66656  44.779  -25.301  13.155 0.0000000000
67671  45.723  -25.205  14.211 0.0000000000
59432  33.039  -32.681  18.211 0.0000000000
60522  33.506  -32.054  17.591 0.0000000000
60540  33.576  -32.112  16.770 0.0000000000
58449  33.859  -33.611  15.571 0.0000000000
53461  33.460  -38.379  18.482 0.0000000000
53460  34.114  -38.465  17.965 0.0000000000
54443  34.611  -38.221  17.765 0.0000000000
54440  36.729  -37.255  18.486 0.0000000000
56487  36.548  -35.879  17.683 0.0000000000
56505  36.118  -35.543  17.159 0.0000000000
44133  34.701  -46.892  23.518 0.0000000000
45374  34.835  -46.348  23.170 0.0000000000
44132  35.273  -46.678  23.946 0.0000000000
45358  35.554  -46.490  24.137 0.0000000000
45357  36.069  -46.315  24.455 0.0000000000
77823  53.527  -14.588  7.969 0.0000000000
74878  50.516  -17.300  9.874 0.0000000000
75847  50.465  -16.718  10.134 0.0000000000
74876  51.767  -17.752  9.050 0.0000000000
73823  54.834  -18.012  7.623 0.0000000000
41686  17.222  -48.305  27.550 0.0000000000
45350  19.426  -46.816  26.373 0.0000000000
44089  19.153  -47.201  26.767 0.0000000000
68765  48.506  -23.409  11.434 0.0000000000
68746  48.632  -23.555  12.461 0.0000000000
49521  34.220  -42.722  21.097 0.0000000000
48524  35.256  -43.197  22.154 0.0000000000
48510  35.578  -43.540  22.754 0.0000000000
73754  45.591  -18.800  13.807 0.0000000000
71709  44.764  -19.761  12.843 0.0000000000
73768  45.637  -18.858  13.055 0.0000000000
72707  45.809  -18.985  12.201 0.0000000000
72716  46.898  -19.521  11.170 0.0000000000
72727  47.597  -19.081  11.008 0.0000000000
25499  6.710  -63.599  33.776 0.0000000000
69685  41.283  -22.065  15.318 0.0000000000
68735  39.663  -24.155  13.681 0.0000000000
67683  39.360  -24.778  13.412 0.0000000000
66661  39.187  -25.643  13.243 0.0000000000
64562  36.691  -28.262  14.932 0.0000000000
61629  38.015  -30.377  13.769 0.0000000000
61628  39.029  -30.572  13.912 0.0000000000
59483  40.923  -32.631  15.544 0.0000000000
59465  41.066  -33.060  16.105 0.0000000000
58443  40.098  -33.341  15.589 0.0000000000
58442  40.657  -33.291  15.956 0.0000000000
58423  41.474  -33.421  17.101 0.0000000000
41741  31.640  -49.128  24.573 0.0000000000
41723  32.174  -49.457  25.198 0.0000000000
36134  15.719  -54.295  27.935 0.0000000000
36116  15.368  -54.804  28.360 0.0000000000
36117  14.621  -54.693  28.104 0.0000000000
34914  14.888  -55.052  28.401 0.0000000000
34878  13.878  -56.687  29.991 0.0000000000
32464  7.963  -56.159  33.534 0.0000000000
31347  7.269  -57.717  33.206 0.0000000000
31348  6.825  -58.546  33.050 0.0000000000
47590  26.302  -44.889  21.093 0.0000000000
46585  26.555  -45.505  20.964 0.0000000000
44186  26.334  -47.054  21.724 0.0000000000
42882  21.458  -48.554  23.803 0.0000000000
42842  23.283  -49.643  25.810 0.0000000000
41684  23.208  -50.262  26.418 0.0000000000
41683  23.773  -49.963  26.657 0.0000000000
66635  45.092  -25.847  15.177 0.0000000000
52454  36.410  -39.462  19.310 0.0000000000
52453  36.986  -39.014  19.540 0.0000000000
53421  38.575  -39.089  20.980 0.0000000000
54414  37.828  -37.815  19.960 0.0000000000
77821  52.310  -14.930  9.074 0.0000000000
72736  51.455  -19.246  9.381 0.0000000000
25482  3.239  -63.352  36.260 0.0000000000
65566  39.199  -26.626  17.327 0.0000000000
65568  37.831  -27.009  16.566 0.0000000000
64547  36.842  -27.919  16.078 0.0000000000
63510  36.890  -28.138  16.457 0.0000000000
63519  36.498  -28.609  15.393 0.0000000000
62576  36.073  -29.888  14.963 0.0000000000
38379  20.961  -52.868  26.996 0.0000000000
38381  18.923  -53.007  27.021 0.0000000000
40642  17.095  -50.345  25.846 0.0000000000
40643  16.397  -50.271  26.348 0.0000000000
38400  16.287  -52.392  26.359 0.0000000000
39527  14.227  -51.896  27.511 0.0000000000
38370  13.953  -52.280  27.716 0.0000000000
38386  13.957  -53.015  27.660 0.0000000000
38358  12.260  -52.500  29.311 0.0000000000
47532  24.272  -44.291  23.868 0.0000000000
47554  23.546  -44.344  23.310 0.0000000000
47555  22.640  -44.647  23.505 0.0000000000
47534  22.695  -44.579  24.616 0.0000000000
46544  22.176  -44.982  23.074 0.0000000000
46567  22.065  -45.437  22.932 0.0000000000
44104  19.904  -46.877  24.969 0.0000000000
41732  21.633  -49.770  24.407 0.0000000000
39557  21.260  -50.746  24.629 0.0000000000
39549  21.425  -51.175  25.017 0.0000000000
54416  34.041  -37.407  20.800 0.0000000000
51405  34.036  -40.859  19.773 0.0000000000
51421  36.360  -40.106  19.689 0.0000000000
51386  38.182  -40.296  21.416 0.0000000000
75831  49.975  -16.019  11.630 0.0000000000
74869  49.680  -17.156  10.736 0.0000000000
73793  50.087  -17.718  10.099 0.0000000000
72726  48.364  -19.317  10.612 0.0000000000
68770  44.037  -22.450  11.557 0.0000000000
69707  40.905  -23.120  13.467 0.0000000000
65582  43.731  -27.219  15.324 0.0000000000
65588  43.114  -27.063  14.746 0.0000000000
67661  38.449  -24.899  15.523 0.0000000000
66637  38.109  -25.489  15.044 0.0000000000
67673  38.507  -24.928  14.620 0.0000000000
66662  38.630  -25.726  13.720 0.0000000000
65602  39.510  -26.581  13.210 0.0000000000
62589  38.710  -29.039  13.464 0.0000000000
64572  38.829  -27.422  13.442 0.0000000000
64570  40.719  -27.603  13.523 0.0000000000
63527  42.154  -28.714  14.597 0.0000000000
44135  33.053  -47.834  22.963 0.0000000000
44134  33.662  -47.634  23.417 0.0000000000
44115  34.499  -47.573  24.212 0.0000000000
71699  43.716  -20.298  13.551 0.0000000000
69736  44.020  -21.650  11.837 0.0000000000
37220  19.720  -53.687  29.444 0.0000000000
37207  11.701  -53.022  29.747 0.0000000000
37192  11.455  -52.488  30.843 0.0000000000
37224  11.697  -53.870  29.477 0.0000000000
34898  10.638  -55.729  29.838 0.0000000000
33653  10.831  -56.316  29.590 0.0000000000
32540  10.916  -57.087  29.552 0.0000000000
33600  8.957  -55.176  32.653 0.0000000000
33617  9.326  -56.546  31.171 0.0000000000
32526  9.526  -57.012  30.696 0.0000000000
30244  11.105  -59.794  31.534 0.0000000000
30231  11.152  -60.519  32.186 0.0000000000
26645  7.762  -62.806  33.091 0.0000000000
26646  6.692  -62.754  33.310 0.0000000000
29049  6.236  -60.429  33.075 0.0000000000
27841  5.179  -61.919  35.038 0.0000000000
26608  3.701  -60.810  36.398 0.0000000000
26620  3.621  -62.390  36.308 0.0000000000
25483  2.634  -63.509  35.820 0.0000000000
48541  31.835  -43.312  20.924 0.0000000000
47611  30.975  -44.449  20.619 0.0000000000
45437  31.989  -46.094  20.470 0.0000000000
44195  30.786  -46.746  20.195 0.0000000000
45417  28.557  -46.102  20.373 0.0000000000
44183  28.663  -47.022  20.669 0.0000000000
42942  29.228  -47.721  21.354 0.0000000000
44157  28.202  -47.526  21.261 0.0000000000
42921  29.733  -48.321  22.058 0.0000000000
47573  24.645  -44.732  22.193 0.0000000000
46564  24.482  -45.534  22.045 0.0000000000
44161  24.932  -46.839  22.657 0.0000000000
44137  25.543  -47.527  23.168 0.0000000000
42901  25.914  -47.965  23.700 0.0000000000
44120  23.201  -47.855  24.146 0.0000000000
42857  24.287  -48.406  25.283 0.0000000000
42879  24.458  -47.890  24.563 0.0000000000
42878  25.368  -47.874  24.157 0.0000000000
42877  26.228  -48.352  24.228 0.0000000000
41746  26.724  -48.774  24.855 0.0000000000
67710  45.156  -23.941  11.545 0.0000000000
67670  46.458  -24.803  13.536 0.0000000000
60539  34.038  -31.822  16.117 0.0000000000
61617  34.595  -31.420  15.647 0.0000000000
58469  35.967  -32.937  14.619 0.0000000000
55447  32.700  -36.178  19.111 0.0000000000
54445  32.716  -36.722  18.518 0.0000000000
55459  32.471  -36.056  18.465 0.0000000000
56490  32.501  -35.337  17.271 0.0000000000
56509  32.848  -35.227  16.559 0.0000000000
54442  35.094  -37.973  17.710 0.0000000000
54456  35.130  -37.285  17.449 0.0000000000
56527  33.818  -34.893  15.730 0.0000000000
57509  34.502  -34.607  15.609 0.0000000000
58446  37.105  -33.666  14.982 0.0000000000
57460  39.526  -34.599  17.113 0.0000000000
45414  33.602  -45.722  21.529 0.0000000000
46559  33.937  -45.411  21.705 0.0000000000
46558  34.517  -45.182  22.193 0.0000000000
47566  35.047  -44.425  22.493 0.0000000000
48495  35.904  -43.881  23.398 0.0000000000
46516  36.790  -45.563  24.747 0.0000000000
47526  36.664  -44.666  24.285 0.0000000000
48494  36.629  -43.650  23.787 0.0000000000
49488  36.606  -42.993  23.383 0.0000000000
49487  37.359  -42.614  23.492 0.0000000000
75838  50.691  -16.074  10.157 0.0000000000
76832  51.444  -15.464  9.750 0.0000000000
76840  52.034  -15.447  8.904 0.0000000000
73814  52.820  -17.923  8.744 0.0000000000
74886  52.379  -17.408  8.725 0.0000000000
76848  52.338  -15.876  8.456 0.0000000000
76847  52.777  -15.399  8.249 0.0000000000
74893  54.319  -17.282  7.476 0.0000000000
24314  1.799  -64.108  35.398 0.0000000000
24327  2.850  -64.037  35.789 0.0000000000
24328  2.097  -64.059  35.240 0.0000000000
24339  2.736  -63.744  35.612 0.0000000000
25493  2.558  -63.608  35.538 0.0000000000
25494  2.344  -63.637  35.323 0.0000000000
33636  9.568  -56.639  30.815 0.0000000000
36136  14.304  -54.124  27.829 0.0000000000
37252  14.040  -53.640  27.755 0.0000000000
39495  13.465  -51.427  28.907 0.0000000000
39536  22.266  -51.458  26.131 0.0000000000
40658  17.758  -50.593  25.569 0.0000000000
40666  18.510  -50.469  24.976 0.0000000000
41707  24.454  -49.291  26.445 0.0000000000
41708  23.404  -49.872  26.125 0.0000000000
46496  36.920  -45.968  25.112 0.0000000000
47535  22.213  -44.769  24.580 0.0000000000
52471  35.057  -39.026  18.395 0.0000000000
54455  35.608  -37.031  17.564 0.0000000000
55471  35.964  -36.623  17.649 0.0000000000
55492  32.693  -35.817  16.954 0.0000000000
56459  38.021  -35.857  19.119 0.0000000000
56486  37.231  -35.708  18.060 0.0000000000
57485  34.617  -35.176  15.989 0.0000000000
57486  33.188  -34.492  15.964 0.0000000000
57487  32.779  -34.610  16.440 0.0000000000
58409  32.787  -33.227  16.852 0.0000000000
59449  32.779  -33.010  17.585 0.0000000000
64559  42.500  -27.839  14.461 0.0000000000
66660  41.275  -26.356  13.074 0.0000000000
66672  39.699  -25.566  12.910 0.0000000000
70708  43.782  -20.361  13.299 0.0000000000
71718  46.856  -20.025  10.964 0.0000000000
71733  46.876  -20.512  10.868 0.0000000000
72686  44.594  -19.592  14.086 0.0000000000
73777  45.715  -18.906  12.656 0.0000000000
75864  52.581  -16.204  8.259 0.0000000000
76831  51.890  -15.223  9.425 0.0000000000
