#!ascii label  , from subject sub-01 vox2ras=TkReg
719
33532  26.671  -56.230  37.648 0.0000000000
58278  45.672  -34.094  25.542 0.0000000000
62449  53.961  -29.362  24.244 0.0000000000
47450  46.938  -44.203  30.502 0.0000000000
39379  33.430  -52.075  34.139 0.0000000000
33553  30.869  -55.815  35.419 0.0000000000
60381  49.936  -31.137  25.934 0.0000000000
56324  50.065  -35.346  28.245 0.0000000000
43961  43.573  -46.919  32.091 0.0000000000
38281  37.689  -52.729  33.333 0.0000000000
70628  56.012  -21.731  20.642 0.0000000000
66560  52.328  -25.699  22.070 0.0000000000
49407  45.321  -42.081  28.860 0.0000000000
54243  47.117  -38.293  30.226 0.0000000000
38232  30.474  -52.850  36.237 0.0000000000
33543  28.501  -56.004  36.613 0.0000000000
59325  47.706  -32.367  25.370 0.0000000000
59243  50.021  -32.581  28.312 0.0000000000
58225  47.476  -33.901  28.430 0.0000000000
38349  44.817  -51.688  28.806 0.0000000000
36023  34.593  -54.738  34.108 0.0000000000
39356  35.751  -52.044  34.016 0.0000000000
36036  36.292  -54.310  32.956 0.0000000000
69625  53.450  -21.995  20.155 0.0000000000
68643  54.392  -23.408  20.805 0.0000000000
68626  53.202  -23.758  21.510 0.0000000000
63419  51.153  -28.777  23.805 0.0000000000
64459  51.136  -28.015  21.899 0.0000000000
64443  53.271  -27.504  23.427 0.0000000000
64474  53.662  -27.389  21.682 0.0000000000
62469  53.401  -29.203  22.060 0.0000000000
46394  45.516  -45.578  31.420 0.0000000000
48393  43.905  -44.416  31.061 0.0000000000
49376  45.938  -42.646  31.299 0.0000000000
52311  46.495  -39.813  29.877 0.0000000000
50311  47.437  -41.347  30.708 0.0000000000
52309  48.888  -39.428  29.671 0.0000000000
48428  47.715  -42.875  28.476 0.0000000000
37129  32.628  -53.654  35.361 0.0000000000
61475  49.519  -30.308  23.142 0.0000000000
61446  51.434  -29.721  25.986 0.0000000000
59265  51.933  -32.173  26.945 0.0000000000
57313  51.393  -34.278  26.814 0.0000000000
40514  41.068  -50.141  32.375 0.0000000000
41623  43.127  -49.401  31.575 0.0000000000
42784  45.591  -49.020  29.759 0.0000000000
44055  46.682  -47.348  28.412 0.0000000000
46455  46.609  -45.469  27.582 0.0000000000
41595  38.715  -50.225  32.667 0.0000000000
38314  40.156  -52.447  31.043 0.0000000000
69654  57.462  -22.696  17.917 0.0000000000
68607  51.862  -24.501  21.646 0.0000000000
66583  53.241  -25.449  21.540 0.0000000000
65538  52.616  -26.491  19.834 0.0000000000
57289  46.394  -35.367  28.526 0.0000000000
55297  48.773  -36.554  29.336 0.0000000000
53316  49.686  -38.524  28.231 0.0000000000
32389  27.031  -56.719  37.364 0.0000000000
34766  27.704  -55.787  37.365 0.0000000000
32403  28.144  -56.777  36.518 0.0000000000
59297  47.113  -32.817  25.957 0.0000000000
59270  48.025  -32.835  27.617 0.0000000000
58241  47.170  -33.305  27.168 0.0000000000
36037  35.535  -54.651  33.231 0.0000000000
69626  52.734  -22.596  20.398 0.0000000000
69610  53.594  -22.529  21.112 0.0000000000
69611  52.659  -23.149  21.247 0.0000000000
63399  52.386  -28.620  24.725 0.0000000000
64425  52.446  -28.105  24.069 0.0000000000
63416  53.858  -28.531  23.857 0.0000000000
63429  54.098  -28.192  23.004 0.0000000000
47451  46.677  -44.760  30.701 0.0000000000
48392  46.017  -44.087  31.424 0.0000000000
48390  46.960  -43.450  31.050 0.0000000000
50312  47.001  -41.665  31.051 0.0000000000
49393  47.401  -42.612  30.815 0.0000000000
49399  47.879  -42.092  29.693 0.0000000000
47459  47.590  -43.494  29.345 0.0000000000
37114  31.166  -53.321  36.191 0.0000000000
34780  31.649  -55.266  35.596 0.0000000000
34798  32.471  -55.210  35.248 0.0000000000
60401  48.938  -31.339  24.706 0.0000000000
60436  48.356  -31.261  23.170 0.0000000000
61448  50.087  -30.854  25.277 0.0000000000
61459  50.492  -30.047  24.786 0.0000000000
61430  50.882  -30.669  26.612 0.0000000000
60359  52.131  -30.982  26.702 0.0000000000
60336  50.625  -31.428  27.143 0.0000000000
58222  50.441  -33.493  28.241 0.0000000000
58240  50.975  -33.661  27.759 0.0000000000
57303  50.749  -34.376  27.707 0.0000000000
56352  50.670  -35.376  26.658 0.0000000000
55318  50.186  -36.642  27.270 0.0000000000
39437  41.511  -51.066  31.380 0.0000000000
40525  41.966  -50.091  31.870 0.0000000000
39457  42.517  -51.046  30.628 0.0000000000
40567  45.472  -50.278  29.372 0.0000000000
44021  46.289  -47.720  29.613 0.0000000000
39376  36.675  -51.792  33.413 0.0000000000
40501  36.814  -51.334  33.225 0.0000000000
39374  38.603  -51.285  33.143 0.0000000000
39373  39.441  -50.914  32.838 0.0000000000
38298  38.562  -52.651  32.143 0.0000000000
70637  54.976  -21.287  19.892 0.0000000000
69633  56.902  -22.525  19.780 0.0000000000
68654  53.611  -23.874  20.162 0.0000000000
64476  51.655  -27.011  21.645 0.0000000000
64477  51.117  -27.498  21.224 0.0000000000
65515  51.546  -26.494  21.257 0.0000000000
66585  51.277  -25.667  20.958 0.0000000000
67575  52.029  -24.970  21.856 0.0000000000
67574  52.568  -24.954  22.066 0.0000000000
66559  52.869  -25.748  22.275 0.0000000000
63446  52.651  -28.135  20.300 0.0000000000
65526  53.020  -26.436  20.686 0.0000000000
43951  42.535  -47.395  32.144 0.0000000000
46385  42.895  -45.557  31.925 0.0000000000
48415  44.835  -43.247  29.971 0.0000000000
47469  43.633  -44.240  29.691 0.0000000000
53278  46.622  -38.890  30.055 0.0000000000
53318  46.544  -38.566  28.616 0.0000000000
55298  47.128  -37.260  28.674 0.0000000000
56326  45.935  -35.994  28.113 0.0000000000
56303  47.320  -37.041  28.968 0.0000000000
57258  47.538  -35.817  28.919 0.0000000000
55271  48.123  -37.125  29.746 0.0000000000
50357  48.560  -40.590  28.873 0.0000000000
52329  49.256  -39.170  29.098 0.0000000000
52351  49.183  -39.235  27.513 0.0000000000
53355  49.509  -38.418  27.010 0.0000000000
35976  29.401  -54.434  36.751 0.0000000000
33554  29.747  -55.910  35.984 0.0000000000
32415  30.198  -56.605  35.356 0.0000000000
32402  28.873  -56.455  36.174 0.0000000000
59324  48.425  -31.965  26.094 0.0000000000
60337  49.734  -31.854  27.518 0.0000000000
59295  48.580  -32.195  27.041 0.0000000000
59244  49.218  -32.763  28.432 0.0000000000
58206  49.086  -34.082  28.814 0.0000000000
38256  34.262  -52.592  34.737 0.0000000000
39378  34.470  -51.859  33.934 0.0000000000
38255  35.274  -52.472  34.427 0.0000000000
37153  36.387  -53.135  33.815 0.0000000000
37152  37.224  -53.050  33.525 0.0000000000
37162  38.246  -53.086  32.586 0.0000000000
36050  37.370  -54.436  32.041 0.0000000000
70629  55.131  -21.754  20.959 0.0000000000
68642  55.302  -23.217  20.600 0.0000000000
69609  54.394  -22.315  21.286 0.0000000000
68625  54.062  -23.109  21.372 0.0000000000
68644  53.581  -23.821  21.044 0.0000000000
62462  50.008  -29.595  22.586 0.0000000000
63431  50.916  -28.591  22.570 0.0000000000
64444  52.476  -27.589  23.381 0.0000000000
65471  53.050  -26.951  23.097 0.0000000000
65490  53.157  -26.540  22.633 0.0000000000
65469  53.594  -27.137  23.009 0.0000000000
63437  54.041  -28.189  22.133 0.0000000000
45210  44.819  -46.201  31.733 0.0000000000
47424  43.543  -44.952  32.028 0.0000000000
48361  44.317  -44.928  31.911 0.0000000000
49377  45.101  -43.454  30.718 0.0000000000
50343  45.435  -42.280  30.135 0.0000000000
50351  45.634  -41.424  29.249 0.0000000000
51254  46.212  -41.014  30.376 0.0000000000
52272  46.973  -40.114  30.498 0.0000000000
53239  47.056  -39.148  30.542 0.0000000000
54222  47.843  -38.678  30.553 0.0000000000
52269  48.063  -40.136  30.403 0.0000000000
50350  48.329  -40.981  29.306 0.0000000000
49414  47.736  -42.138  28.221 0.0000000000
39346  30.750  -52.741  35.778 0.0000000000
39345  31.535  -53.096  35.252 0.0000000000
38258  32.651  -52.934  34.744 0.0000000000
37142  33.448  -53.493  34.987 0.0000000000
34815  33.788  -55.582  34.017 0.0000000000
62450  50.661  -29.444  23.948 0.0000000000
62435  51.662  -29.014  25.139 0.0000000000
62421  53.023  -29.738  25.444 0.0000000000
60379  53.242  -30.953  25.559 0.0000000000
59322  52.527  -32.068  25.895 0.0000000000
58276  51.784  -33.198  25.690 0.0000000000
59241  51.164  -32.777  27.566 0.0000000000
59294  51.852  -32.954  26.836 0.0000000000
41593  40.375  -49.057  32.213 0.0000000000
41577  41.353  -49.203  32.363 0.0000000000
42706  42.470  -48.637  32.070 0.0000000000
42722  43.287  -48.366  31.805 0.0000000000
39455  43.983  -50.636  30.361 0.0000000000
41637  44.495  -49.391  30.559 0.0000000000
43989  44.556  -47.502  31.429 0.0000000000
45238  45.568  -46.923  31.039 0.0000000000
45252  46.348  -46.528  30.262 0.0000000000
45265  46.759  -46.212  29.091 0.0000000000
46429  46.921  -45.264  28.803 0.0000000000
45297  46.697  -46.300  27.902 0.0000000000
41579  39.480  -49.984  32.667 0.0000000000
39394  40.469  -51.009  32.488 0.0000000000
38333  41.189  -52.484  30.237 0.0000000000
37174  39.058  -53.031  31.487 0.0000000000
37183  39.928  -52.848  30.393 0.0000000000
69653  58.023  -22.089  18.021 0.0000000000
68645  51.498  -23.653  20.788 0.0000000000
68627  52.455  -23.788  21.642 0.0000000000
67595  53.337  -24.493  21.439 0.0000000000
67609  53.250  -24.650  20.733 0.0000000000
65512  53.421  -26.582  21.932 0.0000000000
66593  53.147  -25.561  20.832 0.0000000000
66594  52.836  -25.664  20.170 0.0000000000
47453  43.094  -45.057  31.072 0.0000000000
56353  45.529  -35.397  26.466 0.0000000000
58243  45.858  -34.558  27.218 0.0000000000
58226  46.765  -34.384  28.298 0.0000000000
58208  47.718  -34.623  28.774 0.0000000000
56312  49.145  -35.372  28.787 0.0000000000
54240  48.764  -37.994  29.895 0.0000000000
54271  49.509  -37.209  28.973 0.0000000000
55306  50.014  -36.473  28.076 0.0000000000
54293  49.969  -37.566  27.466 0.0000000000
47483  47.507  -43.827  27.946 0.0000000000
48447  47.537  -42.873  27.386 0.0000000000
33531  27.343  -56.103  37.470 0.0000000000
34753  27.383  -55.479  37.458 0.0000000000
58258  46.479  -33.444  26.194 0.0000000000
69627  51.859  -23.202  20.724 0.0000000000
62434  53.364  -29.379  24.947 0.0000000000
63398  53.337  -28.832  24.570 0.0000000000
63397  53.734  -29.033  24.427 0.0000000000
47438  46.545  -44.427  31.002 0.0000000000
48407  47.458  -43.187  30.369 0.0000000000
48414  47.613  -43.212  29.861 0.0000000000
47460  47.423  -43.791  29.658 0.0000000000
34781  30.670  -55.170  36.027 0.0000000000
35993  31.244  -54.397  36.103 0.0000000000
33552  31.403  -55.660  35.338 0.0000000000
33565  30.939  -56.447  35.034 0.0000000000
60382  49.096  -31.513  25.631 0.0000000000
60400  49.598  -31.141  25.171 0.0000000000
60380  50.474  -30.902  26.376 0.0000000000
61412  50.807  -30.966  26.927 0.0000000000
60361  50.117  -31.340  26.762 0.0000000000
57285  50.038  -34.402  28.509 0.0000000000
56338  50.492  -35.501  27.477 0.0000000000
38312  41.870  -51.276  30.831 0.0000000000
39436  42.151  -50.813  31.026 0.0000000000
38332  42.262  -51.483  30.390 0.0000000000
38268  37.262  -52.295  33.467 0.0000000000
39375  37.731  -51.430  33.405 0.0000000000
40500  37.482  -50.984  33.308 0.0000000000
38267  38.043  -51.810  33.425 0.0000000000
38280  38.343  -52.242  32.819 0.0000000000
70636  56.118  -21.150  19.963 0.0000000000
70627  56.405  -21.603  20.251 0.0000000000
70635  57.035  -21.500  19.800 0.0000000000
69622  56.459  -22.118  20.418 0.0000000000
65514  51.916  -26.462  21.948 0.0000000000
66584  51.816  -25.673  21.557 0.0000000000
43950  43.038  -47.132  32.158 0.0000000000
45196  42.866  -46.564  32.170 0.0000000000
45195  43.413  -46.304  32.271 0.0000000000
49408  45.017  -42.710  29.253 0.0000000000
49416  44.660  -42.549  28.288 0.0000000000
54244  46.868  -38.235  29.983 0.0000000000
54258  46.793  -38.225  29.702 0.0000000000
55274  46.993  -37.882  29.662 0.0000000000
55287  47.147  -37.498  29.152 0.0000000000
55273  47.210  -37.573  29.475 0.0000000000
56286  47.393  -37.183  29.248 0.0000000000
55272  47.434  -37.511  29.715 0.0000000000
51293  48.109  -40.690  28.016 0.0000000000
51292  48.616  -40.118  28.156 0.0000000000
51302  48.175  -40.509  27.474 0.0000000000
51301  48.682  -39.811  27.174 0.0000000000
34765  28.287  -55.319  37.248 0.0000000000
34764  29.139  -55.417  36.551 0.0000000000
34782  29.881  -54.944  36.294 0.0000000000
33542  29.033  -55.930  36.298 0.0000000000
59345  47.223  -32.456  24.199 0.0000000000
60383  48.420  -31.776  25.260 0.0000000000
59245  48.448  -32.995  28.313 0.0000000000
58224  48.687  -33.539  28.670 0.0000000000
37141  34.742  -53.339  34.544 0.0000000000
36021  35.956  -53.954  33.552 0.0000000000
37164  36.799  -53.649  33.314 0.0000000000
36035  37.123  -54.044  32.712 0.0000000000
69635  53.511  -21.939  19.501 0.0000000000
70638  54.096  -21.709  19.531 0.0000000000
70630  54.214  -21.734  20.697 0.0000000000
70615  54.479  -21.882  21.170 0.0000000000
70616  54.140  -22.038  21.235 0.0000000000
62461  50.601  -29.279  23.290 0.0000000000
64424  52.942  -28.182  23.935 0.0000000000
65470  53.463  -27.019  23.061 0.0000000000
64442  53.742  -27.513  23.217 0.0000000000
62468  53.943  -28.793  22.708 0.0000000000
63438  53.308  -28.235  21.349 0.0000000000
62475  52.537  -29.252  20.986 0.0000000000
45225  45.236  -46.476  31.437 0.0000000000
46382  44.550  -45.655  31.883 0.0000000000
47423  45.187  -45.010  31.579 0.0000000000
49358  46.019  -43.435  31.451 0.0000000000
49359  45.570  -43.733  31.280 0.0000000000
50292  45.567  -42.998  31.038 0.0000000000
49394  45.209  -42.972  30.465 0.0000000000
50315  45.621  -42.463  30.800 0.0000000000
51255  45.897  -41.721  30.684 0.0000000000
50314  45.971  -42.040  31.055 0.0000000000
51234  46.941  -40.948  30.782 0.0000000000
51233  47.327  -40.755  30.652 0.0000000000
52271  47.182  -39.915  30.513 0.0000000000
52270  47.636  -39.998  30.517 0.0000000000
51232  47.637  -40.559  30.529 0.0000000000
50341  48.041  -41.325  30.067 0.0000000000
49406  47.875  -42.218  28.927 0.0000000000
50358  48.057  -41.097  28.521 0.0000000000
39337  29.870  -52.661  36.184 0.0000000000
39347  30.007  -52.575  35.880 0.0000000000
39336  30.396  -52.556  36.076 0.0000000000
37130  31.581  -53.516  36.026 0.0000000000
38244  31.156  -52.929  35.825 0.0000000000
38243  32.195  -53.141  35.173 0.0000000000
39344  32.328  -53.040  34.837 0.0000000000
38242  32.872  -53.238  35.072 0.0000000000
37143  33.016  -53.930  35.272 0.0000000000
61476  48.985  -30.872  23.508 0.0000000000
62451  50.155  -29.853  23.607 0.0000000000
62423  51.353  -29.464  25.534 0.0000000000
62422  52.143  -29.368  25.689 0.0000000000
62405  52.491  -29.884  26.023 0.0000000000
61445  53.153  -30.294  25.621 0.0000000000
61428  52.668  -30.388  26.090 0.0000000000
60334  52.004  -31.763  26.885 0.0000000000
60358  52.534  -31.393  26.379 0.0000000000
59293  52.133  -32.242  26.685 0.0000000000
58275  52.173  -32.626  25.854 0.0000000000
58255  52.017  -32.753  26.276 0.0000000000
60316  49.911  -32.136  28.021 0.0000000000
60315  50.307  -32.112  27.702 0.0000000000
59242  50.782  -32.670  27.736 0.0000000000
57302  51.261  -34.300  27.209 0.0000000000
58239  51.464  -33.633  27.289 0.0000000000
58256  51.688  -33.508  26.542 0.0000000000
57324  51.412  -34.068  26.233 0.0000000000
41578  40.479  -49.352  32.372 0.0000000000
42694  40.778  -48.809  32.152 0.0000000000
40537  42.857  -49.940  31.416 0.0000000000
41591  42.156  -49.298  32.074 0.0000000000
41608  42.785  -49.313  31.836 0.0000000000
41607  43.279  -49.030  31.640 0.0000000000
39479  43.380  -51.286  30.057 0.0000000000
38350  44.244  -51.750  29.185 0.0000000000
41650  45.493  -49.662  29.647 0.0000000000
40551  45.179  -50.101  29.835 0.0000000000
41636  45.115  -49.476  30.059 0.0000000000
42763  44.528  -48.784  30.790 0.0000000000
42762  45.266  -48.386  30.434 0.0000000000
43988  45.046  -47.707  31.050 0.0000000000
42761  45.880  -48.067  30.014 0.0000000000
44019  46.556  -47.825  28.855 0.0000000000
44002  46.439  -46.943  29.815 0.0000000000
44020  46.535  -47.338  29.279 0.0000000000
45251  46.590  -46.346  29.701 0.0000000000
45280  46.718  -46.170  28.436 0.0000000000
44056  46.779  -46.979  28.065 0.0000000000
39357  34.948  -51.934  34.431 0.0000000000
39398  34.912  -51.932  33.095 0.0000000000
41596  38.141  -50.550  32.824 0.0000000000
41611  38.207  -50.482  32.518 0.0000000000
41610  38.996  -49.767  31.977 0.0000000000
41580  38.887  -50.369  32.806 0.0000000000
38279  39.556  -51.827  32.561 0.0000000000
39395  39.779  -51.240  32.681 0.0000000000
38296  40.432  -51.678  31.960 0.0000000000
38295  40.917  -51.455  31.624 0.0000000000
37175  38.592  -53.290  31.974 0.0000000000
37198  40.350  -53.060  29.773 0.0000000000
69632  57.514  -21.991  19.195 0.0000000000
69643  57.705  -22.228  18.543 0.0000000000
63439  50.700  -28.408  21.560 0.0000000000
63447  50.470  -28.263  20.765 0.0000000000
67596  51.595  -24.839  21.293 0.0000000000
67597  51.019  -24.849  20.747 0.0000000000
68629  51.301  -24.373  21.017 0.0000000000
68646  50.989  -23.936  20.597 0.0000000000
68628  51.702  -23.953  21.317 0.0000000000
67573  53.097  -24.907  21.973 0.0000000000
68605  52.743  -24.282  21.998 0.0000000000
66558  53.217  -26.005  22.206 0.0000000000
47440  43.492  -44.784  31.655 0.0000000000
47441  43.069  -45.078  31.603 0.0000000000
47452  43.478  -44.660  31.196 0.0000000000
51269  45.977  -40.738  29.728 0.0000000000
54295  46.597  -37.733  27.605 0.0000000000
56339  45.670  -35.721  26.977 0.0000000000
57305  45.732  -34.957  27.818 0.0000000000
57315  45.546  -34.972  26.760 0.0000000000
58242  46.427  -34.157  27.543 0.0000000000
57304  46.358  -34.673  28.295 0.0000000000
56314  47.998  -35.870  29.151 0.0000000000
57271  47.851  -35.362  28.893 0.0000000000
56313  48.480  -35.938  29.076 0.0000000000
57270  48.699  -34.917  28.842 0.0000000000
53260  48.348  -38.758  30.304 0.0000000000
54241  48.170  -37.953  30.246 0.0000000000
53259  48.790  -38.932  29.948 0.0000000000
53297  49.550  -38.594  28.750 0.0000000000
53276  49.509  -38.129  29.156 0.0000000000
53315  49.811  -38.065  28.396 0.0000000000
54270  49.765  -37.437  28.589 0.0000000000
54282  50.060  -37.425  27.951 0.0000000000
53335  49.908  -38.088  27.861 0.0000000000
53367  49.192  -38.378  26.371 0.0000000000
46440  46.745  -45.300  28.140 0.0000000000
47476  47.183  -44.425  28.326 0.0000000000
33544  27.781  -56.267  37.094 0.0000000000
32404  27.408  -57.124  36.856 0.0000000000
59326  46.813  -32.870  25.162 0.0000000000
59296  47.744  -32.664  26.528 0.0000000000
58257  47.075  -32.995  26.482 0.0000000000
36022  35.244  -54.372  33.847 0.0000000000
34813  34.878  -55.011  33.545 0.0000000000
63400  51.592  -28.745  24.558 0.0000000000
63418  51.853  -28.109  24.105 0.0000000000
63417  53.478  -28.142  23.725 0.0000000000
62459  53.967  -29.131  23.412 0.0000000000
46393  46.161  -45.048  31.205 0.0000000000
47439  46.220  -44.739  31.341 0.0000000000
48391  46.335  -43.858  31.303 0.0000000000
49375  46.413  -42.932  31.375 0.0000000000
50313  46.469  -41.855  31.106 0.0000000000
49374  47.168  -42.305  31.070 0.0000000000
49373  47.469  -41.974  30.759 0.0000000000
50332  47.673  -41.501  30.492 0.0000000000
49392  47.684  -42.201  30.374 0.0000000000
48406  47.716  -42.763  29.971 0.0000000000
48420  47.709  -43.112  28.855 0.0000000000
37115  30.828  -53.469  36.316 0.0000000000
37131  31.148  -53.825  36.277 0.0000000000
35992  32.197  -54.493  35.722 0.0000000000
36009  32.653  -54.593  35.399 0.0000000000
34779  32.144  -55.029  35.620 0.0000000000
60418  48.532  -31.383  23.917 0.0000000000
61461  49.018  -30.998  24.148 0.0000000000
61460  49.827  -30.609  24.407 0.0000000000
61447  50.702  -30.268  25.666 0.0000000000
61429  51.681  -30.261  26.489 0.0000000000
61411  51.089  -30.861  26.956 0.0000000000
60335  51.452  -31.355  27.052 0.0000000000
56337  51.051  -34.780  27.080 0.0000000000
56351  51.084  -34.725  26.791 0.0000000000
40526  41.339  -50.601  32.007 0.0000000000
40513  41.707  -49.753  32.226 0.0000000000
39415  41.574  -50.722  31.588 0.0000000000
39435  42.906  -50.442  31.020 0.0000000000
39477  45.095  -51.182  29.235 0.0000000000
41649  45.883  -49.328  29.235 0.0000000000
42783  46.105  -48.245  29.571 0.0000000000
41648  46.292  -48.679  28.893 0.0000000000
42801  46.460  -48.348  28.545 0.0000000000
38269  36.151  -52.406  33.922 0.0000000000
39377  35.747  -51.844  33.547 0.0000000000
40518  36.904  -50.951  32.984 0.0000000000
40517  37.548  -50.767  32.925 0.0000000000
40516  38.025  -50.609  32.973 0.0000000000
40499  38.339  -50.734  33.051 0.0000000000
40498  39.113  -50.569  32.874 0.0000000000
39396  39.164  -51.508  32.899 0.0000000000
38297  39.297  -52.549  31.978 0.0000000000
69644  57.193  -22.877  18.898 0.0000000000
64458  51.725  -27.490  22.303 0.0000000000
65527  50.922  -26.548  20.604 0.0000000000
68606  52.206  -24.353  21.891 0.0000000000
65513  53.326  -26.770  21.339 0.0000000000
64475  53.163  -27.344  20.940 0.0000000000
64487  52.798  -27.161  20.247 0.0000000000
43952  42.138  -47.653  32.121 0.0000000000
48408  44.590  -43.606  30.284 0.0000000000
48409  44.060  -44.134  30.763 0.0000000000
48422  44.195  -43.621  29.487 0.0000000000
48430  43.995  -43.576  28.784 0.0000000000
53298  46.499  -38.807  29.508 0.0000000000
52330  46.301  -39.657  29.182 0.0000000000
54284  46.879  -37.752  28.385 0.0000000000
55319  45.992  -36.653  27.208 0.0000000000
55308  46.826  -36.819  27.973 0.0000000000
56316  46.985  -36.353  28.581 0.0000000000
56315  46.969  -36.028  28.633 0.0000000000
57273  46.914  -35.575  28.702 0.0000000000
56284  47.872  -36.317  29.342 0.0000000000
56300  48.074  -36.265  29.340 0.0000000000
51280  48.789  -40.093  29.158 0.0000000000
52342  49.305  -39.201  28.385 0.0000000000
53336  49.625  -38.605  27.737 0.0000000000
38233  29.600  -53.012  36.460 0.0000000000
37117  29.068  -53.648  36.887 0.0000000000
37116  29.946  -53.511  36.518 0.0000000000
35995  29.985  -54.435  36.413 0.0000000000
32416  29.327  -56.853  35.670 0.0000000000
32417  28.578  -57.232  36.030 0.0000000000
60402  48.061  -31.823  24.504 0.0000000000
60362  49.299  -31.713  26.632 0.0000000000
60338  49.116  -31.929  27.322 0.0000000000
59268  49.580  -32.260  28.122 0.0000000000
59269  48.915  -32.270  27.890 0.0000000000
58223  49.560  -33.358  28.614 0.0000000000
58205  49.747  -33.984  28.665 0.0000000000
57269  49.452  -34.533  28.700 0.0000000000
38352  42.157  -52.337  29.617 0.0000000000
39358  33.849  -52.026  34.710 0.0000000000
37154  35.489  -53.642  34.096 0.0000000000
37140  35.624  -52.962  34.224 0.0000000000
36034  37.875  -53.723  32.366 0.0000000000
34845  37.566  -54.714  31.335 0.0000000000
69623  55.730  -22.440  20.865 0.0000000000
69624  54.904  -22.741  21.184 0.0000000000
67615  53.217  -24.350  20.174 0.0000000000
63432  50.272  -28.985  21.904 0.0000000000
63430  51.615  -28.071  23.262 0.0000000000
65491  52.566  -26.606  22.549 0.0000000000
65489  53.473  -26.895  22.687 0.0000000000
64457  53.865  -27.406  22.471 0.0000000000
45211  44.170  -46.480  31.985 0.0000000000
46375  43.396  -45.652  32.238 0.0000000000
46374  44.062  -45.738  32.228 0.0000000000
47406  43.904  -45.108  32.105 0.0000000000
48362  44.005  -44.710  31.822 0.0000000000
48360  45.137  -44.769  31.567 0.0000000000
49345  44.804  -44.362  31.284 0.0000000000
49378  44.382  -44.227  30.961 0.0000000000
49401  45.136  -42.793  29.923 0.0000000000
49400  45.394  -42.157  29.593 0.0000000000
50342  45.700  -41.634  29.934 0.0000000000
50333  45.889  -41.307  30.185 0.0000000000
51235  46.536  -41.090  30.680 0.0000000000
52293  46.773  -39.856  30.299 0.0000000000
53262  46.840  -38.858  30.332 0.0000000000
54224  47.130  -38.765  30.499 0.0000000000
54242  47.607  -38.031  30.242 0.0000000000
53238  47.560  -39.333  30.580 0.0000000000
53237  48.024  -39.381  30.562 0.0000000000
52292  48.451  -39.642  30.156 0.0000000000
51268  48.480  -40.387  29.772 0.0000000000
51281  48.566  -40.489  29.420 0.0000000000
50349  48.602  -40.555  29.142 0.0000000000
39380  32.663  -52.699  34.260 0.0000000000
38245  30.670  -52.652  36.013 0.0000000000
39360  32.100  -52.979  34.766 0.0000000000
39359  32.967  -52.693  34.559 0.0000000000
38257  33.190  -52.846  34.746 0.0000000000
36007  34.108  -54.364  34.619 0.0000000000
36008  33.185  -54.459  35.138 0.0000000000
34797  33.541  -55.329  34.422 0.0000000000
34796  34.144  -55.007  34.300 0.0000000000
62437  50.422  -29.882  24.296 0.0000000000
62436  50.959  -29.392  24.762 0.0000000000
63384  52.851  -29.149  25.121 0.0000000000
62433  53.577  -29.516  24.887 0.0000000000
61458  53.888  -30.075  24.679 0.0000000000
61444  53.495  -30.174  25.259 0.0000000000
60378  53.490  -30.559  25.307 0.0000000000
59267  50.915  -32.030  27.326 0.0000000000
59266  51.518  -32.484  27.221 0.0000000000
58221  51.123  -33.125  27.710 0.0000000000
42708  40.561  -48.709  31.994 0.0000000000
42693  41.393  -48.492  32.178 0.0000000000
41592  41.650  -49.482  32.312 0.0000000000
41576  42.036  -49.007  32.487 0.0000000000
42692  42.147  -48.261  32.240 0.0000000000
42691  42.654  -47.918  32.240 0.0000000000
43962  43.304  -47.617  31.957 0.0000000000
38331  42.997  -51.325  30.118 0.0000000000
39456  43.169  -50.849  30.513 0.0000000000
40536  43.421  -50.081  31.018 0.0000000000
40568  44.970  -50.655  29.778 0.0000000000
40552  44.578  -50.253  30.198 0.0000000000
41638  43.934  -49.617  30.930 0.0000000000
41621  44.151  -49.081  30.974 0.0000000000
42721  43.788  -48.070  31.617 0.0000000000
43974  43.878  -47.543  31.763 0.0000000000
45226  44.612  -46.877  31.651 0.0000000000
46406  45.777  -46.183  31.122 0.0000000000
44003  46.127  -47.544  30.046 0.0000000000
45253  45.976  -46.993  30.575 0.0000000000
45237  46.033  -46.427  30.765 0.0000000000
46419  46.588  -45.890  30.119 0.0000000000
46418  46.899  -45.171  29.783 0.0000000000
47468  47.343  -44.337  29.009 0.0000000000
44057  46.695  -47.254  27.686 0.0000000000
45298  46.563  -46.432  27.352 0.0000000000
39399  33.881  -51.997  33.344 0.0000000000
41594  39.757  -49.395  32.278 0.0000000000
40497  40.089  -50.228  32.690 0.0000000000
39372  40.036  -50.773  32.720 0.0000000000
39393  40.980  -50.850  32.228 0.0000000000
39416  41.113  -51.170  31.793 0.0000000000
38313  41.279  -51.554  31.145 0.0000000000
38315  39.453  -52.760  31.351 0.0000000000
37184  39.306  -53.011  30.828 0.0000000000
38334  40.412  -52.705  30.374 0.0000000000
34754  26.358  -55.642  37.610 0.0000000000
69664  58.043  -22.296  17.277 0.0000000000
69612  52.164  -23.494  21.294 0.0000000000
65525  53.268  -26.141  21.298 0.0000000000
67610  53.052  -25.145  20.401 0.0000000000
66599  52.400  -25.691  19.343 0.0000000000
46384  43.150  -45.357  32.145 0.0000000000
46395  42.904  -45.472  31.504 0.0000000000
55320  45.711  -36.212  26.785 0.0000000000
57326  45.393  -34.736  25.957 0.0000000000
58259  45.864  -34.304  26.563 0.0000000000
57288  46.895  -34.864  28.685 0.0000000000
58207  48.243  -34.386  28.809 0.0000000000
56325  49.482  -35.619  28.561 0.0000000000
55270  48.422  -37.360  29.853 0.0000000000
55284  48.837  -37.068  29.599 0.0000000000
53277  49.320  -38.422  29.386 0.0000000000
54257  49.255  -37.495  29.399 0.0000000000
55296  49.176  -36.461  28.981 0.0000000000
55307  49.621  -36.124  28.435 0.0000000000
54309  49.867  -37.494  26.924 0.0000000000
54310  49.562  -37.848  26.532 0.0000000000
47475  47.581  -43.634  28.502 0.0000000000
47484  46.978  -44.304  27.476 0.0000000000
48437  47.652  -43.047  27.941 0.0000000000
34829  36.558  -54.673  32.300 0.0000000000
35974  30.820  -54.024  36.350 0.0000000000
35975  30.256  -54.029  36.466 0.0000000000
35991  32.744  -54.215  35.408 0.0000000000
36006  34.882  -54.115  34.330 0.0000000000
37128  32.988  -53.439  35.154 0.0000000000
37163  37.681  -53.267  33.036 0.0000000000
38231  31.040  -53.110  36.159 0.0000000000
38278  40.027  -51.432  32.385 0.0000000000
38363  44.318  -52.048  28.530 0.0000000000
39417  40.711  -51.151  32.060 0.0000000000
39478  44.133  -51.129  29.944 0.0000000000
40496  40.762  -49.749  32.486 0.0000000000
40515  40.397  -50.523  32.581 0.0000000000
40553  43.951  -50.166  30.633 0.0000000000
41609  39.599  -49.294  32.023 0.0000000000
41622  43.579  -49.287  31.314 0.0000000000
41657  46.195  -48.813  28.556 0.0000000000
41672  46.262  -48.738  28.322 0.0000000000
42705  42.818  -48.038  32.129 0.0000000000
42723  42.633  -48.903  31.937 0.0000000000
42740  44.862  -48.139  30.927 0.0000000000
42741  44.239  -48.331  31.262 0.0000000000
42742  43.578  -48.746  31.498 0.0000000000
42781  46.698  -47.991  28.705 0.0000000000
42782  46.520  -48.038  28.906 0.0000000000
42800  46.627  -47.825  28.565 0.0000000000
42813  46.711  -47.561  28.267 0.0000000000
43949  43.427  -46.622  32.200 0.0000000000
43975  43.457  -47.819  31.817 0.0000000000
44004  45.616  -47.506  30.637 0.0000000000
44038  46.634  -47.463  28.718 0.0000000000
44039  46.694  -46.909  28.628 0.0000000000
45194  43.782  -46.318  32.258 0.0000000000
45197  42.525  -47.113  32.136 0.0000000000
45212  42.693  -46.308  31.985 0.0000000000
45239  45.026  -47.105  31.371 0.0000000000
46373  44.307  -45.379  31.989 0.0000000000
46376  42.966  -45.850  32.185 0.0000000000
46383  44.124  -46.013  32.192 0.0000000000
46404  46.761  -44.915  30.453 0.0000000000
46405  46.392  -45.506  30.736 0.0000000000
47404  44.611  -45.146  31.798 0.0000000000
47405  44.300  -45.122  31.938 0.0000000000
47425  43.110  -45.049  31.917 0.0000000000
47437  46.787  -44.007  30.869 0.0000000000
47467  47.596  -43.594  29.094 0.0000000000
48375  45.993  -43.695  31.434 0.0000000000
48376  45.618  -44.297  31.378 0.0000000000
48377  43.933  -44.561  31.579 0.0000000000
48413  47.711  -43.057  29.410 0.0000000000
48416  44.084  -43.874  29.925 0.0000000000
48421  44.661  -43.258  29.683 0.0000000000
49344  45.059  -44.071  31.294 0.0000000000
49346  44.339  -44.593  31.530 0.0000000000
49360  44.966  -44.047  31.128 0.0000000000
49361  44.157  -44.458  31.287 0.0000000000
49395  44.624  -43.845  30.801 0.0000000000
49415  45.141  -41.944  28.402 0.0000000000
50293  45.341  -43.223  30.800 0.0000000000
50334  45.701  -41.886  30.448 0.0000000000
51236  46.083  -41.626  30.803 0.0000000000
51253  48.016  -40.805  30.291 0.0000000000
51267  48.733  -39.940  29.611 0.0000000000
52291  48.729  -39.331  29.953 0.0000000000
52310  48.664  -39.848  29.823 0.0000000000
53240  46.948  -39.346  30.475 0.0000000000
53261  46.957  -38.911  30.486 0.0000000000
53296  49.622  -38.102  28.920 0.0000000000
53317  46.619  -38.337  28.470 0.0000000000
53337  46.606  -38.377  28.235 0.0000000000
53354  49.803  -38.054  27.399 0.0000000000
54223  47.373  -38.713  30.532 0.0000000000
54256  49.541  -37.822  29.104 0.0000000000
54272  46.819  -38.028  29.084 0.0000000000
54283  46.710  -38.156  28.229 0.0000000000
54294  46.668  -38.223  27.977 0.0000000000
55285  48.413  -36.705  29.523 0.0000000000
55286  47.150  -37.113  29.313 0.0000000000
55295  49.640  -36.752  28.625 0.0000000000
56285  47.590  -36.793  29.301 0.0000000000
56301  47.700  -36.047  29.105 0.0000000000
56302  47.371  -36.560  28.920 0.0000000000
56340  45.584  -36.032  26.548 0.0000000000
57257  47.892  -35.645  28.978 0.0000000000
57268  49.737  -34.262  28.641 0.0000000000
57272  47.266  -35.545  28.798 0.0000000000
57286  49.655  -35.011  28.613 0.0000000000
57287  47.405  -34.851  28.778 0.0000000000
57316  45.366  -35.199  26.133 0.0000000000
60360  50.586  -31.035  26.806 0.0000000000
62404  52.720  -29.970  25.881 0.0000000000
62420  53.404  -29.797  25.193 0.0000000000
63383  53.166  -29.267  25.027 0.0000000000
70654  58.434  -21.632  17.665 0.0000000000
