#!ascii label  , from subject sub-01 vox2ras=TkReg
1127
99873  45.137  8.574  6.138 0.0000000000
101441  50.949  10.550  6.390 0.0000000000
96137  51.836  4.658  14.079 0.0000000000
99003  39.269  7.382  5.326 0.0000000000
97098  41.070  6.057  9.527 0.0000000000
103067  47.657  11.827  0.492 0.0000000000
106457  49.516  16.825  11.431 0.0000000000
105547  44.761  15.436  7.981 0.0000000000
94410  52.811  3.131  19.436 0.0000000000
92541  47.013  1.063  15.800 0.0000000000
99895  51.098  7.274  2.558 0.0000000000
98932  49.118  7.654  9.054 0.0000000000
98944  53.762  7.067  8.403 0.0000000000
98868  51.297  7.704  14.233 0.0000000000
109372  47.604  20.273  7.271 0.0000000000
103833  50.627  13.214  2.533 0.0000000000
97038  44.239  5.263  14.567 0.0000000000
99875  41.948  8.130  6.234 0.0000000000
97133  40.219  6.288  7.069 0.0000000000
98017  43.244  7.360  7.362 0.0000000000
101483  46.389  10.551  2.926 0.0000000000
101460  43.438  11.057  5.438 0.0000000000
107474  47.667  18.200  13.059 0.0000000000
92488  52.011  0.860  21.236 0.0000000000
92519  50.443  0.052  18.626 0.0000000000
90459  51.007  -1.947  18.911 0.0000000000
111079  48.911  21.346  3.472 0.0000000000
99902  52.569  7.664  3.003 0.0000000000
97155  53.066  5.596  5.202 0.0000000000
99854  52.981  8.395  7.041 0.0000000000
102166  49.030  11.138  13.458 0.0000000000
101378  51.104  9.992  12.471 0.0000000000
101342  49.939  9.997  16.080 0.0000000000
98850  50.231  7.784  17.892 0.0000000000
103010  47.459  12.723  7.257 0.0000000000
103808  47.265  13.717  5.528 0.0000000000
101481  50.048  10.663  3.467 0.0000000000
100716  51.771  9.432  1.107 0.0000000000
97926  51.144  5.798  11.912 0.0000000000
98881  46.993  7.147  11.780 0.0000000000
97034  48.136  5.646  14.111 0.0000000000
97112  38.171  5.025  9.658 0.0000000000
96164  39.248  3.916  12.325 0.0000000000
105641  50.662  15.351  0.156 0.0000000000
104703  46.573  14.548  2.395 0.0000000000
104641  50.437  14.515  8.003 0.0000000000
102227  51.928  11.997  8.403 0.0000000000
109351  41.222  19.516  12.308 0.0000000000
108461  42.880  18.485  8.958 0.0000000000
106491  47.533  16.009  9.352 0.0000000000
96115  52.792  3.688  16.502 0.0000000000
96118  49.037  4.472  16.512 0.0000000000
94414  49.245  2.229  18.861 0.0000000000
92539  49.332  0.218  15.325 0.0000000000
100675  47.816  8.623  4.836 0.0000000000
98977  46.619  7.565  6.801 0.0000000000
98974  49.630  7.347  6.187 0.0000000000
97975  51.730  6.560  8.696 0.0000000000
97082  53.417  5.409  11.327 0.0000000000
100635  52.541  9.206  9.658 0.0000000000
98899  53.127  7.072  11.408 0.0000000000
97029  54.026  5.344  14.107 0.0000000000
97011  53.256  5.388  17.517 0.0000000000
96070  51.871  3.990  20.300 0.0000000000
111065  46.799  22.029  6.289 0.0000000000
109386  50.073  19.594  5.525 0.0000000000
106552  48.674  16.711  4.767 0.0000000000
105603  52.154  15.774  2.527 0.0000000000
103073  51.062  12.390  -0.494 0.0000000000
100718  48.588  9.816  0.845 0.0000000000
98952  45.090  7.371  9.498 0.0000000000
97934  42.993  6.356  12.742 0.0000000000
94463  41.218  3.033  13.246 0.0000000000
94443  45.449  2.793  16.170 0.0000000000
99857  44.134  8.317  6.247 0.0000000000
98980  43.287  7.733  6.667 0.0000000000
98999  44.283  7.819  6.485 0.0000000000
100689  46.330  10.301  4.522 0.0000000000
101472  45.530  10.874  4.166 0.0000000000
100679  44.042  10.186  5.900 0.0000000000
100663  42.710  9.438  6.602 0.0000000000
91424  51.382  -0.474  21.844 0.0000000000
91455  51.479  -0.721  20.091 0.0000000000
90415  50.724  -1.410  20.666 0.0000000000
92602  37.871  0.813  10.788 0.0000000000
100683  51.542  8.823  4.515 0.0000000000
99885  52.703  7.840  5.190 0.0000000000
100659  52.079  9.497  6.679 0.0000000000
101356  48.782  10.766  14.745 0.0000000000
101355  49.619  10.714  14.849 0.0000000000
102248  49.659  11.280  6.572 0.0000000000
102259  48.574  11.711  5.283 0.0000000000
101456  49.796  10.370  5.309 0.0000000000
100693  51.532  8.954  3.342 0.0000000000
97070  50.891  5.602  12.698 0.0000000000
97051  49.576  5.645  13.282 0.0000000000
97032  50.245  5.134  14.113 0.0000000000
98984  37.474  7.195  6.229 0.0000000000
97144  37.836  5.718  6.658 0.0000000000
97109  41.079  6.160  8.515 0.0000000000
97111  39.242  5.569  9.237 0.0000000000
97099  40.216  5.642  9.996 0.0000000000
97088  38.711  4.556  11.373 0.0000000000
97086  40.257  5.444  11.246 0.0000000000
103852  48.867  13.031  0.195 0.0000000000
104712  48.815  14.534  1.090 0.0000000000
103844  47.577  13.236  1.329 0.0000000000
99861  40.138  8.706  6.247 0.0000000000
99863  37.850  8.403  6.024 0.0000000000
105516  50.678  15.799  9.393 0.0000000000
104622  51.012  14.731  8.870 0.0000000000
105503  50.480  15.695  10.381 0.0000000000
107491  48.551  17.478  11.557 0.0000000000
107492  47.545  17.420  11.657 0.0000000000
106473  48.694  16.942  10.148 0.0000000000
105518  49.003  15.890  8.869 0.0000000000
95241  52.777  3.313  18.550 0.0000000000
95252  51.253  3.493  17.854 0.0000000000
95228  50.988  3.032  18.987 0.0000000000
91508  50.783  -0.720  17.094 0.0000000000
92527  50.080  0.051  17.504 0.0000000000
92538  50.362  0.057  15.130 0.0000000000
99888  49.626  7.956  3.813 0.0000000000
99015  48.518  7.850  5.126 0.0000000000
99013  50.299  7.393  4.285 0.0000000000
98013  53.721  6.490  6.863 0.0000000000
98001  52.603  5.876  7.107 0.0000000000
97120  53.121  5.625  8.625 0.0000000000
97960  52.711  5.635  9.823 0.0000000000
97973  53.574  6.233  9.607 0.0000000000
102217  51.455  11.741  9.548 0.0000000000
101423  52.584  10.347  8.756 0.0000000000
101411  51.903  10.567  10.727 0.0000000000
100595  50.959  8.942  13.552 0.0000000000
99815  51.760  8.673  12.046 0.0000000000
98880  52.312  7.443  13.054 0.0000000000
97924  53.827  6.335  12.529 0.0000000000
97894  53.479  6.254  14.396 0.0000000000
97020  53.745  5.661  15.385 0.0000000000
97886  52.689  6.261  15.908 0.0000000000
97881  50.321  7.231  19.132 0.0000000000
97001  51.390  5.369  18.821 0.0000000000
111060  47.222  21.931  7.712 0.0000000000
110264  48.916  20.557  5.928 0.0000000000
109379  48.875  19.960  6.299 0.0000000000
106506  43.888  16.790  8.661 0.0000000000
108460  43.712  18.375  8.338 0.0000000000
106519  44.770  16.668  7.428 0.0000000000
103824  49.330  13.154  3.804 0.0000000000
105582  47.864  15.065  4.963 0.0000000000
104681  49.747  15.071  3.861 0.0000000000
106596  50.936  16.381  3.611 0.0000000000
104690  51.218  14.922  2.928 0.0000000000
103841  51.705  13.825  0.774 0.0000000000
103842  51.481  13.286  1.304 0.0000000000
99912  51.336  8.110  1.247 0.0000000000
99918  50.402  9.337  0.319 0.0000000000
99905  50.258  8.286  1.855 0.0000000000
100696  48.862  9.187  2.792 0.0000000000
98948  48.237  7.669  8.233 0.0000000000
98950  46.290  7.445  8.660 0.0000000000
98934  47.152  7.555  9.357 0.0000000000
97909  45.693  6.198  13.389 0.0000000000
98884  45.015  6.922  12.168 0.0000000000
97911  43.684  6.123  13.464 0.0000000000
96153  41.834  4.472  13.769 0.0000000000
96141  42.750  4.386  14.422 0.0000000000
95256  47.168  3.074  17.341 0.0000000000
96120  47.018  4.195  16.488 0.0000000000
93555  45.859  2.220  16.374 0.0000000000
99002  40.185  7.386  5.781 0.0000000000
98021  39.739  6.398  6.154 0.0000000000
98019  41.277  7.078  6.723 0.0000000000
98007  41.562  6.853  7.379 0.0000000000
97993  42.545  6.799  8.577 0.0000000000
101501  46.491  10.764  1.232 0.0000000000
99860  41.076  8.740  6.404 0.0000000000
94393  52.343  2.694  20.316 0.0000000000
94395  50.933  1.771  19.965 0.0000000000
92503  51.453  -0.092  19.877 0.0000000000
91496  51.320  -1.060  18.654 0.0000000000
99030  52.031  7.042  2.418 0.0000000000
98043  51.712  6.531  3.442 0.0000000000
99019  53.039  6.391  3.851 0.0000000000
98989  53.415  6.808  5.260 0.0000000000
99853  53.362  7.852  7.458 0.0000000000
102188  49.681  11.306  11.665 0.0000000000
101397  50.814  10.834  12.006 0.0000000000
102171  50.311  11.107  13.151 0.0000000000
101365  50.396  10.531  14.038 0.0000000000
99791  50.595  8.644  15.021 0.0000000000
98855  51.051  7.186  16.227 0.0000000000
99777  50.206  8.733  16.958 0.0000000000
99758  49.997  8.382  18.480 0.0000000000
99719  50.167  8.314  20.017 0.0000000000
110254  45.702  20.942  8.415 0.0000000000
103781  46.599  13.804  8.127 0.0000000000
104666  46.107  14.639  6.420 0.0000000000
103020  46.982  13.029  6.314 0.0000000000
103035  48.556  12.548  4.595 0.0000000000
102281  50.079  11.530  3.032 0.0000000000
102290  51.166  11.621  1.776 0.0000000000
100705  51.176  10.109  2.465 0.0000000000
99911  52.120  8.349  1.587 0.0000000000
98900  49.526  7.231  10.713 0.0000000000
98902  47.780  7.241  10.859 0.0000000000
97928  48.869  6.477  12.261 0.0000000000
97907  47.482  6.404  13.126 0.0000000000
97036  46.121  5.511  14.683 0.0000000000
92560  47.446  0.602  13.462 0.0000000000
92561  46.230  0.817  13.603 0.0000000000
96199  37.061  4.552  8.921 0.0000000000
97135  38.534  5.619  7.272 0.0000000000
97125  37.591  4.857  8.623 0.0000000000
96190  37.300  4.341  9.879 0.0000000000
96183  37.640  4.056  10.880 0.0000000000
94478  38.257  2.548  11.788 0.0000000000
94477  38.773  2.074  11.950 0.0000000000
106642  49.929  16.598  1.100 0.0000000000
105606  48.058  15.588  2.015 0.0000000000
103007  50.550  12.663  7.406 0.0000000000
101432  51.532  11.035  7.030 0.0000000000
102995  51.969  12.927  7.989 0.0000000000
102986  51.408  12.813  8.738 0.0000000000
102218  50.105  12.099  10.022 0.0000000000
102205  49.255  11.635  10.674 0.0000000000
102173  48.573  11.130  12.586 0.0000000000
108452  41.602  18.853  10.705 0.0000000000
107501  42.656  17.598  10.662 0.0000000000
106492  44.289  16.161  9.604 0.0000000000
104626  46.091  14.953  9.020 0.0000000000
104644  47.320  14.410  8.577 0.0000000000
102997  49.034  12.937  7.769 0.0000000000
96125  52.240  4.157  15.279 0.0000000000
96126  50.755  4.607  15.082 0.0000000000
96108  50.750  3.875  17.104 0.0000000000
95254  49.091  3.600  17.818 0.0000000000
93548  48.068  1.726  17.860 0.0000000000
93527  49.477  1.298  19.119 0.0000000000
92528  48.872  0.511  17.473 0.0000000000
92540  48.185  0.474  15.531 0.0000000000
100676  47.166  9.129  5.078 0.0000000000
98997  45.921  7.894  6.293 0.0000000000
98995  47.987  7.821  5.748 0.0000000000
98975  48.639  7.559  6.399 0.0000000000
98947  49.275  7.615  8.042 0.0000000000
98991  51.673  6.324  5.254 0.0000000000
98945  51.166  7.053  7.654 0.0000000000
97976  51.100  7.179  8.907 0.0000000000
97961  52.016  5.961  10.130 0.0000000000
97084  52.218  5.214  11.686 0.0000000000
97068  52.539  4.746  12.242 0.0000000000
100652  52.392  9.868  7.466 0.0000000000
99846  53.085  8.606  8.042 0.0000000000
99839  52.927  8.442  8.860 0.0000000000
100629  51.894  9.918  11.030 0.0000000000
100628  52.234  9.061  10.650 0.0000000000
98929  53.318  7.270  9.747 0.0000000000
97942  53.838  6.091  11.612 0.0000000000
97047  54.214  5.091  13.036 0.0000000000
96136  53.000  4.338  14.395 0.0000000000
96124  53.401  3.984  15.477 0.0000000000
96113  54.193  4.267  16.925 0.0000000000
95240  53.432  3.541  18.753 0.0000000000
97012  52.050  5.860  17.431 0.0000000000
96100  52.765  4.772  18.777 0.0000000000
96093  53.003  3.747  20.039 0.0000000000
95186  52.290  2.951  21.120 0.0000000000
111074  47.850  21.405  4.540 0.0000000000
110272  50.021  20.536  4.307 0.0000000000
109392  51.165  19.485  3.977 0.0000000000
105572  46.582  15.586  5.850 0.0000000000
108487  47.620  18.630  6.073 0.0000000000
107551  49.533  18.085  4.897 0.0000000000
107570  51.077  17.626  4.088 0.0000000000
107612  52.222  17.369  2.468 0.0000000000
105639  51.785  15.409  0.613 0.0000000000
104738  51.035  13.747  -0.216 0.0000000000
103075  49.689  11.959  -0.849 0.0000000000
101506  51.333  10.879  -0.103 0.0000000000
101516  49.918  10.684  -0.581 0.0000000000
101508  48.193  10.733  0.299 0.0000000000
100708  47.868  10.024  1.485 0.0000000000
101470  47.252  10.070  3.928 0.0000000000
98978  45.559  7.522  7.002 0.0000000000
98004  44.203  7.288  8.355 0.0000000000
97978  43.564  6.755  9.940 0.0000000000
98904  46.315  7.344  11.222 0.0000000000
97963  44.336  7.000  11.334 0.0000000000
97952  42.055  6.279  11.204 0.0000000000
97074  40.371  4.830  12.375 0.0000000000
95288  40.307  3.568  12.890 0.0000000000
96128  48.366  4.741  15.780 0.0000000000
96130  46.458  4.605  15.901 0.0000000000
96132  44.687  4.234  15.410 0.0000000000
92555  45.210  1.249  14.418 0.0000000000
94453  43.293  2.851  14.119 0.0000000000
90480  49.321  -1.974  18.362 0.0000000000
90505  50.034  -2.111  16.598 0.0000000000
100661  44.514  8.805  6.158 0.0000000000
99874  44.625  8.057  6.248 0.0000000000
100677  46.083  9.800  5.378 0.0000000000
101458  45.335  10.356  5.292 0.0000000000
100678  44.842  9.687  5.905 0.0000000000
100662  43.804  9.251  6.283 0.0000000000
91436  50.691  -0.972  21.507 0.0000000000
100673  51.028  9.611  5.413 0.0000000000
100672  51.720  9.016  5.632 0.0000000000
100660  51.495  9.793  6.186 0.0000000000
101442  50.048  10.625  6.200 0.0000000000
101443  49.471  10.922  5.965 0.0000000000
101455  50.429  10.160  5.691 0.0000000000
100684  50.821  9.405  4.301 0.0000000000
97049  51.511  5.101  13.230 0.0000000000
97050  50.587  5.414  13.365 0.0000000000
96138  50.976  4.888  14.293 0.0000000000
98034  38.316  6.957  5.417 0.0000000000
98023  38.104  6.443  5.823 0.0000000000
97110  40.251  5.840  8.824 0.0000000000
97085  41.119  6.000  10.723 0.0000000000
103066  48.518  12.134  0.080 0.0000000000
103853  48.066  12.625  0.707 0.0000000000
103060  47.114  12.381  0.942 0.0000000000
99878  39.698  8.070  5.639 0.0000000000
99862  39.130  8.674  6.039 0.0000000000
99880  38.203  7.809  5.407 0.0000000000
99005  37.987  7.347  5.568 0.0000000000
106488  50.267  16.520  9.739 0.0000000000
105502  50.692  15.837  9.966 0.0000000000
106456  49.954  16.294  11.067 0.0000000000
107490  49.103  17.366  11.500 0.0000000000
106458  49.053  17.312  10.950 0.0000000000
106472  49.693  17.010  10.353 0.0000000000
106489  49.390  16.611  9.511 0.0000000000
94428  52.961  3.253  18.986 0.0000000000
95242  51.714  3.226  18.726 0.0000000000
94430  51.887  2.984  19.265 0.0000000000
92533  50.160  -0.110  16.238 0.0000000000
99896  50.492  7.648  2.910 0.0000000000
99887  50.281  7.583  3.660 0.0000000000
99023  50.685  7.302  3.560 0.0000000000
98000  53.824  6.441  7.821 0.0000000000
97131  53.519  5.964  7.268 0.0000000000
97119  53.519  5.933  8.200 0.0000000000
97107  53.453  5.854  9.119 0.0000000000
102203  51.416  11.237  10.664 0.0000000000
101418  52.052  11.055  10.059 0.0000000000
99794  50.934  8.368  14.032 0.0000000000
99793  51.282  8.446  13.300 0.0000000000
98867  51.764  7.580  13.646 0.0000000000
98866  52.812  7.031  13.531 0.0000000000
98862  52.566  7.025  14.227 0.0000000000
97895  52.677  6.690  14.830 0.0000000000
97891  52.285  6.659  15.446 0.0000000000
97873  50.275  6.898  19.515 0.0000000000
110252  47.189  21.498  8.116 0.0000000000
111054  47.100  21.923  8.155 0.0000000000
110258  47.750  21.153  7.596 0.0000000000
110265  48.281  20.655  6.769 0.0000000000
109380  47.960  19.649  6.593 0.0000000000
105535  44.470  15.873  8.786 0.0000000000
106520  44.302  16.812  8.018 0.0000000000
103823  50.139  13.692  3.256 0.0000000000
104692  49.508  14.210  3.794 0.0000000000
104691  50.443  14.796  3.354 0.0000000000
103822  50.874  14.193  2.726 0.0000000000
103832  51.290  13.723  2.063 0.0000000000
103050  51.102  12.726  1.848 0.0000000000
99904  51.051  7.497  2.039 0.0000000000
99897  49.650  8.467  2.860 0.0000000000
98949  47.239  7.574  8.419 0.0000000000
98933  48.077  7.630  9.198 0.0000000000
97900  44.905  5.602  14.278 0.0000000000
97910  44.642  6.012  13.677 0.0000000000
97053  43.981  5.809  13.942 0.0000000000
97040  42.619  4.944  14.113 0.0000000000
93550  47.066  2.214  17.262 0.0000000000
93554  46.515  2.076  16.811 0.0000000000
93559  46.170  1.589  16.076 0.0000000000
99000  41.585  7.909  6.119 0.0000000000
98982  40.842  7.299  6.228 0.0000000000
98981  41.875  7.702  6.413 0.0000000000
98018  42.257  7.333  7.045 0.0000000000
98006  42.404  7.069  7.763 0.0000000000
97994  41.664  6.557  8.111 0.0000000000
98005  43.278  7.181  8.102 0.0000000000
101493  46.360  10.620  1.901 0.0000000000
101494  45.939  11.036  1.748 0.0000000000
101484  45.648  10.974  2.594 0.0000000000
101473  44.250  11.226  4.554 0.0000000000
102271  44.484  11.403  3.816 0.0000000000
99859  41.946  8.668  6.525 0.0000000000
100664  41.688  9.596  6.701 0.0000000000
99877  40.623  8.135  5.895 0.0000000000
93511  52.120  2.046  20.929 0.0000000000
93512  51.852  1.574  20.757 0.0000000000
92489  51.714  0.304  20.620 0.0000000000
90437  51.271  -1.398  19.514 0.0000000000
90458  51.283  -1.391  18.771 0.0000000000
90478  51.050  -1.548  17.929 0.0000000000
111080  48.006  21.507  3.580 0.0000000000
111088  47.441  21.832  2.995 0.0000000000
99029  52.362  7.251  2.569 0.0000000000
98058  52.461  6.754  3.095 0.0000000000
99020  52.929  6.890  3.517 0.0000000000
99868  52.797  8.114  6.145 0.0000000000
98990  53.130  7.491  5.663 0.0000000000
98971  53.091  7.802  6.351 0.0000000000
98970  53.484  7.309  6.485 0.0000000000
102172  49.811  11.257  12.775 0.0000000000
101380  50.496  11.064  12.617 0.0000000000
102165  49.791  11.166  13.685 0.0000000000
101354  50.122  10.217  15.100 0.0000000000
100596  50.669  9.506  14.166 0.0000000000
100589  50.291  9.472  15.480 0.0000000000
99786  50.338  8.676  16.067 0.0000000000
100579  50.116  9.388  16.451 0.0000000000
100559  49.776  8.882  18.063 0.0000000000
100546  49.727  8.636  18.487 0.0000000000
99741  50.122  8.264  19.276 0.0000000000
99742  49.638  8.561  19.421 0.0000000000
103011  46.750  13.226  7.061 0.0000000000
103019  47.999  12.318  6.195 0.0000000000
101469  49.009  11.206  4.834 0.0000000000
102270  49.037  11.537  4.289 0.0000000000
103044  49.287  12.149  3.679 0.0000000000
102280  50.818  11.186  2.337 0.0000000000
101480  50.703  10.636  2.712 0.0000000000
100704  51.660  9.416  2.124 0.0000000000
99903  52.260  8.406  2.559 0.0000000000
99038  52.326  7.669  1.981 0.0000000000
97945  50.634  6.533  10.956 0.0000000000
97946  49.351  6.812  11.478 0.0000000000
97927  49.973  6.033  12.267 0.0000000000
97052  48.826  5.655  13.659 0.0000000000
97906  48.473  6.102  13.140 0.0000000000
97896  47.838  6.067  13.557 0.0000000000
97897  47.247  6.025  13.775 0.0000000000
97035  47.058  5.608  14.512 0.0000000000
96200  36.394  4.640  8.459 0.0000000000
96208  37.053  4.710  8.217 0.0000000000
98009  40.137  6.402  6.683 0.0000000000
97134  39.551  6.067  6.908 0.0000000000
97124  38.355  5.361  8.382 0.0000000000
97113  37.510  4.706  9.255 0.0000000000
95304  36.935  3.429  10.546 0.0000000000
96189  37.958  4.572  10.503 0.0000000000
96174  38.721  4.146  11.848 0.0000000000
96175  38.096  3.899  11.470 0.0000000000
95297  38.374  3.394  11.827 0.0000000000
94470  38.664  2.980  12.079 0.0000000000
106667  51.172  16.003  0.274 0.0000000000
106668  50.535  16.086  0.433 0.0000000000
104713  47.995  14.343  1.619 0.0000000000
105624  48.501  14.994  1.533 0.0000000000
104702  47.292  14.792  2.120 0.0000000000
105608  46.273  15.025  2.754 0.0000000000
103006  51.329  12.752  7.576 0.0000000000
103776  51.457  13.610  7.825 0.0000000000
103762  51.043  13.724  9.146 0.0000000000
102987  50.698  12.788  9.465 0.0000000000
102220  48.467  12.530  10.275 0.0000000000
102189  48.329  11.402  11.485 0.0000000000
109355  41.208  19.641  11.244 0.0000000000
108448  41.553  18.800  11.561 0.0000000000
107496  42.618  17.765  11.533 0.0000000000
107495  43.593  17.134  11.313 0.0000000000
106477  43.962  16.542  10.392 0.0000000000
106474  47.340  16.382  10.060 0.0000000000
106475  46.068  16.286  10.402 0.0000000000
105505  46.255  15.897  9.827 0.0000000000
105520  46.766  15.629  9.290 0.0000000000
104625  46.837  14.972  8.864 0.0000000000
105519  47.782  15.442  8.851 0.0000000000
105531  49.687  15.326  8.409 0.0000000000
104642  49.232  14.434  8.141 0.0000000000
103778  49.633  13.643  7.782 0.0000000000
103008  49.622  12.637  7.435 0.0000000000
96116  51.415  3.944  16.192 0.0000000000
96107  51.856  3.604  17.090 0.0000000000
95244  49.596  3.038  18.567 0.0000000000
95253  50.159  3.602  17.879 0.0000000000
94431  48.996  2.688  18.508 0.0000000000
95246  48.255  2.853  17.976 0.0000000000
94432  48.554  2.389  18.285 0.0000000000
93514  50.811  1.007  20.034 0.0000000000
94396  50.515  1.460  19.844 0.0000000000
92505  50.049  0.566  19.142 0.0000000000
92534  49.102  0.216  16.464 0.0000000000
92535  48.089  0.724  16.628 0.0000000000
92552  48.404  0.402  14.402 0.0000000000
99871  47.382  8.306  5.435 0.0000000000
99870  48.022  8.128  5.121 0.0000000000
98993  49.961  7.324  5.275 0.0000000000
98994  48.957  7.572  5.574 0.0000000000
98959  49.408  7.466  7.089 0.0000000000
98958  50.403  7.262  6.882 0.0000000000
98041  52.849  5.767  4.518 0.0000000000
98029  52.011  6.033  4.764 0.0000000000
98028  52.654  5.739  5.332 0.0000000000
97988  52.574  5.942  8.125 0.0000000000
97989  51.961  6.432  7.457 0.0000000000
98930  50.944  7.187  8.396 0.0000000000
97962  51.047  6.959  9.638 0.0000000000
97096  52.911  5.454  10.472 0.0000000000
97097  52.443  5.470  11.028 0.0000000000
97083  52.937  4.944  11.459 0.0000000000
96172  53.394  4.841  11.704 0.0000000000
102235  51.791  11.811  7.611 0.0000000000
101431  52.087  10.649  7.363 0.0000000000
102234  52.359  11.346  7.947 0.0000000000
101417  52.425  10.249  9.690 0.0000000000
100643  52.674  9.405  8.803 0.0000000000
101396  51.309  10.347  11.712 0.0000000000
100618  51.616  9.459  11.707 0.0000000000
99814  52.322  7.885  11.835 0.0000000000
100617  52.082  8.662  11.395 0.0000000000
99822  52.556  7.979  10.860 0.0000000000
98915  53.156  7.258  10.405 0.0000000000
98898  53.442  6.572  10.780 0.0000000000
97893  53.993  6.011  13.803 0.0000000000
97923  54.190  5.667  12.492 0.0000000000
96149  53.619  4.734  13.672 0.0000000000
96135  53.720  4.629  14.792 0.0000000000
97016  53.300  5.791  16.383 0.0000000000
97015  54.019  5.028  16.142 0.0000000000
97010  54.005  5.104  17.099 0.0000000000
95249  53.957  3.738  17.686 0.0000000000
96104  53.800  4.534  18.144 0.0000000000
98856  50.346  7.741  16.832 0.0000000000
97888  51.081  6.844  16.783 0.0000000000
97884  50.882  6.614  17.569 0.0000000000
96095  51.531  4.717  19.449 0.0000000000
96101  51.889  4.976  18.779 0.0000000000
96094  52.640  4.202  19.765 0.0000000000
96099  53.333  4.072  19.298 0.0000000000
95204  52.703  3.368  20.722 0.0000000000
111803  46.558  22.358  6.876 0.0000000000
112506  45.661  24.064  7.254 0.0000000000
111811  45.562  23.031  6.114 0.0000000000
111070  46.879  21.846  5.644 0.0000000000
110263  49.437  20.415  5.596 0.0000000000
110269  49.216  20.750  5.227 0.0000000000
110268  49.992  20.384  5.216 0.0000000000
110271  50.590  20.229  4.142 0.0000000000
109385  50.635  19.744  4.926 0.0000000000
103809  46.835  13.862  5.884 0.0000000000
104675  46.849  14.524  5.732 0.0000000000
105581  48.522  15.639  4.727 0.0000000000
105570  48.180  16.178  4.939 0.0000000000
106553  48.030  16.772  5.108 0.0000000000
107552  48.921  17.742  4.957 0.0000000000
108486  48.668  18.610  5.574 0.0000000000
107572  49.192  17.245  4.662 0.0000000000
105590  51.317  15.706  3.240 0.0000000000
106572  51.098  16.926  3.799 0.0000000000
106595  51.553  16.639  3.492 0.0000000000
107591  51.764  17.504  3.533 0.0000000000
106618  52.340  16.553  2.488 0.0000000000
106639  52.366  16.541  1.578 0.0000000000
105621  52.295  15.713  1.414 0.0000000000
103850  51.491  13.424  0.181 0.0000000000
104722  51.466  14.353  0.261 0.0000000000
103860  50.724  13.002  -0.502 0.0000000000
103861  50.040  12.822  -0.658 0.0000000000
103074  50.481  12.195  -0.832 0.0000000000
101498  51.674  10.564  0.868 0.0000000000
102299  51.582  11.437  1.101 0.0000000000
100741  50.260  10.208  -0.293 0.0000000000
100729  49.561  9.837  0.193 0.0000000000
101518  48.820  10.702  0.058 0.0000000000
100730  48.468  10.265  0.479 0.0000000000
100719  47.771  10.212  0.823 0.0000000000
100687  47.969  9.434  3.964 0.0000000000
100697  48.062  9.930  2.530 0.0000000000
98951  45.480  7.379  9.051 0.0000000000
98963  45.188  7.348  8.003 0.0000000000
98003  44.844  7.332  8.764 0.0000000000
97992  43.434  6.994  8.974 0.0000000000
97991  44.411  7.207  9.390 0.0000000000
97948  47.609  7.098  11.501 0.0000000000
98903  47.039  7.311  10.997 0.0000000000
97949  44.528  6.901  12.123 0.0000000000
98906  44.976  7.108  11.698 0.0000000000
97950  43.712  6.792  11.931 0.0000000000
97964  43.610  6.733  10.943 0.0000000000
97935  42.306  6.219  12.081 0.0000000000
97073  41.417  5.798  12.179 0.0000000000
97072  42.263  5.977  12.636 0.0000000000
96154  41.129  4.257  13.381 0.0000000000
94464  40.701  3.251  13.043 0.0000000000
93588  39.989  2.002  12.357 0.0000000000
93587  40.834  1.894  12.540 0.0000000000
96127  49.451  4.738  15.576 0.0000000000
95264  45.847  3.491  16.359 0.0000000000
96121  46.315  4.027  16.332 0.0000000000
96131  45.588  4.275  15.803 0.0000000000
95267  45.128  3.514  15.783 0.0000000000
92570  45.256  0.703  12.663 0.0000000000
92562  44.989  1.077  13.720 0.0000000000
99858  42.829  8.414  6.471 0.0000000000
98979  44.356  7.440  7.093 0.0000000000
101471  46.627  10.364  3.876 0.0000000000
101459  44.626  10.671  5.301 0.0000000000
101444  43.332  10.159  6.238 0.0000000000
92474  52.064  0.807  21.822 0.0000000000
92475  51.902  0.090  21.535 0.0000000000
91435  51.472  -0.765  20.986 0.0000000000
90414  51.231  -1.302  20.240 0.0000000000
90438  50.830  -1.814  19.818 0.0000000000
99894  52.219  8.302  3.660 0.0000000000
99893  52.682  7.674  4.074 0.0000000000
99886  52.241  8.360  4.804 0.0000000000
99869  52.322  8.550  5.876 0.0000000000
99855  52.524  8.724  6.630 0.0000000000
101367  48.438  10.858  14.057 0.0000000000
102158  49.510  10.941  14.305 0.0000000000
101343  49.527  10.493  15.864 0.0000000000
103009  48.603  12.344  7.140 0.0000000000
102249  48.873  11.522  6.275 0.0000000000
101457  49.137  11.011  5.359 0.0000000000
100695  50.056  10.267  3.846 0.0000000000
100694  50.770  9.904  3.297 0.0000000000
97071  50.243  5.662  12.903 0.0000000000
97033  49.187  5.349  14.142 0.0000000000
97122  40.431  6.181  7.735 0.0000000000
97123  39.351  5.882  8.058 0.0000000000
97100  39.277  5.267  10.443 0.0000000000
97101  38.591  4.811  10.815 0.0000000000
97087  39.352  4.770  11.576 0.0000000000
104724  50.033  14.511  0.052 0.0000000000
104711  49.462  14.809  0.680 0.0000000000
104725  49.239  13.982  0.429 0.0000000000
103843  48.455  13.593  0.914 0.0000000000
104714  47.057  13.887  1.899 0.0000000000
100667  38.700  9.490  6.443 0.0000000000
99847  37.370  7.824  6.550 0.0000000000
105530  50.447  15.367  8.684 0.0000000000
104621  51.246  14.248  8.093 0.0000000000
104611  50.707  15.278  9.749 0.0000000000
107481  48.134  17.782  12.324 0.0000000000
107482  47.012  17.750  12.433 0.0000000000
106459  48.061  17.149  10.884 0.0000000000
106490  48.315  16.264  9.449 0.0000000000
105517  50.057  16.177  8.873 0.0000000000
95261  52.979  3.504  17.298 0.0000000000
95251  52.377  3.435  17.794 0.0000000000
95243  50.674  3.229  18.530 0.0000000000
95230  49.809  2.553  19.065 0.0000000000
91497  51.010  -0.700  18.275 0.0000000000
99889  48.582  8.310  4.481 0.0000000000
99014  49.271  7.678  4.753 0.0000000000
97140  53.424  5.936  6.334 0.0000000000
98014  52.622  5.792  6.177 0.0000000000
97141  53.126  5.636  6.733 0.0000000000
97132  53.134  5.671  7.677 0.0000000000
97974  52.579  5.787  9.155 0.0000000000
97108  53.080  5.556  9.536 0.0000000000
97095  53.304  5.783  10.100 0.0000000000
102226  52.381  11.247  8.695 0.0000000000
102216  52.362  11.019  9.392 0.0000000000
100601  51.197  9.188  12.857 0.0000000000
99800  51.831  7.947  12.608 0.0000000000
99799  52.320  7.674  12.287 0.0000000000
97943  53.526  6.684  12.003 0.0000000000
98879  52.857  7.152  12.494 0.0000000000
97904  53.596  6.454  13.339 0.0000000000
97030  53.909  5.559  14.768 0.0000000000
97890  53.052  6.180  15.385 0.0000000000
97880  50.374  6.808  18.637 0.0000000000
97007  51.052  5.968  18.385 0.0000000000
97002  50.722  5.817  19.269 0.0000000000
111797  46.547  22.767  7.870 0.0000000000
111796  46.925  22.255  7.470 0.0000000000
111064  47.529  21.683  6.702 0.0000000000
111063  48.289  21.118  6.125 0.0000000000
109378  49.575  20.099  5.892 0.0000000000
107516  43.323  17.603  8.862 0.0000000000
107515  43.755  17.563  8.383 0.0000000000
107527  44.292  17.592  7.867 0.0000000000
103814  48.705  13.716  4.382 0.0000000000
104683  48.064  14.390  4.834 0.0000000000
104682  49.003  14.789  4.316 0.0000000000
105580  49.567  15.762  4.234 0.0000000000
106574  49.351  16.652  4.484 0.0000000000
105591  50.371  15.758  3.697 0.0000000000
105604  51.631  15.267  2.796 0.0000000000
104700  52.040  15.037  1.769 0.0000000000
103831  51.706  14.246  1.522 0.0000000000
103065  51.400  12.572  0.002 0.0000000000
99916  51.593  8.906  0.893 0.0000000000
100727  51.430  9.745  0.317 0.0000000000
99917  51.025  9.031  0.465 0.0000000000
99913  50.220  8.895  0.799 0.0000000000
100706  49.578  8.888  1.385 0.0000000000
100707  48.808  9.436  1.665 0.0000000000
99906  49.422  8.825  2.078 0.0000000000
100686  48.942  8.670  3.605 0.0000000000
98961  47.402  7.554  7.479 0.0000000000
98962  46.373  7.439  7.692 0.0000000000
98935  46.339  7.481  9.581 0.0000000000
97931  45.983  6.668  12.664 0.0000000000
98882  46.204  7.113  11.997 0.0000000000
97932  45.065  6.591  12.697 0.0000000000
97933  44.094  6.562  12.816 0.0000000000
97912  43.078  5.984  13.459 0.0000000000
97055  42.383  5.467  13.490 0.0000000000
95282  41.721  3.584  13.737 0.0000000000
95255  47.891  3.395  17.519 0.0000000000
96119  47.942  4.282  16.681 0.0000000000
95263  46.800  3.451  16.882 0.0000000000
94442  46.152  2.786  16.703 0.0000000000
98032  39.536  6.782  5.613 0.0000000000
98031  40.069  6.834  5.925 0.0000000000
98020  40.442  6.789  6.377 0.0000000000
98008  40.764  6.516  7.039 0.0000000000
97995  41.111  6.456  7.627 0.0000000000
97980  41.840  6.376  9.039 0.0000000000
102308  46.566  10.985  0.908 0.0000000000
103068  46.792  11.611  0.795 0.0000000000
102292  45.233  11.611  2.241 0.0000000000
102283  44.861  11.399  3.131 0.0000000000
101445  42.395  10.634  6.282 0.0000000000
108430  48.092  18.670  13.701 0.0000000000
107473  48.447  17.812  13.318 0.0000000000
107480  48.788  17.333  12.100 0.0000000000
94411  52.103  2.781  19.629 0.0000000000
94394  51.640  2.141  20.122 0.0000000000
93513  51.362  1.217  20.335 0.0000000000
92504  50.887  0.267  19.430 0.0000000000
91476  50.953  -0.313  18.893 0.0000000000
99031  51.545  7.175  2.425 0.0000000000
99022  51.306  7.025  3.047 0.0000000000
98051  52.167  6.568  3.050 0.0000000000
98050  52.715  6.313  3.676 0.0000000000
98049  53.088  6.127  4.173 0.0000000000
99011  53.153  7.207  4.604 0.0000000000
99010  53.241  6.524  4.310 0.0000000000
98040  53.313  6.086  4.889 0.0000000000
98027  53.512  6.372  5.863 0.0000000000
98956  53.755  7.175  7.520 0.0000000000
102187  50.750  11.203  11.439 0.0000000000
101398  50.369  11.143  12.118 0.0000000000
101379  50.735  10.654  12.878 0.0000000000
101366  49.999  10.989  14.150 0.0000000000
100602  50.827  10.048  13.283 0.0000000000
98864  50.970  7.752  14.795 0.0000000000
98859  51.433  7.173  15.521 0.0000000000
98860  50.652  7.827  15.699 0.0000000000
98857  50.225  8.066  17.419 0.0000000000
99768  50.095  8.602  17.699 0.0000000000
98842  50.282  7.638  18.986 0.0000000000
98828  50.322  7.657  19.787 0.0000000000
97853  50.126  7.022  20.364 0.0000000000
110259  47.150  20.713  7.918 0.0000000000
103782  45.900  14.174  7.968 0.0000000000
104660  45.540  14.644  7.512 0.0000000000
103793  46.165  13.888  7.233 0.0000000000
103802  46.567  13.801  6.324 0.0000000000
103028  47.646  12.829  5.576 0.0000000000
103027  48.122  12.385  5.380 0.0000000000
103815  47.990  13.289  4.990 0.0000000000
103043  49.980  12.658  3.110 0.0000000000
102291  50.676  11.637  2.389 0.0000000000
101491  51.392  10.550  1.851 0.0000000000
101490  51.684  9.941  1.409 0.0000000000
99039  52.066  7.551  1.861 0.0000000000
98916  49.972  7.409  9.936 0.0000000000
98917  48.875  7.570  10.012 0.0000000000
97947  48.354  6.974  11.556 0.0000000000
97929  47.828  6.790  12.303 0.0000000000
97905  49.209  6.038  12.731 0.0000000000
97930  46.854  6.816  12.554 0.0000000000
97908  46.603  6.364  13.264 0.0000000000
97899  45.496  5.760  14.119 0.0000000000
97037  45.260  5.358  14.717 0.0000000000
92553  47.215  0.726  14.584 0.0000000000
92542  46.220  1.263  15.504 0.0000000000
96192  35.903  3.939  9.067 0.0000000000
98022  39.041  6.265  5.778 0.0000000000
97143  38.718  5.939  6.368 0.0000000000
97136  37.465  5.063  7.573 0.0000000000
96191  36.592  4.195  9.321 0.0000000000
95313  36.268  3.628  9.783 0.0000000000
96182  38.245  4.394  11.187 0.0000000000
95298  37.722  3.332  11.363 0.0000000000
93598  37.780  1.921  11.481 0.0000000000
105623  49.135  15.529  1.368 0.0000000000
106643  49.149  16.384  1.679 0.0000000000
103061  46.306  12.148  1.215 0.0000000000
103845  46.655  12.962  1.541 0.0000000000
102247  50.343  11.185  6.694 0.0000000000
102236  50.988  11.732  7.066 0.0000000000
103761  51.455  13.730  8.415 0.0000000000
108456  42.271  18.470  9.927 0.0000000000
108447  42.060  18.233  11.856 0.0000000000
108451  42.034  18.198  11.031 0.0000000000
107507  42.737  17.578  9.917 0.0000000000
107506  43.164  17.297  9.504 0.0000000000
105522  44.886  15.632  9.449 0.0000000000
107493  46.266  17.296  11.730 0.0000000000
106476  44.934  16.226  10.379 0.0000000000
105506  45.426  15.846  9.920 0.0000000000
104627  45.556  15.064  8.953 0.0000000000
104645  46.337  14.439  8.577 0.0000000000
103780  47.577  13.455  8.100 0.0000000000
105533  47.980  14.825  8.528 0.0000000000
103779  48.652  13.564  8.065 0.0000000000
102998  48.228  12.925  7.741 0.0000000000
102238  49.326  11.856  6.968 0.0000000000
102237  50.079  11.872  7.057 0.0000000000
96117  50.179  4.349  16.307 0.0000000000
96109  49.648  4.106  17.211 0.0000000000
96110  48.693  4.086  17.241 0.0000000000
93549  47.613  1.944  17.619 0.0000000000
92536  47.408  1.248  16.846 0.0000000000
94412  51.215  2.650  19.478 0.0000000000
94413  50.123  2.042  19.583 0.0000000000
92520  49.489  0.606  18.408 0.0000000000
93540  48.998  1.218  18.558 0.0000000000
93528  48.990  1.682  18.687 0.0000000000
92529  48.068  1.254  17.544 0.0000000000
99872  46.455  8.575  5.788 0.0000000000
98996  46.952  7.829  6.018 0.0000000000
98976  47.642  7.619  6.596 0.0000000000
98960  48.411  7.584  7.288 0.0000000000
99012  51.102  6.852  3.877 0.0000000000
98992  51.119  6.773  4.900 0.0000000000
98973  50.668  7.111  5.942 0.0000000000
98002  52.041  6.253  6.469 0.0000000000
98957  51.355  6.893  6.684 0.0000000000
98946  50.239  7.373  7.813 0.0000000000
98931  50.263  7.427  8.841 0.0000000000
97944  51.721  5.716  11.256 0.0000000000
97069  51.764  5.234  12.348 0.0000000000
97048  52.167  4.801  12.848 0.0000000000
96151  52.108  4.722  13.321 0.0000000000
101440  51.659  10.321  6.733 0.0000000000
100658  52.511  9.171  7.198 0.0000000000
101430  52.558  10.529  8.002 0.0000000000
100651  52.699  9.486  7.916 0.0000000000
99845  53.420  7.809  8.190 0.0000000000
99838  53.312  7.621  8.942 0.0000000000
102186  51.344  10.904  11.367 0.0000000000
101410  52.253  9.856  10.353 0.0000000000
99829  52.820  8.006  9.755 0.0000000000
99828  53.298  7.468  9.396 0.0000000000
98928  53.605  6.950  9.251 0.0000000000
98914  53.494  6.686  10.033 0.0000000000
97959  53.589  6.067  10.556 0.0000000000
97067  54.083  5.152  12.094 0.0000000000
96171  53.678  4.792  11.937 0.0000000000
96160  53.698  4.691  12.647 0.0000000000
96150  52.822  4.495  13.145 0.0000000000
96114  53.902  3.728  16.432 0.0000000000
96123  54.099  4.347  15.787 0.0000000000
95260  53.627  3.530  17.139 0.0000000000
97887  51.989  6.403  16.387 0.0000000000
97017  52.741  5.920  16.971 0.0000000000
97013  51.450  5.970  17.912 0.0000000000
97005  52.745  5.264  18.051 0.0000000000
96105  53.303  5.052  18.203 0.0000000000
95227  53.041  3.438  19.721 0.0000000000
95203  52.851  3.330  20.359 0.0000000000
94376  52.203  2.373  21.047 0.0000000000
93496  52.103  1.653  21.394 0.0000000000
94364  51.964  1.700  21.981 0.0000000000
111068  48.500  21.083  5.345 0.0000000000
111073  48.677  21.136  4.457 0.0000000000
110277  49.573  20.895  3.729 0.0000000000
109401  51.140  19.561  2.909 0.0000000000
109391  51.438  18.974  3.322 0.0000000000
110260  46.241  20.450  7.876 0.0000000000
109381  47.135  19.498  6.842 0.0000000000
105560  45.293  15.619  7.117 0.0000000000
105559  45.825  15.625  6.421 0.0000000000
105571  47.546  15.623  5.219 0.0000000000
108473  47.336  19.110  6.462 0.0000000000
109388  48.500  19.301  6.057 0.0000000000
109387  49.288  19.402  5.785 0.0000000000
108484  50.345  19.186  5.150 0.0000000000
107571  49.890  17.782  4.624 0.0000000000
108499  50.140  18.385  4.862 0.0000000000
108498  50.667  18.655  4.706 0.0000000000
108497  51.483  18.377  3.881 0.0000000000
108512  51.761  18.382  2.904 0.0000000000
107628  52.064  17.378  1.442 0.0000000000
105640  51.288  15.272  0.193 0.0000000000
104710  52.000  14.754  1.002 0.0000000000
104723  50.847  14.523  -0.068 0.0000000000
103851  49.657  13.427  -0.198 0.0000000000
103862  49.275  12.504  -0.405 0.0000000000
103059  51.480  12.273  1.176 0.0000000000
102298  51.492  11.759  0.455 0.0000000000
102305  51.271  11.826  -0.203 0.0000000000
100740  50.929  10.216  -0.174 0.0000000000
101515  50.640  10.788  -0.526 0.0000000000
102314  50.205  11.367  -0.833 0.0000000000
102315  49.454  11.181  -0.608 0.0000000000
102316  48.837  11.022  -0.136 0.0000000000
102307  47.373  11.140  0.477 0.0000000000
101509  47.188  10.635  0.762 0.0000000000
101500  47.043  10.358  1.299 0.0000000000
101492  47.125  10.284  2.165 0.0000000000
101482  47.278  10.236  3.224 0.0000000000
100688  46.934  9.884  4.500 0.0000000000
98998  44.974  7.802  6.455 0.0000000000
98964  44.409  7.364  7.739 0.0000000000
98016  43.894  7.341  7.685 0.0000000000
97979  42.698  6.565  9.506 0.0000000000
98918  47.926  7.481  10.091 0.0000000000
98919  47.103  7.454  10.217 0.0000000000
98936  45.648  7.445  9.872 0.0000000000
98905  45.591  7.270  11.452 0.0000000000
98922  44.947  7.290  10.949 0.0000000000
98937  44.987  7.363  10.123 0.0000000000
97965  42.804  6.475  10.529 0.0000000000
97966  41.917  6.339  10.085 0.0000000000
97056  41.293  4.936  13.070 0.0000000000
96162  40.502  4.204  12.990 0.0000000000
95289  39.630  3.402  12.542 0.0000000000
94469  39.215  2.579  12.265 0.0000000000
97021  49.664  4.973  14.765 0.0000000000
97023  47.727  5.139  15.073 0.0000000000
96129  47.366  4.713  15.890 0.0000000000
97025  45.842  5.027  15.331 0.0000000000
97026  45.000  4.864  15.213 0.0000000000
97027  44.513  4.759  15.113 0.0000000000
92554  45.949  1.038  14.760 0.0000000000
93560  45.338  2.027  15.740 0.0000000000
93570  45.105  1.538  14.945 0.0000000000
92563  44.313  1.351  13.384 0.0000000000
93578  44.776  1.459  14.289 0.0000000000
94446  44.826  2.796  15.548 0.0000000000
95268  44.424  3.501  15.336 0.0000000000
95269  43.797  3.594  15.003 0.0000000000
96140  43.570  4.402  14.868 0.0000000000
95272  43.193  3.642  14.645 0.0000000000
95281  42.257  3.215  13.863 0.0000000000
90460  50.108  -2.094  19.167 0.0000000000
90479  50.401  -2.193  18.164 0.0000000000
90491  49.710  -2.194  17.395 0.0000000000
90490  50.537  -1.980  17.179 0.0000000000
90477  51.275  -1.237  18.400 0.0000000000
91475  51.310  -0.718  19.185 0.0000000000
92463  51.926  0.884  22.169 0.0000000000
92464  51.560  0.358  22.383 0.0000000000
92490  51.293  0.529  20.077 0.0000000000
92521  48.701  0.958  18.120 0.0000000000
92530  47.533  1.521  17.299 0.0000000000
93485  52.039  1.245  21.970 0.0000000000
93495  52.122  1.977  21.155 0.0000000000
93526  50.197  1.038  19.707 0.0000000000
93541  48.510  1.657  18.231 0.0000000000
93542  48.115  2.057  18.000 0.0000000000
93553  47.120  1.720  17.107 0.0000000000
93558  46.825  1.512  16.546 0.0000000000
93561  44.703  2.202  15.167 0.0000000000
93569  45.732  1.428  15.421 0.0000000000
93605  37.879  1.403  11.285 0.0000000000
94415  48.782  1.995  18.569 0.0000000000
94429  52.438  3.122  19.115 0.0000000000
94433  47.952  2.557  17.837 0.0000000000
94439  47.383  2.654  17.507 0.0000000000
94440  46.807  2.708  17.135 0.0000000000
94447  44.120  2.827  14.854 0.0000000000
94448  43.606  3.227  14.664 0.0000000000
94454  42.587  3.090  13.908 0.0000000000
94462  42.299  2.700  13.456 0.0000000000
94468  40.402  2.756  12.748 0.0000000000
95185  52.567  2.939  20.736 0.0000000000
95229  50.383  2.800  19.078 0.0000000000
95245  48.690  3.033  18.177 0.0000000000
95250  53.286  3.453  17.875 0.0000000000
95259  54.088  3.719  17.047 0.0000000000
95262  47.395  3.848  16.920 0.0000000000
95273  42.484  3.596  14.176 0.0000000000
95274  42.012  3.958  14.069 0.0000000000
95283  40.898  3.644  13.270 0.0000000000
95290  38.944  3.412  12.201 0.0000000000
95312  36.755  3.924  9.892 0.0000000000
96068  52.910  3.580  20.427 0.0000000000
96069  52.655  3.749  20.391 0.0000000000
96106  52.526  3.528  17.166 0.0000000000
96133  44.080  4.063  15.253 0.0000000000
96139  44.203  4.563  15.074 0.0000000000
96142  42.252  4.229  14.162 0.0000000000
96152  42.346  4.717  14.027 0.0000000000
96161  53.247  4.580  12.149 0.0000000000
96163  39.820  4.155  12.574 0.0000000000
96173  39.354  4.321  12.119 0.0000000000
97006  51.889  5.372  18.257 0.0000000000
97019  54.019  5.061  15.166 0.0000000000
97022  48.745  5.093  14.910 0.0000000000
97024  46.754  5.121  15.252 0.0000000000
97031  51.051  5.103  13.845 0.0000000000
97039  43.116  5.085  14.319 0.0000000000
97054  43.397  5.661  13.909 0.0000000000
97057  40.810  4.574  12.972 0.0000000000
97075  39.710  4.538  12.175 0.0000000000
97121  41.086  6.302  7.976 0.0000000000
97142  39.268  6.107  6.243 0.0000000000
97148  53.298  5.839  5.499 0.0000000000
97149  53.089  5.597  5.863 0.0000000000
97154  53.159  5.754  4.992 0.0000000000
97874  50.340  7.220  19.296 0.0000000000
97883  51.476  6.429  17.037 0.0000000000
97898  46.367  5.918  13.967 0.0000000000
97903  54.130  5.812  13.225 0.0000000000
97925  51.728  5.470  11.803 0.0000000000
97951  42.903  6.508  11.571 0.0000000000
97977  44.300  7.057  10.432 0.0000000000
97987  53.687  6.368  8.716 0.0000000000
97990  44.951  7.342  9.152 0.0000000000
98015  52.080  6.051  5.623 0.0000000000
98030  51.613  6.378  4.126 0.0000000000
98033  38.789  6.788  5.367 0.0000000000
98042  52.209  6.127  3.847 0.0000000000
98052  51.793  6.701  3.031 0.0000000000
98059  52.249  6.885  2.767 0.0000000000
98829  50.336  7.390  19.381 0.0000000000
98843  50.350  7.422  19.195 0.0000000000
98851  50.195  8.289  17.573 0.0000000000
98863  51.832  7.221  14.652 0.0000000000
98883  45.472  6.983  12.128 0.0000000000
98901  48.633  7.276  10.824 0.0000000000
98920  46.358  7.452  10.418 0.0000000000
98921  45.639  7.423  10.666 0.0000000000
98965  37.131  7.425  6.847 0.0000000000
98972  51.497  6.572  5.803 0.0000000000
98983  40.377  7.054  6.041 0.0000000000
99001  41.085  7.747  6.042 0.0000000000
99004  38.520  7.370  5.267 0.0000000000
99021  51.816  6.859  2.756 0.0000000000
99040  51.671  7.410  1.930 0.0000000000
99759  49.781  8.534  18.858 0.0000000000
99769  50.216  8.530  17.512 0.0000000000
99778  50.211  8.358  17.333 0.0000000000
99856  44.598  8.485  6.150 0.0000000000
99876  41.399  8.188  6.117 0.0000000000
99879  38.755  8.034  5.388 0.0000000000
99910  52.444  7.790  2.226 0.0000000000
100547  49.488  8.802  18.582 0.0000000000
100674  50.421  9.871  5.018 0.0000000000
100685  50.158  10.015  4.343 0.0000000000
100717  49.311  9.311  0.886 0.0000000000
100728  50.653  9.684  0.063 0.0000000000
100731  47.878  10.463  0.582 0.0000000000
100742  49.744  10.303  -0.273 0.0000000000
101468  49.459  10.674  4.365 0.0000000000
101499  51.504  11.027  1.353 0.0000000000
101507  48.874  10.434  0.170 0.0000000000
101510  46.701  10.735  0.945 0.0000000000
101517  49.296  10.574  -0.215 0.0000000000
102159  49.160  11.025  14.079 0.0000000000
102164  50.281  10.931  13.599 0.0000000000
102269  49.522  11.162  3.723 0.0000000000
102282  49.440  11.572  3.684 0.0000000000
102306  48.270  11.384  0.154 0.0000000000
102313  50.915  11.558  -0.637 0.0000000000
102996  49.499  13.089  7.666 0.0000000000
103021  46.599  13.444  6.759 0.0000000000
103036  48.041  12.727  5.146 0.0000000000
103051  50.600  12.226  2.434 0.0000000000
103058  51.547  12.861  0.613 0.0000000000
103069  46.236  11.457  1.215 0.0000000000
103076  48.975  11.673  -0.392 0.0000000000
103777  50.260  13.889  7.712 0.0000000000
103789  50.920  13.490  7.591 0.0000000000
103790  50.213  13.363  7.590 0.0000000000
103791  49.744  13.180  7.631 0.0000000000
103792  46.867  13.365  7.586 0.0000000000
103794  45.890  14.247  7.563 0.0000000000
103801  46.850  13.550  5.997 0.0000000000
103859  51.212  13.152  -0.231 0.0000000000
104640  51.005  13.990  7.753 0.0000000000
104643  48.233  14.276  8.353 0.0000000000
104646  45.553  14.798  8.437 0.0000000000
104657  50.889  13.815  7.626 0.0000000000
104658  50.650  13.890  7.683 0.0000000000
104659  45.819  14.490  6.990 0.0000000000
104667  45.571  14.941  6.815 0.0000000000
104674  47.487  14.643  5.244 0.0000000000
104701  51.597  14.739  2.339 0.0000000000
104737  51.340  13.683  -0.044 0.0000000000
104739  50.412  13.678  -0.320 0.0000000000
105487  50.189  15.935  10.917 0.0000000000
105504  49.852  15.326  10.735 0.0000000000
105507  44.839  15.899  9.878 0.0000000000
105521  45.693  15.395  9.397 0.0000000000
105532  48.654  15.087  8.447 0.0000000000
105534  45.081  15.297  8.857 0.0000000000
105548  44.415  16.292  8.175 0.0000000000
105589  51.883  16.159  3.168 0.0000000000
105602  52.402  16.249  2.319 0.0000000000
105605  48.745  16.040  1.861 0.0000000000
105620  52.464  16.146  2.010 0.0000000000
105622  49.949  15.521  0.531 0.0000000000
106470  50.601  16.053  10.248 0.0000000000
106471  50.243  16.358  10.526 0.0000000000
106487  50.598  16.168  9.987 0.0000000000
106493  43.593  16.747  9.576 0.0000000000
106507  43.433  17.062  9.121 0.0000000000
106573  50.331  16.718  4.063 0.0000000000
106594  52.136  16.648  3.045 0.0000000000
106617  52.444  16.536  2.128 0.0000000000
106666  51.537  15.775  0.429 0.0000000000
107500  43.227  17.075  10.235 0.0000000000
107569  51.487  17.839  3.866 0.0000000000
107592  51.420  17.181  3.748 0.0000000000
107611  52.395  16.843  2.285 0.0000000000
107627  52.394  16.951  1.968 0.0000000000
108455  42.833  17.861  9.402 0.0000000000
108457  41.835  19.006  10.235 0.0000000000
108462  42.546  18.876  9.330 0.0000000000
108485  49.761  18.633  5.159 0.0000000000
109347  41.310  19.817  12.966 0.0000000000
109373  46.769  19.950  7.408 0.0000000000
109400  51.427  19.021  2.708 0.0000000000
110236  41.002  20.014  12.806 0.0000000000
110240  41.078  20.186  11.122 0.0000000000
110267  50.388  20.268  4.730 0.0000000000
110273  49.410  20.800  4.430 0.0000000000
111061  46.973  22.169  8.103 0.0000000000
111069  47.711  21.465  5.532 0.0000000000
111802  47.140  22.067  7.238 0.0000000000
111804  45.862  23.215  7.070 0.0000000000
