#!ascii label  , from subject sub-01 vox2ras=TkReg
707
80260  19.044  -12.310  -30.800 0.2500000000
81314  19.749  -11.732  -31.863 0.2500000000
80271  19.770  -12.700  -31.820 0.7500000000
83378  17.735  -9.533  -29.780 0.2500000000
82366  18.035  -10.263  -30.145 0.1250000000
83377  18.138  -9.521  -30.512 0.3750000000
82365  18.449  -10.335  -30.703 0.2500000000
81302  18.759  -11.355  -30.664 0.2500000000
81315  19.301  -11.281  -31.401 0.3750000000
80285  20.392  -12.393  -32.205 0.8750000000
80284  21.203  -12.567  -32.458 0.8750000000
83387  18.593  -9.590  -31.196 0.3750000000
82376  18.969  -10.461  -31.291 0.3750000000
82375  19.669  -10.542  -31.838 0.8750000000
81344  22.333  -10.961  -32.786 1.0000000000
81329  20.334  -11.106  -32.154 1.0000000000
81327  21.724  -11.723  -32.639 1.0000000000
81328  20.982  -11.442  -32.507 0.8750000000
80302  22.459  -12.202  -32.706 1.0000000000
84333  17.792  -8.696  -30.222 0.2500000000
83399  19.742  -9.470  -32.252 0.8750000000
82390  20.198  -10.172  -32.277 0.8750000000
83386  19.146  -9.594  -31.757 0.7500000000
82388  21.572  -10.457  -32.689 1.0000000000
82389  20.778  -10.331  -32.486 1.0000000000
81343  23.159  -11.188  -32.896 1.0000000000
84334  17.425  -8.650  -29.353 0.1250000000
84347  18.289  -8.644  -31.058 0.6250000000
84358  19.990  -8.488  -32.480 1.0000000000
84346  18.747  -8.929  -31.619 0.8750000000
83398  20.432  -9.388  -32.485 1.0000000000
82404  23.720  -10.191  -33.231 1.0000000000
82405  22.913  -10.114  -32.853 1.0000000000
82406  22.249  -10.003  -32.773 1.0000000000
83397  21.146  -9.388  -32.587 1.0000000000
81342  23.997  -11.296  -33.423 1.0000000000
81355  25.770  -10.985  -34.529 1.0000000000
89129  17.485  -4.735  -29.581 0.2500000000
85357  17.420  -7.753  -29.953 0.3750000000
85356  17.915  -7.991  -30.669 0.5000000000
85387  18.872  -7.587  -31.994 1.0000000000
85371  18.264  -7.572  -31.350 0.6250000000
84359  19.200  -8.559  -32.109 1.0000000000
84376  21.453  -8.403  -32.622 1.0000000000
84357  20.755  -8.467  -32.540 1.0000000000
84375  22.180  -8.240  -32.805 1.0000000000
83412  24.150  -9.161  -33.469 1.0000000000
81356  25.149  -10.584  -34.228 1.0000000000
82402  25.087  -9.550  -34.012 1.0000000000
82417  25.480  -9.977  -34.250 1.0000000000
88179  18.315  -4.962  -31.047 0.5000000000
88166  17.551  -5.156  -29.998 0.3750000000
87236  17.268  -6.025  -29.905 0.3750000000
87249  17.690  -6.186  -30.629 0.5000000000
87248  18.101  -5.799  -31.115 0.5000000000
86344  18.676  -6.572  -31.796 0.8750000000
85386  19.546  -7.595  -32.305 1.0000000000
86355  19.685  -6.497  -32.240 1.0000000000
85385  20.423  -7.461  -32.551 1.0000000000
84373  23.812  -8.016  -33.635 1.0000000000
84374  22.940  -8.123  -33.203 1.0000000000
83428  25.426  -8.981  -34.095 1.0000000000
83411  24.804  -9.062  -33.798 1.0000000000
82416  26.482  -10.111  -34.505 0.8750000000
89128  17.937  -4.307  -30.189 0.5000000000
88165  17.926  -5.148  -30.608 0.5000000000
87258  20.234  -5.460  -32.303 0.6250000000
86343  19.164  -6.035  -31.851 1.0000000000
86354  20.896  -6.373  -32.724 1.0000000000
85420  25.240  -7.246  -34.824 1.0000000000
85422  23.857  -6.734  -33.922 1.0000000000
85402  23.350  -7.054  -33.538 1.0000000000
85403  22.508  -7.197  -33.048 1.0000000000
84394  24.344  -7.923  -33.937 1.0000000000
85419  26.221  -7.356  -34.990 0.8750000000
84393  24.903  -8.128  -34.168 1.0000000000
83427  26.203  -9.122  -34.417 0.8750000000
89142  18.406  -4.380  -31.019 0.5000000000
88189  19.640  -4.568  -31.775 0.8750000000
87278  22.577  -5.135  -33.231 1.0000000000
87279  21.876  -5.585  -32.770 1.0000000000
86391  24.759  -6.086  -34.819 1.0000000000
87293  24.131  -5.287  -34.444 1.0000000000
86375  21.926  -6.329  -32.858 1.0000000000
87291  25.338  -5.263  -35.157 1.0000000000
86389  26.648  -6.508  -34.911 1.0000000000
89141  18.689  -3.683  -31.140 0.5000000000
88188  20.601  -4.496  -32.183 1.0000000000
89167  23.651  -3.434  -34.687 1.0000000000
88205  23.002  -4.327  -34.122 1.0000000000
88186  22.188  -4.348  -33.098 1.0000000000
89180  26.018  -3.576  -35.252 1.0000000000
88220  24.915  -4.342  -35.368 1.0000000000
88204  26.432  -4.433  -34.890 1.0000000000
88219  25.691  -4.431  -35.322 1.0000000000
87292  24.712  -5.020  -34.931 1.0000000000
87289  26.964  -5.841  -34.660 1.0000000000
92125  22.557  -0.516  -33.487 1.0000000000
92092  20.108  -0.965  -31.941 0.3750000000
92126  22.108  -1.139  -33.306 0.8750000000
90095  23.233  -2.495  -34.031 1.0000000000
89181  25.260  -3.564  -35.655 1.0000000000
89182  24.358  -3.477  -35.487 1.0000000000
93177  22.555  0.122  -33.337 0.8750000000
91105  22.650  -1.633  -33.614 1.0000000000
92124  23.693  -0.397  -34.441 1.0000000000
90094  23.989  -2.422  -34.715 1.0000000000
90105  25.619  -2.811  -35.419 1.0000000000
91113  25.424  -2.099  -35.309 1.0000000000
90093  26.209  -2.718  -34.907 1.0000000000
93161  22.813  0.834  -33.030 0.7500000000
92123  24.671  -0.265  -35.034 1.0000000000
91101  26.136  -1.601  -34.665 1.0000000000
91102  25.189  -1.257  -35.142 1.0000000000
93175  24.171  0.684  -34.533 1.0000000000
92122  25.583  -0.333  -34.670 1.0000000000
97483  24.431  5.672  -32.830 0.1250000000
97496  24.467  5.730  -33.912 0.2500000000
97495  24.817  5.728  -34.593 0.3750000000
98381  24.586  6.624  -34.214 0.2500000000
98380  25.079  6.555  -34.667 0.5000000000
99357  25.353  7.076  -34.440 0.2500000000
99359  24.221  7.594  -33.743 0.2500000000
99358  24.851  7.615  -34.324 0.2500000000
100257  24.941  8.671  -34.065 0.2500000000
99347  25.294  8.111  -34.050 0.2500000000
100248  25.666  8.614  -33.571 0.2500000000
100247  26.529  8.482  -32.801 0.3750000000
101041  26.175  9.434  -32.900 0.2500000000
80251  18.861  -12.210  -30.300 0.1250000000
82349  17.803  -10.318  -29.516 0.1250000000
80300  24.265  -12.396  -33.383 1.0000000000
87257  21.235  -5.345  -32.609 0.8750000000
88221  24.270  -4.383  -35.065 1.0000000000
79285  19.167  -12.764  -30.593 0.1250000000
79306  21.524  -13.566  -32.510 0.7500000000
79305  22.047  -13.834  -32.674 1.0000000000
81291  18.461  -11.566  -29.853 0.1250000000
80301  23.391  -12.305  -32.927 1.0000000000
81340  25.643  -11.870  -34.139 1.0000000000
85334  16.723  -7.763  -28.823 0.3750000000
88143  16.044  -5.731  -28.740 0.2500000000
87213  16.497  -6.216  -29.157 0.2500000000
84391  26.724  -8.308  -34.788 0.8750000000
83426  27.149  -9.271  -34.637 0.8750000000
85418  27.220  -7.462  -34.793 0.8750000000
91074  19.392  -1.398  -31.340 0.1250000000
89152  20.823  -3.526  -32.373 0.6250000000
87276  26.852  -5.143  -34.615 1.0000000000
92109  21.358  -0.745  -32.721 0.5000000000
92108  22.006  -0.307  -32.966 0.8750000000
92110  20.630  -1.288  -32.507 0.3750000000
91087  21.050  -1.752  -32.859 0.8750000000
90092  26.941  -2.555  -34.098 1.0000000000
93176  23.131  0.476  -33.626 1.0000000000
94089  23.906  1.431  -33.780 0.8750000000
94087  25.876  1.753  -34.281 1.0000000000
93173  25.924  0.630  -34.162 1.0000000000
92121  26.438  -0.358  -33.879 1.0000000000
97468  24.534  5.630  -31.515 0.1250000000
96541  24.281  4.673  -32.239 0.1250000000
95736  24.814  3.938  -34.068 0.6250000000
98379  25.756  6.534  -34.367 0.5000000000
98369  24.298  6.615  -33.355 0.2500000000
99345  26.751  7.433  -32.840 0.5000000000
99348  24.045  7.557  -32.697 0.2500000000
100258  24.009  8.734  -34.149 0.2500000000
99346  25.855  7.575  -33.871 0.5000000000
101042  25.398  9.470  -33.562 0.2500000000
100235  27.339  8.804  -32.143 0.3750000000
101810  27.561  10.404  -31.893 0.2500000000
101050  24.643  9.533  -34.042 0.1250000000
80272  19.288  -12.267  -31.336 0.3750000000
81292  18.156  -10.924  -29.983 0.1250000000
79325  22.097  -13.141  -32.676 1.0000000000
80283  21.805  -12.656  -32.611 1.0000000000
84360  18.659  -8.246  -31.674 0.8750000000
82403  24.685  -10.181  -33.873 1.0000000000
83415  21.867  -9.274  -32.690 1.0000000000
81341  24.893  -11.436  -34.021 1.0000000000
86309  16.887  -6.945  -29.541 0.3750000000
86331  17.453  -6.824  -30.356 0.5000000000
86356  19.163  -7.046  -32.176 0.8750000000
85384  21.071  -7.743  -32.603 1.0000000000
83413  23.363  -9.117  -33.132 1.0000000000
83414  22.592  -9.144  -32.847 1.0000000000
86345  17.922  -6.700  -31.089 0.6250000000
87247  18.755  -5.581  -31.562 0.6250000000
85405  21.067  -7.142  -32.735 1.0000000000
86353  21.479  -5.935  -32.767 1.0000000000
85404  21.643  -7.390  -32.771 1.0000000000
84372  24.392  -8.439  -33.768 1.0000000000
84392  25.793  -8.177  -34.572 0.8750000000
82415  27.494  -10.244  -34.520 0.8750000000
86390  25.727  -6.339  -35.195 1.0000000000
85421  24.345  -7.185  -34.192 1.0000000000
86373  23.639  -6.077  -33.881 1.0000000000
88222  23.707  -4.410  -34.630 1.0000000000
87256  21.971  -4.988  -32.746 1.0000000000
87277  23.360  -5.191  -33.932 1.0000000000
86374  22.934  -6.142  -33.349 1.0000000000
87290  26.261  -5.429  -35.119 1.0000000000
89153  19.880  -3.604  -31.758 0.6250000000
88187  21.512  -4.371  -32.603 1.0000000000
88206  22.543  -4.238  -33.597 1.0000000000
89150  22.316  -3.876  -33.427 1.0000000000
89168  22.663  -3.413  -33.761 1.0000000000
89165  26.681  -3.552  -34.524 1.0000000000
91106  21.854  -1.691  -33.264 1.0000000000
89169  22.141  -2.947  -33.410 1.0000000000
90107  24.430  -2.509  -35.324 1.0000000000
90106  24.961  -2.704  -35.688 1.0000000000
91104  23.524  -1.487  -34.147 1.0000000000
91103  24.353  -1.465  -34.945 1.0000000000
91114  24.852  -1.987  -35.398 1.0000000000
91112  25.847  -2.292  -35.143 1.0000000000
93174  25.191  0.724  -34.645 1.0000000000
96527  24.113  4.687  -30.886 0.1250000000
96556  24.506  4.795  -33.454 0.3750000000
97494  25.498  5.678  -34.670 0.7500000000
101030  26.984  9.484  -32.229 0.2500000000
79296  19.255  -12.887  -30.991 0.2500000000
79277  19.227  -12.853  -30.157 0.1250000000
79284  19.443  -13.521  -30.670 0.1250000000
79308  20.148  -13.519  -31.908 0.6250000000
79307  20.795  -13.528  -32.234 0.7500000000
91088  20.129  -1.795  -32.279 0.5000000000
89151  21.813  -3.442  -33.061 0.8750000000
90079  20.861  -2.618  -32.753 0.7500000000
90097  21.668  -2.480  -33.197 1.0000000000
90096  22.391  -2.449  -33.541 1.0000000000
94088  24.810  1.676  -34.299 1.0000000000
93160  26.612  0.698  -33.715 1.0000000000
96570  25.180  4.812  -34.608 0.7500000000
96571  24.765  5.026  -34.217 0.5000000000
76446  23.837  -17.130  -32.811 0.7500000000
75473  25.633  -17.257  -33.235 0.7500000000
76448  22.158  -16.553  -32.487 0.7500000000
77406  22.589  -15.986  -32.484 0.7500000000
76465  25.323  -16.365  -33.280 0.7500000000
76466  24.230  -16.284  -32.991 0.7500000000
76467  23.627  -15.872  -32.775 0.7500000000
77427  24.082  -15.292  -33.035 0.7500000000
78342  21.689  -14.567  -32.539 0.7500000000
77428  23.109  -15.338  -32.646 0.7500000000
78360  23.004  -14.294  -32.762 0.8750000000
78361  22.331  -14.417  -32.646 0.8750000000
77425  26.061  -15.488  -33.570 0.7500000000
77426  25.008  -15.420  -33.424 0.7500000000
78358  24.751  -14.442  -33.424 0.7500000000
79324  22.691  -13.375  -32.751 0.8750000000
78357  25.760  -14.533  -33.698 0.7500000000
79322  24.503  -13.447  -33.370 0.8750000000
79323  23.615  -13.363  -32.973 0.8750000000
79321  25.451  -13.548  -33.750 0.7500000000
80297  27.188  -12.861  -34.053 0.8750000000
80298  26.170  -12.603  -34.065 0.8750000000
80310  28.890  -12.208  -34.394 0.3750000000
81352  28.713  -11.384  -34.480 0.6250000000
81353  27.776  -11.230  -34.377 0.7500000000
80313  26.280  -11.712  -34.329 0.7500000000
81351  29.434  -11.520  -34.464 0.5000000000
82414  28.512  -10.408  -34.645 0.7500000000
82412  30.306  -10.461  -34.856 0.1250000000
82413  29.528  -10.595  -34.817 0.3750000000
83425  28.181  -9.434  -34.767 0.6250000000
83396  31.449  -9.891  -33.509 0.1250000000
83410  30.787  -10.070  -34.870 0.1250000000
83423  30.314  -9.693  -35.174 0.1250000000
84388  29.959  -8.734  -35.148 0.1250000000
84389  28.868  -8.636  -34.817 0.6250000000
84390  27.762  -8.445  -34.796 0.7500000000
84371  31.403  -9.192  -35.006 0.1250000000
85414  31.421  -7.787  -35.357 0.1250000000
85416  29.557  -7.969  -34.613 0.1250000000
85417  28.403  -7.563  -34.456 0.6250000000
85399  29.244  -7.303  -34.078 0.5000000000
86387  28.357  -6.816  -34.146 0.6250000000
86388  27.614  -6.565  -34.472 0.7500000000
94090  23.254  1.200  -33.221 0.6250000000
94076  23.517  1.944  -33.009 0.5000000000
87274  28.506  -5.640  -33.531 0.6250000000
88202  27.932  -4.663  -33.420 0.6250000000
88203  27.131  -4.481  -34.204 0.8750000000
87273  29.484  -5.931  -33.259 0.5000000000
88201  29.012  -4.877  -32.899 0.6250000000
91100  27.296  -1.380  -33.512 0.8750000000
89164  27.406  -3.594  -33.618 0.7500000000
90091  27.772  -2.587  -33.061 0.8750000000
91099  28.308  -1.784  -32.742 0.8750000000
91086  27.500  -0.767  -33.161 0.8750000000
88200  30.332  -5.166  -32.993 0.3750000000
89162  29.657  -3.845  -32.509 0.5000000000
89163  28.316  -3.727  -32.686 0.6250000000
88199  31.247  -4.904  -33.693 0.2500000000
89161  30.850  -3.906  -32.905 0.3750000000
94895  24.398  2.598  -33.593 0.6250000000
94894  25.235  2.790  -34.358 0.7500000000
93159  27.365  0.760  -33.260 0.7500000000
92106  27.643  -0.159  -32.961 0.8750000000
90090  28.972  -2.550  -32.469 0.6250000000
91098  28.868  -1.904  -32.490 0.7500000000
90089  30.286  -2.649  -32.491 0.5000000000
91084  29.037  -1.347  -32.350 0.7500000000
94086  26.423  2.279  -34.103 0.8750000000
94074  26.913  1.705  -33.771 0.8750000000
94892  26.795  2.762  -33.835 0.7500000000
94073  27.769  1.548  -32.970 0.8750000000
93157  28.969  0.357  -32.157 0.7500000000
91096  31.703  -1.666  -33.003 0.2500000000
91097  31.026  -1.958  -32.553 0.5000000000
90104  31.981  -3.132  -33.735 0.2500000000
95735  25.614  3.823  -34.449 0.6250000000
95733  27.133  3.366  -33.411 0.7500000000
95734  26.487  3.773  -34.001 0.7500000000
94871  27.920  3.022  -32.461 0.7500000000
94881  27.568  2.576  -32.989 0.7500000000
95721  27.062  4.058  -33.344 0.7500000000
94870  28.434  2.551  -32.253 0.7500000000
94062  29.162  1.720  -32.092 0.7500000000
92089  30.653  0.442  -31.967 0.5000000000
93142  30.424  0.912  -31.964 0.3750000000
93143  29.642  0.816  -31.985 0.6250000000
92119  32.003  -1.148  -33.273 0.2500000000
92103  30.871  -0.189  -32.069 0.3750000000
93155  31.592  0.613  -32.421 0.3750000000
96569  25.965  4.751  -34.412 0.6250000000
96554  27.373  4.734  -32.820 0.7500000000
96553  28.016  4.402  -32.400 0.7500000000
95711  28.963  3.606  -32.004 0.7500000000
95710  29.965  3.586  -31.805 0.6250000000
94071  31.345  1.506  -32.176 0.3750000000
94868  30.410  2.757  -31.978 0.3750000000
92118  32.244  -0.765  -33.662 0.1250000000
93154  32.194  0.527  -33.044 0.1250000000
97481  26.821  5.636  -33.148 0.7500000000
96540  27.974  5.008  -32.237 0.6250000000
96539  28.611  4.653  -31.910 0.7500000000
95709  30.786  3.546  -31.894 0.3750000000
94878  32.058  2.640  -32.669 0.2500000000
94879  31.547  2.514  -32.240 0.3750000000
94869  29.519  2.660  -32.022 0.6250000000
94113  32.646  0.984  -35.278 0.1250000000
94102  32.624  1.189  -34.455 0.1250000000
93172  32.470  0.241  -33.891 0.1250000000
97482  26.230  5.664  -34.096 0.6250000000
97466  28.334  5.629  -31.822 0.3750000000
97467  27.562  5.658  -32.366 0.3750000000
97465  29.189  5.549  -31.500 0.3750000000
96552  31.902  4.461  -32.493 0.2500000000
96538  29.554  4.533  -31.585 0.3750000000
95741  32.505  3.204  -34.571 0.1250000000
95717  32.234  3.170  -32.980 0.3750000000
95708  31.340  3.340  -32.090 0.3750000000
93197  32.588  0.208  -35.835 0.1250000000
94891  32.346  2.380  -33.226 0.1250000000
99334  27.612  7.393  -32.102 0.3750000000
98368  26.449  6.570  -33.556 0.3750000000
98367  27.098  6.515  -32.563 0.3750000000
98355  28.850  6.480  -31.481 0.3750000000
98356  27.973  6.498  -31.887 0.3750000000
98353  30.698  6.401  -31.468 0.3750000000
97464  30.142  5.471  -31.395 0.3750000000
97480  31.749  5.297  -32.214 0.3750000000
96536  31.354  4.282  -32.014 0.3750000000
95745  32.520  3.280  -35.588 0.1250000000
96551  32.222  4.098  -33.109 0.1250000000
94923  32.474  2.318  -36.295 0.1250000000
100233  29.217  8.436  -31.391 0.2500000000
99331  30.382  7.383  -31.414 0.2500000000
99332  29.534  7.468  -31.322 0.3750000000
99333  28.658  7.354  -31.513 0.3750000000
98366  31.991  6.202  -32.842 0.1250000000
98354  29.688  6.574  -31.331 0.3750000000
98352  31.479  6.312  -31.936 0.2500000000
97513  32.180  5.056  -35.508 0.1250000000
97479  32.203  5.115  -32.822 0.1250000000
100234  28.127  8.446  -31.809 0.3750000000
100232  30.160  8.360  -31.399 0.2500000000
99344  31.536  7.235  -32.398 0.1250000000
100230  31.217  7.938  -32.155 0.1250000000
99356  31.663  7.391  -33.243 0.1250000000
100245  31.426  8.213  -32.768 0.1250000000
96584  32.048  4.568  -36.503 0.1250000000
98390  31.708  6.649  -34.674 0.1250000000
101040  31.434  9.433  -33.100 0.1250000000
99368  31.157  7.618  -35.036 0.1250000000
100256  31.434  8.446  -33.669 0.1250000000
97522  30.898  6.078  -36.702 0.1250000000
97526  31.394  5.181  -37.111 0.1250000000
86371  28.870  -6.606  -33.693 0.6250000000
90077  29.552  -1.989  -32.328 0.5000000000
90088  31.434  -2.819  -33.007 0.3750000000
94893  26.091  2.871  -34.305 0.8750000000
94063  28.412  1.581  -32.432 0.7500000000
91083  30.271  -1.418  -32.121 0.5000000000
92104  29.642  -0.301  -31.924 0.7500000000
91082  31.208  -1.168  -32.419 0.5000000000
97504  32.270  5.305  -34.476 0.1250000000
99330  31.120  7.262  -31.743 0.2500000000
99365  31.501  7.545  -34.151 0.1250000000
98398  31.168  6.671  -35.629 0.1250000000
83424  29.232  -9.595  -35.035 0.5000000000
86370  29.841  -6.814  -33.737 0.3750000000
91085  28.021  -0.971  -32.814 0.7500000000
98377  32.216  5.823  -33.660 0.1250000000
75448  24.011  -17.803  -32.845 0.7500000000
75449  23.234  -17.670  -32.657 0.7500000000
74356  25.178  -17.808  -33.174 0.7500000000
75474  24.692  -17.297  -33.053 0.7500000000
75472  26.572  -17.364  -33.320 0.7500000000
78343  21.038  -14.512  -32.333 0.6250000000
77407  22.106  -15.461  -32.520 0.7500000000
76464  26.336  -16.415  -33.374 0.6250000000
78356  26.844  -14.585  -33.778 0.6250000000
79320  26.499  -13.632  -33.882 0.6250000000
80296  27.736  -12.997  -34.134 0.5000000000
79333  28.621  -12.907  -34.321 0.3750000000
80309  29.398  -12.296  -34.197 0.1250000000
82400  30.601  -10.700  -34.235 0.1250000000
82399  31.095  -10.338  -33.708 0.1250000000
83395  31.848  -9.609  -32.759 0.1250000000
84356  32.119  -8.748  -33.307 0.1250000000
84370  31.814  -8.704  -34.583 0.1250000000
84386  31.711  -8.266  -35.289 0.1250000000
94077  22.631  1.410  -32.626 0.3750000000
85415  30.585  -7.817  -35.064 0.1250000000
86369  30.787  -6.876  -34.431 0.1250000000
87272  30.323  -6.170  -33.606 0.2500000000
94882  23.654  2.863  -32.582 0.5000000000
89160  31.576  -3.886  -33.652 0.2500000000
90103  32.338  -2.632  -34.419 0.1250000000
92135  32.451  -0.696  -34.528 0.1250000000
92142  32.525  -0.745  -35.479 0.1250000000
95722  24.242  3.735  -32.975 0.3750000000
94129  32.315  1.358  -37.034 0.1250000000
93207  32.475  0.295  -36.820 0.1250000000
95753  32.284  3.517  -36.617 0.1250000000
95763  31.439  3.410  -38.480 0.1250000000
101027  29.942  9.436  -31.423 0.2500000000
101807  30.755  10.530  -31.831 0.1250000000
100262  31.194  8.551  -34.603 0.1250000000
96594  31.424  4.561  -37.759 0.1250000000
98409  30.356  6.674  -36.836 0.1250000000
87275  27.590  -5.508  -34.134 0.7500000000
93162  21.987  0.362  -32.713 0.3750000000
92120  27.170  -0.523  -33.394 0.8750000000
80299  25.132  -12.558  -33.825 0.8750000000
81354  26.806  -11.054  -34.480 0.7500000000
94075  26.315  1.219  -33.998 0.8750000000
92107  26.986  0.084  -33.384 0.8750000000
100246  27.266  8.113  -32.328 0.3750000000
101029  27.896  9.517  -31.795 0.1250000000
101028  28.892  9.479  -31.499 0.2500000000
76447  23.125  -16.548  -32.609 0.7500000000
76449  21.449  -16.356  -32.349 0.7500000000
78344  20.471  -14.453  -32.019 0.6250000000
77429  22.603  -14.884  -32.619 0.7500000000
78359  23.839  -14.363  -32.992 0.8750000000
79319  27.556  -13.643  -34.033 0.6250000000
80312  27.038  -11.987  -34.337 0.7500000000
80311  28.017  -12.354  -34.339 0.6250000000
82401  30.034  -11.038  -34.634 0.2500000000
81339  29.980  -11.597  -34.162 0.1250000000
83409  31.281  -9.723  -34.406 0.1250000000
83408  31.706  -9.317  -33.741 0.1250000000
84387  31.115  -8.743  -35.419 0.1250000000
85398  30.053  -7.417  -34.333 0.1250000000
86372  28.196  -6.221  -34.012 0.6250000000
92105  28.580  -0.310  -32.441 0.7500000000
93158  28.241  0.673  -32.643 0.7500000000
93144  28.876  1.015  -32.217 0.7500000000
91095  32.165  -1.676  -33.654 0.1250000000
96555  26.630  4.764  -33.663 0.7500000000
95720  27.697  3.675  -32.731 0.7500000000
94061  30.135  1.765  -32.032 0.6250000000
93156  30.981  0.771  -32.041 0.3750000000
94060  30.918  2.123  -31.949 0.3750000000
92102  31.821  -0.501  -32.841 0.1250000000
94070  32.038  1.637  -32.668 0.3750000000
92101  32.226  -0.126  -33.331 0.1250000000
94085  32.423  1.372  -33.534 0.1250000000
96537  30.510  4.455  -31.634 0.3750000000
95732  32.398  3.214  -33.644 0.2500000000
94914  32.634  2.070  -35.181 0.1250000000
94121  32.578  1.214  -36.071 0.1250000000
93186  32.594  0.203  -34.898 0.1250000000
94906  32.582  2.244  -34.073 0.1250000000
95718  31.845  3.504  -32.476 0.2500000000
97463  31.052  5.365  -31.667 0.3750000000
96577  32.431  4.226  -35.001 0.1250000000
96581  32.358  4.278  -35.886 0.1250000000
96568  32.446  4.186  -34.033 0.1250000000
97493  32.336  5.020  -33.519 0.1250000000
94931  32.135  2.426  -37.268 0.1250000000
100231  30.855  8.166  -31.730 0.2500000000
98378  31.921  6.640  -33.790 0.1250000000
97514  31.840  5.881  -35.210 0.1250000000
97521  31.529  5.540  -36.337 0.1250000000
101026  30.758  9.189  -31.734 0.1250000000
101025  31.262  8.797  -32.209 0.1250000000
96585  31.678  4.814  -36.951 0.1250000000
97505  32.021  6.002  -34.657 0.1250000000
101806  31.218  9.747  -32.264 0.1250000000
74333  23.655  -18.507  -32.721 0.7500000000
74332  24.732  -18.376  -33.070 0.7500000000
75450  22.405  -17.460  -32.492 0.7500000000
77409  20.674  -15.298  -32.117 0.5000000000
77408  21.238  -15.442  -32.381 0.6250000000
86386  31.158  -7.358  -35.064 0.1250000000
86385  31.654  -6.856  -35.055 0.1250000000
91111  32.358  -1.482  -34.248 0.1250000000
95762  31.899  3.441  -37.587 0.1250000000
74335  22.036  -18.001  -32.313 0.7500000000
73281  25.363  -19.292  -33.114 0.6250000000
74331  25.251  -18.650  -33.188 0.6250000000
74354  26.864  -18.289  -33.331 0.3750000000
75471  27.566  -17.460  -33.376 0.2500000000
79318  28.390  -13.629  -34.167 0.3750000000
94883  22.876  2.343  -32.275 0.3750000000
76463  27.291  -16.498  -33.400 0.5000000000
77424  27.097  -15.546  -33.593 0.5000000000
73300  27.152  -19.183  -33.343 0.5000000000
72290  25.646  -20.508  -32.914 0.6250000000
75452  21.171  -16.880  -32.093 0.3750000000
75451  21.608  -17.405  -32.217 0.3750000000
73282  24.218  -19.324  -32.805 0.6250000000
74334  22.603  -18.538  -32.341 0.6250000000
73279  27.300  -19.831  -33.303 0.3750000000
76450  20.778  -16.247  -32.007 0.2500000000
73299  28.052  -19.616  -33.485 0.3750000000
75470  28.614  -17.572  -33.376 0.2500000000
74353  27.853  -18.476  -33.431 0.2500000000
77423  27.949  -15.676  -33.562 0.3750000000
78341  28.437  -15.144  -33.642 0.2500000000
78355  28.034  -14.631  -33.884 0.2500000000
78354  28.720  -14.078  -34.064 0.2500000000
87192  14.812  -6.008  -28.109 0.1250000000
79317  29.210  -13.311  -34.117 0.2500000000
91089  19.519  -2.086  -31.605 0.3750000000
90081  19.223  -2.730  -31.361 0.2500000000
88120  16.762  -4.556  -28.309 0.1250000000
86287  15.328  -7.109  -28.513 0.2500000000
90080  19.981  -2.721  -32.149 0.3750000000
74355  25.725  -18.259  -33.249 0.6250000000
78345  20.053  -14.411  -31.572 0.2500000000
76451  20.511  -15.685  -31.878 0.3750000000
73280  26.533  -19.893  -33.137 0.6250000000
73301  26.315  -18.989  -33.284 0.5000000000
74352  28.842  -18.734  -33.534 0.2500000000
72288  27.452  -20.625  -33.255 0.3750000000
76462  28.165  -16.571  -33.378 0.2500000000
85280  14.078  -7.374  -26.984 0.1250000000
72292  23.741  -20.188  -32.455 0.5000000000
72289  26.504  -20.846  -32.957 0.2500000000
71295  26.932  -21.701  -32.929 0.3750000000
72291  24.687  -20.230  -32.714 0.5000000000
72270  23.224  -20.429  -32.162 0.3750000000
73284  22.754  -19.459  -32.177 0.5000000000
73283  23.308  -19.326  -32.496 0.5000000000
71266  22.412  -21.072  -30.872 0.1250000000
71279  23.630  -21.181  -32.034 0.3750000000
74312  21.846  -18.526  -31.810 0.2500000000
69297  23.507  -23.674  -31.344 0.1250000000
71280  22.940  -21.584  -31.310 0.2500000000
70294  24.593  -22.182  -32.237 0.3750000000
70309  25.368  -22.040  -32.614 0.3750000000
71297  24.941  -21.258  -32.661 0.5000000000
70280  22.565  -22.240  -30.728 0.1250000000
71278  24.340  -21.371  -32.360 0.3750000000
72256  21.931  -20.373  -30.561 0.1250000000
73243  21.625  -19.248  -31.049 0.1250000000
87271  30.984  -5.899  -33.965 0.1250000000
75424  21.476  -17.853  -31.786 0.2500000000
75425  21.108  -17.415  -31.581 0.2500000000
71294  28.203  -21.792  -33.370 0.2500000000
71298  24.242  -20.852  -32.479 0.5000000000
72293  23.050  -19.973  -32.307 0.5000000000
71296  25.908  -21.514  -32.828 0.3750000000
72271  22.638  -20.324  -31.666 0.2500000000
73263  22.069  -19.622  -31.353 0.1250000000
73262  22.350  -19.173  -31.892 0.1250000000
74311  22.244  -18.725  -32.033 0.1250000000
70296  22.979  -22.209  -31.140 0.1250000000
71267  22.036  -21.572  -30.233 0.1250000000
72255  22.245  -20.487  -31.061 0.1250000000
74294  21.507  -18.612  -31.295 0.1250000000
69282  22.939  -23.070  -30.956 0.1250000000
70279  22.978  -22.508  -31.072 0.1250000000
70308  26.089  -22.665  -32.725 0.2500000000
72272  22.174  -20.198  -31.162 0.1250000000
69296  24.424  -23.376  -31.794 0.2500000000
69295  25.273  -23.158  -32.359 0.2500000000
77410  20.328  -15.198  -31.763 0.2500000000
70307  27.269  -22.723  -32.855 0.2500000000
70295  23.512  -22.473  -31.452 0.1250000000
70293  25.329  -22.525  -32.507 0.2500000000
77384  20.043  -15.238  -31.329 0.1250000000
94078  21.796  1.238  -32.139 0.1250000000
94064  20.969  1.503  -31.401 0.1250000000
94884  22.002  1.961  -31.853 0.1250000000
94874  21.290  2.435  -31.103 0.1250000000
95714  22.932  3.220  -31.367 0.1250000000
93145  21.312  0.920  -31.972 0.1250000000
94873  22.326  2.833  -31.459 0.1250000000
95700  22.524  3.541  -30.530 0.1250000000
93163  20.976  0.010  -32.249 0.1250000000
93146  20.465  0.532  -31.518 0.1250000000
89127  18.204  -3.179  -29.936 0.1250000000
76405  20.159  -15.992  -31.077 0.1250000000
91075  18.964  -1.956  -30.874 0.1250000000
92080  19.548  0.102  -31.183 0.1250000000
94875  20.164  2.120  -30.406 0.1250000000
95695  20.666  3.448  -29.205 0.1250000000
95694  21.701  3.812  -29.299 0.1250000000
92091  20.265  -0.254  -31.723 0.1250000000
79295  19.638  -13.418  -31.361 0.1250000000
94872  23.081  3.001  -31.897 0.1250000000
76423  20.376  -15.858  -31.571 0.1250000000
78328  19.692  -14.446  -31.074 0.1250000000
77372  19.903  -15.296  -30.799 0.1250000000
94859  21.629  3.080  -30.763 0.1250000000
94860  20.785  2.877  -30.306 0.1250000000
95701  21.305  3.389  -30.035 0.1250000000
94054  18.865  1.520  -29.156 0.1250000000
95699  23.532  4.071  -30.231 0.1250000000
72307  28.536  -20.631  -33.644 0.1250000000
73298  29.134  -19.754  -33.758 0.1250000000
76445  28.957  -16.534  -33.162 0.1250000000
77405  28.648  -15.681  -33.381 0.1250000000
77403  30.275  -15.670  -32.428 0.1250000000
77404  29.375  -15.562  -32.894 0.1250000000
78339  30.137  -14.403  -32.656 0.1250000000
78340  29.115  -14.589  -33.625 0.1250000000
79304  29.790  -13.465  -33.271 0.1250000000
70306  28.192  -22.920  -32.490 0.1250000000
72306  29.406  -20.646  -33.711 0.1250000000
71312  29.390  -21.469  -33.336 0.1250000000
73297  30.116  -19.842  -33.717 0.1250000000
74351  29.811  -18.933  -33.570 0.1250000000
75446  30.109  -17.350  -33.120 0.1250000000
75447  29.377  -17.208  -33.195 0.1250000000
76443  30.629  -16.663  -32.611 0.1250000000
78338  30.939  -14.836  -32.103 0.1250000000
80282  30.157  -12.706  -32.939 0.1250000000
79303  30.321  -13.310  -32.574 0.1250000000
78326  30.824  -13.952  -32.014 0.1250000000
80295  29.846  -12.406  -33.604 0.1250000000
71313  28.905  -21.192  -33.670 0.1250000000
69306  27.423  -23.312  -32.505 0.1250000000
75469  29.533  -17.999  -33.407 0.1250000000
76444  29.722  -16.545  -32.800 0.1250000000
79293  31.349  -13.318  -31.705 0.1250000000
78327  30.524  -13.724  -32.335 0.1250000000
79294  30.747  -13.217  -32.038 0.1250000000
79332  29.053  -12.704  -34.352 0.3750000000
79334  28.089  -13.114  -34.203 0.5000000000
81303  18.327  -10.736  -30.365 0.2500000000
82418  25.092  -10.263  -34.153 1.0000000000
83422  31.068  -9.535  -35.127 0.1250000000
85267  14.365  -7.190  -26.543 0.1250000000
85279  14.783  -7.636  -26.765 0.1250000000
85297  14.726  -7.684  -27.436 0.1250000000
85298  14.199  -7.297  -27.545 0.1250000000
85315  14.674  -7.398  -28.019 0.2500000000
85316  14.220  -6.977  -27.847 0.1250000000
85335  15.983  -7.407  -28.486 0.2500000000
85372  17.770  -7.361  -30.726 0.5000000000
85400  28.711  -7.096  -34.063 0.6250000000
85401  23.828  -7.226  -33.814 1.0000000000
86253  14.112  -6.711  -26.706 0.1250000000
86272  13.996  -6.723  -27.358 0.1250000000
86288  14.645  -6.761  -28.200 0.1250000000
86289  14.335  -6.526  -27.819 0.1250000000
86310  16.151  -6.995  -28.886 0.2500000000
86376  21.365  -6.805  -32.791 1.0000000000
86392  24.152  -6.248  -34.245 1.0000000000
87175  14.790  -5.680  -27.420 0.1250000000
87191  15.080  -6.461  -28.491 0.1250000000
87193  14.364  -6.183  -27.540 0.1250000000
87214  15.689  -6.361  -28.727 0.2500000000
87215  15.287  -6.055  -28.534 0.1250000000
87235  17.709  -5.647  -30.490 0.5000000000
87259  19.418  -5.481  -31.860 0.6250000000
88122  15.478  -5.626  -28.436 0.1250000000
88142  16.928  -5.226  -29.107 0.2500000000
88144  15.599  -5.926  -28.640 0.1250000000
88178  18.854  -4.744  -31.459 0.6250000000
89166  24.092  -2.960  -35.181 1.0000000000
89183  23.926  -3.928  -35.118 1.0000000000
90078  29.122  -1.946  -32.409 0.5000000000
90087  31.997  -2.384  -33.514 0.1250000000
92090  30.265  0.321  -31.889 0.5000000000
94072  30.785  1.408  -31.988 0.3750000000
94867  31.041  2.852  -31.947 0.3750000000
94880  28.013  2.048  -32.606 0.7500000000
95712  28.259  3.354  -32.295 0.7500000000
95719  28.357  3.939  -32.310 0.7500000000
96593  31.937  4.206  -37.102 0.1250000000
97520  32.101  4.895  -36.067 0.1250000000
98337  29.408  7.002  -31.342 0.3750000000
98338  29.223  6.830  -31.382 0.3750000000
98365  32.226  5.548  -33.181 0.1250000000
98389  32.080  6.102  -34.248 0.1250000000
98408  30.886  6.379  -36.311 0.1250000000
99318  29.162  7.124  -31.368 0.3750000000
99319  28.972  6.949  -31.396 0.3750000000
