#!ascii label  , from subject sub-01 vox2ras=TkReg
245
33195  53.512  -57.860  -20.765 0.0000000000
26357  46.659  -63.640  -27.859 0.0000000000
27465  50.524  -62.460  -21.465 0.0000000000
28754  52.255  -61.358  -26.891 0.0000000000
22893  48.923  -66.820  -26.191 0.0000000000
25166  50.024  -64.958  -23.627 0.0000000000
21597  48.653  -67.643  -23.790 0.0000000000
27564  50.017  -62.448  -28.250 0.0000000000
30981  50.815  -59.562  -25.554 0.0000000000
29816  52.368  -60.427  -20.809 0.0000000000
27523  51.748  -62.893  -23.473 0.0000000000
25203  50.664  -63.979  -26.464 0.0000000000
25268  49.356  -64.958  -29.563 0.0000000000
21715  47.882  -67.524  -29.771 0.0000000000
35605  50.753  -55.296  -18.940 0.0000000000
32054  50.412  -58.596  -20.587 0.0000000000
29820  48.927  -60.421  -20.675 0.0000000000
32137  54.100  -58.992  -26.605 0.0000000000
24012  48.018  -66.054  -23.564 0.0000000000
27565  48.771  -62.613  -27.882 0.0000000000
28758  48.642  -61.882  -27.050 0.0000000000
27447  52.073  -62.035  -20.722 0.0000000000
27492  51.589  -63.028  -22.356 0.0000000000
24046  49.716  -65.530  -25.219 0.0000000000
25197  50.462  -64.128  -25.181 0.0000000000
24053  49.765  -65.322  -26.487 0.0000000000
25218  50.388  -64.437  -28.110 0.0000000000
22923  49.514  -65.914  -28.469 0.0000000000
22962  48.040  -66.662  -31.438 0.0000000000
32055  49.108  -58.510  -20.589 0.0000000000
30906  49.580  -59.527  -20.757 0.0000000000
30907  48.414  -59.475  -20.646 0.0000000000
29896  53.106  -60.741  -25.670 0.0000000000
29913  52.787  -60.485  -26.588 0.0000000000
32124  49.310  -58.269  -25.110 0.0000000000
32140  50.428  -58.229  -25.940 0.0000000000
26282  49.380  -63.598  -22.781 0.0000000000
26310  50.379  -64.210  -23.129 0.0000000000
25167  49.282  -65.154  -23.398 0.0000000000
22862  49.455  -66.523  -23.976 0.0000000000
21638  48.888  -67.773  -25.202 0.0000000000
28755  51.479  -61.645  -27.398 0.0000000000
29914  51.840  -60.534  -26.799 0.0000000000
28738  49.948  -61.236  -26.378 0.0000000000
29887  49.306  -60.196  -24.934 0.0000000000
25248  45.076  -64.904  -28.447 0.0000000000
32051  53.135  -58.695  -20.608 0.0000000000
28719  52.293  -61.461  -23.728 0.0000000000
28732  52.202  -61.948  -24.782 0.0000000000
26309  50.802  -63.929  -23.461 0.0000000000
26336  51.555  -63.001  -25.224 0.0000000000
26353  51.628  -62.770  -27.263 0.0000000000
26380  50.773  -63.328  -28.388 0.0000000000
27582  49.607  -63.025  -28.578 0.0000000000
26383  48.498  -64.301  -28.851 0.0000000000
21677  48.417  -67.227  -28.059 0.0000000000
22945  49.045  -66.520  -29.990 0.0000000000
24110  48.216  -65.295  -30.401 0.0000000000
24086  46.540  -65.291  -29.536 0.0000000000
35630  51.407  -55.599  -20.145 0.0000000000
34367  52.166  -56.635  -19.756 0.0000000000
33168  51.146  -56.935  -19.409 0.0000000000
33197  51.692  -57.649  -19.732 0.0000000000
30929  51.754  -59.210  -20.388 0.0000000000
29818  51.053  -60.591  -20.540 0.0000000000
28673  49.928  -61.857  -21.188 0.0000000000
28675  47.837  -62.008  -20.790 0.0000000000
27467  48.358  -62.438  -21.542 0.0000000000
30997  52.113  -59.353  -26.603 0.0000000000
34388  53.441  -56.903  -20.748 0.0000000000
34404  53.680  -56.678  -21.615 0.0000000000
33219  54.085  -57.407  -21.592 0.0000000000
27566  47.420  -62.967  -27.555 0.0000000000
27552  47.939  -62.352  -27.207 0.0000000000
27464  51.481  -62.671  -21.370 0.0000000000
27493  50.828  -63.198  -22.028 0.0000000000
22892  49.352  -66.130  -25.772 0.0000000000
22908  49.419  -66.011  -27.069 0.0000000000
24068  49.906  -65.146  -27.897 0.0000000000
20464  46.701  -68.256  -31.840 0.0000000000
28736  52.557  -61.465  -26.112 0.0000000000
33268  49.171  -57.559  -25.305 0.0000000000
26312  48.878  -64.347  -23.167 0.0000000000
22849  48.753  -67.012  -23.751 0.0000000000
22848  49.170  -66.363  -23.744 0.0000000000
22863  49.245  -67.221  -24.386 0.0000000000
21612  48.758  -68.146  -24.021 0.0000000000
28776  50.677  -61.985  -27.859 0.0000000000
28756  50.485  -61.464  -27.080 0.0000000000
28757  49.550  -61.540  -26.871 0.0000000000
29900  48.671  -60.785  -25.407 0.0000000000
29888  48.196  -60.097  -24.761 0.0000000000
30902  52.730  -59.622  -20.884 0.0000000000
30928  53.318  -59.270  -21.337 0.0000000000
29839  52.651  -60.127  -21.172 0.0000000000
28720  51.969  -62.249  -23.972 0.0000000000
25186  50.451  -64.358  -24.079 0.0000000000
26337  51.080  -63.461  -25.801 0.0000000000
26339  51.664  -62.835  -26.397 0.0000000000
26340  51.285  -63.348  -26.973 0.0000000000
26354  51.354  -63.091  -27.860 0.0000000000
25243  49.786  -64.479  -28.849 0.0000000000
26381  50.108  -63.550  -28.801 0.0000000000
26382  49.153  -63.731  -28.749 0.0000000000
25244  49.038  -64.480  -29.333 0.0000000000
19151  45.804  -70.065  -27.773 0.0000000000
20409  46.688  -68.793  -29.076 0.0000000000
20389  46.689  -68.724  -28.049 0.0000000000
20408  47.265  -68.232  -29.043 0.0000000000
21697  47.819  -67.603  -28.542 0.0000000000
22924  49.046  -66.626  -28.830 0.0000000000
21714  48.523  -67.077  -30.338 0.0000000000
22982  47.344  -66.723  -31.838 0.0000000000
24131  47.844  -65.868  -31.020 0.0000000000
24111  47.075  -65.629  -30.419 0.0000000000
24085  47.436  -65.135  -29.801 0.0000000000
36777  50.509  -54.857  -19.901 0.0000000000
35619  50.894  -55.151  -19.844 0.0000000000
34390  51.893  -55.963  -19.907 0.0000000000
35604  51.144  -55.672  -19.231 0.0000000000
33199  49.760  -57.655  -20.100 0.0000000000
33169  50.240  -56.969  -19.425 0.0000000000
33198  50.783  -57.633  -19.949 0.0000000000
32053  51.266  -58.321  -20.201 0.0000000000
32052  52.088  -58.568  -20.070 0.0000000000
32077  50.991  -58.768  -20.537 0.0000000000
29819  50.035  -60.495  -20.686 0.0000000000
28650  50.556  -61.418  -20.760 0.0000000000
28651  49.447  -61.250  -20.790 0.0000000000
28676  46.760  -61.957  -20.784 0.0000000000
29897  51.365  -60.209  -26.168 0.0000000000
31009  52.028  -59.885  -26.697 0.0000000000
30998  51.693  -59.524  -26.327 0.0000000000
32149  52.075  -58.327  -26.870 0.0000000000
28778  48.991  -62.112  -27.535 0.0000000000
28648  52.170  -61.186  -20.622 0.0000000000
28672  52.571  -61.173  -21.155 0.0000000000
24029  49.778  -65.761  -24.232 0.0000000000
25187  50.091  -64.934  -24.627 0.0000000000
25198  50.122  -64.721  -25.835 0.0000000000
25204  50.293  -64.561  -27.121 0.0000000000
25217  50.837  -63.833  -27.703 0.0000000000
24108  49.459  -65.429  -29.334 0.0000000000
21735  47.986  -67.408  -30.924 0.0000000000
20446  47.454  -67.988  -31.375 0.0000000000
20463  47.292  -67.766  -31.873 0.0000000000
29912  53.505  -60.088  -26.122 0.0000000000
31007  53.425  -59.403  -26.733 0.0000000000
30982  49.819  -59.397  -25.067 0.0000000000
30999  50.949  -58.861  -25.863 0.0000000000
32141  49.881  -58.186  -25.599 0.0000000000
33281  49.717  -57.432  -25.852 0.0000000000
27494  49.931  -62.993  -22.200 0.0000000000
26281  50.244  -63.700  -22.650 0.0000000000
26311  49.747  -64.350  -23.131 0.0000000000
24010  49.451  -65.823  -23.742 0.0000000000
22883  49.464  -66.368  -24.720 0.0000000000
22884  49.180  -66.886  -25.193 0.0000000000
29915  51.198  -61.155  -26.925 0.0000000000
29898  50.773  -60.773  -26.269 0.0000000000
28739  49.098  -61.274  -26.210 0.0000000000
29899  49.699  -60.789  -25.706 0.0000000000
29886  50.318  -60.247  -25.362 0.0000000000
30983  48.774  -59.260  -24.675 0.0000000000
25221  45.825  -64.203  -28.203 0.0000000000
32050  53.517  -58.332  -20.831 0.0000000000
32074  53.728  -58.481  -21.286 0.0000000000
32075  53.467  -58.834  -21.013 0.0000000000
28731  52.582  -61.327  -25.077 0.0000000000
27541  52.379  -61.825  -26.222 0.0000000000
26308  51.264  -63.467  -23.701 0.0000000000
26330  50.957  -63.621  -24.485 0.0000000000
26329  51.477  -63.151  -24.256 0.0000000000
27542  52.159  -62.183  -25.849 0.0000000000
27550  51.992  -62.166  -26.984 0.0000000000
27562  51.535  -62.404  -27.713 0.0000000000
28775  51.248  -62.142  -27.919 0.0000000000
27581  50.356  -62.956  -28.582 0.0000000000
27583  49.101  -63.145  -28.446 0.0000000000
26356  48.048  -63.730  -28.201 0.0000000000
25219  47.787  -64.442  -28.758 0.0000000000
21678  47.911  -67.737  -27.539 0.0000000000
22909  48.944  -66.707  -27.547 0.0000000000
22944  49.358  -66.037  -29.433 0.0000000000
24109  49.186  -65.618  -30.197 0.0000000000
22961  48.683  -66.575  -30.763 0.0000000000
24129  48.988  -66.187  -30.561 0.0000000000
25269  48.912  -64.851  -30.028 0.0000000000
25245  48.175  -64.748  -29.493 0.0000000000
25246  47.179  -64.845  -29.088 0.0000000000
25220  46.941  -64.322  -28.427 0.0000000000
25247  46.140  -64.810  -28.836 0.0000000000
35645  50.536  -55.803  -21.570 0.0000000000
35631  50.875  -55.601  -20.673 0.0000000000
34407  51.117  -55.903  -21.219 0.0000000000
34406  51.787  -56.080  -20.870 0.0000000000
34389  52.625  -56.420  -20.287 0.0000000000
33196  52.686  -57.398  -19.927 0.0000000000
34370  49.637  -56.423  -18.889 0.0000000000
34369  50.628  -56.294  -18.834 0.0000000000
34368  51.371  -56.162  -19.371 0.0000000000
33166  52.325  -56.976  -19.674 0.0000000000
30903  52.243  -59.577  -20.527 0.0000000000
30905  50.662  -59.624  -20.647 0.0000000000
30904  51.505  -59.826  -20.509 0.0000000000
29817  51.876  -60.556  -20.520 0.0000000000
28649  51.534  -61.377  -20.557 0.0000000000
27449  50.557  -62.011  -20.995 0.0000000000
28674  48.892  -61.877  -21.074 0.0000000000
27466  49.430  -62.392  -21.646 0.0000000000
31008  52.410  -59.582  -26.718 0.0000000000
32139  51.387  -58.342  -26.445 0.0000000000
21598  48.352  -67.641  -23.743 0.0000000000
21696  48.508  -67.127  -29.281 0.0000000000
21734  48.429  -66.974  -30.954 0.0000000000
21761  47.619  -67.371  -31.687 0.0000000000
21762  47.028  -67.303  -32.068 0.0000000000
22963  47.087  -66.221  -31.314 0.0000000000
22981  47.557  -67.011  -31.838 0.0000000000
24011  48.904  -65.971  -23.565 0.0000000000
24084  49.637  -65.165  -28.805 0.0000000000
24130  48.632  -65.977  -30.917 0.0000000000
25165  50.392  -64.382  -23.509 0.0000000000
25242  50.489  -63.937  -28.493 0.0000000000
25267  49.515  -64.977  -29.175 0.0000000000
26355  48.774  -63.281  -28.370 0.0000000000
27448  51.149  -62.107  -20.819 0.0000000000
27533  51.854  -62.599  -24.574 0.0000000000
27549  52.326  -61.812  -26.491 0.0000000000
27563  50.965  -62.583  -28.268 0.0000000000
28737  52.403  -61.751  -25.490 0.0000000000
28777  49.591  -61.955  -27.564 0.0000000000
29884  51.214  -60.138  -25.946 0.0000000000
29885  51.016  -60.186  -25.780 0.0000000000
30927  53.636  -58.877  -21.490 0.0000000000
30930  51.222  -59.212  -20.555 0.0000000000
30931  50.803  -58.987  -20.697 0.0000000000
30980  51.268  -59.902  -25.905 0.0000000000
32076  51.487  -58.815  -20.339 0.0000000000
32078  50.714  -58.771  -20.608 0.0000000000
32123  50.180  -58.768  -25.507 0.0000000000
32138  52.177  -58.913  -26.593 0.0000000000
33167  51.957  -56.945  -19.547 0.0000000000
35618  51.242  -55.630  -19.545 0.0000000000
35620  50.373  -55.115  -20.291 0.0000000000
