#!ascii label  , from subject sub-01 vox2ras=TkReg
1713
19261  41.177  -70.796  -34.560 0.2000000030
18072  41.776  -70.923  -33.974 0.2000000030
19262  40.515  -70.382  -34.723 0.2000000030
18092  38.835  -70.807  -35.125 0.1000000015
18071  42.474  -70.042  -33.678 0.3000000119
19242  41.491  -69.881  -34.134 0.2000000030
18091  39.815  -70.795  -35.196 0.1000000015
18090  40.619  -71.232  -35.086 0.2000000030
19243  40.199  -69.600  -34.149 0.1000000015
19263  39.498  -70.150  -34.648 0.1000000015
19264  38.526  -70.047  -34.470 0.1000000015
19245  38.189  -69.310  -34.008 0.1000000015
23023  37.753  -67.326  -34.713 0.1000000015
19265  37.677  -69.713  -34.630 0.1000000015
20533  37.508  -68.736  -34.700 0.1000000015
23022  37.981  -66.914  -34.648 0.2000000030
23041  37.847  -67.270  -35.043 0.1000000015
20488  39.342  -68.367  -32.831 0.1000000015
20512  38.606  -68.661  -33.319 0.1000000015
20511  39.709  -68.943  -33.431 0.1000000015
19244  39.105  -69.526  -33.903 0.1000000015
21811  37.892  -67.693  -33.457 0.1000000015
23013  38.014  -66.696  -33.881 0.1000000015
24185  40.018  -64.958  -34.761 0.2000000030
24187  38.466  -66.135  -34.642 0.2000000030
25360  40.721  -64.580  -34.647 0.1000000015
24208  39.213  -65.951  -35.238 0.2000000030
25359  42.097  -64.035  -34.304 0.2000000030
25378  42.910  -64.633  -35.257 0.1000000015
25358  43.463  -64.082  -34.673 0.1000000015
21792  38.696  -67.698  -32.527 0.1000000015
25338  41.664  -63.873  -33.807 0.2000000030
26494  42.436  -63.607  -33.739 0.2000000030
26466  43.725  -63.379  -33.340 0.2000000030
26493  43.089  -63.523  -33.998 0.2000000030
26492  44.113  -63.705  -34.096 0.1000000015
26491  45.142  -63.884  -34.164 0.2000000030
22998  38.254  -66.723  -32.857 0.1000000015
24173  38.329  -65.537  -33.433 0.2000000030
25340  39.689  -64.117  -33.542 0.2000000030
25361  39.879  -64.635  -34.392 0.3000000119
26441  45.134  -63.328  -32.818 0.3000000119
26464  45.747  -63.541  -33.460 0.2000000030
26490  46.143  -64.054  -34.288 0.2000000030
25375  45.901  -64.806  -35.362 0.2000000030
26469  40.738  -63.646  -32.989 0.3000000119
24172  38.828  -64.692  -33.737 0.2000000030
26442  44.333  -63.198  -32.661 0.3000000119
27644  45.143  -62.926  -32.014 0.3000000119
28848  46.671  -62.029  -31.970 0.3000000119
27664  45.754  -63.159  -32.713 0.3000000119
27663  46.536  -63.058  -33.094 0.2000000030
26489  47.063  -64.088  -34.581 0.2000000030
25354  47.159  -64.516  -35.262 0.2000000030
28833  44.810  -61.828  -31.131 0.4000000060
27645  43.973  -62.845  -31.890 0.3000000119
27625  44.491  -62.395  -31.416 0.3000000119
26468  41.816  -63.612  -33.334 0.2000000030
26443  43.362  -63.100  -32.577 0.2000000030
27642  47.156  -62.455  -32.703 0.3000000119
26463  46.815  -63.529  -33.869 0.2000000030
27641  48.247  -62.325  -32.974 0.2000000030
26462  47.790  -63.533  -34.222 0.2000000030
28809  45.459  -61.052  -31.010 0.3000000119
27624  45.236  -62.225  -31.467 0.3000000119
28847  47.750  -61.865  -32.215 0.2000000030
27640  49.167  -61.902  -33.315 0.2000000030
28846  48.742  -61.604  -32.476 0.2000000030
27660  49.363  -62.079  -34.273 0.1000000015
27661  48.679  -62.843  -33.906 0.2000000030
27678  49.047  -62.846  -34.871 0.2000000030
26461  48.463  -63.394  -34.668 0.2000000030
29964  46.452  -60.286  -30.671 0.3000000119
29982  47.789  -60.704  -31.238 0.3000000119
29983  46.804  -60.754  -31.131 0.3000000119
29962  48.230  -59.968  -30.992 0.2000000030
29981  48.663  -60.499  -31.551 0.3000000119
31077  49.009  -59.715  -31.302 0.2000000030
28831  47.206  -61.347  -31.586 0.3000000119
28829  49.019  -60.910  -32.154 0.1000000015
28845  49.380  -60.996  -32.748 0.1000000015
31125  49.301  -60.180  -33.788 0.1000000015
28859  49.646  -61.206  -33.687 0.1000000015
29997  49.531  -60.291  -33.078 0.1000000015
28870  49.454  -61.387  -34.696 0.1000000015
31067  46.900  -59.629  -30.259 0.3000000119
31066  47.814  -59.485  -30.420 0.2000000030
31047  48.226  -58.840  -30.131 0.2000000030
33322  48.776  -57.551  -30.553 0.2000000030
34563  48.745  -56.210  -31.257 0.1000000015
31064  49.254  -58.951  -31.013 0.1000000015
33342  49.207  -57.705  -31.112 0.1000000015
32215  49.483  -58.362  -31.447 0.1000000015
29980  49.216  -60.182  -32.231 0.1000000015
31106  49.350  -59.580  -33.155 0.1000000015
31107  48.838  -59.639  -33.447 0.1000000015
32182  47.798  -58.273  -29.650 0.2000000030
34583  49.048  -56.331  -31.953 0.1000000015
35828  48.551  -55.726  -32.110 0.1000000015
34582  49.345  -57.088  -32.145 0.1000000015
34613  49.130  -57.291  -32.463 0.1000000015
32232  49.652  -58.432  -32.092 0.1000000015
33374  48.657  -57.723  -32.824 0.1000000015
32233  48.583  -58.273  -32.975 0.1000000015
32253  49.042  -58.459  -32.906 0.1000000015
35829  47.979  -55.650  -32.522 0.1000000015
32234  48.033  -58.206  -32.867 0.1000000015
31090  48.382  -58.850  -33.095 0.1000000015
21812  37.567  -68.027  -34.211 0.1000000015
25380  41.019  -64.890  -35.462 0.1000000015
30928  53.318  -59.270  -21.337 0.5000000000
30903  52.243  -59.577  -20.527 0.5000000000
32051  53.135  -58.695  -20.608 0.5000000000
32075  53.467  -58.834  -21.013 0.5000000000
30943  53.780  -58.890  -22.008 0.5000000000
32055  49.108  -58.510  -20.589 0.2000000030
32054  50.412  -58.596  -20.587 0.2000000030
32077  50.991  -58.768  -20.537 0.3000000119
32052  52.088  -58.568  -20.070 0.5000000000
33196  52.686  -57.398  -19.927 0.5000000000
32050  53.517  -58.332  -20.831 0.5000000000
33195  53.512  -57.860  -20.765 0.5000000000
32074  53.728  -58.481  -21.286 0.5000000000
30963  53.381  -59.478  -22.945 0.5000000000
32104  54.327  -58.428  -23.134 0.5000000000
29870  53.478  -59.619  -23.509 0.5000000000
28731  52.582  -61.327  -25.077 0.5000000000
33199  49.760  -57.655  -20.100 0.3000000119
33198  50.783  -57.633  -19.949 0.3000000119
33197  51.692  -57.649  -19.732 0.5000000000
33219  54.085  -57.407  -21.592 0.5000000000
32090  54.366  -58.130  -22.539 0.5000000000
30962  53.956  -59.088  -23.305 0.5000000000
30979  54.128  -59.376  -24.653 0.5000000000
26354  51.354  -63.091  -27.860 0.4000000060
26353  51.628  -62.770  -27.263 0.5000000000
27541  52.379  -61.825  -26.222 0.5000000000
29896  53.106  -60.741  -25.670 0.5000000000
26380  50.773  -63.328  -28.388 0.4000000060
33200  48.607  -57.513  -20.149 0.3000000119
33169  50.240  -56.969  -19.425 0.4000000060
33168  51.146  -56.935  -19.409 0.4000000060
33166  52.325  -56.976  -19.674 0.5000000000
34367  52.166  -56.635  -19.756 0.5000000000
34388  53.441  -56.903  -20.748 0.5000000000
34389  52.625  -56.420  -20.287 0.5000000000
34405  52.888  -56.411  -21.240 0.5000000000
34404  53.680  -56.678  -21.615 0.5000000000
33235  54.436  -57.391  -22.374 0.5000000000
32103  54.567  -58.157  -23.617 0.5000000000
29895  53.652  -60.066  -25.184 0.6000000238
27550  51.992  -62.166  -26.984 0.5000000000
28736  52.557  -61.465  -26.112 0.5000000000
25243  49.786  -64.479  -28.849 0.4000000060
25218  50.388  -64.437  -28.110 0.4000000060
34354  44.882  -56.885  -18.529 0.1000000015
34353  45.421  -56.436  -18.298 0.1000000015
35594  45.911  -55.614  -17.724 0.1000000015
34373  46.456  -56.306  -19.172 0.1000000015
34352  46.161  -55.980  -18.483 0.1000000015
35593  46.707  -55.359  -17.832 0.1000000015
34351  47.044  -55.767  -18.531 0.1000000015
34391  48.025  -57.114  -19.992 0.2000000030
34371  48.456  -56.566  -19.338 0.1000000015
33170  49.357  -56.988  -19.580 0.3000000119
34368  51.371  -56.162  -19.371 0.5000000000
34370  49.637  -56.423  -18.889 0.4000000060
34369  50.628  -56.294  -18.834 0.4000000060
35604  51.144  -55.672  -19.231 0.4000000060
34390  51.893  -55.963  -19.907 0.5000000000
34406  51.787  -56.080  -20.870 0.5000000000
34424  52.202  -56.334  -21.953 0.5000000000
34423  53.207  -56.465  -22.245 0.5000000000
30978  54.495  -58.761  -24.233 0.5000000000
28754  52.255  -61.358  -26.891 0.5000000000
27562  51.535  -62.404  -27.713 0.5000000000
26381  50.108  -63.550  -28.801 0.4000000060
24109  49.186  -65.618  -30.197 0.5000000000
31989  45.226  -58.168  -16.606 0.1000000015
33136  44.794  -57.274  -17.492 0.1000000015
34338  44.967  -56.782  -17.988 0.1000000015
33135  45.088  -56.876  -16.850 0.1000000015
34337  45.345  -56.233  -17.279 0.1000000015
37893  47.121  -53.742  -18.666 0.2000000030
34393  46.633  -56.712  -19.773 0.1000000015
34372  47.341  -56.375  -19.169 0.1000000015
34350  48.015  -55.788  -18.530 0.1000000015
35592  47.537  -55.115  -17.997 0.1000000015
36752  47.511  -54.176  -18.190 0.2000000030
35591  48.425  -55.024  -18.278 0.2000000030
36750  49.245  -54.502  -18.837 0.2000000030
37911  47.342  -53.834  -18.842 0.2000000030
37912  46.738  -53.742  -19.414 0.2000000030
34349  49.044  -55.775  -18.459 0.2000000030
35589  50.139  -55.174  -18.532 0.3000000119
36761  50.463  -54.845  -19.528 0.3000000119
36777  50.509  -54.857  -19.901 0.4000000060
35630  51.407  -55.599  -20.145 0.5000000000
29912  53.505  -60.088  -26.122 0.5000000000
34407  51.117  -55.903  -21.219 0.4000000060
31009  52.028  -59.885  -26.697 0.5000000000
31008  52.410  -59.582  -26.718 0.5000000000
31007  53.425  -59.403  -26.733 0.5000000000
29914  51.840  -60.534  -26.799 0.5000000000
29913  52.787  -60.485  -26.588 0.5000000000
34421  54.476  -56.988  -23.175 0.5000000000
34422  54.184  -56.814  -22.547 0.5000000000
28755  51.479  -61.645  -27.398 0.5000000000
29915  51.198  -61.155  -26.925 0.5000000000
30996  54.119  -59.406  -25.890 0.5000000000
27581  50.356  -62.956  -28.582 0.5000000000
28775  51.248  -62.142  -27.919 0.5000000000
25268  49.356  -64.958  -29.563 0.4000000060
31988  46.088  -58.422  -16.096 0.1000000015
33131  45.055  -57.464  -16.851 0.1000000015
33130  45.244  -57.412  -16.179 0.1000000015
34326  44.630  -56.584  -15.749 0.1000000015
35578  45.748  -55.251  -17.091 0.1000000015
35577  46.355  -54.916  -17.241 0.1000000015
36754  46.178  -53.938  -17.539 0.1000000015
35576  46.999  -54.631  -17.587 0.1000000015
36753  46.679  -53.856  -17.775 0.2000000030
37894  46.653  -53.646  -18.508 0.2000000030
36735  47.026  -54.154  -17.567 0.1000000015
36762  49.874  -54.544  -19.168 0.3000000119
36763  48.823  -54.432  -19.387 0.3000000119
36765  46.942  -54.096  -19.982 0.2000000030
36778  50.099  -54.672  -19.968 0.3000000119
36780  48.128  -54.566  -20.298 0.2000000030
35631  50.875  -55.601  -20.673 0.4000000060
35633  49.251  -55.254  -21.062 0.3000000119
35645  50.536  -55.803  -21.570 0.4000000060
35632  50.032  -55.460  -20.979 0.4000000060
32149  52.075  -58.327  -26.870 0.5000000000
32148  52.831  -58.441  -27.228 0.5000000000
32137  54.100  -58.992  -26.605 0.5000000000
34425  51.256  -56.132  -21.830 0.5000000000
33297  52.452  -57.430  -27.772 0.5000000000
33295  54.117  -57.465  -28.311 0.5000000000
32146  54.608  -57.960  -27.520 0.5000000000
32147  53.981  -58.608  -27.283 0.5000000000
32136  54.741  -58.478  -26.313 0.6000000238
34443  53.434  -56.599  -23.312 0.5000000000
33294  54.636  -57.158  -28.048 0.5000000000
33286  55.009  -57.436  -26.919 0.5000000000
30995  54.692  -58.979  -25.208 0.5000000000
33249  54.620  -57.481  -23.841 0.5000000000
32122  54.983  -58.308  -24.913 0.5000000000
22961  48.683  -66.575  -30.763 0.4000000060
24129  48.988  -66.187  -30.561 0.4000000060
24108  49.459  -65.429  -29.334 0.4000000060
33127  43.412  -56.869  -14.894 0.1000000015
35561  44.002  -55.834  -15.952 0.1000000015
34334  45.046  -56.319  -16.464 0.1000000015
35560  44.605  -55.835  -16.235 0.1000000015
35571  45.108  -55.239  -16.585 0.1000000015
35572  44.238  -55.213  -16.275 0.1000000015
36728  44.937  -54.531  -16.840 0.1000000015
36737  45.553  -54.276  -17.233 0.1000000015
37896  44.728  -53.466  -18.452 0.2000000030
37914  45.095  -53.331  -18.971 0.2000000030
37913  45.750  -53.392  -19.260 0.2000000030
39054  52.872  -52.540  -24.112 0.2000000030
36781  47.248  -54.227  -20.499 0.2000000030
39066  53.150  -52.846  -24.837 0.2000000030
39067  52.559  -53.174  -24.618 0.2000000030
37980  52.173  -53.666  -24.740 0.2000000030
37981  51.338  -53.993  -24.228 0.2000000030
36792  48.463  -54.885  -21.131 0.2000000030
37988  53.841  -53.275  -26.159 0.2000000030
37989  53.084  -53.649  -25.691 0.2000000030
36851  52.316  -54.249  -25.274 0.2000000030
36837  51.613  -54.677  -24.595 0.2000000030
35691  51.017  -55.360  -23.897 0.4000000060
36881  54.214  -54.544  -27.584 0.2000000030
36864  53.779  -54.517  -26.899 0.3000000119
35722  53.294  -54.979  -26.448 0.3000000119
35707  52.816  -55.494  -25.808 0.4000000060
35708  52.145  -55.147  -25.300 0.3000000119
35690  51.734  -55.758  -24.563 0.4000000060
34466  51.500  -56.254  -23.614 0.5000000000
35668  50.548  -55.805  -22.805 0.4000000060
34533  52.523  -56.021  -28.732 0.5000000000
35754  54.273  -55.520  -28.544 0.4000000060
35738  54.470  -55.595  -27.999 0.4000000060
34512  54.256  -55.810  -27.404 0.4000000060
34492  54.053  -56.287  -26.514 0.4000000060
34479  53.269  -56.341  -25.457 0.5000000000
34465  52.569  -56.504  -24.263 0.5000000000
34445  51.536  -56.317  -22.653 0.5000000000
34530  54.440  -56.310  -28.259 0.5000000000
34511  54.550  -56.535  -27.387 0.5000000000
34491  54.926  -56.826  -26.159 0.5000000000
33278  55.183  -57.606  -25.660 0.5000000000
33267  54.890  -57.613  -24.563 0.5000000000
34462  54.694  -57.233  -24.305 0.5000000000
34442  54.218  -56.811  -23.547 0.5000000000
33122  42.350  -57.137  -14.133 0.1000000015
34313  42.834  -56.878  -14.636 0.1000000015
35546  41.953  -55.644  -14.978 0.1000000015
35562  43.207  -55.744  -15.753 0.1000000015
35563  42.377  -55.347  -15.579 0.1000000015
35574  42.886  -55.269  -16.012 0.1000000015
36731  42.634  -54.612  -16.363 0.1000000015
36739  43.746  -54.206  -16.944 0.1000000015
37883  42.950  -53.749  -17.017 0.1000000015
36738  44.527  -54.185  -17.146 0.1000000015
37897  44.090  -53.390  -18.194 0.2000000030
38981  44.115  -53.063  -18.596 0.2000000030
37927  45.900  -53.354  -20.130 0.2000000030
37926  46.564  -53.619  -20.707 0.2000000030
40183  52.833  -51.920  -23.542 0.1000000015
39055  52.174  -52.804  -24.061 0.2000000030
37970  51.427  -53.377  -24.036 0.2000000030
36793  47.615  -54.289  -21.413 0.2000000030
40169  52.300  -51.325  -22.908 0.1000000015
40170  51.728  -51.634  -22.913 0.1000000015
40184  51.549  -52.205  -23.316 0.1000000015
40185  51.025  -52.259  -23.191 0.1000000015
39056  50.861  -52.698  -23.454 0.1000000015
37971  50.643  -53.777  -23.768 0.1000000015
36838  50.957  -54.520  -23.984 0.2000000030
35646  49.638  -55.395  -21.966 0.3000000119
37972  49.954  -53.967  -23.382 0.1000000015
36825  50.255  -54.752  -23.489 0.1000000015
34464  53.744  -56.654  -24.377 0.5000000000
34444  52.402  -56.510  -23.004 0.5000000000
34478  54.306  -56.697  -25.329 0.5000000000
34463  54.466  -56.925  -24.364 0.5000000000
34477  55.017  -57.009  -25.015 0.5000000000
34292  41.573  -56.066  -13.584 0.1000000015
35523  41.432  -55.164  -14.005 0.1000000015
34315  41.701  -55.818  -14.352 0.1000000015
35547  41.636  -55.130  -14.777 0.1000000015
36701  41.515  -54.363  -14.619 0.1000000015
36716  42.147  -54.787  -15.901 0.1000000015
37884  42.301  -53.414  -16.795 0.1000000015
37875  41.859  -53.837  -16.247 0.1000000015
38976  43.178  -53.171  -17.564 0.2000000030
38998  44.366  -52.616  -19.250 0.2000000030
38997  45.070  -53.001  -19.427 0.2000000030
39008  44.542  -52.276  -20.006 0.2000000030
39007  45.158  -52.666  -20.072 0.2000000030
36794  46.990  -54.034  -21.148 0.2000000030
41269  51.780  -51.084  -22.455 0.1000000015
41270  51.220  -51.383  -22.512 0.1000000015
40171  50.739  -51.986  -22.742 0.1000000015
39043  50.532  -52.448  -22.997 0.1000000015
39057  50.152  -53.328  -23.286 0.1000000015
37959  48.071  -53.853  -22.249 0.1000000015
36809  48.290  -54.440  -22.024 0.2000000030
39044  50.025  -52.696  -22.840 0.1000000015
37957  49.408  -53.616  -22.910 0.1000000015
36826  49.646  -54.407  -23.046 0.1000000015
35669  49.717  -55.098  -22.856 0.2000000030
36808  49.110  -54.561  -22.487 0.2000000030
35647  48.886  -54.997  -21.765 0.2000000030
35497  41.580  -55.302  -13.049 0.1000000015
35496  42.192  -54.958  -12.466 0.1000000015
36676  42.008  -53.961  -13.292 0.1000000015
37820  41.911  -53.648  -13.735 0.1000000015
37863  41.556  -53.620  -15.330 0.1000000015
38978  41.910  -52.888  -16.684 0.1000000015
40103  42.441  -51.814  -17.665 0.1000000015
38983  42.717  -52.279  -18.016 0.1000000015
41200  42.780  -51.322  -18.065 0.1000000015
40106  43.312  -51.729  -18.919 0.1000000015
38999  43.639  -52.233  -19.070 0.2000000030
39006  46.018  -52.624  -20.721 0.2000000030
39026  46.812  -52.596  -21.389 0.1000000015
37941  47.104  -53.515  -21.597 0.2000000030
42321  51.250  -50.047  -21.282 0.1000000015
42322  50.322  -49.979  -21.178 0.1000000015
41246  50.663  -50.892  -21.938 0.1000000015
40157  50.133  -51.607  -22.149 0.1000000015
41247  49.420  -50.417  -21.096 0.1000000015
40158  49.416  -51.462  -21.730 0.1000000015
40172  49.708  -52.105  -22.258 0.1000000015
39045  48.796  -52.734  -22.326 0.1000000015
37958  48.590  -53.751  -22.480 0.2000000030
36648  43.482  -54.206  -12.310 0.1000000015
38912  42.741  -52.851  -13.678 0.1000000015
38938  42.258  -52.726  -14.231 0.1000000015
40081  41.788  -52.309  -15.766 0.1000000015
40097  42.246  -51.546  -16.828 0.1000000015
41199  43.283  -50.767  -18.605 0.1000000015
40121  43.780  -51.747  -19.451 0.2000000030
41204  44.251  -50.842  -19.486 0.1000000015
41223  44.580  -51.398  -19.926 0.1000000015
41222  45.068  -51.146  -20.033 0.2000000030
40140  44.712  -51.838  -20.353 0.2000000030
41221  46.061  -50.591  -20.295 0.1000000015
40139  45.528  -51.744  -20.542 0.2000000030
42292  48.570  -49.296  -20.124 0.1000000015
41218  49.013  -49.856  -20.575 0.1000000015
42293  47.568  -49.760  -20.216 0.1000000015
41219  48.416  -50.225  -20.591 0.1000000015
41220  47.360  -50.793  -20.752 0.1000000015
40137  47.229  -51.599  -21.132 0.1000000015
40138  46.561  -51.702  -20.879 0.1000000015
41248  48.479  -51.091  -21.135 0.1000000015
41249  47.788  -51.512  -21.233 0.1000000015
40159  48.387  -52.031  -21.720 0.1000000015
40160  47.483  -52.070  -21.469 0.1000000015
39025  47.737  -52.742  -22.024 0.1000000015
39024  48.297  -52.486  -22.041 0.1000000015
39046  48.134  -53.325  -22.308 0.1000000015
38911  43.489  -52.636  -13.517 0.1000000015
38937  42.976  -52.281  -14.048 0.1000000015
40080  42.337  -51.594  -15.545 0.1000000015
41194  43.261  -50.260  -17.563 0.1000000015
41198  43.853  -50.318  -19.057 0.1000000015
43495  47.064  -48.104  -18.469 0.1000000015
43496  46.366  -48.646  -18.834 0.1000000015
42266  45.597  -49.086  -18.737 0.1000000015
42275  45.390  -49.799  -19.358 0.1000000015
42276  44.825  -50.208  -19.389 0.1000000015
44778  48.013  -47.952  -19.193 0.1000000015
44761  47.633  -47.917  -18.810 0.1000000015
43513  46.687  -48.745  -19.255 0.1000000015
42265  46.121  -48.972  -19.080 0.1000000015
41202  45.785  -50.016  -19.746 0.1000000015
43511  48.483  -48.584  -19.671 0.1000000015
43533  48.744  -48.895  -19.954 0.1000000015
42273  47.781  -49.045  -19.791 0.1000000015
42274  46.474  -49.321  -19.584 0.1000000015
42294  46.832  -50.037  -20.321 0.1000000015
41170  43.266  -50.697  -15.939 0.1000000015
41186  44.554  -49.747  -16.214 0.1000000015
42253  43.911  -49.648  -17.502 0.1000000015
42252  44.634  -49.244  -16.993 0.1000000015
42262  43.758  -49.863  -18.286 0.1000000015
44750  47.657  -47.689  -18.162 0.1000000015
43489  46.451  -48.283  -18.014 0.1000000015
43479  45.987  -48.555  -17.603 0.1000000015
42261  44.546  -49.299  -18.060 0.1000000015
42267  44.452  -49.858  -18.953 0.1000000015
44760  48.274  -47.571  -18.604 0.1000000015
43497  45.968  -48.801  -18.600 0.1000000015
32053  51.266  -58.321  -20.201 0.4000000060
32089  54.546  -57.868  -23.043 0.5000000000
34375  45.078  -56.799  -18.830 0.1000000015
35605  50.753  -55.296  -18.940 0.4000000060
35619  50.894  -55.151  -19.844 0.4000000060
36751  48.587  -54.493  -18.679 0.3000000119
35590  49.491  -54.942  -18.469 0.2000000030
35606  50.121  -54.919  -18.669 0.3000000119
36764  47.691  -54.157  -19.368 0.2000000030
35621  49.775  -55.070  -20.479 0.3000000119
36736  46.510  -54.269  -17.431 0.1000000015
37880  45.188  -53.814  -17.886 0.1000000015
37895  45.759  -53.669  -18.159 0.2000000030
36779  49.210  -54.737  -20.208 0.3000000119
33287  52.590  -57.744  -27.586 0.5000000000
32155  53.559  -58.163  -27.673 0.5000000000
33288  51.819  -57.625  -27.303 0.5000000000
33308  54.154  -56.903  -28.538 0.5000000000
34327  43.738  -56.385  -15.417 0.1000000015
34328  42.837  -56.265  -15.225 0.1000000015
35573  43.437  -55.237  -16.161 0.1000000015
36729  44.396  -54.635  -16.649 0.1000000015
36730  43.619  -54.714  -16.529 0.1000000015
37881  44.646  -53.804  -17.745 0.1000000015
40197  53.234  -52.387  -24.251 0.2000000030
37990  52.499  -53.846  -25.237 0.2000000030
38002  53.566  -53.841  -26.270 0.2000000030
36850  52.764  -54.605  -25.879 0.2000000030
36880  54.381  -55.137  -27.898 0.5000000000
35721  53.884  -55.308  -27.051 0.4000000060
38001  53.985  -53.687  -26.779 0.2000000030
34493  53.457  -55.701  -26.270 0.4000000060
34480  52.423  -55.931  -25.137 0.5000000000
36900  53.657  -54.720  -28.892 0.5000000000
36899  54.129  -54.709  -28.682 0.5000000000
33123  41.814  -56.517  -14.074 0.1000000015
34314  42.216  -56.334  -14.669 0.1000000015
36740  43.218  -54.331  -16.740 0.1000000015
36732  42.012  -54.496  -16.060 0.1000000015
37874  42.383  -53.908  -16.640 0.1000000015
37882  43.772  -53.621  -17.586 0.1000000015
38982  43.425  -52.671  -18.324 0.2000000030
33110  41.774  -57.041  -13.456 0.1000000015
34268  41.621  -56.522  -12.632 0.1000000015
36717  41.777  -54.605  -15.487 0.1000000015
36677  41.646  -54.319  -13.720 0.1000000015
38977  42.571  -52.771  -17.411 0.1000000015
40120  44.272  -51.783  -19.857 0.2000000030
41245  51.875  -50.540  -21.877 0.1000000015
40173  49.083  -52.088  -21.982 0.1000000015
35472  41.868  -55.718  -12.219 0.1000000015
36630  42.871  -54.727  -12.199 0.1000000015
36649  42.575  -54.077  -12.760 0.1000000015
36650  41.897  -54.490  -13.010 0.1000000015
37792  42.822  -53.529  -12.997 0.1000000015
37844  42.086  -53.229  -13.904 0.1000000015
37845  41.714  -53.390  -14.409 0.1000000015
38939  41.880  -52.762  -14.663 0.1000000015
38970  41.538  -52.906  -15.962 0.1000000015
38957  41.743  -52.675  -15.210 0.1000000015
40104  42.041  -52.218  -17.050 0.1000000015
40098  41.824  -52.188  -16.328 0.1000000015
41195  42.689  -51.013  -17.595 0.1000000015
40161  47.011  -51.989  -21.211 0.1000000015
37791  43.328  -53.591  -12.752 0.1000000015
40058  42.546  -52.101  -14.640 0.1000000015
38956  42.101  -52.348  -14.851 0.1000000015
41188  42.787  -50.751  -16.677 0.1000000015
41205  43.583  -51.226  -19.191 0.1000000015
41203  45.232  -50.426  -19.715 0.1000000015
43532  49.182  -48.833  -20.058 0.1000000015
42291  49.619  -49.465  -20.588 0.1000000015
38936  43.865  -52.055  -13.951 0.1000000015
40057  43.192  -51.630  -14.550 0.1000000015
40079  43.597  -50.997  -15.163 0.1000000015
43512  47.327  -48.446  -19.218 0.1000000015
43488  47.134  -47.983  -17.687 0.1000000015
42260  45.347  -48.825  -17.748 0.1000000015
41169  44.150  -50.344  -15.745 0.1000000015
41187  43.736  -50.037  -16.640 0.1000000015
42236  45.204  -49.362  -16.276 0.1000000015
44733  47.771  -47.697  -17.505 0.1000000015
43478  46.562  -48.366  -17.218 0.1000000015
28652  48.375  -61.255  -20.576 0.1000000015
28674  48.892  -61.877  -21.074 0.1000000015
28651  49.447  -61.250  -20.790 0.1000000015
29819  50.035  -60.495  -20.686 0.1000000015
29820  48.927  -60.421  -20.675 0.1000000015
30907  48.414  -59.475  -20.646 0.1000000015
28675  47.837  -62.008  -20.790 0.2000000030
27466  49.430  -62.392  -21.646 0.2000000030
28673  49.928  -61.857  -21.188 0.1000000015
28650  50.556  -61.418  -20.760 0.1000000015
30905  50.662  -59.624  -20.647 0.1000000015
27495  48.888  -62.874  -22.288 0.2000000030
27465  50.524  -62.460  -21.465 0.2000000030
29818  51.053  -60.591  -20.540 0.2000000030
27449  50.557  -62.011  -20.995 0.2000000030
28649  51.534  -61.377  -20.557 0.2000000030
30904  51.505  -59.826  -20.509 0.3000000119
30929  51.754  -59.210  -20.388 0.3000000119
29817  51.876  -60.556  -20.520 0.3000000119
27447  52.073  -62.035  -20.722 0.2000000030
26281  50.244  -63.700  -22.650 0.2000000030
28648  52.170  -61.186  -20.622 0.2000000030
22849  48.753  -67.012  -23.751 0.1000000015
26282  49.380  -63.598  -22.781 0.2000000030
27494  49.931  -62.993  -22.200 0.2000000030
29816  52.368  -60.427  -20.809 0.3000000119
30902  52.730  -59.622  -20.884 0.4000000060
24011  48.904  -65.971  -23.565 0.1000000015
26312  48.878  -64.347  -23.167 0.1000000015
27464  51.481  -62.671  -21.370 0.2000000030
24012  48.018  -66.054  -23.564 0.1000000015
29839  52.651  -60.127  -21.172 0.4000000060
25167  49.282  -65.154  -23.398 0.2000000030
27493  50.828  -63.198  -22.028 0.2000000030
26311  49.747  -64.350  -23.131 0.2000000030
22863  49.245  -67.221  -24.386 0.2000000030
22848  49.170  -66.363  -23.744 0.1000000015
22862  49.455  -66.523  -23.976 0.1000000015
26310  50.379  -64.210  -23.129 0.2000000030
27492  51.589  -63.028  -22.356 0.2000000030
27463  52.255  -62.253  -21.655 0.2000000030
24010  49.451  -65.823  -23.742 0.1000000015
27491  52.156  -62.292  -22.765 0.4000000060
29853  52.754  -60.177  -21.859 0.4000000060
26309  50.802  -63.929  -23.461 0.3000000119
25166  50.024  -64.958  -23.627 0.2000000030
28699  52.511  -61.279  -22.307 0.4000000060
29871  52.992  -60.021  -23.176 0.4000000060
26279  51.310  -63.496  -23.076 0.3000000119
25186  50.451  -64.358  -24.079 0.4000000060
41282  53.932  -51.017  -23.492 0.1000000015
27523  51.748  -62.893  -23.473 0.4000000060
28719  52.293  -61.461  -23.728 0.5000000000
26330  50.957  -63.621  -24.485 0.4000000060
26308  51.264  -63.467  -23.701 0.4000000060
26329  51.477  -63.151  -24.256 0.4000000060
40182  53.890  -51.523  -23.917 0.1000000015
40181  54.380  -51.208  -23.983 0.1000000015
29883  53.013  -60.573  -24.500 0.5000000000
28732  52.202  -61.948  -24.782 0.5000000000
40196  53.908  -52.021  -24.766 0.1000000015
39065  53.904  -52.512  -25.553 0.1000000015
40209  54.298  -51.934  -25.944 0.1000000015
39077  54.113  -52.708  -26.400 0.1000000015
28653  47.284  -61.253  -20.448 0.1000000015
30906  49.580  -59.527  -20.757 0.1000000015
29821  47.819  -60.397  -20.458 0.1000000015
30944  53.344  -59.458  -22.402 0.4000000060
39078  53.709  -53.021  -25.722 0.1000000015
28672  52.571  -61.173  -21.155 0.3000000119
26280  50.928  -63.730  -22.683 0.2000000030
27522  52.048  -62.275  -23.446 0.4000000060
30908  47.249  -59.438  -20.448 0.1000000015
17940  36.371  -70.849  -24.814 0.1000000015
16831  36.321  -71.280  -24.992 0.1000000015
15729  38.209  -72.258  -26.270 0.1000000015
16832  35.901  -71.587  -24.903 0.1000000015
16855  38.371  -71.233  -25.918 0.1000000015
17941  35.658  -70.600  -24.511 0.1000000015
16833  34.931  -71.407  -24.536 0.1000000015
16834  33.949  -71.252  -24.402 0.1000000015
12373  39.217  -76.245  -21.269 0.1000000015
19080  31.747  -69.689  -21.117 0.1000000015
19107  31.804  -69.753  -22.674 0.1000000015
17956  37.632  -70.546  -25.384 0.1000000015
17925  31.486  -70.351  -23.113 0.1000000015
17943  33.649  -70.157  -24.214 0.1000000015
17955  38.605  -70.726  -25.778 0.1000000015
16835  32.950  -71.130  -24.063 0.1000000015
16868  38.664  -71.445  -26.075 0.1000000015
12372  40.128  -76.248  -21.160 0.1000000015
13428  38.559  -75.306  -21.257 0.1000000015
13429  37.577  -74.832  -20.726 0.1000000015
14476  40.765  -74.240  -20.754 0.1000000015
13405  40.379  -75.346  -20.789 0.1000000015
13427  39.727  -75.175  -21.528 0.1000000015
14496  36.884  -73.761  -20.800 0.1000000015
17877  33.214  -70.584  -19.968 0.1000000015
19061  32.526  -69.460  -20.584 0.1000000015
17957  36.959  -70.352  -24.930 0.1000000015
19115  36.589  -69.792  -24.566 0.1000000015
17942  34.648  -70.360  -24.404 0.1000000015
19132  38.339  -69.745  -25.418 0.1000000015
17963  40.196  -70.924  -26.039 0.1000000015
16867  39.608  -71.598  -26.214 0.1000000015
13445  38.062  -74.502  -21.264 0.1000000015
14511  37.837  -73.658  -21.447 0.1000000015
14493  40.972  -74.226  -21.011 0.1000000015
14494  40.592  -74.616  -21.155 0.1000000015
13444  38.760  -74.502  -21.606 0.1000000015
14512  36.987  -73.020  -21.136 0.1000000015
15624  36.987  -71.975  -20.748 0.1000000015
16777  35.171  -71.428  -20.438 0.1000000015
17876  34.343  -70.487  -20.189 0.1000000015
19060  33.608  -69.544  -20.259 0.1000000015
20310  33.188  -68.852  -20.685 0.1000000015
19079  32.211  -69.229  -21.674 0.1000000015
19117  34.343  -69.279  -24.206 0.1000000015
20366  38.121  -68.855  -25.104 0.1000000015
20344  37.031  -69.027  -24.538 0.1000000015
19131  39.350  -69.956  -25.707 0.1000000015
17964  39.309  -70.729  -25.918 0.1000000015
16794  37.855  -71.742  -21.172 0.1000000015
14508  40.729  -74.078  -21.344 0.1000000015
14509  39.996  -74.100  -21.652 0.1000000015
13443  39.397  -74.419  -21.751 0.1000000015
15645  38.362  -72.786  -21.720 0.1000000015
16775  37.043  -71.041  -20.676 0.1000000015
17875  35.332  -70.387  -20.362 0.1000000015
20308  34.849  -68.665  -20.081 0.1000000015
15623  41.164  -73.994  -21.232 0.1000000015
15643  40.751  -73.365  -21.676 0.1000000015
15644  39.498  -73.047  -21.914 0.1000000015
19059  34.584  -69.499  -20.184 0.1000000015
20315  33.334  -68.215  -21.109 0.1000000015
20316  32.751  -68.704  -21.399 0.1000000015
20322  33.200  -68.226  -22.070 0.1000000015
20331  33.351  -68.384  -23.181 0.1000000015
20323  32.670  -68.822  -22.467 0.1000000015
20346  35.105  -68.437  -24.184 0.1000000015
20347  34.067  -68.255  -23.738 0.1000000015
20332  32.819  -68.825  -23.017 0.1000000015
20367  37.555  -68.649  -24.723 0.1000000015
20345  36.231  -68.695  -24.283 0.1000000015
20365  39.001  -68.928  -25.390 0.1000000015
20364  39.981  -68.906  -25.529 0.1000000015
19141  40.736  -70.282  -25.971 0.1000000015
19142  39.921  -70.298  -25.853 0.1000000015
19129  41.330  -69.656  -25.815 0.1000000015
17893  38.470  -70.995  -21.254 0.1000000015
15622  41.543  -73.699  -21.143 0.1000000015
15642  41.688  -73.082  -21.578 0.1000000015
16791  41.055  -72.295  -21.953 0.1000000015
16792  39.996  -72.183  -22.076 0.1000000015
16793  38.869  -71.945  -21.830 0.1000000015
17874  36.282  -70.260  -20.430 0.1000000015
19058  35.535  -69.415  -20.151 0.1000000015
20309  33.946  -68.544  -20.383 0.1000000015
21560  34.639  -67.593  -20.333 0.1000000015
21561  33.857  -67.789  -20.863 0.1000000015
21574  34.092  -67.227  -21.172 0.1000000015
21575  33.643  -67.687  -21.636 0.1000000015
21600  35.295  -67.082  -23.588 0.1000000015
21601  34.229  -67.413  -23.180 0.1000000015
21645  37.912  -68.249  -24.728 0.1000000015
21622  38.248  -67.582  -24.548 0.1000000015
21623  37.234  -67.943  -24.394 0.1000000015
21599  35.725  -67.013  -23.728 0.1000000015
21625  34.798  -67.682  -23.789 0.1000000015
21621  39.172  -67.436  -24.702 0.1000000015
21644  38.685  -68.198  -24.932 0.1000000015
21620  40.145  -67.356  -24.796 0.1000000015
21643  39.601  -68.145  -25.108 0.1000000015
19130  40.385  -69.642  -25.762 0.1000000015
19128  42.338  -70.001  -25.689 0.1000000015
15620  42.879  -72.958  -20.721 0.1000000015
15621  42.193  -73.393  -20.979 0.1000000015
16790  41.912  -72.249  -21.723 0.1000000015
17894  37.745  -70.826  -20.813 0.1000000015
15641  42.326  -72.884  -21.337 0.1000000015
17892  39.388  -71.121  -21.743 0.1000000015
19078  38.900  -70.213  -21.200 0.1000000015
17872  38.027  -70.139  -20.790 0.1000000015
19056  37.399  -69.300  -20.485 0.1000000015
19057  36.477  -69.327  -20.232 0.1000000015
19055  38.341  -69.332  -20.762 0.1000000015
20306  36.741  -68.485  -20.013 0.1000000015
21559  35.765  -67.370  -19.828 0.1000000015
22813  34.511  -66.931  -20.885 0.1000000015
22828  34.492  -66.722  -21.516 0.1000000015
22827  34.971  -66.148  -21.882 0.1000000015
22839  34.527  -66.705  -22.371 0.1000000015
22854  35.169  -66.484  -23.148 0.1000000015
22873  37.759  -66.915  -24.188 0.1000000015
22875  36.222  -66.894  -23.829 0.1000000015
22872  38.662  -66.752  -24.359 0.1000000015
22871  39.630  -66.589  -24.493 0.1000000015
21642  40.579  -68.102  -25.221 0.1000000015
20363  40.981  -68.881  -25.549 0.1000000015
20362  41.994  -68.980  -25.543 0.1000000015
19053  40.313  -69.562  -21.361 0.1000000015
16788  42.799  -72.593  -21.196 0.1000000015
15640  42.619  -72.769  -21.214 0.1000000015
16789  42.525  -72.439  -21.435 0.1000000015
16773  42.298  -71.756  -21.515 0.1000000015
17891  40.402  -71.283  -21.878 0.1000000015
19077  39.839  -70.319  -21.561 0.1000000015
19054  39.305  -69.417  -21.101 0.1000000015
20303  39.716  -68.637  -20.959 0.1000000015
20304  38.696  -68.508  -20.734 0.1000000015
21557  38.029  -67.568  -20.337 0.1000000015
21558  36.793  -67.533  -19.839 0.1000000015
20305  37.655  -68.441  -20.404 0.1000000015
22811  36.158  -66.462  -20.028 0.1000000015
23989  35.600  -65.525  -21.455 0.1000000015
22838  34.966  -66.305  -22.593 0.1000000015
24019  37.241  -65.686  -23.654 0.1000000015
24021  35.681  -65.979  -23.242 0.1000000015
24038  38.097  -66.150  -23.985 0.1000000015
24039  37.478  -66.365  -23.929 0.1000000015
22852  36.549  -66.094  -23.648 0.1000000015
24037  39.029  -65.884  -24.173 0.1000000015
19051  42.697  -69.813  -21.052 0.1000000015
16772  43.139  -72.120  -21.194 0.1000000015
17870  42.479  -70.935  -21.237 0.1000000015
19052  41.506  -69.991  -21.340 0.1000000015
20302  40.741  -68.724  -21.091 0.1000000015
15619  43.896  -73.085  -20.676 0.1000000015
19075  41.341  -70.737  -21.531 0.1000000015
19076  40.785  -70.529  -21.595 0.1000000015
22810  37.365  -66.455  -19.834 0.1000000015
23973  35.827  -65.788  -20.605 0.1000000015
25134  35.900  -65.015  -22.124 0.1000000015
24003  35.576  -65.632  -22.593 0.1000000015
25179  36.886  -64.998  -23.263 0.1000000015
24036  40.078  -65.705  -24.199 0.1000000015
22870  40.672  -66.491  -24.532 0.1000000015
17869  43.497  -70.861  -20.875 0.1000000015
20301  41.865  -68.772  -20.977 0.1000000015
21555  40.081  -67.969  -20.751 0.1000000015
22808  39.857  -67.177  -20.262 0.1000000015
22809  38.624  -66.886  -20.086 0.1000000015
22791  37.595  -65.891  -19.730 0.1000000015
23972  36.542  -65.558  -20.181 0.1000000015
25117  36.534  -64.773  -20.639 0.1000000015
23988  36.041  -65.219  -20.821 0.1000000015
26294  37.084  -63.926  -21.915 0.1000000015
25133  36.229  -64.845  -21.457 0.1000000015
25178  37.591  -64.554  -23.207 0.1000000015
25154  36.642  -64.584  -22.498 0.1000000015
25177  38.754  -64.400  -23.457 0.1000000015
25176  39.800  -64.182  -23.236 0.1000000015
24018  38.349  -65.271  -23.740 0.1000000015
24016  40.433  -64.913  -23.715 0.1000000015
25192  42.051  -65.288  -24.070 0.1000000015
24033  43.242  -65.912  -24.424 0.1000000015
21554  40.954  -67.711  -20.557 0.1000000015
22807  40.539  -67.130  -20.201 0.1000000015
17868  44.676  -70.692  -20.428 0.1000000015
22789  39.204  -66.226  -19.857 0.1000000015
23954  37.715  -65.414  -19.644 0.1000000015
23971  37.220  -65.622  -19.818 0.1000000015
25116  37.126  -64.853  -19.968 0.1000000015
26247  36.954  -64.349  -20.455 0.1000000015
26292  38.633  -63.112  -22.756 0.1000000015
26293  37.562  -63.759  -22.524 0.1000000015
26322  38.295  -63.838  -23.154 0.1000000015
24015  41.134  -64.828  -23.681 0.1000000015
25174  41.913  -64.615  -23.772 0.1000000015
25190  43.670  -65.197  -24.110 0.1000000015
25188  45.448  -65.267  -23.905 0.1000000015
19049  44.524  -69.646  -20.386 0.1000000015
19050  43.766  -69.721  -20.756 0.1000000015
20300  42.997  -68.775  -20.788 0.1000000015
21553  42.220  -67.855  -20.596 0.1000000015
21536  41.467  -67.136  -20.083 0.1000000015
23953  38.541  -65.390  -19.567 0.1000000015
26262  37.415  -63.303  -21.388 0.1000000015
27472  43.325  -62.110  -21.654 0.1000000015
27501  42.539  -62.345  -22.310 0.1000000015
27502  41.507  -62.465  -22.691 0.1000000015
27503  40.495  -62.393  -22.765 0.1000000015
27500  43.646  -62.714  -22.162 0.1000000015
27471  44.222  -62.349  -21.468 0.1000000015
27499  44.656  -62.892  -22.056 0.1000000015
26287  44.102  -63.355  -22.696 0.1000000015
26318  42.556  -63.818  -23.393 0.1000000015
26319  41.656  -63.768  -23.421 0.1000000015
27470  45.201  -62.473  -21.368 0.1000000015
27498  45.687  -62.940  -22.054 0.1000000015
26316  44.602  -63.930  -23.267 0.1000000015
26314  46.770  -64.108  -23.319 0.1000000015
25172  44.100  -64.566  -23.664 0.1000000015
25170  46.174  -64.911  -23.672 0.1000000015
20287  44.120  -68.319  -19.998 0.1000000015
20299  44.020  -68.767  -20.395 0.1000000015
21551  43.802  -68.190  -20.091 0.1000000015
21552  43.278  -68.024  -20.333 0.1000000015
21535  42.582  -67.290  -19.901 0.1000000015
22788  40.498  -66.472  -19.880 0.1000000015
23952  39.597  -65.368  -19.595 0.1000000015
25103  37.902  -64.662  -19.553 0.1000000015
26233  38.169  -64.092  -19.517 0.1000000015
27476  37.739  -62.982  -20.568 0.1000000015
27474  38.868  -62.001  -21.777 0.1000000015
26261  37.978  -62.911  -22.073 0.1000000015
28681  42.073  -61.557  -21.713 0.1000000015
28701  41.191  -61.783  -22.293 0.1000000015
27504  39.396  -62.292  -22.455 0.1000000015
27473  42.732  -61.894  -21.744 0.1000000015
27469  46.227  -62.466  -21.389 0.1000000015
21534  43.880  -67.632  -19.628 0.1000000015
22786  42.969  -66.725  -19.316 0.1000000015
22787  41.721  -66.306  -19.454 0.1000000015
23951  40.775  -65.315  -19.369 0.1000000015
25102  38.760  -64.554  -19.386 0.1000000015
26245  37.991  -63.202  -19.849 0.1000000015
28684  39.000  -61.522  -21.005 0.1000000015
28661  38.658  -61.730  -20.080 0.1000000015
27450  38.126  -62.553  -20.062 0.1000000015
28682  40.983  -61.006  -21.648 0.1000000015
28703  39.439  -61.634  -21.848 0.1000000015
27475  38.163  -62.378  -21.224 0.1000000015
28679  43.821  -61.789  -20.966 0.1000000015
28658  42.523  -61.063  -20.857 0.1000000015
28678  44.736  -61.974  -20.746 0.1000000015
21515  43.926  -66.993  -19.162 0.1000000015
22771  41.763  -65.769  -19.099 0.1000000015
23940  40.906  -64.800  -19.088 0.1000000015
25101  39.828  -64.341  -19.268 0.1000000015
26231  39.550  -63.696  -19.039 0.1000000015
26232  38.660  -63.433  -19.256 0.1000000015
27429  38.775  -62.245  -19.352 0.1000000015
29842  39.659  -60.809  -20.764 0.1000000015
28683  39.876  -61.012  -21.533 0.1000000015
28680  42.986  -61.592  -21.256 0.1000000015
28676  46.760  -61.957  -20.784 0.1000000015
22785  43.608  -66.907  -19.214 0.1000000015
23938  42.672  -65.327  -18.149 0.1000000015
22770  42.375  -65.946  -18.912 0.1000000015
23939  41.540  -65.168  -18.823 0.1000000015
25089  40.703  -64.149  -18.824 0.1000000015
25090  39.980  -63.809  -19.014 0.1000000015
26215  39.099  -62.650  -18.861 0.1000000015
28660  39.209  -60.940  -20.022 0.1000000015
29841  40.446  -60.620  -20.910 0.1000000015
28657  43.405  -61.207  -20.544 0.1000000015
28659  41.755  -60.918  -21.117 0.1000000015
25088  41.766  -64.363  -17.929 0.1000000015
26213  40.888  -63.343  -17.939 0.1000000015
26214  39.804  -63.210  -18.657 0.1000000015
27411  39.110  -62.195  -18.910 0.1000000015
27428  39.193  -61.752  -19.010 0.1000000015
28655  45.240  -61.401  -20.166 0.1000000015
28656  44.284  -61.375  -20.265 0.1000000015
29840  41.223  -60.632  -20.877 0.1000000015
28654  46.230  -61.278  -20.344 0.1000000015
26212  41.525  -63.671  -17.500 0.1000000015
27396  40.843  -62.547  -17.248 0.1000000015
26194  41.259  -63.186  -17.293 0.1000000015
29751  40.614  -61.101  -17.508 0.1000000015
28599  40.503  -61.794  -17.394 0.1000000015
27409  40.226  -62.443  -17.932 0.1000000015
29772  40.312  -60.770  -18.490 0.1000000015
27410  39.510  -62.163  -18.504 0.1000000015
28616  39.645  -61.353  -18.665 0.1000000015
29824  44.733  -60.732  -19.793 0.1000000015
29825  43.824  -60.797  -19.829 0.1000000015
29827  41.931  -60.544  -20.330 0.1000000015
29829  40.056  -60.441  -20.142 0.1000000015
29822  46.707  -60.403  -20.192 0.1000000015
29826  42.924  -60.707  -20.062 0.1000000015
29771  41.283  -60.319  -18.611 0.1000000015
28615  40.060  -61.577  -18.031 0.1000000015
29795  40.652  -60.426  -19.385 0.1000000015
29793  42.486  -60.353  -19.447 0.1000000015
29794  41.572  -60.324  -19.463 0.1000000015
29828  40.974  -60.357  -20.225 0.1000000015
17878  32.251  -70.222  -20.130 0.1000000015
19093  32.148  -69.333  -22.448 0.1000000015
16857  36.687  -71.386  -25.286 0.1000000015
19119  32.888  -69.455  -23.703 0.1000000015
17944  32.895  -69.948  -23.853 0.1000000015
17895  31.166  -70.128  -21.561 0.1000000015
19062  31.953  -69.885  -20.553 0.1000000015
17924  32.224  -70.593  -23.656 0.1000000015
15647  36.927  -72.545  -20.900 0.1000000015
19133  37.362  -69.581  -24.920 0.1000000015
19116  35.430  -69.527  -24.328 0.1000000015
14510  38.973  -73.770  -21.798 0.1000000015
15646  37.468  -72.612  -21.239 0.1000000015
16776  36.161  -71.266  -20.570 0.1000000015
15625  36.206  -72.502  -20.609 0.1000000015
19118  33.309  -69.094  -23.824 0.1000000015
17873  37.166  -70.145  -20.565 0.1000000015
21602  33.701  -67.805  -23.008 0.1000000015
21586  34.016  -67.166  -22.091 0.1000000015
21624  35.929  -67.436  -23.937 0.1000000015
20307  35.739  -68.346  -19.817 0.1000000015
22874  36.793  -66.722  -23.917 0.1000000015
17890  41.313  -71.393  -21.731 0.1000000015
21538  36.216  -67.596  -19.697 0.1000000015
22812  35.103  -66.429  -20.698 0.1000000015
21619  41.153  -67.340  -24.856 0.1000000015
21641  41.586  -68.130  -25.262 0.1000000015
17871  41.787  -71.078  -21.476 0.1000000015
24020  36.245  -65.479  -23.301 0.1000000015
22869  41.721  -66.527  -24.579 0.1000000015
21556  39.158  -67.753  -20.607 0.1000000015
25155  36.007  -65.044  -22.532 0.1000000015
24017  39.405  -65.023  -23.821 0.1000000015
24035  41.292  -65.540  -24.074 0.1000000015
22790  38.159  -66.071  -19.717 0.1000000015
26263  36.788  -64.125  -21.190 0.1000000015
26321  39.137  -63.734  -23.190 0.1000000015
25191  42.701  -65.186  -24.139 0.1000000015
24034  42.290  -65.832  -24.342 0.1000000015
24032  44.275  -65.974  -24.395 0.1000000015
21537  40.862  -67.124  -20.162 0.1000000015
26246  37.545  -63.760  -20.107 0.1000000015
25175  40.883  -64.166  -23.362 0.1000000015
25189  44.652  -65.242  -24.024 0.1000000015
25173  43.081  -64.503  -23.780 0.1000000015
25171  45.098  -64.599  -23.708 0.1000000015
28700  41.834  -62.012  -22.288 0.1000000015
26288  43.075  -63.184  -22.838 0.1000000015
26290  40.932  -63.318  -23.151 0.1000000015
25151  40.728  -63.751  -23.234 0.1000000015
26291  39.793  -63.292  -23.054 0.1000000015
27505  38.563  -62.476  -22.112 0.1000000015
26289  42.048  -63.085  -23.069 0.1000000015
26286  45.142  -63.397  -22.718 0.1000000015
26317  43.576  -63.888  -23.274 0.1000000015
26315  45.677  -63.908  -23.447 0.1000000015
28702  40.209  -61.592  -22.211 0.1000000015
28677  45.732  -61.972  -20.739 0.1000000015
29796  39.845  -60.690  -19.361 0.1000000015
28720  51.969  -62.249  -23.972 0.4000000060
25197  50.462  -64.128  -25.181 0.3000000119
26336  51.555  -63.001  -25.224 0.3000000119
26337  51.080  -63.461  -25.801 0.3000000119
27542  52.159  -62.183  -25.849 0.4000000060
18010  44.247  -70.276  -31.179 0.1000000015
19197  44.820  -69.819  -31.285 0.1000000015
19195  46.158  -69.030  -31.177 0.2000000030
22962  48.040  -66.662  -31.438 0.3000000119
28756  50.485  -61.464  -27.080 0.4000000060
25187  50.091  -64.934  -24.627 0.3000000119
25269  48.912  -64.851  -30.028 0.4000000060
26382  49.153  -63.731  -28.749 0.4000000060
20446  47.454  -67.988  -31.375 0.2000000030
24131  47.844  -65.868  -31.020 0.3000000119
25244  49.038  -64.480  -29.333 0.4000000060
27582  49.607  -63.025  -28.578 0.4000000060
28776  50.677  -61.985  -27.859 0.4000000060
16913  43.275  -71.344  -30.472 0.1000000015
20464  46.701  -68.256  -31.840 0.3000000119
27564  50.017  -62.448  -28.250 0.4000000060
16912  43.765  -70.808  -30.782 0.1000000015
19209  46.073  -68.644  -31.753 0.2000000030
20463  47.292  -67.766  -31.873 0.3000000119
24110  48.216  -65.295  -30.401 0.3000000119
27583  49.101  -63.145  -28.446 0.4000000060
29897  51.365  -60.209  -26.168 0.4000000060
30997  52.113  -59.353  -26.603 0.4000000060
25245  48.175  -64.748  -29.493 0.4000000060
26383  48.498  -64.301  -28.851 0.4000000060
27565  48.771  -62.613  -27.882 0.4000000060
28778  48.991  -62.112  -27.535 0.4000000060
28757  49.550  -61.540  -26.871 0.5000000000
18011  43.390  -70.567  -31.331 0.2000000030
21763  46.068  -67.643  -32.027 0.2000000030
19196  45.325  -69.503  -31.238 0.2000000030
24111  47.075  -65.629  -30.419 0.3000000119
24085  47.436  -65.135  -29.801 0.3000000119
26356  48.048  -63.730  -28.201 0.4000000060
22982  47.344  -66.723  -31.838 0.3000000119
25246  47.179  -64.845  -29.088 0.4000000060
28738  49.948  -61.236  -26.378 0.5000000000
29898  50.773  -60.773  -26.269 0.5000000000
30998  51.693  -59.524  -26.327 0.4000000060
25219  47.787  -64.442  -28.758 0.4000000060
27551  48.441  -62.264  -27.389 0.4000000060
28739  49.098  -61.274  -26.210 0.5000000000
29899  49.699  -60.789  -25.706 0.5000000000
30981  50.815  -59.562  -25.554 0.4000000060
18029  44.078  -69.774  -31.920 0.2000000030
19210  45.450  -68.875  -31.724 0.2000000030
20465  45.733  -68.298  -31.906 0.2000000030
21736  46.771  -66.686  -31.801 0.4000000060
22946  46.405  -66.099  -30.659 0.3000000119
22964  46.153  -66.600  -31.182 0.4000000060
28758  48.642  -61.882  -27.050 0.5000000000
29886  50.318  -60.247  -25.362 0.5000000000
30999  50.949  -58.861  -25.863 0.4000000060
32139  51.387  -58.342  -26.445 0.4000000060
22947  45.728  -66.355  -30.355 0.4000000060
25220  46.941  -64.322  -28.427 0.4000000060
27566  47.420  -62.967  -27.555 0.4000000060
29900  48.671  -60.785  -25.407 0.5000000000
19211  44.499  -69.333  -31.943 0.2000000030
18030  43.539  -69.996  -32.273 0.2000000030
20466  44.663  -68.479  -32.079 0.2000000030
32140  50.428  -58.229  -25.940 0.4000000060
21764  45.118  -67.866  -31.746 0.2000000030
24086  46.540  -65.291  -29.536 0.3000000119
26357  46.659  -63.640  -27.859 0.4000000060
27552  47.939  -62.352  -27.207 0.4000000060
18031  42.682  -70.436  -32.131 0.2000000030
20482  44.316  -68.853  -32.349 0.2000000030
21738  45.482  -67.246  -31.332 0.3000000119
22948  45.017  -66.652  -30.020 0.4000000060
24087  45.459  -65.584  -29.167 0.3000000119
28759  47.497  -61.938  -26.496 0.5000000000
29887  49.306  -60.196  -24.934 0.5000000000
34513  52.941  -56.959  -28.305 0.4000000060
18048  43.170  -69.825  -33.238 0.2000000030
19225  44.177  -69.035  -32.523 0.2000000030
25221  45.825  -64.203  -28.203 0.4000000060
30983  48.774  -59.260  -24.675 0.5000000000
32141  49.881  -58.186  -25.599 0.4000000060
38027  54.296  -54.324  -28.407 0.4000000060
18049  42.630  -70.334  -33.088 0.2000000030
20483  43.839  -68.574  -32.677 0.2000000030
21765  44.118  -67.809  -31.878 0.2000000030
21739  44.470  -67.586  -31.135 0.2000000030
28741  47.004  -61.361  -25.787 0.5000000000
18050  41.934  -70.957  -32.930 0.2000000030
22925  45.390  -66.168  -29.718 0.4000000060
25247  46.140  -64.810  -28.836 0.3000000119
27553  46.875  -62.461  -26.925 0.5000000000
28740  48.087  -61.360  -25.994 0.5000000000
30982  49.819  -59.397  -25.067 0.5000000000
35740  52.512  -55.091  -28.763 0.4000000060
38029  53.912  -54.308  -28.726 0.2000000030
34514  52.236  -56.794  -28.069 0.4000000060
33279  51.127  -57.760  -26.761 0.4000000060
19226  43.816  -69.353  -32.804 0.2000000030
21716  44.739  -67.152  -30.526 0.4000000060
32124  49.310  -58.269  -25.110 0.4000000060
33281  49.717  -57.432  -25.852 0.4000000060
21787  43.670  -67.932  -32.387 0.2000000030
20507  43.451  -68.921  -33.273 0.2000000030
34515  51.560  -56.112  -27.803 0.4000000060
33290  50.295  -57.271  -26.462 0.4000000060
27567  46.230  -62.963  -27.379 0.3000000119
29901  47.595  -60.724  -25.284 0.5000000000
29888  48.196  -60.097  -24.761 0.5000000000
33268  49.171  -57.559  -25.305 0.4000000060
22926  44.684  -66.300  -29.311 0.4000000060
25248  45.076  -64.904  -28.447 0.4000000060
26358  45.509  -63.540  -27.655 0.3000000119
27554  45.774  -62.373  -26.910 0.4000000060
24088  44.369  -65.694  -28.641 0.4000000060
29902  46.526  -60.649  -25.262 0.5000000000
21788  42.880  -67.915  -32.637 0.2000000030
34496  50.223  -56.542  -26.645 0.4000000060
30984  47.656  -59.215  -24.461 0.5000000000
27568  45.201  -62.864  -27.343 0.4000000060
28760  46.393  -61.904  -26.333 0.5000000000
29889  47.088  -60.032  -24.704 0.5000000000
28742  45.934  -61.267  -25.770 0.5000000000
28761  45.326  -61.758  -26.404 0.5000000000
26339  51.664  -62.835  -26.397 0.4000000060
34495  51.255  -56.773  -27.469 0.4000000060
22908  49.419  -66.011  -27.069 0.3000000119
24053  49.765  -65.322  -26.487 0.3000000119
25204  50.293  -64.561  -27.121 0.2000000030
25203  50.664  -63.979  -26.464 0.2000000030
21658  48.348  -67.691  -26.633 0.2000000030
22923  49.514  -65.914  -28.469 0.3000000119
24068  49.906  -65.146  -27.897 0.3000000119
21677  48.417  -67.227  -28.059 0.2000000030
22924  49.046  -66.626  -28.830 0.2000000030
22944  49.358  -66.037  -29.433 0.2000000030
20447  46.928  -68.579  -30.823 0.2000000030
15842  41.034  -72.225  -33.906 0.1000000015
15855  40.757  -72.565  -34.622 0.1000000015
22969  39.502  -66.808  -30.500 0.1000000015
22883  49.464  -66.368  -24.720 0.1000000015
24046  49.716  -65.530  -25.219 0.2000000030
25198  50.122  -64.721  -25.835 0.2000000030
22892  49.352  -66.130  -25.772 0.2000000030
21612  48.758  -68.146  -24.021 0.1000000015
21638  48.888  -67.773  -25.202 0.1000000015
22893  48.923  -66.820  -26.191 0.2000000030
20356  48.648  -68.653  -24.719 0.1000000015
20373  48.452  -68.478  -25.580 0.1000000015
16980  41.206  -71.752  -33.644 0.1000000015
21789  41.724  -67.786  -32.576 0.1000000015
21742  41.559  -67.333  -31.069 0.1000000015
22968  40.954  -67.029  -30.289 0.1000000015
20486  41.262  -68.258  -33.196 0.1000000015
21768  41.082  -67.480  -31.768 0.1000000015
21743  40.573  -67.292  -30.995 0.1000000015
22951  41.710  -66.671  -29.603 0.1000000015
21769  39.938  -67.480  -31.549 0.1000000015
22953  39.633  -66.176  -29.462 0.1000000015
24091  41.069  -65.118  -28.258 0.1000000015
24092  40.058  -65.132  -28.575 0.1000000015
25250  40.557  -64.250  -28.220 0.1000000015
22884  49.180  -66.886  -25.193 0.2000000030
22949  44.163  -66.958  -29.743 0.1000000015
25222  44.751  -64.205  -27.859 0.3000000119
19241  42.511  -69.489  -33.720 0.1000000015
20485  42.300  -68.332  -33.203 0.1000000015
21766  43.132  -67.635  -31.868 0.1000000015
21718  43.257  -67.362  -30.433 0.1000000015
24089  43.254  -65.616  -28.464 0.2000000030
24069  44.016  -64.976  -28.043 0.3000000119
26342  43.930  -62.822  -27.170 0.3000000119
28762  44.286  -61.613  -26.445 0.3000000119
16997  41.236  -71.842  -34.406 0.1000000015
20509  41.898  -68.942  -33.659 0.1000000015
22967  42.082  -67.132  -30.405 0.1000000015
22928  42.497  -66.228  -28.967 0.1000000015
24070  42.921  -64.834  -27.999 0.2000000030
26360  43.339  -63.424  -27.326 0.3000000119
20510  40.808  -68.932  -33.692 0.1000000015
22929  41.339  -66.120  -28.749 0.1000000015
25225  41.470  -64.062  -27.670 0.2000000030
27557  42.549  -62.227  -26.834 0.3000000119
25249  41.103  -64.525  -28.014 0.1000000015
26362  41.352  -63.171  -27.389 0.2000000030
28764  42.149  -61.211  -26.354 0.4000000060
25251  39.774  -64.492  -28.889 0.1000000015
25226  40.835  -63.548  -27.737 0.1000000015
27571  41.127  -62.485  -27.277 0.3000000119
27467  48.358  -62.438  -21.542 0.1000000015
26283  48.366  -63.504  -22.839 0.1000000015
30985  46.572  -59.159  -24.530 0.4000000060
29903  45.500  -60.551  -25.310 0.4000000060
27555  44.650  -62.376  -27.010 0.3000000119
28743  44.912  -61.107  -25.851 0.4000000060
28744  43.912  -60.920  -25.915 0.4000000060
29905  43.488  -60.245  -25.289 0.4000000060
28763  43.251  -61.480  -26.413 0.4000000060
28746  42.403  -60.710  -25.962 0.5000000000
27558  41.613  -61.971  -26.912 0.3000000119
28765  41.175  -61.322  -26.772 0.5000000000
26403  39.955  -63.128  -28.950 0.2000000030
26385  40.005  -63.807  -28.678 0.1000000015
25288  38.990  -64.469  -30.592 0.1000000015
26404  39.735  -63.930  -29.410 0.1000000015
27584  39.916  -62.279  -28.261 0.2000000030
27572  40.416  -62.214  -27.605 0.2000000030
25322  38.281  -64.946  -32.182 0.1000000015
26431  39.511  -63.889  -30.987 0.1000000015
27596  40.202  -62.334  -29.214 0.2000000030
25306  38.930  -64.357  -31.573 0.1000000015
32125  48.187  -58.282  -24.534 0.4000000060
32126  47.072  -58.314  -24.426 0.4000000060
29891  45.068  -59.847  -24.904 0.4000000060
29890  46.051  -59.880  -24.896 0.4000000060
29904  44.520  -60.444  -25.336 0.4000000060
30986  45.544  -59.119  -24.542 0.4000000060
28745  42.958  -60.779  -25.957 0.4000000060
29906  42.492  -60.286  -25.575 0.4000000060
31000  42.792  -59.799  -25.015 0.4000000060
29907  41.760  -60.123  -25.712 0.5000000000
29917  41.317  -60.515  -26.225 0.4000000060
28780  39.884  -61.664  -27.962 0.3000000119
28766  40.648  -61.507  -27.245 0.4000000060
29918  40.571  -60.694  -26.954 0.4000000060
27629  40.700  -63.085  -30.795 0.2000000030
28788  40.090  -61.492  -28.440 0.2000000030
26447  39.587  -63.748  -32.141 0.1000000015
26430  40.170  -63.416  -31.294 0.2000000030
23040  38.323  -66.855  -35.279 0.1000000015
33270  47.520  -57.383  -24.523 0.4000000060
32127  46.046  -58.338  -24.325 0.4000000060
32129  43.955  -58.660  -23.894 0.4000000060
32128  45.018  -58.340  -23.959 0.4000000060
32130  42.987  -58.551  -24.173 0.4000000060
30990  41.706  -58.977  -25.033 0.4000000060
30989  42.493  -59.146  -24.694 0.4000000060
31002  41.085  -59.430  -25.793 0.3000000119
31011  40.453  -59.481  -26.911 0.4000000060
31010  40.775  -60.046  -26.423 0.4000000060
29940  40.373  -60.613  -28.974 0.3000000119
29927  40.272  -60.398  -27.918 0.3000000119
26429  40.944  -63.245  -31.511 0.2000000030
27628  41.471  -62.826  -31.031 0.2000000030
27613  40.812  -62.336  -30.207 0.2000000030
26470  40.069  -63.630  -32.750 0.2000000030
21872  39.560  -67.394  -36.497 0.1000000015
21846  39.092  -67.189  -36.111 0.1000000015
23038  39.664  -66.198  -35.618 0.1000000015
34481  49.536  -56.621  -26.072 0.3000000119
34468  47.933  -56.546  -24.708 0.4000000060
34467  48.481  -56.602  -25.021 0.3000000119
33250  45.932  -56.814  -23.832 0.4000000060
33251  44.962  -57.197  -23.479 0.4000000060
32106  43.409  -57.884  -23.702 0.4000000060
32105  44.251  -57.880  -23.585 0.4000000060
32131  42.005  -58.258  -24.440 0.4000000060
32107  42.549  -57.818  -23.957 0.4000000060
32142  40.746  -58.670  -25.734 0.4000000060
32132  40.976  -58.322  -25.085 0.3000000119
31054  41.420  -59.565  -29.858 0.3000000119
32188  40.909  -59.169  -29.166 0.3000000119
32166  40.580  -58.884  -28.362 0.3000000119
32156  40.417  -58.664  -27.544 0.3000000119
32150  40.376  -58.383  -26.729 0.3000000119
27626  43.536  -62.283  -31.139 0.2000000030
27627  42.434  -62.513  -31.140 0.2000000030
29969  41.704  -60.708  -30.303 0.3000000119
29954  41.190  -60.265  -30.118 0.2000000030
31031  40.407  -59.712  -28.665 0.3000000119
31016  40.354  -59.414  -27.880 0.3000000119
27647  42.031  -63.020  -31.689 0.2000000030
28814  41.255  -61.328  -30.171 0.2000000030
26445  41.406  -63.365  -32.241 0.2000000030
35725  50.017  -55.282  -26.789 0.3000000119
36852  49.271  -54.792  -26.214 0.3000000119
35710  48.777  -55.480  -25.603 0.3000000119
35692  48.367  -56.006  -25.068 0.4000000060
34482  48.980  -56.572  -25.516 0.3000000119
35671  45.840  -55.287  -23.690 0.3000000119
35670  46.441  -55.567  -24.029 0.4000000060
34448  44.328  -56.142  -23.296 0.4000000060
34447  45.384  -56.090  -23.377 0.4000000060
34449  43.284  -56.174  -23.387 0.4000000060
33252  43.854  -57.084  -23.453 0.4000000060
34451  41.350  -56.456  -23.605 0.3000000119
33254  41.911  -57.259  -23.856 0.4000000060
33253  42.881  -57.085  -23.630 0.4000000060
33301  41.888  -57.111  -27.693 0.3000000119
33302  40.973  -57.371  -27.630 0.2000000030
34521  40.493  -57.048  -27.067 0.2000000030
34483  40.199  -56.428  -25.178 0.2000000030
33275  40.553  -57.296  -24.672 0.3000000119
33274  41.352  -57.707  -24.309 0.3000000119
32187  41.804  -58.886  -29.371 0.3000000119
33316  40.730  -58.092  -28.037 0.3000000119
33303  40.446  -57.817  -27.282 0.2000000030
33291  40.290  -57.473  -26.495 0.2000000030
33283  40.230  -57.242  -25.622 0.2000000030
28834  44.220  -62.039  -31.082 0.2000000030
29967  43.552  -60.712  -30.320 0.3000000119
29953  42.634  -60.051  -30.154 0.3000000119
31069  41.935  -60.068  -30.267 0.3000000119
36867  50.775  -54.552  -27.106 0.3000000119
35723  51.521  -55.468  -27.737 0.3000000119
35724  51.051  -55.672  -27.342 0.3000000119
35674  42.706  -55.192  -23.157 0.3000000119
35711  41.553  -54.542  -25.871 0.2000000030
36843  41.261  -54.119  -24.389 0.2000000030
35675  41.615  -55.374  -23.439 0.2000000030
34499  42.612  -55.588  -27.008 0.2000000030
35729  40.948  -55.477  -26.121 0.2000000030
35713  40.541  -55.713  -25.609 0.2000000030
35695  41.016  -55.000  -24.130 0.2000000030
36883  52.323  -54.399  -28.428 0.2000000030
25341  38.673  -64.590  -33.121 0.1000000015
25321  38.897  -64.212  -32.535 0.1000000015
28811  44.016  -61.507  -30.761 0.3000000119
26444  42.387  -63.191  -32.486 0.2000000030
26340  51.285  -63.348  -26.973 0.3000000119
25217  50.837  -63.833  -27.703 0.3000000119
22945  49.045  -66.520  -29.990 0.2000000030
24029  49.778  -65.761  -24.232 0.2000000030
21717  43.838  -67.380  -30.398 0.1000000015
36866  51.571  -54.899  -27.697 0.3000000119
21740  43.442  -67.567  -31.054 0.1000000015
33269  48.599  -57.300  -24.956 0.3000000119
22927  43.653  -66.414  -29.038 0.3000000119
26359  44.430  -63.337  -27.435 0.2000000030
22909  48.944  -66.707  -27.547 0.1000000015
21790  40.634  -67.836  -32.415 0.1000000015
21767  42.160  -67.533  -31.872 0.1000000015
22952  40.512  -66.576  -29.455 0.1000000015
22930  40.298  -65.906  -28.759 0.1000000015
24071  41.916  -64.684  -27.990 0.1000000015
22950  42.984  -66.974  -29.851 0.2000000030
25223  43.669  -64.166  -27.657 0.3000000119
24090  42.148  -65.419  -28.407 0.2000000030
27556  43.636  -62.224  -26.812 0.4000000060
25224  42.591  -64.117  -27.542 0.3000000119
26361  42.306  -63.224  -27.242 0.3000000119
27570  41.778  -62.628  -27.119 0.3000000119
29892  44.230  -59.886  -24.842 0.4000000060
26418  40.058  -63.295  -30.118 0.2000000030
33271  46.496  -57.473  -24.278 0.4000000060
30987  44.557  -59.220  -24.441 0.4000000060
31055  40.607  -59.922  -29.595 0.3000000119
29955  40.793  -60.725  -29.775 0.2000000030
27612  41.812  -62.045  -30.626 0.2000000030
34469  46.876  -56.345  -24.287 0.4000000060
35693  47.682  -55.646  -24.705 0.4000000060
34446  46.198  -56.044  -23.646 0.4000000060
32165  41.241  -58.469  -28.688 0.3000000119
27610  43.351  -61.778  -30.762 0.2000000030
28812  43.074  -61.306  -30.546 0.2000000030
36839  48.258  -55.211  -25.063 0.4000000060
34450  42.256  -56.294  -23.359 0.4000000060
34452  40.841  -56.586  -23.934 0.2000000030
33300  42.965  -57.021  -27.538 0.2000000030
34519  42.239  -56.349  -27.299 0.2000000030
34500  41.510  -55.798  -26.795 0.2000000030
34501  40.485  -56.334  -26.300 0.2000000030
35694  46.925  -55.217  -24.459 0.3000000119
36840  47.685  -54.571  -24.805 0.3000000119
36868  49.928  -54.215  -26.646 0.2000000030
21697  47.819  -67.603  -28.542 0.1000000015
20408  47.265  -68.232  -29.043 0.1000000015
21715  47.882  -67.524  -29.771 0.1000000015
21714  48.523  -67.077  -30.338 0.1000000015
19181  46.338  -69.112  -29.862 0.1000000015
21735  47.986  -67.408  -30.924 0.1000000015
20428  47.423  -68.056  -30.346 0.1000000015
38016  53.528  -53.860  -28.529 0.1000000015
38017  52.579  -53.461  -28.219 0.1000000015
40245  52.856  -52.434  -27.792 0.1000000015
39108  52.328  -52.787  -27.778 0.1000000015
38003  51.676  -53.750  -27.537 0.1000000015
39091  51.494  -52.714  -27.039 0.1000000015
38004  50.530  -53.525  -26.641 0.1000000015
37991  50.175  -53.044  -26.208 0.1000000015
36853  48.602  -54.396  -25.430 0.1000000015
37992  49.524  -53.547  -26.053 0.1000000015
39080  49.199  -52.546  -25.201 0.2000000030
36828  45.760  -54.218  -23.979 0.2000000030
39081  48.402  -52.745  -24.872 0.2000000030
37994  48.098  -53.263  -24.873 0.2000000030
37982  47.457  -53.504  -24.714 0.2000000030
36841  46.671  -54.223  -24.516 0.2000000030
39069  47.971  -52.217  -24.678 0.2000000030
39082  47.821  -52.849  -24.736 0.2000000030
36842  46.233  -53.774  -24.364 0.2000000030
35672  44.730  -54.911  -23.350 0.2000000030
35648  44.292  -54.535  -23.267 0.2000000030
35673  43.711  -55.279  -23.184 0.2000000030
36813  42.821  -54.153  -23.013 0.1000000015
39068  48.621  -52.141  -24.740 0.2000000030
37973  45.419  -53.324  -23.788 0.2000000030
36829  44.978  -53.941  -23.535 0.2000000030
36811  44.265  -54.039  -23.246 0.1000000015
37960  43.838  -53.074  -23.039 0.1000000015
36812  43.520  -53.973  -23.046 0.1000000015
39106  53.962  -52.929  -28.013 0.1000000015
39107  53.155  -52.898  -28.114 0.1000000015
40244  53.421  -52.354  -27.691 0.1000000015
37993  48.637  -53.376  -25.259 0.2000000030
39070  47.202  -52.514  -24.550 0.2000000030
29951  44.021  -60.108  -29.849 0.2000000030
32186  42.820  -58.861  -29.227 0.2000000030
29965  45.552  -60.653  -30.675 0.2000000030
29950  45.027  -60.076  -29.875 0.2000000030
32163  43.212  -58.399  -28.482 0.2000000030
31051  44.467  -59.381  -29.220 0.2000000030
32185  43.763  -58.956  -28.928 0.2000000030
29949  46.011  -59.941  -30.005 0.2000000030
33314  42.569  -57.733  -28.063 0.2000000030
32162  44.356  -58.561  -28.372 0.1000000015
31029  45.079  -58.937  -28.771 0.2000000030
33313  43.647  -57.820  -27.765 0.2000000030
32160  46.424  -57.925  -28.701 0.1000000015
32161  45.449  -58.195  -28.398 0.1000000015
33312  44.786  -57.599  -27.827 0.1000000015
33324  47.304  -57.545  -29.150 0.1000000015
33323  48.141  -57.445  -29.828 0.1000000015
40211  49.827  -51.685  -25.377 0.1000000015
34518  43.321  -56.233  -27.144 0.1000000015
33311  45.902  -57.158  -28.217 0.1000000015
33299  44.056  -56.903  -27.347 0.1000000015
33310  46.737  -57.207  -28.720 0.1000000015
34543  47.633  -56.443  -29.404 0.1000000015
35789  48.551  -55.421  -31.219 0.1000000015
40199  48.315  -51.494  -24.601 0.1000000015
42385  50.120  -50.173  -25.134 0.1000000015
41307  49.616  -50.803  -25.005 0.1000000015
35728  41.941  -54.755  -26.400 0.1000000015
33298  45.085  -56.618  -27.517 0.1000000015
34517  44.370  -55.828  -27.050 0.1000000015
34535  46.811  -56.414  -28.743 0.1000000015
35774  48.265  -55.511  -30.395 0.1000000015
35775  47.626  -55.378  -29.495 0.1000000015
41294  48.803  -50.721  -24.566 0.1000000015
40200  47.510  -51.556  -24.560 0.1000000015
36869  43.532  -54.630  -26.965 0.1000000015
36884  44.847  -54.438  -27.496 0.1000000015
35744  44.499  -54.983  -27.214 0.1000000015
34498  43.564  -55.569  -27.023 0.1000000015
35727  43.102  -54.978  -26.906 0.1000000015
36902  45.517  -54.219  -28.102 0.1000000015
35743  45.232  -55.217  -27.541 0.1000000015
36901  46.370  -54.420  -28.692 0.1000000015
35760  45.867  -55.088  -28.274 0.1000000015
34536  45.834  -55.989  -28.027 0.1000000015
38045  47.500  -53.688  -29.708 0.1000000015
36921  47.198  -54.625  -29.238 0.1000000015
35759  46.653  -55.398  -28.717 0.1000000015
42373  48.362  -49.839  -24.415 0.1000000015
41295  47.881  -50.706  -24.496 0.1000000015
36855  41.717  -54.146  -25.757 0.1000000015
39122  46.822  -52.586  -28.842 0.1000000015
38030  46.130  -53.466  -28.642 0.1000000015
38046  46.896  -53.635  -29.096 0.1000000015
36856  41.482  -53.808  -25.080 0.1000000015
31049  46.482  -59.242  -29.556 0.1000000015
32183  46.932  -58.490  -29.240 0.1000000015
35776  47.201  -55.322  -29.110 0.1000000015
36920  47.905  -54.523  -30.041 0.1000000015
36870  43.076  -54.147  -26.741 0.1000000015
23060  45.304  -66.512  -36.489 0.1000000015
24223  46.233  -65.899  -36.598 0.1000000015
21866  45.349  -67.223  -37.095 0.1000000015
20564  44.365  -67.963  -37.359 0.1000000015
19332  43.406  -69.291  -38.815 0.1000000015
19333  43.027  -69.710  -39.290 0.1000000015
18192  41.683  -70.542  -40.741 0.1000000015
23037  44.682  -66.148  -36.173 0.1000000015
24202  45.833  -65.435  -35.892 0.1000000015
21894  44.940  -67.719  -37.501 0.1000000015
20582  43.461  -68.884  -38.075 0.1000000015
24222  46.692  -65.250  -36.142 0.1000000015
24201  46.694  -64.949  -35.671 0.1000000015
25376  45.113  -64.810  -35.393 0.1000000015
24224  44.058  -65.956  -36.063 0.1000000015
21868  43.659  -67.736  -37.076 0.1000000015
23085  45.929  -66.651  -37.215 0.1000000015
25356  45.567  -64.398  -34.836 0.1000000015
25377  44.048  -64.748  -35.298 0.1000000015
24242  46.708  -65.258  -36.713 0.1000000015
25373  47.534  -64.268  -35.529 0.1000000015
26487  48.514  -63.392  -35.351 0.1000000015
25414  47.533  -64.237  -36.567 0.1000000015
25396  47.679  -64.333  -36.028 0.1000000015
26524  48.389  -63.146  -36.085 0.1000000015
23036  45.152  -65.928  -36.097 0.1000000015
19373  42.035  -69.524  -41.054 0.1000000015
11351  39.633  -76.661  -20.969 0.1000000015
14495  37.583  -74.185  -21.084 0.1000000015
15704  37.636  -72.340  -26.134 0.1000000015
15854  41.066  -72.235  -34.152 0.1000000015
16774  41.844  -71.622  -21.660 0.1000000015
16858  36.208  -71.762  -25.200 0.1000000015
16869  38.226  -71.736  -26.120 0.1000000015
17907  31.277  -70.152  -22.387 0.1000000015
17954  39.085  -70.456  -25.805 0.1000000015
17965  38.853  -70.957  -25.925 0.1000000015
18070  42.881  -69.688  -33.563 0.2000000030
18089  41.185  -71.394  -34.630 0.1000000015
18191  42.330  -69.966  -40.570 0.1000000015
19094  31.678  -69.663  -21.994 0.1000000015
19105  33.035  -68.918  -23.479 0.1000000015
19106  32.537  -69.358  -23.293 0.1000000015
19114  37.017  -69.469  -24.653 0.1000000015
19134  37.001  -69.915  -24.766 0.1000000015
19143  39.527  -70.315  -25.819 0.1000000015
19212  43.990  -69.581  -32.250 0.2000000030
19240  43.190  -69.384  -33.478 0.2000000030
19246  37.731  -69.096  -34.263 0.1000000015
20288  36.254  -67.910  -19.701 0.1000000015
20289  35.898  -67.868  -19.696 0.1000000015
20330  33.859  -67.993  -23.413 0.1000000015
20348  33.568  -68.566  -23.607 0.1000000015
20429  46.957  -68.582  -29.861 0.1000000015
20467  44.102  -68.188  -32.311 0.2000000030
20484  43.086  -68.516  -33.122 0.2000000030
20508  42.800  -68.903  -33.537 0.1000000015
20513  37.807  -68.606  -33.912 0.1000000015
20565  43.931  -68.325  -37.549 0.1000000015
20566  39.172  -67.994  -36.885 0.1000000015
20581  44.408  -68.290  -38.013 0.1000000015
21539  36.011  -67.659  -19.650 0.1000000015
21587  33.655  -67.748  -22.552 0.1000000015
21626  34.350  -67.765  -23.604 0.1000000015
21646  37.587  -68.285  -24.606 0.1000000015
21696  48.508  -67.127  -29.281 0.2000000030
21734  48.429  -66.974  -30.954 0.4000000060
21737  46.301  -67.053  -31.795 0.4000000060
21741  42.521  -67.451  -31.138 0.1000000015
21761  47.619  -67.371  -31.687 0.3000000119
21762  47.028  -67.303  -32.068 0.3000000119
21830  37.758  -67.394  -34.290 0.1000000015
21831  37.577  -67.804  -34.885 0.1000000015
21847  38.548  -67.276  -35.906 0.1000000015
21867  44.681  -67.422  -36.895 0.1000000015
22853  35.945  -66.552  -23.629 0.1000000015
22855  34.709  -66.708  -22.851 0.1000000015
22963  47.087  -66.221  -31.314 0.3000000119
22965  45.421  -66.810  -30.677 0.4000000060
22966  42.834  -67.333  -30.552 0.1000000015
22981  47.557  -67.011  -31.838 0.3000000119
23039  39.133  -66.687  -35.670 0.1000000015
23061  44.104  -66.669  -36.510 0.1000000015
23066  39.455  -66.981  -36.072 0.1000000015
23950  41.450  -65.633  -19.203 0.1000000015
24002  36.046  -65.101  -22.791 0.1000000015
24072  41.382  -64.590  -28.008 0.1000000015
24084  49.637  -65.165  -28.805 0.4000000060
24112  46.071  -65.830  -29.969 0.4000000060
24130  48.632  -65.977  -30.917 0.4000000060
24183  46.702  -64.747  -35.381 0.1000000015
24184  46.367  -64.884  -35.507 0.1000000015
24186  39.210  -65.051  -34.530 0.2000000030
24203  44.655  -65.508  -35.791 0.1000000015
24209  38.744  -66.367  -35.235 0.2000000030
25100  40.559  -64.635  -19.173 0.1000000015
25152  40.424  -63.752  -23.177 0.1000000015
25153  37.257  -64.285  -22.764 0.1000000015
25165  50.392  -64.382  -23.509 0.3000000119
25242  50.489  -63.937  -28.493 0.4000000060
25267  49.515  -64.977  -29.175 0.4000000060
25339  41.116  -64.004  -33.758 0.2000000030
25353  47.467  -64.226  -35.292 0.1000000015
25355  46.450  -64.554  -35.013 0.2000000030
25357  44.577  -64.223  -34.785 0.2000000030
25374  47.212  -64.766  -35.802 0.1000000015
25379  41.776  -64.676  -35.333 0.1000000015
25397  47.202  -64.807  -36.376 0.1000000015
26320  39.579  -63.725  -23.170 0.1000000015
26341  44.414  -62.832  -27.247 0.3000000119
26343  43.146  -62.791  -27.071 0.3000000119
26355  48.774  -63.281  -28.370 0.4000000060
26363  40.744  -62.944  -27.561 0.3000000119
26384  40.222  -63.197  -28.060 0.1000000015
26419  39.497  -64.076  -30.162 0.1000000015
26446  40.461  -63.441  -32.173 0.2000000030
26465  44.692  -63.541  -33.406 0.1000000015
26467  42.790  -63.346  -33.267 0.2000000030
26488  47.758  -63.905  -35.076 0.2000000030
26509  48.398  -63.336  -35.875 0.1000000015
26510  47.995  -63.808  -35.690 0.1000000015
26525  47.980  -63.559  -36.291 0.1000000015
26539  47.529  -63.716  -37.002 0.1000000015
27448  51.149  -62.107  -20.819 0.2000000030
27451  37.832  -63.120  -20.138 0.1000000015
27533  51.854  -62.599  -24.574 0.4000000060
27549  52.326  -61.812  -26.491 0.5000000000
27559  40.982  -61.902  -27.167 0.3000000119
27563  50.965  -62.583  -28.268 0.5000000000
27569  44.666  -62.835  -27.289 0.2000000030
27573  39.961  -61.917  -27.863 0.3000000119
27585  39.798  -62.036  -27.997 0.3000000119
27611  42.744  -61.904  -30.746 0.2000000030
27643  46.190  -62.697  -32.343 0.3000000119
27646  42.953  -62.810  -31.817 0.2000000030
27648  41.469  -63.153  -31.597 0.2000000030
27662  47.567  -62.972  -33.457 0.2000000030
27677  49.295  -62.146  -35.074 0.2000000030
27702  48.251  -63.026  -36.260 0.1000000015
28626  39.400  -61.164  -19.244 0.1000000015
28627  39.001  -61.534  -19.530 0.1000000015
28685  38.431  -62.003  -20.600 0.1000000015
28737  52.403  -61.751  -25.490 0.4000000060
28777  49.591  -61.955  -27.564 0.4000000060
28779  40.179  -61.407  -27.675 0.3000000119
28789  39.855  -61.855  -28.146 0.3000000119
28796  40.532  -61.466  -29.462 0.2000000030
28810  45.024  -61.186  -30.910 0.4000000060
28813  42.190  -61.307  -30.471 0.3000000119
28828  49.249  -60.703  -32.397 0.1000000015
28830  48.275  -61.245  -31.765 0.3000000119
28832  45.859  -61.401  -31.304 0.3000000119
28849  45.837  -62.313  -31.758 0.3000000119
28883  49.306  -61.825  -35.174 0.1000000015
29773  39.736  -60.917  -18.913 0.1000000015
29882  53.552  -59.803  -24.056 0.5000000000
29884  51.214  -60.138  -25.946 0.4000000060
29885  51.016  -60.186  -25.780 0.4000000060
29916  42.011  -60.584  -25.943 0.5000000000
29952  43.112  -60.076  -30.017 0.3000000119
29963  47.333  -60.105  -30.833 0.3000000119
29966  44.530  -60.706  -30.409 0.3000000119
29968  42.570  -60.535  -30.295 0.3000000119
29970  41.203  -60.765  -30.127 0.2000000030
29984  46.151  -60.740  -31.002 0.3000000119
30005  49.569  -60.521  -33.863 0.1000000015
30927  53.636  -58.877  -21.490 0.5000000000
30930  51.222  -59.212  -20.555 0.3000000119
30931  50.803  -58.987  -20.697 0.3000000119
30961  54.361  -58.645  -23.721 0.5000000000
30980  51.268  -59.902  -25.905 0.4000000060
30988  43.498  -59.418  -24.544 0.4000000060
31001  42.045  -59.643  -25.281 0.4000000060
31003  40.588  -58.812  -26.206 0.3000000119
31028  46.018  -58.766  -28.907 0.1000000015
31030  44.555  -58.983  -28.770 0.1000000015
31048  47.392  -59.027  -29.816 0.2000000030
31050  45.525  -59.423  -29.350 0.2000000030
31052  43.447  -59.466  -29.558 0.2000000030
31053  42.447  -59.580  -29.900 0.3000000119
31065  48.650  -59.311  -30.636 0.2000000030
31068  42.397  -60.048  -30.205 0.3000000119
31076  49.493  -59.170  -31.746 0.1000000015
31089  49.424  -59.331  -32.503 0.1000000015
32076  51.487  -58.815  -20.339 0.5000000000
32078  50.714  -58.771  -20.608 0.3000000119
32108  42.084  -57.773  -24.105 0.4000000060
32123  50.180  -58.768  -25.507 0.4000000060
32133  40.469  -57.766  -25.284 0.3000000119
32138  52.177  -58.913  -26.593 0.4000000060
32143  40.426  -58.114  -25.864 0.2000000030
32153  54.416  -57.668  -28.014 0.5000000000
32154  54.056  -57.988  -27.937 0.5000000000
32164  42.190  -58.263  -28.758 0.2000000030
32180  48.979  -58.040  -30.635 0.2000000030
32181  48.522  -58.147  -30.154 0.2000000030
32184  44.288  -58.994  -28.796 0.2000000030
32204  49.214  -58.346  -30.919 0.1000000015
32205  48.876  -58.631  -30.510 0.2000000030
32252  49.413  -58.526  -32.551 0.1000000015
33167  51.957  -56.945  -19.547 0.5000000000
33234  54.560  -57.442  -23.063 0.5000000000
33255  41.052  -57.088  -23.992 0.3000000119
33256  40.701  -56.880  -24.197 0.2000000030
33272  45.685  -57.645  -23.971 0.4000000060
33273  41.839  -57.755  -24.169 0.4000000060
33280  50.604  -57.728  -26.387 0.4000000060
33282  49.106  -57.217  -25.389 0.3000000119
33289  50.823  -57.316  -26.882 0.4000000060
33296  53.213  -57.484  -28.039 0.5000000000
33307  54.406  -56.671  -28.448 0.5000000000
33309  53.753  -57.137  -28.476 0.5000000000
33315  41.554  -57.791  -28.194 0.3000000119
33321  49.014  -57.782  -30.758 0.2000000030
33343  48.920  -57.007  -31.031 0.1000000015
33356  49.561  -57.658  -31.829 0.1000000015
33373  49.483  -57.753  -32.270 0.1000000015
33375  47.883  -57.360  -32.709 0.1000000015
33392  49.293  -57.790  -32.497 0.1000000015
33393  49.116  -57.535  -32.589 0.1000000015
34243  41.931  -56.477  -11.611 0.1000000015
34329  42.329  -55.903  -15.117 0.1000000015
34348  50.028  -55.674  -18.429 0.3000000119
34441  54.536  -57.121  -23.687 0.5000000000
34470  40.506  -56.482  -24.347 0.2000000030
34494  51.731  -57.087  -27.648 0.4000000060
34497  43.955  -55.540  -27.019 0.1000000015
34516  45.214  -55.939  -27.384 0.1000000015
34520  41.186  -56.606  -27.202 0.2000000030
34531  54.214  -56.266  -28.728 0.5000000000
34532  53.345  -56.552  -28.690 0.4000000060
34534  47.241  -56.244  -29.049 0.1000000015
34544  47.155  -56.915  -28.959 0.1000000015
34562  49.217  -56.960  -31.643 0.1000000015
34598  49.256  -57.373  -32.368 0.1000000015
34599  48.784  -56.801  -32.477 0.1000000015
34612  49.263  -57.467  -32.442 0.1000000015
35564  41.865  -55.196  -15.227 0.1000000015
35618  51.242  -55.630  -19.545 0.4000000060
35620  50.373  -55.115  -20.291 0.4000000060
35649  43.953  -54.578  -23.171 0.2000000030
35650  43.322  -54.642  -23.083 0.2000000030
35676  40.760  -55.914  -23.804 0.2000000030
35696  40.522  -55.668  -24.680 0.2000000030
35709  49.397  -55.893  -26.195 0.3000000119
35712  41.150  -54.776  -25.337 0.2000000030
35726  43.884  -55.131  -27.034 0.1000000015
35730  40.565  -55.800  -26.029 0.2000000030
35739  54.280  -55.233  -27.652 0.5000000000
35741  51.936  -55.558  -28.275 0.4000000060
35742  51.531  -55.718  -27.750 0.3000000119
35755  53.898  -55.526  -28.977 0.4000000060
35756  53.043  -55.439  -29.025 0.5000000000
35757  52.470  -55.516  -28.752 0.4000000060
35758  47.225  -55.870  -29.056 0.1000000015
36810  47.835  -54.109  -22.021 0.1000000015
36827  46.307  -54.914  -24.169 0.4000000060
36830  42.121  -54.358  -23.262 0.1000000015
36854  48.123  -53.824  -24.961 0.2000000030
36865  53.436  -54.203  -26.339 0.2000000030
36871  42.360  -53.747  -26.183 0.1000000015
36882  53.010  -54.640  -28.894 0.2000000030
36885  44.051  -54.202  -27.139 0.1000000015
36898  54.356  -54.886  -28.323 0.5000000000
36934  48.396  -54.830  -31.007 0.1000000015
36971  48.485  -55.260  -31.903 0.1000000015
36972  48.072  -54.706  -32.135 0.1000000015
37818  43.092  -53.149  -13.188 0.1000000015
37819  42.425  -53.427  -13.414 0.1000000015
37940  47.655  -53.648  -22.060 0.1000000015
37979  52.723  -53.321  -24.971 0.2000000030
37983  46.626  -53.311  -24.475 0.2000000030
37984  45.964  -53.319  -24.240 0.2000000030
37995  41.934  -53.277  -25.562 0.1000000015
38005  49.949  -53.744  -26.484 0.1000000015
38014  54.435  -54.476  -28.120 0.4000000060
38028  54.001  -54.004  -28.536 0.4000000060
38913  42.361  -53.052  -13.805 0.1000000015
39047  43.802  -52.375  -22.837 0.1000000015
39133  47.332  -52.982  -29.408 0.1000000015
40107  42.865  -51.748  -18.350 0.1000000015
40198  49.123  -51.595  -24.770 0.2000000030
42268  43.800  -50.153  -18.740 0.1000000015
42272  48.277  -48.971  -19.857 0.1000000015
43490  45.932  -48.663  -18.259 0.1000000015
44779  47.641  -48.078  -19.083 0.1000000015
