#!ascii label  , from subject sub-01 vox2ras=TkReg
495
66158  25.879  -26.107  -31.360 0.1428571492
66150  25.495  -26.627  -30.424 0.1428571492
67217  25.722  -25.393  -31.863 0.1428571492
66149  26.546  -26.518  -31.179 0.1428571492
66159  25.290  -25.982  -31.288 0.1428571492
67205  26.371  -25.553  -31.406 0.1428571492
68301  25.910  -24.264  -32.560 0.5714285970
68277  26.842  -24.661  -31.417 0.1428571492
69293  27.457  -23.755  -31.836 0.2857142985
69281  27.503  -24.223  -31.173 0.2857142985
70292  28.125  -23.326  -31.864 0.1428571492
69292  28.136  -23.495  -31.514 0.2857142985
71313  28.905  -21.192  -33.670 0.2857142985
71294  28.203  -21.792  -33.370 0.1428571492
73297  30.116  -19.842  -33.717 0.2857142985
72306  29.406  -20.646  -33.711 0.2857142985
74351  29.811  -18.933  -33.570 0.2857142985
74352  28.842  -18.734  -33.534 0.2857142985
75447  29.377  -17.208  -33.195 0.2857142985
78340  29.115  -14.589  -33.625 0.8571428657
77404  29.375  -15.562  -32.894 0.4285714328
75446  30.109  -17.350  -33.120 0.2857142985
80282  30.157  -12.706  -32.939 0.7142857313
79303  30.321  -13.310  -32.574 0.7142857313
78339  30.137  -14.403  -32.656 0.7142857313
80294  30.279  -12.036  -33.001 0.8571428657
80295  29.846  -12.406  -33.604 0.8571428657
79304  29.790  -13.465  -33.271 0.7142857313
82386  31.280  -10.529  -32.877 0.4285714328
81338  30.344  -11.481  -33.543 0.7142857313
84356  32.119  -8.748  -33.307 0.2857142985
84371  31.403  -9.192  -35.006 0.5714285970
82399  31.095  -10.338  -33.708 0.8571428657
83396  31.449  -9.891  -33.509 0.7142857313
82400  30.601  -10.700  -34.235 0.8571428657
85397  32.415  -7.751  -33.635 0.1428571492
84370  31.814  -8.704  -34.583 0.4285714328
83409  31.281  -9.723  -34.406 0.5714285970
83410  30.787  -10.070  -34.870 0.8571428657
86385  31.654  -6.856  -35.055 0.1428571492
85413  32.046  -7.715  -34.964 0.1428571492
84386  31.711  -8.266  -35.289 0.4285714328
83423  30.314  -9.693  -35.174 0.8571428657
87287  32.263  -6.041  -35.594 0.1428571492
86386  31.158  -7.358  -35.064 0.4285714328
85414  31.421  -7.787  -35.357 0.5714285970
84387  31.115  -8.743  -35.419 0.7142857313
87288  31.632  -5.710  -34.655 0.1428571492
86368  31.318  -6.381  -34.553 0.1428571492
86369  30.787  -6.876  -34.431 0.5714285970
85415  30.585  -7.817  -35.064 0.8571428657
84388  29.959  -8.734  -35.148 0.8571428657
88217  32.080  -4.920  -35.086 0.1428571492
88218  31.737  -4.681  -34.315 0.2857142985
87271  30.984  -5.899  -33.965 0.8571428657
85398  30.053  -7.417  -34.333 0.8571428657
90104  31.981  -3.132  -33.735 0.1428571492
90103  32.338  -2.632  -34.419 0.1428571492
88199  31.247  -4.904  -33.693 0.4285714328
88200  30.332  -5.166  -32.993 0.8571428657
86370  29.841  -6.814  -33.737 0.8571428657
85399  29.244  -7.303  -34.078 0.8571428657
89160  31.576  -3.886  -33.652 0.4285714328
87273  29.484  -5.931  -33.259 0.8571428657
87274  28.506  -5.640  -33.531 0.8571428657
91095  32.165  -1.676  -33.654 0.2857142985
90088  31.434  -2.819  -33.007 0.8571428657
89161  30.850  -3.906  -32.905 0.8571428657
88201  29.012  -4.877  -32.899 0.8571428657
89162  29.657  -3.845  -32.509 0.8571428657
92119  32.003  -1.148  -33.273 0.2857142985
91096  31.703  -1.666  -33.003 0.7142857313
90089  30.286  -2.649  -32.491 0.8571428657
89163  28.316  -3.727  -32.686 0.8571428657
91097  31.026  -1.958  -32.553 0.8571428657
91083  30.271  -1.418  -32.121 0.8571428657
90090  28.972  -2.550  -32.469 0.8571428657
91098  28.868  -1.904  -32.490 0.7142857313
91082  31.208  -1.168  -32.419 0.8571428657
90077  29.552  -1.989  -32.328 0.8571428657
91084  29.037  -1.347  -32.350 0.8571428657
92104  29.642  -0.301  -31.924 0.8571428657
93156  30.981  0.771  -32.041 0.7142857313
92089  30.653  0.442  -31.967 0.8571428657
93142  30.424  0.912  -31.964 0.8571428657
93143  29.642  0.816  -31.985 0.8571428657
94869  29.519  2.660  -32.022 0.7142857313
93157  28.969  0.357  -32.157 0.8571428657
96568  32.446  4.186  -34.033 0.1428571492
94060  30.918  2.123  -31.949 0.8571428657
94868  30.410  2.757  -31.978 0.7142857313
95709  30.786  3.546  -31.894 0.7142857313
94061  30.135  1.765  -32.032 0.8571428657
98377  32.216  5.823  -33.660 0.1428571492
96536  31.354  4.282  -32.014 0.5714285970
97464  30.142  5.471  -31.395 0.5714285970
97480  31.749  5.297  -32.214 0.1428571492
98390  31.708  6.649  -34.674 0.1428571492
100245  31.426  8.213  -32.768 0.1428571492
100256  31.434  8.446  -33.669 0.1428571492
98352  31.479  6.312  -31.936 0.1428571492
101040  31.434  9.433  -33.100 0.1428571492
98353  30.698  6.401  -31.468 0.5714285970
101025  31.262  8.797  -32.209 0.1428571492
101806  31.218  9.747  -32.264 0.1428571492
65086  26.364  -27.273  -30.571 0.1428571492
65087  25.910  -27.231  -30.120 0.1428571492
68278  26.283  -25.024  -31.705 0.2857142985
67204  27.106  -25.614  -31.039 0.1428571492
68276  27.565  -24.754  -30.771 0.2857142985
71293  28.995  -22.232  -32.926 0.2857142985
70305  29.079  -22.473  -32.247 0.1428571492
75470  28.614  -17.572  -33.376 0.2857142985
76445  28.957  -16.534  -33.162 0.5714285970
81326  30.712  -11.386  -32.818 0.2857142985
83395  31.848  -9.609  -32.759 0.1428571492
82401  30.034  -11.038  -34.634 0.8571428657
86371  28.870  -6.606  -33.693 0.8571428657
93155  31.592  0.613  -32.421 0.8571428657
94071  31.345  1.506  -32.176 0.8571428657
95708  31.340  3.340  -32.090 0.7142857313
96552  31.902  4.461  -32.493 0.2857142985
99356  31.663  7.391  -33.243 0.1428571492
101057  31.001  9.560  -35.188 0.1428571492
68289  26.310  -24.485  -32.194 0.4285714328
69306  27.423  -23.312  -32.505 0.2857142985
69294  26.848  -24.090  -32.176 0.4285714328
69308  25.900  -23.744  -32.621 0.2857142985
70306  28.192  -22.920  -32.490 0.1428571492
71311  29.904  -21.329  -33.015 0.2857142985
72307  28.536  -20.631  -33.644 0.2857142985
73298  29.134  -19.754  -33.758 0.2857142985
77405  28.648  -15.681  -33.381 0.7142857313
86384  32.458  -6.766  -34.567 0.1428571492
89179  32.045  -3.874  -34.414 0.2857142985
85416  29.557  -7.969  -34.613 0.8571428657
84389  28.868  -8.636  -34.817 1.0000000000
91111  32.358  -1.482  -34.248 0.1428571492
92118  32.244  -0.765  -33.662 0.2857142985
89164  27.406  -3.594  -33.618 0.8571428657
92102  31.821  -0.501  -32.841 0.5714285970
94070  32.038  1.637  -32.668 0.5714285970
94879  31.547  2.514  -32.240 0.7142857313
95718  31.845  3.504  -32.476 0.4285714328
95732  32.398  3.214  -33.644 0.2857142985
96551  32.222  4.098  -33.109 0.2857142985
97479  32.203  5.115  -32.822 0.1428571492
98366  31.991  6.202  -32.842 0.1428571492
99331  30.382  7.383  -31.414 0.2857142985
98378  31.921  6.640  -33.790 0.1428571492
100230  31.217  7.938  -32.155 0.1428571492
100231  30.855  8.166  -31.730 0.1428571492
101026  30.758  9.189  -31.734 0.1428571492
99365  31.501  7.545  -34.151 0.1428571492
101807  30.755  10.530  -31.831 0.1428571492
101820  31.341  10.694  -32.816 0.1428571492
92101  32.226  -0.126  -33.331 0.4285714328
93154  32.194  0.527  -33.044 0.4285714328
94085  32.423  1.372  -33.534 0.4285714328
94891  32.346  2.380  -33.226 0.4285714328
94878  32.058  2.640  -32.669 0.5714285970
95717  32.234  3.170  -32.980 0.5714285970
67218  24.626  -25.390  -31.513 0.2857142985
67203  27.931  -25.648  -30.613 0.1428571492
71312  29.390  -21.469  -33.336 0.2857142985
79317  29.210  -13.311  -34.117 0.7142857313
82387  30.808  -10.880  -33.439 0.8571428657
81339  29.980  -11.597  -34.162 0.8571428657
83408  31.706  -9.317  -33.741 0.5714285970
87272  30.323  -6.170  -33.606 0.8571428657
92103  30.871  -0.189  -32.069 0.8571428657
97493  32.336  5.020  -33.519 0.1428571492
97463  31.052  5.365  -31.667 0.5714285970
96537  30.510  4.455  -31.634 0.5714285970
99368  31.157  7.618  -35.036 0.1428571492
99344  31.536  7.235  -32.398 0.1428571492
100262  31.194  8.551  -34.603 0.1428571492
99330  31.120  7.262  -31.743 0.1428571492
71292  29.723  -21.804  -32.396 0.1428571492
69307  26.723  -23.690  -32.597 0.4285714328
73299  28.052  -19.616  -33.485 0.5714285970
100232  30.160  8.360  -31.399 0.1428571492
73300  27.152  -19.183  -33.343 0.5714285970
73280  26.533  -19.893  -33.137 0.5714285970
73282  24.218  -19.324  -32.805 0.2857142985
74354  26.864  -18.289  -33.331 0.5714285970
74355  25.725  -18.259  -33.249 0.5714285970
72291  24.687  -20.230  -32.714 0.4285714328
74332  24.732  -18.376  -33.070 0.4285714328
75472  26.572  -17.364  -33.320 0.5714285970
75473  25.633  -17.257  -33.235 0.5714285970
75474  24.692  -17.297  -33.053 0.4285714328
76463  27.291  -16.498  -33.400 0.5714285970
77425  26.061  -15.488  -33.570 0.4285714328
77423  27.949  -15.676  -33.562 0.4285714328
74333  23.655  -18.507  -32.721 0.2857142985
76462  28.165  -16.571  -33.378 0.7142857313
78355  28.034  -14.631  -33.884 0.7142857313
78357  25.760  -14.533  -33.698 0.4285714328
79319  27.556  -13.643  -34.033 0.7142857313
79320  26.499  -13.632  -33.882 0.5714285970
80297  27.188  -12.861  -34.053 0.7142857313
80298  26.170  -12.603  -34.065 0.2857142985
78341  28.437  -15.144  -33.642 0.5714285970
79333  28.621  -12.907  -34.321 0.7142857313
80312  27.038  -11.987  -34.337 0.7142857313
81353  27.776  -11.230  -34.377 0.7142857313
80313  26.280  -11.712  -34.329 0.7142857313
81340  25.643  -11.870  -34.139 0.4285714328
81355  25.770  -10.985  -34.529 0.4285714328
79318  28.390  -13.629  -34.167 0.5714285970
80309  29.398  -12.296  -34.197 0.5714285970
81352  28.713  -11.384  -34.480 0.5714285970
82415  27.494  -10.244  -34.520 0.7142857313
83425  28.181  -9.434  -34.767 0.7142857313
82416  26.482  -10.111  -34.505 0.7142857313
83427  26.203  -9.122  -34.417 0.5714285970
82412  30.306  -10.461  -34.856 0.7142857313
82413  29.528  -10.595  -34.817 0.5714285970
82414  28.512  -10.408  -34.645 0.7142857313
82417  25.480  -9.977  -34.250 0.4285714328
84390  27.762  -8.445  -34.796 0.7142857313
84391  26.724  -8.308  -34.788 0.7142857313
84392  25.793  -8.177  -34.572 0.5714285970
85418  27.220  -7.462  -34.793 0.7142857313
85419  26.221  -7.356  -34.990 0.5714285970
86390  25.727  -6.339  -35.195 0.2857142985
85417  28.403  -7.563  -34.456 0.7142857313
87276  26.852  -5.143  -34.615 0.7142857313
86389  26.648  -6.508  -34.911 0.8571428657
88202  27.932  -4.663  -33.420 0.8571428657
86388  27.614  -6.565  -34.472 0.8571428657
87289  26.964  -5.841  -34.660 0.5714285970
87275  27.590  -5.508  -34.134 0.8571428657
88203  27.131  -4.481  -34.204 0.8571428657
88204  26.432  -4.433  -34.890 0.7142857313
86387  28.357  -6.816  -34.146 0.8571428657
89165  26.681  -3.552  -34.524 0.7142857313
91085  28.021  -0.971  -32.814 0.7142857313
91086  27.500  -0.767  -33.161 0.7142857313
92105  28.580  -0.310  -32.441 0.5714285970
92120  27.170  -0.523  -33.394 0.7142857313
92106  27.643  -0.159  -32.961 0.7142857313
93144  28.876  1.015  -32.217 0.8571428657
94073  27.769  1.548  -32.970 0.7142857313
93159  27.365  0.760  -33.260 0.7142857313
94881  27.568  2.576  -32.989 0.7142857313
94086  26.423  2.279  -34.103 0.5714285970
94870  28.434  2.551  -32.253 0.7142857313
94871  27.920  3.022  -32.461 0.7142857313
94892  26.795  2.762  -33.835 0.5714285970
95720  27.697  3.675  -32.731 0.4285714328
95733  27.133  3.366  -33.411 0.5714285970
95711  28.963  3.606  -32.004 0.5714285970
94893  26.091  2.871  -34.305 0.5714285970
96553  28.016  4.402  -32.400 0.5714285970
95721  27.062  4.058  -33.344 0.5714285970
95734  26.487  3.773  -34.001 0.5714285970
94894  25.235  2.790  -34.358 0.5714285970
96569  25.965  4.751  -34.412 0.5714285970
95735  25.614  3.823  -34.449 0.5714285970
96540  27.974  5.008  -32.237 0.5714285970
94895  24.398  2.598  -33.593 0.4285714328
94089  23.906  1.431  -33.780 0.4285714328
96571  24.765  5.026  -34.217 0.4285714328
81351  29.434  -11.520  -34.464 0.5714285970
96570  25.180  4.812  -34.608 0.2857142985
95736  24.814  3.938  -34.068 0.4285714328
95722  24.242  3.735  -32.975 0.2857142985
72290  25.646  -20.508  -32.914 0.5714285970
74353  27.853  -18.476  -33.431 0.2857142985
73281  25.363  -19.292  -33.114 0.5714285970
75471  27.566  -17.460  -33.376 0.5714285970
74356  25.178  -17.808  -33.174 0.4285714328
76465  25.323  -16.365  -33.280 0.4285714328
76464  26.336  -16.415  -33.374 0.5714285970
75449  23.234  -17.670  -32.657 0.2857142985
78356  26.844  -14.585  -33.778 0.5714285970
78326  30.824  -13.952  -32.014 0.2857142985
79322  24.503  -13.447  -33.370 0.2857142985
91099  28.308  -1.784  -32.742 0.7142857313
91100  27.296  -1.380  -33.512 0.7142857313
94074  26.913  1.705  -33.771 0.7142857313
95710  29.965  3.586  -31.805 0.5714285970
96539  28.611  4.653  -31.910 0.5714285970
96555  26.630  4.764  -33.663 0.5714285970
78354  28.720  -14.078  -34.064 0.5714285970
83424  29.232  -9.595  -35.035 0.7142857313
86372  28.196  -6.221  -34.012 0.7142857313
94062  29.162  1.720  -32.092 0.8571428657
90092  26.941  -2.555  -34.098 0.7142857313
73301  26.315  -18.989  -33.284 0.5714285970
73279  27.300  -19.831  -33.303 0.4285714328
74331  25.251  -18.650  -33.188 0.4285714328
71296  25.908  -21.514  -32.828 0.5714285970
75448  24.011  -17.803  -32.845 0.4285714328
76466  24.230  -16.284  -32.991 0.4285714328
77424  27.097  -15.546  -33.593 0.5714285970
79321  25.451  -13.548  -33.750 0.4285714328
80296  27.736  -12.997  -34.134 0.7142857313
80310  28.890  -12.208  -34.394 0.7142857313
80311  28.017  -12.354  -34.339 0.7142857313
81354  26.806  -11.054  -34.480 0.7142857313
83426  27.149  -9.271  -34.637 0.7142857313
83428  25.426  -8.981  -34.095 0.2857142985
93158  28.241  0.673  -32.643 0.7142857313
94063  28.412  1.581  -32.432 0.7142857313
96554  27.373  4.734  -32.820 0.7142857313
77427  24.082  -15.292  -33.035 0.4285714328
68291  24.154  -24.395  -31.560 0.4285714328
74350  30.751  -18.982  -33.529 0.1428571492
76444  29.722  -16.545  -32.800 0.1428571492
77403  30.275  -15.670  -32.428 0.1428571492
75468  30.430  -18.166  -33.423 0.1428571492
76443  30.629  -16.663  -32.611 0.1428571492
75467  31.314  -18.210  -33.428 0.1428571492
79293  31.349  -13.318  -31.705 0.2857142985
80280  31.253  -12.067  -31.675 0.1428571492
90091  27.772  -2.587  -33.061 0.5714285970
103369  30.930  12.146  -32.693 0.1428571492
89180  26.018  -3.576  -35.252 0.4285714328
103358  29.660  12.509  -31.700 0.1428571492
101027  29.942  9.436  -31.423 0.1428571492
91101  26.136  -1.601  -34.665 0.4285714328
92121  26.438  -0.358  -33.879 0.4285714328
100235  27.339  8.804  -32.143 0.2857142985
98367  27.098  6.515  -32.563 0.2857142985
97467  27.562  5.658  -32.366 0.2857142985
99334  27.612  7.393  -32.102 0.2857142985
91104  23.524  -1.487  -34.147 0.1428571492
92122  25.583  -0.333  -34.670 0.5714285970
99345  26.751  7.433  -32.840 0.2857142985
92123  24.671  -0.265  -35.034 0.4285714328
94075  26.315  1.219  -33.998 0.5714285970
98368  26.449  6.570  -33.556 0.2857142985
93175  24.171  0.684  -34.533 0.4285714328
97494  25.498  5.678  -34.670 0.1428571492
97482  26.230  5.664  -34.096 0.1428571492
98379  25.756  6.534  -34.367 0.1428571492
93176  23.131  0.476  -33.626 0.1428571492
97495  24.817  5.728  -34.593 0.1428571492
98380  25.079  6.555  -34.667 0.1428571492
99357  25.353  7.076  -34.440 0.1428571492
96556  24.506  4.795  -33.454 0.2857142985
96541  24.281  4.673  -32.239 0.1428571492
97496  24.467  5.730  -33.912 0.1428571492
98381  24.586  6.624  -34.214 0.1428571492
98369  24.298  6.615  -33.355 0.1428571492
69296  24.424  -23.376  -31.794 0.4285714328
70294  24.593  -22.182  -32.237 0.2857142985
75445  31.002  -17.469  -33.068 0.1428571492
78338  30.939  -14.836  -32.103 0.1428571492
91112  25.847  -2.292  -35.143 0.2857142985
98355  28.850  6.480  -31.481 0.2857142985
99346  25.855  7.575  -33.871 0.2857142985
99347  25.294  8.111  -34.050 0.2857142985
70295  23.512  -22.473  -31.452 0.2857142985
70291  28.692  -23.071  -31.541 0.1428571492
72305  30.234  -20.703  -33.263 0.1428571492
72304  30.817  -20.359  -33.016 0.1428571492
80281  30.635  -12.308  -32.263 0.1428571492
90093  26.209  -2.718  -34.907 0.4285714328
92124  23.693  -0.397  -34.441 0.2857142985
94087  25.876  1.753  -34.281 0.5714285970
97465  29.189  5.549  -31.500 0.4285714328
100247  26.529  8.482  -32.801 0.2857142985
100246  27.266  8.113  -32.328 0.2857142985
99333  28.658  7.354  -31.513 0.2857142985
101029  27.896  9.517  -31.795 0.1428571492
101810  27.561  10.404  -31.893 0.1428571492
101808  29.615  10.514  -31.449 0.1428571492
99358  24.851  7.615  -34.324 0.2857142985
100248  25.666  8.614  -33.571 0.2857142985
100233  29.217  8.436  -31.391 0.1428571492
81325  31.305  -11.332  -32.057 0.2857142985
98354  29.688  6.574  -31.331 0.4285714328
101030  26.984  9.484  -32.229 0.2857142985
69295  25.273  -23.158  -32.359 0.4285714328
68290  25.250  -24.343  -32.200 0.4285714328
96538  29.554  4.533  -31.585 0.4285714328
99332  29.534  7.468  -31.322 0.2857142985
92107  26.986  0.084  -33.384 0.5714285970
93160  26.612  0.698  -33.715 0.5714285970
97466  28.334  5.629  -31.822 0.2857142985
97481  26.821  5.636  -33.148 0.2857142985
74349  31.648  -18.875  -33.470 0.1428571492
77402  31.250  -15.820  -32.228 0.1428571492
91102  25.189  -1.257  -35.142 0.2857142985
98356  27.973  6.498  -31.887 0.2857142985
93174  25.191  0.724  -34.645 0.4285714328
93173  25.924  0.630  -34.162 0.5714285970
94088  24.810  1.676  -34.299 0.4285714328
78337  31.862  -14.895  -32.083 0.1428571492
90105  25.619  -2.811  -35.419 0.2857142985
100234  28.127  8.446  -31.809 0.2857142985
101028  28.892  9.479  -31.499 0.2857142985
101809  28.548  10.468  -31.564 0.1428571492
85420  25.240  -7.246  -34.824 0.2857142985
101050  24.643  9.533  -34.042 0.1428571492
101041  26.175  9.434  -32.900 0.1428571492
101823  25.182  10.341  -33.623 0.1428571492
99348  24.045  7.557  -32.697 0.1428571492
101051  23.996  9.731  -34.227 0.1428571492
101042  25.398  9.470  -33.562 0.1428571492
100258  24.009  8.734  -34.149 0.1428571492
100249  23.609  8.393  -33.229 0.1428571492
100257  24.941  8.671  -34.065 0.1428571492
100259  23.639  9.524  -33.986 0.1428571492
101832  24.457  10.317  -34.045 0.1428571492
101032  23.178  9.829  -32.740 0.1428571492
101833  23.912  10.400  -34.174 0.1428571492
100250  23.406  9.225  -33.504 0.1428571492
101825  23.689  10.685  -33.848 0.1428571492
102606  24.875  11.205  -33.865 0.1428571492
101822  25.920  10.289  -32.965 0.1428571492
101043  23.420  10.019  -33.657 0.1428571492
100237  23.255  9.025  -32.737 0.1428571492
71295  26.932  -21.701  -32.929 0.4285714328
72289  26.504  -20.846  -32.957 0.2857142985
72288  27.452  -20.625  -33.255 0.2857142985
70308  26.089  -22.665  -32.725 0.2857142985
70307  27.269  -22.723  -32.855 0.1428571492
70293  25.329  -22.525  -32.507 0.2857142985
70309  25.368  -22.040  -32.614 0.2857142985
71278  24.340  -21.371  -32.360 0.2857142985
71297  24.941  -21.258  -32.661 0.2857142985
77426  25.008  -15.420  -33.424 0.2857142985
78358  24.751  -14.442  -33.424 0.2857142985
81341  24.893  -11.436  -34.021 0.1428571492
82402  25.087  -9.550  -34.012 0.1428571492
86391  24.759  -6.086  -34.819 0.1428571492
87291  25.338  -5.263  -35.157 0.1428571492
88219  25.691  -4.431  -35.322 0.1428571492
88220  24.915  -4.342  -35.368 0.1428571492
91114  24.852  -1.987  -35.398 0.1428571492
91103  24.353  -1.465  -34.945 0.1428571492
94077  22.631  1.410  -32.626 0.1428571492
94882  23.654  2.863  -32.582 0.1428571492
89181  25.260  -3.564  -35.655 0.1428571492
83411  24.804  -9.062  -33.798 0.1428571492
84372  24.392  -8.439  -33.768 0.1428571492
84393  24.903  -8.128  -34.168 0.1428571492
85422  23.857  -6.734  -33.922 0.1428571492
87293  24.131  -5.287  -34.444 0.1428571492
90094  23.989  -2.422  -34.715 0.1428571492
94076  23.517  1.944  -33.009 0.1428571492
81356  25.149  -10.584  -34.228 0.1428571492
87290  26.261  -5.429  -35.119 0.1428571492
94090  23.254  1.200  -33.221 0.1428571492
91113  25.424  -2.099  -35.309 0.1428571492
78359  23.839  -14.363  -32.992 0.1428571492
87292  24.712  -5.020  -34.931 0.1428571492
86373  23.639  -6.077  -33.881 0.1428571492
69297  23.507  -23.674  -31.344 0.1428571492
69282  22.939  -23.070  -30.956 0.1428571492
70279  22.978  -22.508  -31.072 0.1428571492
71298  24.242  -20.852  -32.479 0.1428571492
82374  32.407  -10.841  -31.589 0.1428571492
93172  32.470  0.241  -33.891 0.1428571492
71280  22.940  -21.584  -31.310 0.1428571492
71279  23.630  -21.181  -32.034 0.1428571492
73283  23.308  -19.326  -32.496 0.1428571492
94102  32.624  1.189  -34.455 0.1428571492
74334  22.603  -18.538  -32.341 0.1428571492
92135  32.451  -0.696  -34.528 0.1428571492
82385  31.871  -10.436  -31.970 0.1428571492
76446  23.837  -17.130  -32.811 0.1428571492
72292  23.741  -20.188  -32.455 0.1428571492
68288  26.837  -24.235  -31.895 0.4285714328
68300  26.220  -24.106  -32.603 0.2857142985
72287  30.174  -21.163  -32.745 0.2857142985
78327  30.524  -13.724  -32.335 0.2857142985
79294  30.747  -13.217  -32.038 0.2857142985
79332  29.053  -12.704  -34.352 0.5714285970
79334  28.089  -13.114  -34.203 0.7142857313
81324  31.942  -11.145  -31.620 0.2857142985
83422  31.068  -9.535  -35.127 0.8571428657
85400  28.711  -7.096  -34.063 0.8571428657
86392  24.152  -6.248  -34.245 0.1428571492
90078  29.122  -1.946  -32.409 0.8571428657
90087  31.997  -2.384  -33.514 0.2857142985
92090  30.265  0.321  -31.889 0.8571428657
94072  30.785  1.408  -31.988 0.8571428657
94867  31.041  2.852  -31.947 0.7142857313
94880  28.013  2.048  -32.606 0.7142857313
95712  28.259  3.354  -32.295 0.7142857313
95719  28.357  3.939  -32.310 0.4285714328
98337  29.408  7.002  -31.342 0.2857142985
98338  29.223  6.830  -31.382 0.2857142985
98365  32.226  5.548  -33.181 0.1428571492
99318  29.162  7.124  -31.368 0.2857142985
99319  28.972  6.949  -31.396 0.2857142985
101052  23.678  9.967  -34.053 0.1428571492
101834  23.650  10.246  -33.972 0.1428571492
102615  24.285  10.777  -34.111 0.1428571492
