#!ascii label  , from subject sub-01 vox2ras=TkReg
199
83425  28.181  -9.434  -34.767 0.0000000000
75471  27.566  -17.460  -33.376 0.0000000000
87276  26.852  -5.143  -34.615 0.0000000000
95734  26.487  3.773  -34.001 0.0000000000
73301  26.315  -18.989  -33.284 0.0000000000
89162  29.657  -3.845  -32.509 0.0000000000
91084  29.037  -1.347  -32.350 0.0000000000
80313  26.280  -11.712  -34.329 0.0000000000
79319  27.556  -13.643  -34.033 0.0000000000
80309  29.398  -12.296  -34.197 0.0000000000
85415  30.585  -7.817  -35.064 0.0000000000
83396  31.449  -9.891  -33.509 0.0000000000
85418  27.220  -7.462  -34.793 0.0000000000
87273  29.484  -5.931  -33.259 0.0000000000
94074  26.913  1.705  -33.771 0.0000000000
94061  30.135  1.765  -32.032 0.0000000000
76445  28.957  -16.534  -33.162 0.0000000000
91099  28.308  -1.784  -32.742 0.0000000000
91086  27.500  -0.767  -33.161 0.0000000000
82415  27.494  -10.244  -34.520 0.0000000000
81352  28.713  -11.384  -34.480 0.0000000000
82413  29.528  -10.595  -34.817 0.0000000000
74354  26.864  -18.289  -33.331 0.0000000000
86389  26.648  -6.508  -34.911 0.0000000000
86387  28.357  -6.816  -34.146 0.0000000000
87274  28.506  -5.640  -33.531 0.0000000000
90089  30.286  -2.649  -32.491 0.0000000000
89161  30.850  -3.906  -32.905 0.0000000000
95735  25.614  3.823  -34.449 0.0000000000
94087  25.876  1.753  -34.281 0.0000000000
94892  26.795  2.762  -33.835 0.0000000000
98353  30.698  6.401  -31.468 0.0000000000
96536  31.354  4.282  -32.014 0.0000000000
95710  29.965  3.586  -31.805 0.0000000000
95708  31.340  3.340  -32.090 0.0000000000
94071  31.345  1.506  -32.176 0.0000000000
78340  29.115  -14.589  -33.625 0.0000000000
78341  28.437  -15.144  -33.642 0.0000000000
73281  25.363  -19.292  -33.114 0.0000000000
88202  27.932  -4.663  -33.420 0.0000000000
89164  27.406  -3.594  -33.618 0.0000000000
90077  29.552  -1.989  -32.328 0.0000000000
91082  31.208  -1.168  -32.419 0.0000000000
79320  26.499  -13.632  -33.882 0.0000000000
80297  27.188  -12.861  -34.053 0.0000000000
79333  28.621  -12.907  -34.321 0.0000000000
80282  30.157  -12.706  -32.939 0.0000000000
84388  29.959  -8.734  -35.148 0.0000000000
83423  30.314  -9.693  -35.174 0.0000000000
84371  31.403  -9.192  -35.006 0.0000000000
83426  27.149  -9.271  -34.637 0.0000000000
84392  25.793  -8.177  -34.572 0.0000000000
84390  27.762  -8.445  -34.796 0.0000000000
85416  29.557  -7.969  -34.613 0.0000000000
85398  30.053  -7.417  -34.333 0.0000000000
86368  31.318  -6.381  -34.553 0.0000000000
88201  29.012  -4.877  -32.899 0.0000000000
88199  31.247  -4.904  -33.693 0.0000000000
93160  26.612  0.698  -33.715 0.0000000000
96553  28.016  4.402  -32.400 0.0000000000
94871  27.920  3.022  -32.461 0.0000000000
94073  27.769  1.548  -32.970 0.0000000000
93158  28.241  0.673  -32.643 0.0000000000
93157  28.969  0.357  -32.157 0.0000000000
93155  31.592  0.613  -32.421 0.0000000000
76463  27.291  -16.498  -33.400 0.0000000000
78356  26.844  -14.585  -33.778 0.0000000000
82400  30.601  -10.700  -34.235 0.0000000000
80294  30.279  -12.036  -33.001 0.0000000000
91100  27.296  -1.380  -33.512 0.0000000000
92120  27.170  -0.523  -33.394 0.0000000000
82414  28.512  -10.408  -34.645 0.0000000000
71296  25.908  -21.514  -32.828 0.0000000000
72290  25.646  -20.508  -32.914 0.0000000000
74353  27.853  -18.476  -33.431 0.0000000000
87289  26.964  -5.841  -34.660 0.0000000000
87275  27.590  -5.508  -34.134 0.0000000000
91096  31.703  -1.666  -33.003 0.0000000000
90088  31.434  -2.819  -33.007 0.0000000000
94894  25.235  2.790  -34.358 0.0000000000
94893  26.091  2.871  -34.305 0.0000000000
95733  27.133  3.366  -33.411 0.0000000000
95717  32.234  3.170  -32.980 0.0000000000
78339  30.137  -14.403  -32.656 0.0000000000
75473  25.633  -17.257  -33.235 0.0000000000
89165  26.681  -3.552  -34.524 0.0000000000
90092  26.941  -2.555  -34.098 0.0000000000
91098  28.868  -1.904  -32.490 0.0000000000
91083  30.271  -1.418  -32.121 0.0000000000
96569  25.965  4.751  -34.412 0.0000000000
80298  26.170  -12.603  -34.065 0.0000000000
80312  27.038  -11.987  -34.337 0.0000000000
80310  28.890  -12.208  -34.394 0.0000000000
79317  29.210  -13.311  -34.117 0.0000000000
80295  29.846  -12.406  -33.604 0.0000000000
73280  26.533  -19.893  -33.137 0.0000000000
84387  31.115  -8.743  -35.419 0.0000000000
82416  26.482  -10.111  -34.505 0.0000000000
85419  26.221  -7.356  -34.990 0.0000000000
84391  26.724  -8.308  -34.788 0.0000000000
84389  28.868  -8.636  -34.817 0.0000000000
85417  28.403  -7.563  -34.456 0.0000000000
86371  28.870  -6.606  -33.693 0.0000000000
85399  29.244  -7.303  -34.078 0.0000000000
86370  29.841  -6.814  -33.737 0.0000000000
86369  30.787  -6.876  -34.431 0.0000000000
87272  30.323  -6.170  -33.606 0.0000000000
89163  28.316  -3.727  -32.686 0.0000000000
93175  24.171  0.684  -34.533 0.0000000000
94075  26.315  1.219  -33.998 0.0000000000
93173  25.924  0.630  -34.162 0.0000000000
97464  30.142  5.471  -31.395 0.0000000000
96539  28.611  4.653  -31.910 0.0000000000
95711  28.963  3.606  -32.004 0.0000000000
94869  29.519  2.660  -32.022 0.0000000000
94870  28.434  2.551  -32.253 0.0000000000
94062  29.162  1.720  -32.092 0.0000000000
94063  28.412  1.581  -32.432 0.0000000000
93144  28.876  1.015  -32.217 0.0000000000
93143  29.642  0.816  -31.985 0.0000000000
94070  32.038  1.637  -32.668 0.0000000000
93156  30.981  0.771  -32.041 0.0000000000
93154  32.194  0.527  -33.044 0.0000000000
76464  26.336  -16.415  -33.374 0.0000000000
77405  28.648  -15.681  -33.381 0.0000000000
76462  28.165  -16.571  -33.378 0.0000000000
83410  30.787  -10.070  -34.870 0.0000000000
82412  30.306  -10.461  -34.856 0.0000000000
82399  31.095  -10.338  -33.708 0.0000000000
91085  28.021  -0.971  -32.814 0.0000000000
81354  26.806  -11.054  -34.480 0.0000000000
81353  27.776  -11.230  -34.377 0.0000000000
81351  29.434  -11.520  -34.464 0.0000000000
73300  27.152  -19.183  -33.343 0.0000000000
73299  28.052  -19.616  -33.485 0.0000000000
85414  31.421  -7.787  -35.357 0.0000000000
86388  27.614  -6.565  -34.472 0.0000000000
86372  28.196  -6.221  -34.012 0.0000000000
90104  31.981  -3.132  -33.735 0.0000000000
94086  26.423  2.279  -34.103 0.0000000000
97463  31.052  5.365  -31.667 0.0000000000
96537  30.510  4.455  -31.634 0.0000000000
95709  30.786  3.546  -31.894 0.0000000000
94868  30.410  2.757  -31.978 0.0000000000
94060  30.918  2.123  -31.949 0.0000000000
94879  31.547  2.514  -32.240 0.0000000000
94878  32.058  2.640  -32.669 0.0000000000
78354  28.720  -14.078  -34.064 0.0000000000
78355  28.034  -14.631  -33.884 0.0000000000
77404  29.375  -15.562  -32.894 0.0000000000
74355  25.725  -18.259  -33.249 0.0000000000
75472  26.572  -17.364  -33.320 0.0000000000
88204  26.432  -4.433  -34.890 0.0000000000
88203  27.131  -4.481  -34.204 0.0000000000
90091  27.772  -2.587  -33.061 0.0000000000
90090  28.972  -2.550  -32.469 0.0000000000
91097  31.026  -1.958  -32.553 0.0000000000
92119  32.003  -1.148  -33.273 0.0000000000
96555  26.630  4.764  -33.663 0.0000000000
80296  27.736  -12.997  -34.134 0.0000000000
80311  28.017  -12.354  -34.339 0.0000000000
79318  28.390  -13.629  -34.167 0.0000000000
79304  29.790  -13.465  -33.271 0.0000000000
79303  30.321  -13.310  -32.574 0.0000000000
83424  29.232  -9.595  -35.035 0.0000000000
83409  31.281  -9.723  -34.406 0.0000000000
83408  31.706  -9.317  -33.741 0.0000000000
83427  26.203  -9.122  -34.417 0.0000000000
88200  30.332  -5.166  -32.993 0.0000000000
87271  30.984  -5.899  -33.965 0.0000000000
92122  25.583  -0.333  -34.670 0.0000000000
96554  27.373  4.734  -32.820 0.0000000000
96540  27.974  5.008  -32.237 0.0000000000
95721  27.062  4.058  -33.344 0.0000000000
94881  27.568  2.576  -32.989 0.0000000000
93159  27.365  0.760  -33.260 0.0000000000
92107  26.986  0.084  -33.384 0.0000000000
92106  27.643  -0.159  -32.961 0.0000000000
92105  28.580  -0.310  -32.441 0.0000000000
92104  29.642  -0.301  -31.924 0.0000000000
93142  30.424  0.912  -31.964 0.0000000000
92089  30.653  0.442  -31.967 0.0000000000
92103  30.871  -0.189  -32.069 0.0000000000
92102  31.821  -0.501  -32.841 0.0000000000
77424  27.097  -15.546  -33.593 0.0000000000
82401  30.034  -11.038  -34.634 0.0000000000
81339  29.980  -11.597  -34.162 0.0000000000
82387  30.808  -10.880  -33.439 0.0000000000
81338  30.344  -11.481  -33.543 0.0000000000
79332  29.053  -12.704  -34.352 0.0000000000
79334  28.089  -13.114  -34.203 0.0000000000
83422  31.068  -9.535  -35.127 0.0000000000
85400  28.711  -7.096  -34.063 0.0000000000
90078  29.122  -1.946  -32.409 0.0000000000
92090  30.265  0.321  -31.889 0.0000000000
94072  30.785  1.408  -31.988 0.0000000000
94867  31.041  2.852  -31.947 0.0000000000
94880  28.013  2.048  -32.606 0.0000000000
95712  28.259  3.354  -32.295 0.0000000000
