#!ascii label  , from subject sub-01 vox2ras=TkReg
926
56775  -52.696  2.479  15.326 0.0000000000
62745  -43.401  15.302  5.886 0.0000000000
60068  -42.695  9.248  12.855 0.0000000000
89955  -46.971  9.426  7.979 0.0000000000
76972  -45.810  13.075  1.837 0.0000000000
61412  -53.404  12.265  7.144 0.0000000000
60632  -46.662  10.937  3.472 0.0000000000
59173  -44.040  7.781  6.901 0.0000000000
53958  -48.585  -2.746  14.055 0.0000000000
56213  -49.973  1.244  16.636 0.0000000000
75010  -38.625  20.168  5.660 0.0000000000
81129  -43.469  17.932  1.929 0.0000000000
62820  -48.751  15.027  -3.684 0.0000000000
59094  -48.438  7.916  16.762 0.0000000000
62258  -45.251  15.253  9.050 0.0000000000
60563  -46.143  10.116  10.308 0.0000000000
59135  -49.705  7.827  12.465 0.0000000000
57744  -46.087  4.604  11.054 0.0000000000
57299  -42.880  3.828  10.091 0.0000000000
56779  -51.182  2.089  13.478 0.0000000000
61073  -45.956  11.683  -0.612 0.0000000000
80118  -46.849  11.795  2.512 0.0000000000
59706  -45.582  8.873  0.692 0.0000000000
60135  -43.675  9.101  2.872 0.0000000000
88116  -48.628  -1.034  15.657 0.0000000000
77567  -47.249  0.701  16.545 0.0000000000
64832  -37.012  20.505  8.420 0.0000000000
63667  -45.723  17.410  -0.107 0.0000000000
58597  -46.276  6.637  16.450 0.0000000000
59124  -45.310  8.125  14.858 0.0000000000
82968  -41.782  16.686  7.228 0.0000000000
63148  -46.498  16.820  7.832 0.0000000000
85699  -51.024  10.671  7.307 0.0000000000
60984  -51.827  11.827  12.189 0.0000000000
60579  -47.728  10.209  8.692 0.0000000000
60088  -47.575  9.091  11.542 0.0000000000
59144  -47.381  8.105  9.923 0.0000000000
89861  -48.173  6.356  11.699 0.0000000000
58638  -46.588  7.119  9.796 0.0000000000
58189  -43.625  5.771  9.345 0.0000000000
61849  -45.849  13.399  4.126 0.0000000000
62296  -48.475  14.154  6.343 0.0000000000
61864  -50.135  12.842  3.665 0.0000000000
60637  -51.441  11.229  3.800 0.0000000000
74794  -47.980  10.549  5.304 0.0000000000
59658  -45.685  8.487  7.602 0.0000000000
60118  -45.449  9.932  5.465 0.0000000000
86920  -43.139  8.204  5.509 0.0000000000
54554  -50.334  -2.172  13.822 0.0000000000
55106  -52.052  -0.236  15.868 0.0000000000
56216  -52.725  1.853  16.421 0.0000000000
64022  -36.755  18.333  9.119 0.0000000000
63593  -38.413  17.849  7.086 0.0000000000
63607  -40.867  17.276  5.383 0.0000000000
63182  -42.090  16.214  3.206 0.0000000000
62785  -44.949  14.949  1.050 0.0000000000
61918  -46.257  13.786  -1.250 0.0000000000
61084  -47.593  11.687  -3.672 0.0000000000
61971  -48.475  14.089  -6.497 0.0000000000
57254  -46.993  3.725  16.713 0.0000000000
57702  -49.727  4.499  16.862 0.0000000000
58601  -52.829  6.987  16.706 0.0000000000
60996  -42.953  11.365  10.050 0.0000000000
62270  -50.054  14.008  8.006 0.0000000000
83046  -46.829  13.003  9.112 0.0000000000
60080  -44.593  9.575  12.107 0.0000000000
59630  -46.427  8.840  13.430 0.0000000000
59616  -50.118  8.652  14.817 0.0000000000
58152  -52.081  5.640  14.521 0.0000000000
57716  -49.631  4.208  13.700 0.0000000000
57281  -47.637  3.607  12.421 0.0000000000
57302  -46.394  3.375  10.776 0.0000000000
81812  -44.867  6.260  9.302 0.0000000000
57742  -44.276  4.313  10.110 0.0000000000
56820  -44.736  2.697  9.338 0.0000000000
56228  -52.691  0.895  14.670 0.0000000000
56230  -52.733  1.082  13.343 0.0000000000
56774  -52.268  2.482  14.757 0.0000000000
60667  -45.450  10.814  -1.668 0.0000000000
75764  -45.655  9.946  -0.234 0.0000000000
85939  -45.719  8.329  -0.469 0.0000000000
59215  -44.901  7.857  0.986 0.0000000000
59611  -44.007  8.428  14.037 0.0000000000
63155  -43.453  16.635  7.028 0.0000000000
76203  -49.242  10.486  7.264 0.0000000000
60581  -49.983  10.789  8.389 0.0000000000
60094  -47.366  9.745  8.388 0.0000000000
60092  -47.296  9.180  9.414 0.0000000000
59646  -46.967  8.388  9.383 0.0000000000
58639  -47.148  7.439  10.085 0.0000000000
59650  -46.616  8.554  8.610 0.0000000000
61872  -46.169  12.930  2.745 0.0000000000
79223  -47.104  13.105  4.000 0.0000000000
61873  -47.135  12.607  3.183 0.0000000000
60644  -47.276  11.424  3.101 0.0000000000
61055  -49.898  11.962  2.724 0.0000000000
60634  -48.635  11.099  3.897 0.0000000000
80409  -49.293  10.738  5.120 0.0000000000
60622  -47.806  10.741  4.556 0.0000000000
60119  -46.301  10.099  5.844 0.0000000000
60129  -45.239  10.252  4.497 0.0000000000
59684  -42.894  8.983  3.954 0.0000000000
55653  -48.894  0.135  16.389 0.0000000000
55105  -50.506  -0.557  15.977 0.0000000000
55101  -50.746  0.115  16.434 0.0000000000
55656  -52.375  0.905  16.362 0.0000000000
56214  -50.862  1.430  16.779 0.0000000000
64839  -37.805  20.840  7.149 0.0000000000
64446  -37.438  19.585  7.199 0.0000000000
64030  -38.498  18.595  6.359 0.0000000000
63605  -39.847  17.846  5.706 0.0000000000
64034  -39.882  18.675  5.183 0.0000000000
64464  -42.073  19.277  3.123 0.0000000000
88557  -41.649  17.910  3.757 0.0000000000
63639  -43.037  17.086  2.171 0.0000000000
62773  -43.119  15.436  2.309 0.0000000000
63200  -44.096  16.404  1.370 0.0000000000
63220  -46.591  16.151  -2.005 0.0000000000
62801  -45.819  15.498  -0.759 0.0000000000
62365  -47.181  14.288  -2.681 0.0000000000
61477  -47.188  12.466  -2.968 0.0000000000
61942  -48.413  13.221  -3.728 0.0000000000
61505  -48.181  12.599  -5.108 0.0000000000
62373  -49.043  14.429  -4.365 0.0000000000
57689  -42.813  4.400  17.311 0.0000000000
75452  -42.747  3.077  17.523 0.0000000000
57248  -44.155  3.826  17.393 0.0000000000
56757  -45.717  2.610  16.934 0.0000000000
87001  -45.663  4.064  16.987 0.0000000000
58598  -47.226  7.018  16.559 0.0000000000
58599  -47.810  6.310  16.706 0.0000000000
58600  -48.873  7.193  16.866 0.0000000000
86255  -50.921  5.299  17.028 0.0000000000
59083  -50.591  7.652  17.106 0.0000000000
86832  -42.382  14.140  9.361 0.0000000000
61389  -41.828  12.655  9.812 0.0000000000
61808  -43.839  13.450  9.391 0.0000000000
61829  -51.240  13.412  6.037 0.0000000000
62284  -49.704  13.890  7.196 0.0000000000
61822  -51.982  13.545  8.194 0.0000000000
61007  -48.330  11.570  8.991 0.0000000000
61404  -50.134  12.247  9.568 0.0000000000
85220  -45.931  11.176  9.720 0.0000000000
60568  -44.701  10.955  10.122 0.0000000000
60562  -45.081  10.373  10.509 0.0000000000
76928  -45.165  9.312  12.490 0.0000000000
60087  -46.537  9.399  11.611 0.0000000000
59638  -48.915  8.491  12.047 0.0000000000
59637  -48.555  8.671  12.633 0.0000000000
59633  -50.098  8.063  13.199 0.0000000000
59125  -52.197  7.861  14.642 0.0000000000
58621  -50.837  6.884  13.702 0.0000000000
57717  -50.588  4.744  13.985 0.0000000000
58158  -49.473  5.837  12.990 0.0000000000
58162  -46.744  5.369  11.344 0.0000000000
57719  -47.762  4.681  12.509 0.0000000000
57725  -46.731  4.535  11.646 0.0000000000
57303  -47.103  3.193  11.312 0.0000000000
75833  -45.921  3.895  10.937 0.0000000000
59657  -44.862  8.103  7.176 0.0000000000
59163  -45.238  7.747  7.885 0.0000000000
74694  -44.850  7.212  8.200 0.0000000000
57741  -43.341  4.414  9.985 0.0000000000
58169  -43.903  5.020  9.737 0.0000000000
57300  -43.781  3.785  10.020 0.0000000000
57301  -44.684  3.727  10.137 0.0000000000
57311  -44.239  3.246  9.762 0.0000000000
56819  -43.857  2.677  9.344 0.0000000000
55118  -53.812  -0.443  13.059 0.0000000000
56786  -50.405  2.195  12.700 0.0000000000
61458  -46.021  12.591  0.681 0.0000000000
61451  -46.503  12.161  2.101 0.0000000000
78828  -45.989  11.470  1.182 0.0000000000
86623  -45.734  10.757  1.865 0.0000000000
60143  -45.550  10.355  2.147 0.0000000000
75861  -45.138  10.247  3.487 0.0000000000
59699  -44.771  9.045  1.975 0.0000000000
54540  -48.597  -1.575  15.064 0.0000000000
54534  -47.686  -0.926  15.839 0.0000000000
89568  -48.437  0.639  16.455 0.0000000000
65255  -38.342  21.269  6.844 0.0000000000
63649  -44.549  17.242  1.089 0.0000000000
63682  -47.510  17.249  -2.791 0.0000000000
63233  -49.056  16.444  -3.776 0.0000000000
77773  -44.827  5.881  16.539 0.0000000000
59091  -45.882  7.314  16.114 0.0000000000
59112  -46.428  7.902  15.879 0.0000000000
62719  -46.399  16.309  8.505 0.0000000000
61015  -53.234  11.567  7.388 0.0000000000
61010  -53.257  12.013  10.200 0.0000000000
60575  -51.731  11.107  9.726 0.0000000000
74601  -49.823  11.290  9.051 0.0000000000
60571  -47.260  10.651  9.129 0.0000000000
74619  -46.291  9.687  10.886 0.0000000000
60090  -47.002  9.574  10.207 0.0000000000
59641  -48.191  8.636  11.099 0.0000000000
59137  -48.816  7.808  11.380 0.0000000000
85680  -48.845  6.381  12.186 0.0000000000
58629  -48.202  7.472  10.986 0.0000000000
58628  -47.459  7.146  10.697 0.0000000000
58172  -46.176  5.812  10.608 0.0000000000
58654  -44.072  6.890  8.269 0.0000000000
75291  -42.114  9.605  12.461 0.0000000000
62304  -44.282  13.844  4.652 0.0000000000
62294  -46.700  14.355  5.843 0.0000000000
61836  -47.144  13.761  5.167 0.0000000000
61839  -49.987  13.363  5.310 0.0000000000
61842  -52.523  12.931  5.397 0.0000000000
75938  -48.457  12.074  2.969 0.0000000000
61436  -52.659  12.153  3.434 0.0000000000
61028  -53.309  11.909  5.440 0.0000000000
60612  -52.283  11.129  5.962 0.0000000000
86214  -49.279  10.590  5.903 0.0000000000
60109  -47.172  9.998  6.883 0.0000000000
60098  -46.696  9.549  7.387 0.0000000000
60108  -46.445  9.803  6.658 0.0000000000
60107  -45.695  9.539  6.329 0.0000000000
59668  -44.405  8.474  6.408 0.0000000000
60128  -44.325  9.956  4.000 0.0000000000
59677  -43.860  8.837  5.475 0.0000000000
54550  -49.833  -1.752  14.498 0.0000000000
54551  -51.387  -1.169  14.739 0.0000000000
54552  -52.288  -1.030  14.228 0.0000000000
55107  -52.783  0.076  15.406 0.0000000000
90524  -52.840  0.981  15.653 0.0000000000
56766  -53.350  2.860  16.056 0.0000000000
63571  -37.122  17.382  9.046 0.0000000000
64024  -37.127  18.620  8.335 0.0000000000
63578  -38.931  16.726  8.215 0.0000000000
63142  -39.877  16.809  6.999 0.0000000000
63596  -41.223  16.712  6.309 0.0000000000
63165  -41.494  16.636  5.777 0.0000000000
64458  -40.081  20.055  4.754 0.0000000000
64035  -40.521  18.760  4.748 0.0000000000
63173  -41.503  16.576  4.750 0.0000000000
62752  -42.258  15.317  4.723 0.0000000000
62312  -43.304  14.125  3.630 0.0000000000
86656  -44.948  13.999  2.061 0.0000000000
61882  -45.309  14.023  1.314 0.0000000000
62794  -44.988  15.669  0.620 0.0000000000
62349  -45.668  14.768  -0.188 0.0000000000
61894  -45.929  13.263  0.145 0.0000000000
61470  -46.180  12.411  -1.113 0.0000000000
61083  -46.598  11.890  -2.897 0.0000000000
61496  -47.159  11.737  -4.610 0.0000000000
61965  -47.384  13.125  -5.660 0.0000000000
82316  -49.354  15.650  -5.756 0.0000000000
56210  -47.016  1.520  16.606 0.0000000000
57256  -48.382  2.949  16.619 0.0000000000
57699  -46.773  4.813  16.691 0.0000000000
78473  -48.397  3.797  16.667 0.0000000000
57257  -49.314  3.551  16.749 0.0000000000
57251  -51.445  3.927  17.163 0.0000000000
57695  -52.598  4.641  16.874 0.0000000000
57704  -53.562  4.637  15.927 0.0000000000
60552  -42.981  10.213  11.372 0.0000000000
62739  -47.761  15.617  7.298 0.0000000000
62722  -48.338  15.424  7.908 0.0000000000
62267  -47.541  14.984  8.540 0.0000000000
61815  -51.382  12.912  9.567 0.0000000000
61813  -48.948  13.466  8.624 0.0000000000
89162  -45.401  13.659  9.155 0.0000000000
88760  -44.004  12.198  9.602 0.0000000000
60553  -43.762  10.235  11.128 0.0000000000
60069  -43.478  9.391  12.630 0.0000000000
60070  -44.587  9.203  12.800 0.0000000000
59613  -45.807  8.489  14.228 0.0000000000
90226  -47.364  8.492  15.071 0.0000000000
60083  -47.775  8.943  12.491 0.0000000000
78451  -48.253  8.627  14.200 0.0000000000
59599  -49.561  8.706  15.632 0.0000000000
60053  -52.299  8.985  15.970 0.0000000000
58610  -53.582  6.842  15.829 0.0000000000
57712  -52.905  4.502  15.189 0.0000000000
57270  -51.473  3.853  14.466 0.0000000000
75839  -50.345  3.630  13.991 0.0000000000
56785  -49.581  2.774  12.908 0.0000000000
57720  -48.549  5.230  12.689 0.0000000000
57276  -48.202  3.715  12.864 0.0000000000
56791  -48.611  2.625  11.753 0.0000000000
76519  -47.841  2.711  11.114 0.0000000000
56804  -47.167  2.758  10.370 0.0000000000
59649  -45.931  8.053  8.256 0.0000000000
58637  -45.463  6.665  9.286 0.0000000000
58191  -45.330  5.860  9.890 0.0000000000
58636  -44.219  6.309  9.016 0.0000000000
58170  -44.766  4.996  10.086 0.0000000000
58171  -45.495  5.066  10.473 0.0000000000
75128  -45.559  3.589  10.412 0.0000000000
87950  -45.497  2.715  9.395 0.0000000000
75968  -52.640  1.676  15.253 0.0000000000
56781  -52.352  1.388  14.452 0.0000000000
56780  -51.985  1.734  13.941 0.0000000000
60164  -45.088  9.901  -1.614 0.0000000000
87003  -45.269  9.244  -1.119 0.0000000000
59721  -45.107  8.223  -1.465 0.0000000000
59628  -43.465  8.883  13.338 0.0000000000
63167  -42.920  15.999  6.240 0.0000000000
62736  -44.497  15.311  6.239 0.0000000000
60099  -47.305  9.802  7.628 0.0000000000
60587  -47.895  10.047  7.991 0.0000000000
60093  -47.050  9.242  8.590 0.0000000000
61441  -46.473  12.496  2.409 0.0000000000
60633  -47.598  11.041  3.747 0.0000000000
60621  -46.909  10.682  4.334 0.0000000000
60620  -45.980  10.608  3.975 0.0000000000
55654  -49.826  0.486  16.506 0.0000000000
55655  -50.562  0.785  16.620 0.0000000000
75007  -50.165  2.016  16.776 0.0000000000
64844  -38.153  20.571  6.377 0.0000000000
64449  -37.996  19.616  6.364 0.0000000000
64450  -38.660  19.314  5.787 0.0000000000
64031  -39.192  18.572  5.709 0.0000000000
64453  -39.340  19.538  5.186 0.0000000000
64056  -43.156  18.801  2.232 0.0000000000
64470  -42.642  19.465  2.666 0.0000000000
64046  -42.361  18.616  2.866 0.0000000000
83320  -42.722  17.861  2.529 0.0000000000
63648  -43.812  17.167  1.648 0.0000000000
63226  -47.361  15.905  -2.776 0.0000000000
62814  -46.884  15.209  -2.300 0.0000000000
62815  -47.703  15.078  -3.075 0.0000000000
62366  -48.112  14.171  -3.425 0.0000000000
62372  -48.833  14.234  -3.947 0.0000000000
62821  -49.439  15.207  -4.045 0.0000000000
58122  -42.487  4.945  17.009 0.0000000000
58123  -43.360  5.014  16.976 0.0000000000
85656  -43.548  4.364  17.317 0.0000000000
58124  -44.184  4.718  17.086 0.0000000000
57690  -44.974  4.364  17.073 0.0000000000
59093  -47.598  7.774  16.555 0.0000000000
85583  -48.007  7.297  16.730 0.0000000000
58584  -49.766  7.264  17.016 0.0000000000
59095  -49.543  8.011  16.936 0.0000000000
62257  -44.383  15.129  9.305 0.0000000000
83104  -43.263  14.225  9.316 0.0000000000
61807  -43.027  13.352  9.397 0.0000000000
82424  -44.080  14.283  9.324 0.0000000000
61825  -52.055  13.488  7.144 0.0000000000
61826  -52.798  12.962  7.661 0.0000000000
61006  -47.513  11.469  9.119 0.0000000000
61005  -46.620  11.455  9.421 0.0000000000
60569  -45.588  10.757  10.055 0.0000000000
60089  -45.469  9.956  10.891 0.0000000000
76235  -49.369  8.340  12.691 0.0000000000
59132  -50.724  7.791  13.724 0.0000000000
59131  -50.193  7.482  13.093 0.0000000000
58620  -50.100  6.647  13.169 0.0000000000
58623  -49.648  7.006  12.578 0.0000000000
80269  -46.591  3.871  11.498 0.0000000000
59162  -44.464  7.469  7.624 0.0000000000
57310  -43.361  3.247  9.794 0.0000000000
74724  -53.504  -0.046  13.885 0.0000000000
56234  -51.389  1.633  12.392 0.0000000000
61069  -45.983  11.736  0.374 0.0000000000
80672  -46.184  12.093  1.281 0.0000000000
78036  -45.637  9.784  0.504 0.0000000000
60650  -45.683  10.713  1.183 0.0000000000
60149  -45.474  9.985  1.290 0.0000000000
60142  -45.161  9.902  2.507 0.0000000000
60148  -45.238  9.445  1.584 0.0000000000
59704  -44.520  8.216  1.572 0.0000000000
76769  -47.046  -1.395  15.423 0.0000000000
55652  -47.902  0.231  16.419 0.0000000000
65646  -38.264  21.639  7.585 0.0000000000
63674  -46.459  17.691  -1.453 0.0000000000
64100  -47.127  18.049  -2.353 0.0000000000
64093  -46.654  18.682  -1.501 0.0000000000
59123  -44.497  8.048  14.704 0.0000000000
90330  -44.914  7.722  15.252 0.0000000000
59111  -45.615  7.738  15.549 0.0000000000
59595  -46.143  8.170  15.128 0.0000000000
63144  -41.683  16.653  8.061 0.0000000000
63138  -46.580  16.779  8.076 0.0000000000
60591  -52.714  11.124  8.002 0.0000000000
60584  -52.529  11.185  9.058 0.0000000000
85281  -52.231  10.900  8.348 0.0000000000
60580  -48.450  10.497  8.349 0.0000000000
87884  -49.191  10.853  8.488 0.0000000000
60572  -47.921  10.870  8.783 0.0000000000
82297  -46.940  9.862  9.782 0.0000000000
60578  -47.316  9.854  9.197 0.0000000000
59644  -47.847  8.405  10.495 0.0000000000
59643  -47.485  8.892  10.058 0.0000000000
59139  -48.351  8.092  10.906 0.0000000000
59138  -47.812  7.793  10.443 0.0000000000
59143  -46.760  7.672  9.521 0.0000000000
58627  -46.732  6.773  10.354 0.0000000000
61848  -44.816  13.504  3.833 0.0000000000
62306  -46.233  13.794  4.997 0.0000000000
87336  -48.069  12.783  3.676 0.0000000000
61852  -48.570  13.236  4.462 0.0000000000
61854  -50.585  13.146  4.385 0.0000000000
61840  -50.974  13.296  5.168 0.0000000000
61866  -51.580  13.203  4.119 0.0000000000
61442  -47.363  12.155  2.831 0.0000000000
61053  -47.922  11.875  3.025 0.0000000000
61043  -50.336  11.613  3.066 0.0000000000
61056  -50.908  11.981  2.657 0.0000000000
61045  -52.294  11.818  3.116 0.0000000000
61426  -53.143  12.112  4.084 0.0000000000
61027  -52.700  11.462  5.072 0.0000000000
61019  -53.001  11.541  6.265 0.0000000000
90557  -52.134  11.124  5.252 0.0000000000
83184  -50.159  10.757  5.533 0.0000000000
60610  -48.600  10.549  5.656 0.0000000000
60597  -48.717  10.414  6.624 0.0000000000
60609  -47.783  10.318  6.170 0.0000000000
60120  -46.962  10.173  6.194 0.0000000000
60106  -44.858  9.218  5.928 0.0000000000
60136  -44.405  9.532  2.931 0.0000000000
59676  -43.021  8.617  4.768 0.0000000000
60116  -43.659  9.338  4.452 0.0000000000
54541  -49.318  -1.382  15.151 0.0000000000
85795  -51.308  -0.691  15.545 0.0000000000
54542  -50.355  -1.124  15.158 0.0000000000
55113  -52.223  -0.607  15.135 0.0000000000
55114  -52.949  -0.307  14.559 0.0000000000
55660  -52.814  0.683  15.797 0.0000000000
55657  -52.975  1.306  15.975 0.0000000000
56217  -53.207  2.112  16.015 0.0000000000
88392  -53.009  2.847  16.448 0.0000000000
64018  -36.056  18.532  10.033 0.0000000000
63568  -36.544  17.547  9.515 0.0000000000
64816  -36.710  20.707  9.395 0.0000000000
64028  -37.874  18.760  7.062 0.0000000000
64027  -37.368  18.914  7.668 0.0000000000
63586  -37.751  18.014  7.805 0.0000000000
85370  -38.402  17.316  7.740 0.0000000000
63587  -39.046  17.038  7.344 0.0000000000
87978  -40.510  17.218  5.848 0.0000000000
64454  -40.085  19.335  4.833 0.0000000000
64041  -41.148  18.919  4.213 0.0000000000
89531  -41.916  16.883  3.454 0.0000000000
63627  -41.541  17.249  4.017 0.0000000000
63181  -41.674  16.316  3.931 0.0000000000
62751  -41.800  15.897  4.502 0.0000000000
62760  -42.045  15.448  3.799 0.0000000000
62302  -42.600  14.598  4.156 0.0000000000
62761  -42.751  14.880  3.226 0.0000000000
62774  -44.017  15.049  2.006 0.0000000000
62323  -44.387  14.289  2.393 0.0000000000
62335  -44.689  14.653  1.660 0.0000000000
63659  -45.178  17.585  0.538 0.0000000000
89120  -44.907  16.970  0.672 0.0000000000
63207  -45.253  16.604  0.287 0.0000000000
62350  -46.041  14.634  -0.985 0.0000000000
61906  -45.930  13.944  -0.401 0.0000000000
61893  -45.652  14.039  0.419 0.0000000000
82450  -46.126  13.161  -0.689 0.0000000000
85360  -46.355  13.058  -1.448 0.0000000000
61476  -46.511  12.471  -2.062 0.0000000000
80638  -45.954  11.326  -2.614 0.0000000000
61091  -46.712  11.388  -3.544 0.0000000000
61104  -47.494  11.267  -4.085 0.0000000000
61966  -48.285  13.457  -5.765 0.0000000000
61970  -47.835  13.534  -6.535 0.0000000000
82481  -49.586  16.137  -4.697 0.0000000000
56206  -45.258  1.884  16.982 0.0000000000
57250  -46.087  3.438  16.885 0.0000000000
56760  -46.731  2.610  16.721 0.0000000000
56761  -47.705  2.208  16.574 0.0000000000
78026  -47.519  3.016  16.648 0.0000000000
58137  -45.543  5.823  16.555 0.0000000000
85327  -46.360  5.632  16.599 0.0000000000
58139  -48.246  5.350  16.716 0.0000000000
57701  -48.757  4.488  16.724 0.0000000000
57258  -50.429  3.756  16.966 0.0000000000
58127  -51.497  5.831  17.098 0.0000000000
57694  -51.718  4.817  17.133 0.0000000000
58128  -52.336  5.522  16.993 0.0000000000
57703  -53.232  4.552  16.358 0.0000000000
77223  -53.432  5.442  16.183 0.0000000000
61398  -42.746  12.374  9.622 0.0000000000
60559  -42.275  10.835  10.767 0.0000000000
62295  -47.593  14.284  5.995 0.0000000000
62282  -47.238  15.007  6.585 0.0000000000
76169  -47.897  14.795  6.751 0.0000000000
81360  -49.564  14.139  7.782 0.0000000000
62276  -48.837  14.705  7.640 0.0000000000
62269  -49.043  14.487  7.884 0.0000000000
62721  -47.795  15.913  8.199 0.0000000000
60986  -52.806  11.807  11.837 0.0000000000
61407  -52.747  12.321  10.597 0.0000000000
61391  -51.850  12.192  11.997 0.0000000000
86024  -48.312  13.055  8.859 0.0000000000
61814  -49.788  12.993  8.869 0.0000000000
61812  -47.568  13.073  8.959 0.0000000000
62260  -48.114  14.017  8.618 0.0000000000
61811  -46.144  13.358  9.144 0.0000000000
61400  -44.422  12.615  9.480 0.0000000000
61401  -45.393  12.772  9.350 0.0000000000
60561  -44.200  10.526  10.577 0.0000000000
60079  -43.756  9.823  11.893 0.0000000000
76576  -44.081  9.436  12.492 0.0000000000
60071  -45.313  8.924  13.293 0.0000000000
59614  -46.758  8.506  14.529 0.0000000000
59615  -47.567  8.619  14.351 0.0000000000
74554  -49.668  8.388  13.801 0.0000000000
59632  -48.808  8.576  13.538 0.0000000000
76805  -48.986  8.611  14.674 0.0000000000
59587  -51.065  8.814  16.362 0.0000000000
60060  -51.570  8.964  15.376 0.0000000000
58614  -51.905  6.745  14.342 0.0000000000
59126  -52.928  7.767  15.193 0.0000000000
82962  -52.598  6.228  14.842 0.0000000000
76140  -53.229  6.291  15.410 0.0000000000
58153  -52.801  5.419  15.032 0.0000000000
87717  -52.382  3.960  14.894 0.0000000000
57711  -52.240  4.715  14.732 0.0000000000
57277  -49.544  3.423  13.475 0.0000000000
58160  -47.982  5.600  12.143 0.0000000000
89683  -47.710  4.057  12.700 0.0000000000
56784  -48.254  3.136  12.477 0.0000000000
56783  -47.703  3.077  11.912 0.0000000000
56822  -47.028  2.456  9.314 0.0000000000
57313  -46.109  2.928  9.925 0.0000000000
60097  -46.000  9.217  7.138 0.0000000000
76938  -46.170  8.486  8.073 0.0000000000
58655  -44.864  6.730  8.728 0.0000000000
59150  -45.553  7.325  8.622 0.0000000000
58635  -43.400  6.381  8.781 0.0000000000
58190  -44.460  5.691  9.559 0.0000000000
57743  -45.235  4.229  10.513 0.0000000000
57312  -45.122  3.201  9.854 0.0000000000
56231  -53.263  0.601  13.526 0.0000000000
60660  -45.620  10.862  -0.883 0.0000000000
81623  -45.775  11.005  -0.169 0.0000000000
60154  -45.785  8.701  -0.047 0.0000000000
59710  -45.945  8.128  0.113 0.0000000000
59223  -45.538  7.940  0.562 0.0000000000
59231  -45.590  7.762  -0.249 0.0000000000
59612  -44.893  8.448  14.080 0.0000000000
63597  -42.137  16.602  6.940 0.0000000000
63598  -43.126  16.858  7.440 0.0000000000
63157  -45.694  16.698  7.407 0.0000000000
75449  -50.090  10.591  7.474 0.0000000000
75416  -50.908  10.686  8.120 0.0000000000
60589  -49.234  10.517  7.969 0.0000000000
59151  -46.353  7.826  8.891 0.0000000000
61861  -45.617  13.259  3.218 0.0000000000
61862  -46.470  13.074  3.573 0.0000000000
61432  -48.828  12.344  3.092 0.0000000000
61041  -48.254  11.563  3.285 0.0000000000
61042  -49.310  11.580  3.174 0.0000000000
60635  -49.685  11.223  3.705 0.0000000000
60625  -50.926  11.038  4.585 0.0000000000
79675  -49.227  10.940  4.376 0.0000000000
60623  -48.585  10.749  4.804 0.0000000000
60608  -47.132  10.440  5.340 0.0000000000
60130  -46.174  10.381  4.924 0.0000000000
60127  -43.621  9.397  3.589 0.0000000000
55099  -49.025  -0.523  16.108 0.0000000000
55104  -49.590  -0.832  15.777 0.0000000000
55100  -49.764  -0.233  16.257 0.0000000000
76335  -51.291  -0.294  16.125 0.0000000000
55102  -51.766  0.190  16.347 0.0000000000
76236  -51.387  0.785  16.647 0.0000000000
56215  -51.861  1.563  16.835 0.0000000000
64432  -36.141  19.590  10.179 0.0000000000
65250  -37.579  21.083  7.966 0.0000000000
64838  -37.293  20.305  7.539 0.0000000000
63594  -39.214  17.630  6.431 0.0000000000
63606  -40.418  17.980  5.210 0.0000000000
64045  -41.723  18.580  3.561 0.0000000000
83645  -42.015  17.726  3.270 0.0000000000
63191  -42.636  16.250  2.465 0.0000000000
62772  -42.420  15.598  2.940 0.0000000000
62783  -43.758  15.740  1.686 0.0000000000
62784  -44.431  15.549  1.268 0.0000000000
87705  -46.064  16.062  -1.261 0.0000000000
63212  -45.778  16.491  -0.553 0.0000000000
62809  -46.241  15.341  -1.539 0.0000000000
62358  -46.494  14.458  -1.840 0.0000000000
61929  -46.724  13.417  -2.222 0.0000000000
61930  -47.608  13.288  -3.134 0.0000000000
86973  -48.468  12.495  -3.946 0.0000000000
61092  -48.219  11.760  -4.007 0.0000000000
61943  -48.685  13.340  -4.142 0.0000000000
61955  -48.610  13.449  -4.812 0.0000000000
62380  -48.959  14.497  -5.413 0.0000000000
58134  -42.066  5.456  16.739 0.0000000000
57246  -42.337  3.769  17.524 0.0000000000
57247  -43.206  3.774  17.505 0.0000000000
56756  -44.989  2.554  17.114 0.0000000000
57249  -45.144  3.406  17.130 0.0000000000
57691  -46.273  4.187  16.831 0.0000000000
81215  -46.982  6.087  16.593 0.0000000000
77669  -48.650  6.207  16.782 0.0000000000
58140  -49.167  5.346  16.796 0.0000000000
57692  -50.101  5.326  16.926 0.0000000000
58125  -49.613  6.311  16.928 0.0000000000
58585  -51.140  6.770  17.132 0.0000000000
59084  -51.651  7.543  17.125 0.0000000000
61801  -42.286  13.269  9.505 0.0000000000
61399  -43.600  12.652  9.524 0.0000000000
61828  -50.333  13.477  6.179 0.0000000000
78181  -48.939  14.260  7.073 0.0000000000
62285  -50.718  13.564  6.925 0.0000000000
62278  -51.248  13.659  7.482 0.0000000000
62271  -50.963  13.740  8.089 0.0000000000
61008  -50.279  11.849  9.675 0.0000000000
60998  -50.975  12.013  10.550 0.0000000000
77010  -49.062  11.971  9.331 0.0000000000
83527  -48.073  12.245  9.100 0.0000000000
61402  -46.317  12.446  9.329 0.0000000000
80523  -45.035  12.043  9.557 0.0000000000
80700  -45.219  11.386  9.791 0.0000000000
60085  -44.592  9.989  11.220 0.0000000000
60086  -45.473  9.600  11.659 0.0000000000
60081  -45.943  9.227  12.505 0.0000000000
60084  -48.360  8.789  11.840 0.0000000000
59634  -50.520  8.316  14.102 0.0000000000
59617  -51.064  8.691  14.863 0.0000000000
59133  -51.317  8.186  14.385 0.0000000000
58622  -51.403  7.547  14.127 0.0000000000
58151  -51.181  5.803  14.105 0.0000000000
76572  -50.302  5.834  13.601 0.0000000000
81342  -49.789  5.062  13.526 0.0000000000
58163  -47.493  5.926  11.571 0.0000000000
57726  -47.258  5.014  11.953 0.0000000000
57280  -47.169  4.144  12.218 0.0000000000
57287  -47.201  3.580  11.934 0.0000000000
59669  -45.228  8.854  6.785 0.0000000000
57757  -42.862  5.199  9.635 0.0000000000
56818  -42.969  2.632  9.426 0.0000000000
55117  -53.085  -0.705  13.657 0.0000000000
83311  -46.073  12.607  1.527 0.0000000000
61063  -46.367  11.833  1.797 0.0000000000
60655  -45.755  10.773  0.461 0.0000000000
61052  -46.123  11.361  1.892 0.0000000000
60643  -46.296  11.085  2.595 0.0000000000
60137  -45.799  10.590  3.032 0.0000000000
59705  -45.163  8.483  1.232 0.0000000000
59698  -44.095  8.731  2.249 0.0000000000
54548  -48.185  -2.044  14.654 0.0000000000
81218  -47.911  -1.461  15.222 0.0000000000
77995  -48.275  -0.451  16.164 0.0000000000
56212  -49.019  1.042  16.559 0.0000000000
89359  -38.611  20.703  5.998 0.0000000000
64067  -44.212  17.971  1.468 0.0000000000
63668  -46.077  17.316  -0.776 0.0000000000
63213  -46.260  16.803  -1.350 0.0000000000
88246  -47.175  16.597  -2.563 0.0000000000
83428  -48.367  15.797  -3.401 0.0000000000
83420  -49.370  15.682  -3.846 0.0000000000
63690  -48.293  17.165  -3.386 0.0000000000
58609  -44.880  7.142  15.810 0.0000000000
59092  -46.779  7.538  16.323 0.0000000000
59583  -47.218  8.085  16.164 0.0000000000
62714  -44.679  15.954  9.157 0.0000000000
61016  -53.720  11.911  7.834 0.0000000000
61411  -53.430  12.322  8.275 0.0000000000
61013  -53.538  11.966  8.966 0.0000000000
61009  -53.069  11.701  9.688 0.0000000000
79163  -51.827  11.371  10.980 0.0000000000
60582  -50.854  11.068  8.991 0.0000000000
60574  -51.017  11.456  9.927 0.0000000000
87975  -49.154  11.628  9.111 0.0000000000
60570  -46.562  10.510  9.666 0.0000000000
60091  -47.166  9.309  10.790 0.0000000000
88389  -47.792  8.902  10.753 0.0000000000
59642  -48.695  8.317  11.488 0.0000000000
59639  -49.242  8.092  11.899 0.0000000000
58625  -49.255  7.458  11.904 0.0000000000
82377  -48.573  7.078  11.522 0.0000000000
87417  -47.840  6.748  11.234 0.0000000000
58173  -47.014  6.362  11.036 0.0000000000
59161  -43.588  7.284  7.491 0.0000000000
58667  -43.075  6.838  8.082 0.0000000000
58188  -42.898  5.938  9.175 0.0000000000
57740  -42.374  4.454  9.996 0.0000000000
62291  -43.825  14.493  5.365 0.0000000000
62280  -45.372  14.989  6.168 0.0000000000
62293  -45.769  14.367  5.669 0.0000000000
61837  -48.059  13.701  5.303 0.0000000000
61851  -47.622  13.309  4.462 0.0000000000
61838  -48.999  13.530  5.381 0.0000000000
61830  -51.977  13.406  6.140 0.0000000000
61831  -52.676  12.900  6.540 0.0000000000
90436  -47.977  12.276  3.143 0.0000000000
61433  -49.771  12.400  3.029 0.0000000000
61054  -48.897  11.944  2.837 0.0000000000
61444  -50.363  12.118  2.743 0.0000000000
61435  -51.527  12.647  3.194 0.0000000000
61855  -52.380  12.996  4.375 0.0000000000
61419  -53.235  12.251  5.765 0.0000000000
61020  -53.489  11.893  6.667 0.0000000000
60601  -52.536  11.092  6.999 0.0000000000
60600  -51.644  10.810  6.681 0.0000000000
60611  -51.401  10.941  5.573 0.0000000000
60599  -50.651  10.699  6.524 0.0000000000
60598  -49.676  10.572  6.561 0.0000000000
60596  -47.908  10.128  7.157 0.0000000000
59659  -46.467  8.948  7.893 0.0000000000
60117  -44.538  9.663  4.998 0.0000000000
54549  -48.989  -1.992  14.584 0.0000000000
79122  -50.656  -1.598  14.405 0.0000000000
55115  -53.105  0.165  14.699 0.0000000000
55659  -52.456  0.272  16.036 0.0000000000
85623  -52.881  0.588  15.212 0.0000000000
56221  -52.814  1.322  15.525 0.0000000000
56769  -53.097  2.333  15.826 0.0000000000
57264  -53.298  3.408  15.833 0.0000000000
64021  -36.448  19.252  9.455 0.0000000000
64444  -36.970  19.582  8.067 0.0000000000
64440  -36.758  19.144  8.783 0.0000000000
63576  -37.383  17.706  8.571 0.0000000000
63577  -38.124  17.152  8.369 0.0000000000
63573  -38.787  16.490  9.063 0.0000000000
63132  -39.769  16.457  7.914 0.0000000000
75683  -40.844  16.728  6.845 0.0000000000
63595  -40.019  17.159  6.264 0.0000000000
63154  -42.473  16.433  6.566 0.0000000000
62744  -42.629  15.441  5.497 0.0000000000
64850  -39.472  20.489  5.192 0.0000000000
64036  -40.905  18.072  4.745 0.0000000000
81225  -41.352  18.041  4.195 0.0000000000
63616  -41.173  17.321  4.800 0.0000000000
63166  -42.051  16.031  5.456 0.0000000000
62753  -42.927  14.781  5.051 0.0000000000
62303  -43.393  14.099  4.465 0.0000000000
61847  -43.898  13.688  3.961 0.0000000000
62322  -43.570  14.534  2.744 0.0000000000
62313  -44.116  13.852  3.231 0.0000000000
62324  -44.900  13.669  2.808 0.0000000000
61871  -45.437  13.415  2.290 0.0000000000
63201  -44.671  16.408  0.839 0.0000000000
62800  -45.453  15.655  -0.007 0.0000000000
62342  -45.319  14.846  0.532 0.0000000000
61883  -45.770  13.284  0.979 0.0000000000
61464  -46.056  12.471  -0.194 0.0000000000
61078  -46.037  11.647  -1.721 0.0000000000
60674  -45.235  10.672  -2.373 0.0000000000
61497  -48.021  11.794  -4.511 0.0000000000
62827  -49.511  15.407  -4.512 0.0000000000
62388  -49.034  14.861  -6.374 0.0000000000
55651  -46.336  0.694  16.675 0.0000000000
56207  -46.087  1.735  16.786 0.0000000000
56211  -47.983  1.180  16.482 0.0000000000
56762  -48.634  1.944  16.568 0.0000000000
57697  -44.894  5.195  16.777 0.0000000000
57698  -45.776  4.872  16.750 0.0000000000
58138  -47.400  5.402  16.658 0.0000000000
57700  -47.763  4.445  16.665 0.0000000000
57255  -47.809  3.584  16.643 0.0000000000
56763  -49.354  2.519  16.681 0.0000000000
56764  -50.263  2.883  16.855 0.0000000000
75595  -51.190  2.295  16.958 0.0000000000
57259  -52.199  3.259  17.092 0.0000000000
57693  -50.715  4.590  17.014 0.0000000000
57252  -52.236  4.074  17.138 0.0000000000
57261  -53.403  3.655  16.120 0.0000000000
60542  -41.969  10.153  11.749 0.0000000000
60078  -42.837  9.770  12.190 0.0000000000
62281  -46.306  15.209  6.497 0.0000000000
62728  -47.276  16.338  7.591 0.0000000000
62283  -48.372  14.916  7.253 0.0000000000
62729  -48.189  15.611  7.693 0.0000000000
63139  -47.396  16.481  7.944 0.0000000000
90600  -47.119  16.358  8.250 0.0000000000
62720  -47.013  15.753  8.533 0.0000000000
62266  -46.724  14.912  8.745 0.0000000000
61823  -52.783  12.876  8.595 0.0000000000
81988  -51.450  13.392  8.702 0.0000000000
61821  -50.564  13.423  8.598 0.0000000000
87271  -50.624  12.719  9.407 0.0000000000
61820  -49.605  13.872  8.279 0.0000000000
61819  -48.860  14.254  8.256 0.0000000000
86173  -44.924  14.359  9.150 0.0000000000
61809  -44.663  13.512  9.276 0.0000000000
61002  -43.581  11.870  9.706 0.0000000000
61003  -44.394  11.705  9.727 0.0000000000
60997  -43.847  11.137  10.087 0.0000000000
60560  -43.326  10.677  10.633 0.0000000000
80775  -44.005  9.160  12.948 0.0000000000
59629  -44.385  8.850  13.425 0.0000000000
59596  -46.922  8.281  15.492 0.0000000000
59597  -47.641  8.427  15.722 0.0000000000
60082  -46.902  9.129  12.451 0.0000000000
86216  -47.229  8.895  13.123 0.0000000000
59631  -47.912  8.753  13.435 0.0000000000
79662  -47.163  8.711  13.781 0.0000000000
78622  -48.030  8.602  14.990 0.0000000000
59598  -48.496  8.577  15.721 0.0000000000
59585  -48.965  8.412  16.409 0.0000000000
59586  -50.038  8.618  16.357 0.0000000000
59579  -51.340  8.302  16.892 0.0000000000
59097  -52.233  8.175  16.813 0.0000000000
59601  -52.168  8.909  15.547 0.0000000000
59590  -53.410  8.027  15.984 0.0000000000
58602  -53.400  6.939  16.267 0.0000000000
58146  -53.589  5.953  15.881 0.0000000000
57706  -53.281  4.265  15.602 0.0000000000
57272  -52.802  3.493  15.243 0.0000000000
57271  -52.197  3.288  14.769 0.0000000000
79509  -50.973  2.981  14.014 0.0000000000
57710  -51.521  4.946  14.357 0.0000000000
56778  -50.279  2.781  13.527 0.0000000000
57715  -49.072  4.730  13.224 0.0000000000
86737  -48.296  4.340  12.940 0.0000000000
85558  -48.867  3.922  13.286 0.0000000000
57282  -48.873  3.318  12.920 0.0000000000
75606  -48.951  2.814  12.467 0.0000000000
79586  -49.540  2.160  11.143 0.0000000000
56805  -48.725  2.416  10.704 0.0000000000
75550  -48.066  2.505  10.311 0.0000000000
59142  -46.130  7.193  9.311 0.0000000000
77184  -46.077  6.572  9.864 0.0000000000
56765  -52.209  2.401  16.949 0.0000000000
57260  -52.883  3.821  16.696 0.0000000000
58126  -50.585  6.041  17.022 0.0000000000
58141  -53.018  6.128  16.612 0.0000000000
58142  -53.583  6.286  16.110 0.0000000000
58143  -53.720  6.903  15.959 0.0000000000
58154  -53.304  5.173  15.574 0.0000000000
58586  -52.149  6.617  17.083 0.0000000000
58615  -52.749  7.056  14.973 0.0000000000
58616  -53.303  7.259  15.548 0.0000000000
59085  -52.398  7.450  16.925 0.0000000000
59096  -50.496  8.291  16.798 0.0000000000
59098  -53.042  7.723  16.440 0.0000000000
59099  -53.593  7.464  16.063 0.0000000000
59113  -53.560  7.510  15.886 0.0000000000
59127  -53.240  7.980  15.636 0.0000000000
59224  -45.910  8.076  -0.254 0.0000000000
59584  -48.010  8.251  16.358 0.0000000000
59588  -51.947  8.833  16.388 0.0000000000
59589  -52.674  8.467  16.239 0.0000000000
59600  -50.792  8.894  15.619 0.0000000000
59602  -52.774  8.497  15.780 0.0000000000
59618  -51.871  8.637  14.949 0.0000000000
59619  -52.591  8.343  15.262 0.0000000000
59715  -45.617  8.049  -0.739 0.0000000000
59722  -45.400  8.538  -0.967 0.0000000000
60052  -51.711  9.130  15.889 0.0000000000
60158  -45.514  9.037  -0.581 0.0000000000
60163  -45.055  8.967  -1.613 0.0000000000
60543  -52.175  11.698  12.494 0.0000000000
60554  -52.376  11.481  12.111 0.0000000000
60564  -51.433  11.748  11.101 0.0000000000
60565  -51.923  11.507  12.034 0.0000000000
60566  -52.381  11.475  11.755 0.0000000000
60573  -48.743  11.137  8.732 0.0000000000
60576  -52.445  11.371  10.453 0.0000000000
60583  -51.699  10.855  8.669 0.0000000000
60588  -48.564  10.315  7.585 0.0000000000
60590  -51.864  10.750  7.736 0.0000000000
60624  -49.975  10.940  4.469 0.0000000000
60626  -51.974  11.130  4.482 0.0000000000
60636  -50.639  11.243  3.708 0.0000000000
60975  -52.604  11.854  12.255 0.0000000000
60985  -52.064  11.630  12.484 0.0000000000
60999  -52.902  11.762  10.980 0.0000000000
61000  -53.013  11.980  11.398 0.0000000000
61004  -45.747  11.862  9.544 0.0000000000
61012  -53.279  11.608  8.482 0.0000000000
61035  -52.032  11.374  3.548 0.0000000000
61036  -52.622  11.545  3.965 0.0000000000
61037  -53.129  11.874  4.426 0.0000000000
61044  -51.403  11.604  3.052 0.0000000000
61046  -52.877  11.884  3.710 0.0000000000
61057  -51.681  11.961  2.633 0.0000000000
61058  -52.040  12.186  2.834 0.0000000000
61375  -52.396  11.908  12.472 0.0000000000
61380  -52.023  11.897  12.598 0.0000000000
61381  -52.324  12.100  12.329 0.0000000000
61390  -51.491  12.025  11.469 0.0000000000
61392  -52.499  12.217  11.764 0.0000000000
61403  -47.144  12.270  9.224 0.0000000000
61405  -51.261  12.343  10.565 0.0000000000
61406  -51.997  12.651  10.872 0.0000000000
61409  -53.113  12.368  9.354 0.0000000000
61425  -52.998  12.444  4.668 0.0000000000
61434  -50.704  12.480  3.048 0.0000000000
61443  -49.410  12.097  2.822 0.0000000000
61445  -51.292  12.146  2.708 0.0000000000
61484  -48.115  12.309  -3.604 0.0000000000
61485  -48.443  12.469  -4.358 0.0000000000
61810  -45.930  14.406  8.974 0.0000000000
61816  -52.229  12.975  9.444 0.0000000000
61841  -51.818  13.351  5.130 0.0000000000
61850  -46.746  13.362  4.359 0.0000000000
61853  -49.574  13.164  4.455 0.0000000000
61863  -49.155  12.814  3.654 0.0000000000
61865  -50.952  12.903  3.668 0.0000000000
62259  -46.977  13.948  8.852 0.0000000000
62268  -48.365  15.004  8.223 0.0000000000
62277  -50.368  13.815  7.652 0.0000000000
62286  -51.447  13.503  6.750 0.0000000000
62292  -44.808  14.382  5.524 0.0000000000
62297  -49.392  13.738  6.293 0.0000000000
62305  -45.274  13.781  4.814 0.0000000000
62715  -45.550  16.143  8.834 0.0000000000
62716  -46.158  15.492  8.811 0.0000000000
62735  -43.886  16.112  6.618 0.0000000000
63140  -47.973  16.079  7.926 0.0000000000
63143  -40.586  16.503  7.647 0.0000000000
63147  -45.649  17.073  7.830 0.0000000000
63192  -43.361  16.332  1.870 0.0000000000
63227  -47.929  16.548  -3.144 0.0000000000
63638  -42.377  16.995  2.828 0.0000000000
63681  -46.761  17.097  -2.119 0.0000000000
64448  -37.613  20.183  6.840 0.0000000000
64845  -38.734  21.219  6.315 0.0000000000
74596  -48.998  12.536  9.064 0.0000000000
74642  -51.205  3.142  17.050 0.0000000000
74906  -49.421  1.753  16.638 0.0000000000
77095  -47.812  16.172  7.751 0.0000000000
77372  -52.257  12.718  3.523 0.0000000000
79551  -45.728  16.792  8.364 0.0000000000
80291  -45.372  9.952  -0.967 0.0000000000
81737  -52.172  11.555  12.356 0.0000000000
83162  -49.739  15.913  -4.083 0.0000000000
83230  -52.959  5.229  16.621 0.0000000000
85938  -47.549  12.288  -4.978 0.0000000000
86441  -52.789  12.507  3.933 0.0000000000
87497  -50.318  6.820  17.075 0.0000000000
87655  -53.293  12.100  4.789 0.0000000000
87905  -52.823  12.029  12.027 0.0000000000
88932  -52.799  0.703  14.962 0.0000000000
89254  -48.309  6.777  16.770 0.0000000000
89676  -46.875  5.477  16.628 0.0000000000
90450  -53.329  7.666  15.626 0.0000000000
90550  -38.471  22.036  8.112 0.0000000000
90624  -51.734  2.758  17.099 0.0000000000
