#!ascii label  , from subject sub-01 vox2ras=TkReg
1855
17047  -18.575  -62.749  27.388 0.4444440007
16439  -18.130  -63.373  26.987 0.4444440007
17057  -18.581  -62.703  26.508 0.5555559993
16444  -18.019  -63.266  26.110 0.4444440007
16438  -17.698  -64.010  26.588 0.4444440007
17065  -18.576  -62.611  25.546 0.4444440007
80659  -17.558  -64.704  26.188 0.4444440007
16443  -17.603  -63.963  25.701 0.4444440007
85810  -17.566  -65.312  25.833 0.3333329856
16447  -17.929  -63.312  25.293 0.4444440007
15142  -17.566  -66.016  25.965 0.3333329856
15834  -17.576  -64.744  25.351 0.4444440007
15144  -17.614  -65.616  25.086 0.3333329856
14380  -17.611  -66.551  25.304 0.3333329856
17058  -19.002  -62.077  26.892 0.4444440007
17696  -19.551  -61.616  26.382 0.4444440007
17066  -18.982  -62.154  26.178 0.5555559993
17706  -19.315  -61.859  25.583 0.5555559993
17723  -20.582  -61.352  24.824 0.4444440007
17072  -19.094  -62.173  24.703 0.5555559993
17722  -19.792  -61.608  24.961 0.4444440007
17071  -18.235  -63.002  24.433 0.4444440007
16446  -17.594  -63.964  24.701 0.5555559993
17073  -19.863  -61.794  24.080 0.5555559993
17740  -20.896  -61.557  24.015 0.6666669846
15835  -17.614  -64.865  24.627 0.4444440007
16450  -17.825  -63.722  23.850 0.4444440007
17080  -19.027  -62.506  23.773 0.5555559993
17081  -19.680  -62.340  23.353 0.4444440007
14385  -17.659  -66.316  24.440 0.3333329856
15837  -17.674  -64.523  23.903 0.3333329856
17088  -20.834  -62.399  22.622 0.3333329856
17698  -21.178  -60.875  26.246 0.3333329856
17707  -20.259  -61.274  25.740 0.4444440007
79046  -21.827  -60.748  25.914 0.3333329856
17708  -21.250  -60.979  25.490 0.4444440007
17725  -22.369  -61.116  24.678 0.4444440007
17724  -21.515  -61.177  24.755 0.6666669846
17083  -21.286  -61.859  23.260 0.6666669846
17741  -21.794  -61.454  23.982 0.6666669846
23109  -36.196  -53.717  25.910 0.7777780294
23110  -37.140  -53.518  25.830 0.7777780294
17082  -20.410  -62.047  23.310 0.4444440007
23111  -37.832  -53.274  26.077 0.8888890147
16452  -19.212  -62.961  22.988 0.4444440007
17709  -22.088  -60.851  25.364 0.3333329856
77078  -23.237  -61.140  24.533 0.6666669846
74899  -33.394  -56.741  25.922 0.6666669846
17742  -22.602  -61.412  23.878 0.6666669846
21091  -33.417  -56.592  25.194 0.7777780294
17084  -22.020  -61.675  23.297 0.6666669846
21743  -34.193  -55.152  25.332 0.7777780294
22402  -34.651  -54.516  25.806 0.7777780294
23102  -36.912  -53.420  26.634 0.7777780294
23103  -37.782  -53.101  26.924 0.7777780294
22368  -41.263  -52.800  28.842 0.8888890147
22379  -41.147  -52.311  28.005 0.8888890147
17089  -21.753  -62.063  22.489 0.4444440007
23112  -38.678  -52.921  26.347 0.7777780294
23097  -39.642  -52.412  26.652 0.6666669846
17710  -23.160  -60.739  25.789 0.3333329856
75032  -23.715  -60.895  25.240 0.4444440007
78060  -22.552  -60.713  25.942 0.3333329856
80569  -22.882  -60.858  25.289 0.3333329856
20377  -33.109  -57.387  25.591 0.6666669846
17743  -23.440  -61.376  23.636 0.6666669846
80961  -33.129  -57.095  24.808 0.7777780294
21749  -33.809  -55.861  24.837 0.6666669846
17090  -22.649  -61.638  22.992 0.5555559993
21097  -33.468  -56.545  24.374 0.3333329856
22394  -35.199  -53.998  26.292 0.7777780294
17755  -23.470  -61.505  22.716 0.4444440007
17756  -24.312  -61.374  22.528 0.3333329856
21758  -33.901  -55.840  24.010 0.3333329856
23101  -35.851  -53.631  26.866 0.6666669846
23087  -39.798  -51.498  27.724 0.8888890147
21709  -41.912  -53.823  28.796 0.8888890147
17091  -22.609  -61.898  21.963 0.2222220004
17763  -23.533  -61.608  21.790 0.3333329856
77587  -37.090  -53.187  27.377 0.6666669846
23095  -37.683  -52.892  27.783 0.6666669846
23088  -40.744  -52.487  27.031 0.7777780294
82771  -41.616  -53.580  28.161 0.7777780294
17096  -22.915  -61.979  21.106 0.2222220004
17764  -24.337  -61.377  21.599 0.2222220004
23098  -40.427  -52.968  26.207 0.5555559993
87249  -41.359  -53.313  27.454 0.6666669846
21717  -41.885  -54.612  28.197 0.6666669846
21062  -42.212  -54.723  28.581 0.6666669846
17769  -23.659  -61.670  20.907 0.1111110002
86853  -24.636  -60.909  24.833 0.5555559993
17727  -25.383  -61.229  24.278 0.6666669846
17726  -24.254  -61.185  24.309 0.6666669846
85638  -25.068  -61.343  23.812 0.6666669846
77089  -32.886  -58.144  25.611 0.6666669846
17744  -24.300  -61.351  23.382 0.5555559993
77719  -32.849  -57.733  24.924 0.4444440007
21742  -33.683  -55.915  25.840 0.7777780294
17745  -25.161  -61.376  23.255 0.4444440007
20396  -32.643  -57.759  23.767 0.3333329856
20397  -33.015  -57.272  24.120 0.3333329856
20407  -32.814  -57.176  23.237 0.3333329856
21735  -34.096  -55.085  26.264 0.6666669846
21700  -41.927  -53.812  29.317 0.8888890147
21027  -42.476  -54.179  29.650 0.8888890147
21028  -42.823  -54.500  29.715 0.8888890147
17757  -25.125  -61.258  22.395 0.3333329856
74986  -33.784  -55.644  23.374 0.3333329856
22393  -34.449  -54.403  26.672 0.6666669846
23096  -38.636  -52.602  27.271 0.7777780294
21039  -42.394  -54.291  29.281 0.8888890147
21040  -42.798  -54.820  29.389 0.8888890147
21019  -43.198  -54.837  29.977 0.8888890147
21117  -33.480  -55.782  22.727 0.3333329856
82847  -36.424  -53.376  27.380 0.6666669846
21053  -42.478  -54.923  28.874 0.7777780294
21041  -43.115  -55.539  29.549 0.8888890147
21030  -43.296  -55.453  29.802 0.7777780294
17765  -25.122  -61.177  21.381 0.2222220004
21054  -42.718  -55.636  29.135 0.6666669846
17770  -24.417  -61.393  20.678 0.2222220004
77642  -27.032  -61.800  24.369 0.6666669846
17729  -27.794  -62.668  24.203 0.6666669846
85622  -28.056  -62.556  24.345 0.6666669846
17711  -25.626  -60.942  24.756 0.4444440007
88459  -26.360  -61.645  24.204 0.6666669846
17074  -27.700  -62.791  24.010 0.6666669846
19051  -32.553  -59.295  25.330 0.6666669846
19673  -32.953  -58.960  26.042 0.5555559993
17728  -27.184  -62.290  24.034 0.5555559993
19684  -32.670  -58.505  25.157 0.6666669846
75287  -33.182  -58.116  26.295 0.5555559993
86692  -27.063  -62.197  23.797 0.5555559993
17746  -26.044  -61.513  23.239 0.4444440007
19692  -32.645  -58.076  24.407 0.4444440007
19695  -32.235  -57.858  23.129 0.3333329856
21017  -42.869  -54.415  30.016 0.8888890147
21029  -43.075  -54.939  29.659 0.8888890147
86235  -43.323  -54.489  30.552 0.8888890147
75240  -25.939  -61.203  22.215 0.2222220004
20405  -31.767  -57.565  22.234 0.3333329856
20406  -32.456  -57.138  22.360 0.3333329856
22387  -34.926  -53.875  27.161 0.4444440007
23086  -38.543  -52.389  28.284 0.6666669846
22361  -41.327  -53.154  29.430 0.7777780294
21116  -33.012  -56.524  22.553 0.3333329856
23094  -35.589  -53.476  27.812 0.5555559993
85177  -36.676  -53.120  28.144 0.5555559993
21031  -44.062  -55.090  30.565 0.6666669846
17771  -25.181  -61.107  20.396 0.2222220004
21124  -32.697  -56.532  21.663 0.3333329856
17776  -24.538  -61.464  19.778 0.1111110002
17777  -25.278  -61.180  19.446 0.1111110002
19046  -32.393  -59.888  25.381 0.6666669846
18422  -32.748  -59.828  26.000 0.6666669846
17075  -28.061  -62.955  24.090 0.6666669846
17747  -27.674  -62.535  23.739 0.4444440007
19050  -32.253  -59.599  24.816 0.5555559993
75587  -28.093  -62.264  23.522 0.4444440007
19690  -31.828  -58.718  23.546 0.4444440007
19683  -32.417  -58.868  24.627 0.4444440007
17758  -26.850  -61.621  23.124 0.4444440007
17759  -27.539  -61.560  22.902 0.4444440007
19694  -31.366  -58.173  22.839 0.3333329856
19691  -32.358  -58.431  23.936 0.3333329856
21683  -42.760  -53.929  30.998 0.8888890147
22348  -43.092  -54.072  32.811 1.0000000000
75892  -26.734  -61.097  21.963 0.2222220004
19700  -30.944  -57.821  22.079 0.3333329856
21692  -41.443  -53.423  29.870 0.7777780294
81056  -42.068  -53.855  29.629 0.7777780294
21016  -42.474  -54.037  30.022 0.8888890147
21018  -42.975  -54.310  30.432 1.0000000000
21688  -43.812  -54.413  30.850 0.8888890147
75077  -25.923  -61.041  21.107 0.2222220004
89911  -31.323  -57.404  21.592 0.3333329856
21694  -44.477  -54.737  30.881 0.8888890147
86092  -44.195  -53.987  31.309 0.8888890147
17773  -26.718  -60.743  20.834 0.2222220004
78382  -31.257  -57.183  20.900 0.3333329856
22353  -44.789  -53.718  31.151 0.8888890147
20410  -32.016  -57.048  21.405 0.3333329856
21032  -45.105  -55.549  31.010 0.6666669846
18476  -26.796  -60.595  19.987 0.2222220004
21045  -45.960  -56.035  31.109 0.5555559993
17730  -28.329  -62.259  24.203 0.6666669846
17731  -28.902  -61.525  23.989 0.4444440007
18436  -30.593  -60.147  24.455 0.6666669846
18445  -28.879  -61.296  23.525 0.4444440007
18446  -29.522  -60.812  23.768 0.4444440007
18448  -31.102  -60.039  24.222 0.4444440007
19049  -31.790  -59.880  24.461 0.5555559993
81004  -28.439  -61.650  23.312 0.4444440007
18457  -29.321  -60.527  23.022 0.4444440007
18458  -30.024  -60.197  23.332 0.4444440007
19055  -31.484  -59.515  23.880 0.4444440007
18456  -28.681  -60.882  22.753 0.4444440007
19060  -31.013  -58.956  23.257 0.4444440007
17760  -28.107  -61.311  22.663 0.3333329856
19070  -29.862  -58.820  22.177 0.3333329856
19693  -30.544  -58.444  22.559 0.3333329856
21682  -42.524  -53.801  30.956 0.8888890147
22347  -42.797  -53.798  32.060 1.0000000000
17766  -27.579  -60.833  21.608 0.2222220004
19699  -30.199  -58.097  21.775 0.3333329856
21686  -41.992  -53.640  30.185 0.8888890147
23048  -43.584  -53.398  32.130 1.0000000000
18477  -27.445  -60.485  20.385 0.2222220004
19710  -30.021  -57.915  20.913 0.3333329856
23057  -45.468  -53.765  30.881 0.8888890147
18478  -28.144  -60.311  20.807 0.2222220004
20413  -30.556  -57.399  20.470 0.3333329856
21695  -45.369  -54.645  31.059 0.8888890147
86998  -46.476  -56.141  30.208 0.2222220004
21701  -46.578  -55.599  30.339 0.6666669846
20323  -47.159  -56.207  29.977 0.4444440007
18434  -28.752  -61.300  24.407 0.6666669846
18435  -29.631  -60.624  24.268 0.6666669846
19054  -30.741  -59.815  23.621 0.4444440007
18469  -29.040  -60.168  22.135 0.3333329856
19059  -30.254  -59.263  22.952 0.4444440007
19058  -29.636  -59.716  22.541 0.3333329856
23042  -43.463  -53.274  33.081 0.8888890147
18468  -28.366  -60.542  21.842 0.2222220004
19069  -29.269  -59.300  21.724 0.3333329856
23043  -44.190  -52.877  33.022 0.8888890147
19068  -28.760  -59.895  21.231 0.2222220004
19698  -29.561  -58.513  21.347 0.3333329856
23050  -44.861  -53.099  31.258 0.8888890147
19081  -29.016  -59.044  20.842 0.2222220004
23051  -45.337  -52.991  30.730 0.8888890147
19080  -28.543  -59.667  20.270 0.2222220004
19087  -28.892  -58.880  19.892 0.2222220004
23058  -46.038  -53.565  30.495 0.7777780294
21697  -47.004  -54.800  30.917 0.5555559993
23762  -44.203  -52.279  32.868 0.8888890147
24313  -44.893  -51.996  31.614 1.0000000000
23767  -44.967  -52.484  31.238 0.8888890147
23772  -45.236  -52.279  30.791 0.8888890147
23065  -46.635  -53.244  29.327 0.7777780294
22364  -46.842  -53.701  28.854 0.5555559993
22371  -47.084  -52.951  28.422 0.3333329856
23090  -47.369  -52.757  28.268 0.2222220004
24312  -44.304  -51.843  32.454 0.7777780294
24320  -45.523  -51.994  30.100 1.0000000000
23773  -45.718  -52.692  30.189 0.8888890147
24324  -46.186  -51.317  29.283 0.8888890147
23779  -46.771  -52.171  28.909 0.8888890147
24325  -47.165  -51.119  29.122 0.8888890147
86666  -47.970  -51.573  28.912 0.7777780294
23780  -48.651  -52.245  29.089 0.6666669846
23793  -47.797  -52.093  28.659 0.2222220004
23794  -48.756  -52.075  29.033 0.5555559993
24337  -48.159  -51.905  28.032 0.2222220004
24338  -48.342  -51.680  29.003 0.4444440007
24341  -48.243  -51.126  27.391 0.1111110002
24344  -47.980  -51.183  26.605 0.1111110002
24318  -44.397  -51.555  31.737 0.8888890147
24319  -45.047  -51.834  30.862 1.0000000000
24323  -45.350  -51.508  29.876 1.0000000000
24844  -47.458  -50.349  29.302 0.8888890147
24326  -47.935  -50.907  29.214 0.8888890147
24327  -48.959  -51.384  29.176 0.7777780294
24328  -49.889  -51.208  30.151 0.7777780294
24334  -50.049  -51.045  29.957 0.6666669846
24860  -50.047  -50.355  29.847 0.7777780294
83447  -48.974  -50.955  29.035 0.4444440007
24858  -48.565  -50.913  28.392 0.5555559993
24863  -48.776  -49.992  28.134 0.5555559993
24862  -48.501  -50.413  27.587 0.5555559993
24869  -47.746  -50.720  26.064 0.2222220004
24866  -48.211  -50.322  26.788 0.3333329856
24843  -46.230  -50.676  29.213 1.0000000000
25476  -47.347  -49.628  29.487 1.0000000000
25477  -48.271  -49.642  30.243 1.0000000000
85453  -49.056  -51.055  30.363 0.8888890147
25478  -48.899  -49.665  31.045 1.0000000000
86603  -49.641  -49.742  30.178 0.8888890147
25479  -49.201  -49.603  30.568 0.8888890147
25491  -49.933  -49.834  30.017 0.8888890147
86506  -49.057  -49.510  28.756 0.6666669846
25499  -50.075  -49.461  29.525 0.8888890147
25502  -48.538  -49.687  27.349 0.4444440007
25498  -48.829  -49.207  27.983 0.5555559993
25505  -48.329  -49.355  26.630 0.5555559993
76495  -47.974  -49.116  30.262 1.0000000000
25468  -48.927  -48.918  31.059 1.0000000000
26070  -49.321  -48.904  30.338 1.0000000000
26077  -50.039  -48.671  29.965 1.0000000000
85588  -49.772  -48.100  29.674 0.8888890147
86620  -49.180  -48.840  28.848 0.7777780294
26090  -48.873  -48.373  27.891 0.7777780294
26069  -48.543  -49.118  30.975 1.0000000000
26567  -48.720  -47.835  30.966 1.0000000000
26576  -49.327  -48.250  30.267 1.0000000000
26582  -49.770  -47.687  30.005 1.0000000000
26083  -49.154  -48.042  28.879 0.7777780294
26095  -48.607  -48.841  27.188 0.5555559993
73601  -48.218  -47.950  26.057 0.6666669846
27091  -48.401  -46.895  30.125 1.0000000000
26587  -49.177  -47.535  29.347 1.0000000000
80414  -48.881  -47.512  27.830 0.7777780294
73690  -47.966  -46.169  29.958 0.8888890147
27092  -48.778  -46.817  29.848 1.0000000000
84260  -48.843  -46.791  28.886 0.8888890147
83898  -48.622  -46.246  29.250 1.0000000000
26591  -48.873  -46.595  27.856 0.8888890147
73193  -48.802  -45.916  28.377 0.8888890147
73546  -48.732  -46.895  27.000 0.7777780294
84488  -48.293  -47.108  25.532 0.5555559993
73178  -48.564  -47.067  26.219 0.6666669846
72221  -47.822  -47.125  24.975 0.4444440007
74391  -49.205  -45.383  23.453 0.2222220004
27670  -49.833  -44.723  22.926 0.3333329856
28242  -48.942  -44.973  22.494 0.2222220004
84875  -48.158  -45.795  29.741 1.0000000000
83916  -48.347  -45.310  29.355 1.0000000000
84420  -48.650  -45.196  28.742 1.0000000000
84089  -48.878  -45.719  27.449 1.0000000000
84259  -48.886  -45.059  27.869 1.0000000000
73280  -48.812  -46.139  26.202 0.6666669846
84091  -48.940  -45.630  26.666 0.7777780294
28795  -51.633  -43.736  24.653 0.8888890147
29390  -51.363  -42.686  25.258 0.8888890147
73071  -48.681  -46.363  25.492 0.5555559993
28229  -51.522  -44.520  24.208 0.5555559993
72219  -47.817  -46.447  24.206 0.1111110002
84022  -48.469  -46.475  24.878 0.4444440007
73681  -50.526  -44.989  24.320 0.3333329856
28233  -51.252  -44.742  23.847 0.4444440007
72218  -48.804  -45.934  24.202 0.2222220004
27663  -50.300  -45.046  23.699 0.3333329856
28230  -52.185  -44.183  24.082 0.6666669846
28798  -52.241  -43.532  24.252 0.8888890147
86285  -48.361  -45.883  23.599 0.2222220004
28243  -50.796  -44.502  23.253 0.3333329856
28244  -51.650  -44.269  23.523 0.5555559993
28816  -50.259  -44.019  22.448 0.3333329856
78200  -49.435  -44.353  22.042 0.2222220004
83934  -48.096  -44.897  29.580 1.0000000000
73001  -48.490  -44.432  29.009 1.0000000000
72225  -48.777  -44.347  28.314 1.0000000000
84257  -49.078  -45.023  26.924 0.7777780294
28794  -50.618  -43.479  25.464 0.7777780294
73049  -49.099  -45.760  25.381 0.6666669846
72224  -49.325  -45.152  25.828 0.6666669846
88427  -50.053  -44.865  25.043 0.6666669846
28228  -50.761  -44.376  24.857 0.5555559993
72220  -49.069  -45.869  24.818 0.5555559993
84565  -49.637  -45.374  24.874 0.6666669846
29391  -52.107  -42.726  24.676 0.8888890147
73407  -49.650  -45.471  24.213 0.4444440007
29397  -52.517  -42.734  24.174 0.8888890147
28804  -52.183  -44.130  23.818 0.7777780294
28805  -52.373  -43.593  23.881 0.8888890147
30023  -52.905  -41.869  23.999 0.8888890147
28817  -51.136  -43.752  22.830 0.5555559993
28818  -52.023  -43.401  23.201 0.6666669846
28827  -49.762  -43.587  21.606 0.2222220004
28837  -49.380  -43.308  20.760 0.2222220004
84874  -48.070  -44.104  29.430 1.0000000000
73015  -48.305  -43.828  29.183 1.0000000000
84258  -48.618  -43.657  28.721 1.0000000000
74546  -48.935  -43.568  27.884 1.0000000000
72222  -49.999  -44.291  25.608 0.8888890147
86924  -49.444  -44.313  26.465 0.7777780294
89128  -50.242  -43.112  26.042 0.8888890147
29383  -51.221  -41.772  25.820 1.0000000000
30014  -52.018  -41.746  25.300 0.8888890147
30015  -52.649  -41.592  24.790 0.8888890147
29405  -52.528  -42.680  23.545 0.7777780294
30024  -53.119  -40.930  24.578 0.8888890147
28829  -51.401  -43.081  22.495 0.5555559993
30044  -52.675  -41.422  22.198 0.7777780294
30681  -53.205  -40.574  21.522 0.8888890147
29429  -52.106  -41.979  21.939 0.6666669846
30055  -52.519  -41.198  21.214 0.7777780294
28828  -50.618  -43.100  21.977 0.2222220004
29428  -51.368  -42.448  21.890 0.3333329856
30054  -51.612  -41.708  21.157 0.4444440007
30063  -52.075  -41.041  20.285 0.6666669846
30686  -53.022  -40.449  20.324 0.7777780294
29437  -49.697  -42.546  20.291 0.2222220004
29426  -50.045  -42.821  21.078 0.2222220004
29438  -50.283  -42.158  20.556 0.3333329856
83897  -48.419  -43.056  28.955 1.0000000000
73281  -48.772  -42.852  28.351 1.0000000000
73624  -48.945  -42.069  27.901 1.0000000000
72223  -49.196  -42.777  27.474 1.0000000000
29377  -49.519  -41.924  27.120 1.0000000000
73430  -49.376  -43.549  26.981 0.8888890147
73615  -49.862  -42.765  26.586 1.0000000000
29994  -49.985  -41.067  26.877 1.0000000000
84587  -49.895  -43.579  26.174 0.8888890147
29382  -50.589  -42.599  25.911 0.8888890147
76683  -50.352  -41.803  26.421 1.0000000000
30006  -51.930  -41.092  25.898 1.0000000000
87056  -52.412  -40.476  26.371 1.0000000000
30007  -52.674  -40.880  25.645 0.8888890147
30659  -53.361  -40.387  24.295 0.8888890147
31899  -53.196  -39.465  24.183 1.0000000000
30034  -53.128  -41.037  23.657 0.8888890147
30674  -53.441  -40.191  22.307 1.0000000000
31918  -53.154  -39.308  22.664 1.0000000000
78085  -53.451  -39.842  21.524 1.0000000000
31927  -52.658  -38.705  21.430 1.0000000000
31926  -51.860  -38.312  21.127 1.0000000000
29427  -50.763  -42.254  21.192 0.3333329856
30072  -51.667  -40.906  19.386 0.6666669846
30687  -53.327  -39.831  20.138 0.8888890147
31305  -53.257  -39.317  20.789 1.0000000000
31937  -52.634  -38.650  20.408 1.0000000000
30062  -51.026  -41.567  20.260 0.4444440007
30685  -52.427  -40.454  19.446 0.6666669846
31309  -53.047  -39.288  19.838 1.0000000000
31948  -52.422  -38.861  19.572 1.0000000000
29448  -50.221  -41.840  19.795 0.2222220004
30699  -52.315  -39.848  18.810 0.8888890147
29447  -49.509  -42.254  19.459 0.2222220004
29458  -49.221  -41.999  18.650 0.2222220004
84893  -48.170  -42.549  28.977 1.0000000000
84421  -48.495  -42.162  28.546 1.0000000000
29965  -48.159  -41.669  28.641 1.0000000000
29980  -48.715  -41.142  28.052 1.0000000000
29993  -49.151  -41.266  27.546 1.0000000000
79233  -50.491  -40.429  26.803 1.0000000000
29995  -51.161  -40.891  26.394 1.0000000000
31239  -50.849  -40.071  26.902 1.0000000000
30623  -51.668  -40.226  26.645 1.0000000000
85832  -53.432  -40.036  26.070 1.0000000000
31240  -52.047  -39.903  26.629 1.0000000000
31858  -53.023  -39.450  25.755 1.0000000000
77557  -52.562  -39.039  24.958 1.0000000000
31898  -52.717  -38.949  24.203 1.0000000000
31906  -52.226  -38.458  23.287 1.0000000000
31916  -52.113  -38.347  22.199 1.0000000000
31936  -51.864  -38.405  20.064 1.0000000000
30071  -50.922  -41.316  19.289 0.6666669846
83590  -52.597  -39.461  19.298 1.0000000000
31947  -51.681  -38.797  19.322 1.0000000000
30082  -51.338  -40.686  18.467 0.5555559993
30698  -51.890  -40.111  18.276 0.5555559993
31315  -51.802  -39.791  18.287 0.8888890147
31959  -51.411  -39.267  18.598 1.0000000000
30070  -50.261  -41.460  18.715 0.2222220004
30081  -50.667  -40.711  17.720 0.4444440007
30697  -51.245  -40.256  17.778 0.5555559993
30705  -51.265  -40.025  17.709 0.6666669846
30088  -50.086  -40.737  17.011 0.4444440007
31328  -50.267  -40.025  16.257 0.5555559993
31321  -50.621  -39.893  17.043 0.6666669846
30711  -50.114  -40.343  16.263 0.2222220004
30097  -48.695  -41.211  15.895 0.2222220004
83953  -47.983  -42.195  28.884 1.0000000000
30601  -48.341  -41.064  28.411 1.0000000000
30611  -48.559  -40.716  28.035 1.0000000000
30621  -49.026  -40.744  27.540 1.0000000000
30622  -49.695  -40.416  27.042 1.0000000000
30612  -48.944  -40.443  27.502 1.0000000000
31252  -51.501  -39.696  26.382 1.0000000000
31877  -51.878  -38.730  24.829 1.0000000000
78107  -51.392  -38.424  24.405 1.0000000000
31897  -52.076  -38.492  24.231 1.0000000000
31905  -51.308  -38.168  23.661 0.8888890147
32637  -50.773  -38.193  22.847 1.0000000000
31914  -50.356  -38.335  22.044 1.0000000000
31925  -50.919  -38.412  20.533 1.0000000000
86492  -50.530  -38.498  19.853 1.0000000000
90527  -50.199  -38.798  18.899 1.0000000000
78818  -49.657  -38.760  18.631 1.0000000000
31314  -51.129  -39.667  17.840 0.8888890147
74974  -50.545  -39.118  18.298 1.0000000000
31970  -50.547  -39.499  17.500 1.0000000000
31958  -49.787  -39.086  17.642 1.0000000000
30108  -49.547  -40.543  15.745 0.3333329856
30719  -49.879  -40.160  15.793 0.3333329856
31327  -50.072  -39.724  16.323 0.6666669846
31969  -50.216  -39.547  16.978 0.8888890147
31978  -49.562  -39.331  16.754 1.0000000000
31335  -49.676  -39.895  15.657 0.5555559993
31326  -49.351  -39.470  15.946 0.7777780294
30107  -48.913  -40.584  15.219 0.2222220004
30732  -48.811  -40.155  14.840 0.3333329856
30733  -49.153  -39.938  15.123 0.5555559993
31334  -48.999  -39.653  15.275 0.6666669846
30113  -48.376  -40.530  14.684 0.2222220004
31229  -48.339  -40.333  27.922 1.0000000000
31238  -49.652  -40.193  26.997 1.0000000000
31251  -50.377  -39.775  26.522 1.0000000000
31269  -50.840  -39.304  25.794 1.0000000000
31896  -50.470  -38.346  24.353 0.8888890147
32627  -50.189  -38.141  23.546 0.8888890147
32636  -49.738  -38.224  22.779 0.8888890147
31924  -50.091  -38.415  21.197 1.0000000000
31935  -49.921  -38.421  20.342 1.0000000000
31945  -49.843  -38.569  19.466 1.0000000000
31957  -48.698  -38.666  18.245 1.0000000000
31967  -47.929  -38.710  17.443 1.0000000000
31968  -48.942  -38.939  17.324 1.0000000000
31977  -48.683  -39.061  16.565 1.0000000000
31985  -48.488  -39.228  15.682 0.7777780294
30731  -48.038  -40.255  14.201 0.5555559993
31349  -48.483  -39.854  14.678 0.6666669846
31333  -48.304  -39.487  15.003 0.7777780294
83633  -47.769  -39.966  14.052 0.5555559993
32643  -49.354  -38.351  21.898 1.0000000000
31923  -49.149  -38.416  20.958 0.8888890147
31934  -49.039  -38.381  20.073 0.8888890147
31944  -48.885  -38.520  19.233 0.8888890147
31956  -47.732  -38.497  18.351 0.8888890147
31966  -46.862  -38.642  17.110 0.8888890147
76363  -47.586  -39.588  14.405 0.7777780294
31354  -46.988  -39.863  13.598 0.5555559993
81588  -46.632  -40.209  12.775 0.5555559993
31976  -47.707  -38.869  16.362 1.0000000000
31975  -46.685  -38.815  16.161 1.0000000000
31984  -47.480  -39.140  15.324 0.8888890147
31357  -46.353  -39.793  12.151 0.7777780294
31348  -46.556  -39.449  13.893 0.8888890147
31983  -46.364  -39.001  15.293 1.0000000000
32000  -46.831  -39.286  14.666 0.8888890147
31353  -46.248  -39.562  12.925 1.0000000000
32015  -46.953  -38.873  11.442 0.7777780294
31999  -45.986  -39.089  14.423 0.7777780294
32006  -45.656  -39.048  13.315 0.7777780294
32014  -46.194  -39.000  11.822 0.7777780294
32011  -45.772  -39.084  12.321 0.8888890147
77085  -46.269  -38.174  11.590 0.6666669846
32740  -47.103  -37.784  11.620 0.6666669846
32016  -47.751  -38.473  11.243 0.7777780294
32741  -48.031  -37.687  11.640 0.6666669846
77952  -48.886  -37.475  11.628 0.4444440007
32726  -49.346  -36.883  12.254 0.2222220004
32727  -50.437  -36.975  12.182 0.3333329856
32728  -51.435  -36.841  12.493 0.3333329856
33360  -51.602  -36.441  13.070 0.3333329856
33361  -52.723  -36.491  12.508 0.3333329856
32013  -45.513  -38.442  11.816 0.6666669846
32724  -47.648  -37.072  11.930 0.5555559993
32725  -48.378  -36.938  12.167 0.4444440007
33350  -50.032  -36.333  12.776 0.3333329856
33359  -50.942  -36.518  12.779 0.2222220004
78897  -52.252  -36.327  13.218 0.4444440007
87494  -45.701  -37.730  11.436 0.6666669846
32739  -46.291  -37.274  11.515 0.6666669846
33358  -48.884  -36.302  12.542 0.5555559993
33352  -51.783  -36.040  13.504 0.4444440007
33351  -51.030  -36.104  13.152 0.4444440007
86521  -52.866  -36.041  13.149 0.4444440007
33371  -47.030  -36.760  11.814 0.5555559993
33357  -47.843  -36.328  12.381 0.5555559993
34021  -49.380  -35.730  12.778 0.4444440007
34013  -50.348  -35.654  13.073 0.5555559993
34014  -51.235  -35.578  13.295 0.4444440007
33353  -52.329  -35.950  13.504 0.3333329856
34017  -53.205  -35.452  12.807 0.4444440007
34022  -53.587  -35.299  12.190 0.4444440007
34685  -50.679  -34.993  13.054 0.4444440007
34686  -51.455  -34.662  13.168 0.4444440007
34023  -53.834  -34.527  11.974 0.3333329856
82389  -54.369  -32.190  10.463 0.2222220004
37215  -55.147  -30.144  7.967 0.2222220004
37856  -56.534  -29.812  7.673 0.2222220004
34687  -52.312  -34.748  13.183 0.3333329856
34688  -52.981  -34.739  12.895 0.3333329856
34016  -52.629  -35.496  13.250 0.2222220004
34695  -53.460  -34.654  12.452 0.3333329856
85975  -53.831  -33.992  12.251 0.3333329856
35396  -54.242  -33.730  10.934 0.2222220004
82129  -54.172  -33.834  11.850 0.2222220004
86000  -54.424  -32.959  10.979 0.2222220004
36605  -54.254  -31.598  9.627 0.2222220004
37211  -55.071  -30.305  9.000 0.2222220004
37845  -55.636  -29.919  8.644 0.2222220004
37855  -55.868  -29.790  8.014 0.2222220004
35377  -53.375  -33.818  12.629 0.2222220004
35378  -54.070  -33.214  12.276 0.2222220004
35387  -54.444  -33.148  11.721 0.2222220004
36021  -54.676  -32.422  11.557 0.2222220004
36601  -54.633  -31.264  10.319 0.2222220004
37208  -55.202  -30.559  10.154 0.2222220004
37846  -56.508  -29.742  8.787 0.2222220004
37216  -57.559  -29.824  8.213 0.2222220004
86799  -57.222  -30.000  7.306 0.2222220004
35368  -52.030  -33.877  13.058 0.3333329856
35376  -52.693  -33.170  12.859 0.2222220004
80782  -53.529  -32.941  12.589 0.2222220004
89957  -54.801  -31.724  11.193 0.2222220004
36602  -55.149  -31.049  11.138 0.2222220004
37212  -55.806  -30.008  9.551 0.2222220004
36003  -54.091  -32.234  12.448 0.2222220004
36011  -54.564  -32.384  12.073 0.3333329856
36588  -55.171  -31.606  11.953 0.2222220004
37194  -55.690  -30.617  11.144 0.2222220004
37209  -56.031  -30.184  10.628 0.3333329856
37836  -57.551  -29.416  9.372 0.2222220004
74784  -58.340  -29.611  8.639 0.2222220004
37848  -60.383  -29.780  8.330 0.2222220004
37839  -60.744  -29.030  8.541 0.2222220004
88963  -54.324  -31.607  12.448 0.2222220004
36580  -54.880  -31.518  12.336 0.3333329856
82006  -55.322  -30.799  12.507 0.2222220004
36581  -55.575  -30.916  12.305 0.3333329856
37187  -55.795  -30.375  12.667 0.2222220004
36589  -55.791  -30.935  11.858 0.3333329856
36582  -56.077  -30.485  12.303 0.3333329856
37816  -56.456  -29.774  12.033 0.3333329856
37195  -56.187  -30.382  11.619 0.3333329856
37835  -56.620  -29.708  10.021 0.3333329856
74795  -57.178  -29.175  10.574 0.3333329856
37829  -57.982  -28.754  10.027 0.3333329856
37837  -58.627  -29.179  9.142 0.2222220004
37847  -59.337  -29.850  8.437 0.2222220004
38394  -61.085  -28.331  8.760 0.2222220004
38395  -61.826  -28.182  8.465 0.2222220004
38953  -61.390  -27.631  8.861 0.2222220004
38954  -62.143  -27.576  8.414 0.2222220004
40142  -62.081  -25.391  8.864 0.2222220004
37810  -56.142  -29.766  12.589 0.3333329856
37827  -56.566  -29.733  11.101 0.3333329856
38393  -58.822  -28.595  9.559 0.3333329856
37838  -59.669  -29.040  8.968 0.3333329856
77997  -60.260  -28.459  9.057 0.2222220004
38387  -59.404  -28.100  9.598 0.3333329856
38952  -60.377  -27.661  9.300 0.2222220004
82499  -60.857  -26.932  9.252 0.2222220004
39531  -61.612  -26.766  8.895 0.2222220004
39530  -60.825  -25.881  9.630 0.2222220004
41321  -61.224  -24.034  10.405 0.2222220004
40735  -62.294  -24.789  8.436 0.2222220004
37828  -56.915  -29.060  11.601 0.3333329856
38385  -57.477  -28.409  11.101 0.3333329856
39529  -60.067  -26.633  9.657 0.2222220004
40133  -60.505  -24.735  10.528 0.2222220004
40721  -59.845  -23.730  10.978 0.2222220004
40141  -61.313  -25.055  9.810 0.2222220004
41314  -60.650  -23.763  11.257 0.2222220004
76115  -61.570  -24.584  9.541 0.2222220004
38386  -58.353  -28.121  10.253 0.3333329856
39517  -56.348  -26.810  11.098 0.2222220004
40129  -56.805  -26.479  10.163 0.2222220004
38945  -58.678  -27.480  10.078 0.3333329856
40130  -57.762  -26.475  9.944 0.2222220004
38946  -59.502  -27.297  9.702 0.2222220004
40132  -59.770  -24.591  10.696 0.2222220004
39521  -59.873  -25.557  10.135 0.2222220004
40131  -59.053  -25.761  9.818 0.2222220004
40139  -59.381  -24.709  10.218 0.2222220004
38362  -56.779  -28.074  12.375 0.2222220004
38370  -57.026  -28.409  11.951 0.3333329856
38929  -57.189  -27.938  11.738 0.3333329856
38944  -57.776  -27.773  10.856 0.3333329856
39518  -57.117  -26.929  10.781 0.3333329856
39519  -57.965  -27.043  10.239 0.2222220004
39520  -59.136  -26.567  9.834 0.2222220004
82312  -57.188  -27.489  11.285 0.3333329856
34033  -53.630  -35.851  11.658 0.3333329856
33362  -53.376  -36.016  12.480 0.3333329856
33373  -53.278  -36.293  11.868 0.3333329856
34015  -51.988  -35.527  13.496 0.5555559993
16451  -18.383  -63.261  23.365 0.5555559993
15149  -17.672  -65.449  24.109 0.3333329856
15838  -18.028  -64.146  23.126 0.3333329856
17087  -20.030  -62.709  22.781 0.4444440007
17697  -20.353  -61.109  26.703 0.3333329856
22378  -40.563  -51.868  28.741 0.8888890147
21052  -42.262  -54.294  28.929 0.7777780294
21063  -42.297  -55.462  28.641 0.6666669846
21718  -41.754  -55.458  27.856 0.5555559993
74685  -26.104  -61.718  23.863 0.5555559993
21106  -33.376  -56.429  23.485 0.3333329856
21734  -33.672  -55.643  26.850 0.6666669846
21726  -33.967  -54.924  27.163 0.4444440007
22352  -43.338  -53.915  31.433 1.0000000000
23074  -39.475  -52.034  28.965 0.7777780294
17712  -27.694  -61.835  24.589 0.6666669846
17748  -28.445  -62.204  23.854 0.4444440007
19056  -32.110  -59.256  24.168 0.4444440007
20409  -30.678  -57.579  21.311 0.3333329856
23049  -44.346  -53.191  31.785 0.8888890147
20415  -31.824  -56.873  20.586 0.3333329856
20414  -31.265  -56.968  19.979 0.2222220004
21696  -46.201  -55.152  31.021 0.7777780294
18447  -30.314  -60.374  23.957 0.4444440007
22358  -46.396  -54.476  30.964 0.7777780294
18483  -28.020  -60.176  19.773 0.2222220004
21703  -47.928  -55.103  29.846 0.5555559993
23766  -44.554  -52.492  32.051 0.8888890147
19709  -29.402  -58.343  20.456 0.2222220004
19720  -28.370  -59.486  19.153 0.2222220004
23059  -46.812  -54.078  30.522 0.5555559993
23774  -46.267  -53.035  29.726 0.6666669846
23067  -46.969  -52.735  28.800 0.7777780294
23066  -46.717  -53.563  29.197 0.5555559993
23075  -47.164  -52.658  28.688 0.6666669846
86711  -48.434  -52.188  28.928 0.6666669846
23778  -46.106  -52.102  29.407 0.8888890147
23781  -49.377  -51.707  29.417 0.6666669846
24845  -48.558  -50.305  30.155 1.0000000000
24847  -49.636  -50.666  30.181 0.8888890147
24339  -49.263  -51.637  29.157 0.6666669846
24855  -49.944  -50.398  30.034 0.8888890147
24859  -49.129  -50.210  29.011 0.6666669846
25509  -47.963  -49.809  26.052 0.2222220004
24846  -48.984  -50.378  31.043 0.8888890147
89908  -50.131  -49.232  30.036 0.8888890147
26084  -49.971  -48.705  29.692 0.8888890147
81235  -49.090  -48.134  31.018 1.0000000000
26059  -48.765  -48.349  31.103 1.0000000000
84996  -48.400  -48.589  26.552 0.5555559993
26574  -48.285  -47.415  30.706 1.0000000000
26096  -48.638  -47.890  26.941 0.6666669846
85035  -48.926  -47.285  28.551 0.8888890147
26575  -49.080  -47.545  30.466 1.0000000000
26581  -49.019  -47.143  29.716 1.0000000000
85101  -47.922  -47.715  25.425 0.5555559993
90004  -48.456  -46.231  29.646 1.0000000000
73104  -48.814  -46.202  27.035 0.7777780294
84876  -48.222  -44.481  29.343 1.0000000000
84584  -49.071  -44.302  27.393 1.0000000000
30033  -52.775  -41.726  23.146 0.7777780294
29414  -51.882  -42.669  22.475 0.5555559993
73038  -48.102  -43.343  29.278 1.0000000000
30016  -53.232  -40.604  25.349 0.8888890147
29415  -52.342  -42.346  22.761 0.5555559993
30045  -53.142  -40.879  22.651 0.8888890147
76003  -53.415  -40.029  20.779 1.0000000000
90300  -48.802  -41.721  28.026 1.0000000000
87974  -49.607  -40.686  27.140 1.0000000000
31271  -53.611  -39.810  25.696 1.0000000000
30666  -53.368  -40.365  23.259 1.0000000000
31908  -53.226  -39.474  23.382 1.0000000000
31915  -51.308  -38.281  22.085 1.0000000000
30691  -52.860  -39.934  19.464 1.0000000000
79304  -52.033  -40.408  18.804 0.6666669846
30600  -48.010  -40.988  28.545 1.0000000000
31270  -51.976  -39.244  25.619 1.0000000000
76254  -51.601  -38.199  22.837 1.0000000000
31946  -50.779  -38.794  19.171 1.0000000000
30080  -49.735  -41.337  17.849 0.2222220004
30704  -50.640  -40.177  17.061 0.4444440007
30098  -49.513  -40.954  16.420 0.2222220004
31876  -51.129  -38.771  25.028 1.0000000000
30718  -49.411  -40.159  15.370 0.2222220004
79845  -50.135  -38.869  25.145 0.8888890147
31943  -47.995  -38.411  19.047 0.8888890147
32649  -48.300  -38.342  20.606 0.8888890147
31360  -46.673  -39.713  11.656 0.7777780294
88853  -49.681  -37.322  11.622 0.3333329856
86120  -48.527  -35.838  12.605 0.5555559993
34692  -49.801  -34.856  12.752 0.4444440007
34705  -54.024  -34.356  11.379 0.3333329856
37214  -54.491  -30.719  8.413 0.2222220004
35369  -52.694  -34.064  12.924 0.2222220004
37207  -54.537  -30.929  9.357 0.2222220004
37849  -61.162  -29.493  8.064 0.2222220004
78515  -54.530  -30.925  12.414 0.1111110002
38397  -61.607  -28.745  8.247 0.2222220004
83288  -61.710  -25.902  9.098 0.2222220004
40728  -61.035  -24.137  10.923 0.2222220004
21728  -41.686  -55.445  27.061 0.1111110002
88300  -41.950  -55.947  28.285 0.2222220004
21055  -43.284  -56.162  29.446 0.3333329856
21042  -43.606  -55.973  29.999 0.5555559993
21074  -41.898  -56.108  27.579 0.1111110002
21064  -42.576  -56.474  28.094 0.1111110002
21065  -42.983  -56.364  28.833 0.2222220004
20320  -44.406  -56.369  30.048 0.5555559993
89350  -44.806  -56.383  30.373 0.5555559993
21084  -41.956  -56.102  26.687 0.1111110002
20346  -43.420  -56.810  28.301 0.2222220004
20335  -43.728  -56.631  29.049 0.2222220004
22388  -41.155  -53.636  26.686 0.4444440007
21727  -41.584  -54.490  27.425 0.4444440007
21736  -41.457  -54.624  26.440 0.2222220004
21744  -41.410  -54.610  25.541 0.1111110002
21737  -41.678  -55.460  26.164 0.1111110002
20345  -43.226  -56.864  27.509 0.1111110002
21751  -41.380  -54.612  24.661 0.1111110002
21085  -42.605  -56.526  26.257 0.1111110002
22433  -40.715  -54.285  23.338 0.1111110002
21098  -42.262  -56.003  24.911 0.1111110002
22407  -40.033  -53.192  25.274 0.2222220004
22396  -40.889  -53.664  25.761 0.2222220004
22420  -39.654  -53.509  24.643 0.2222220004
22408  -40.754  -53.819  24.919 0.1111110002
22431  -38.809  -53.873  23.660 0.1111110002
22421  -40.478  -54.016  24.062 0.1111110002
22442  -38.656  -54.067  22.447 0.1111110002
22432  -39.793  -54.063  23.282 0.1111110002
15821  -18.354  -64.476  29.011 0.3333329856
23104  -39.621  -52.915  25.877 0.4444440007
22406  -38.833  -53.224  25.406 0.2222220004
22419  -38.521  -53.638  24.506 0.2222220004
21680  -41.475  -53.489  30.581 0.5555559993
23029  -42.443  -53.124  33.283 0.5555559993
23761  -43.855  -52.514  33.143 0.7777780294
24819  -44.056  -51.061  32.990 0.5555559993
22430  -37.872  -53.873  23.863 0.1111110002
86785  -41.245  -53.639  31.551 0.3333329856
23759  -41.899  -53.210  33.546 0.5555559993
24297  -42.124  -52.475  33.911 0.5555559993
24306  -43.097  -52.100  33.208 0.5555559993
22441  -37.810  -53.905  22.510 0.1111110002
78418  -38.255  -53.957  23.153 0.1111110002
71956  -18.992  -64.174  30.392 0.2222220004
71953  -18.824  -63.743  30.432 0.1111110002
72986  -18.537  -63.506  30.810 0.1111110002
22404  -36.883  -53.701  25.214 0.3333329856
22405  -37.782  -53.504  25.273 0.2222220004
22418  -37.424  -53.767  24.562 0.2222220004
75208  -36.888  -53.930  23.889 0.2222220004
22367  -40.465  -52.441  29.416 0.6666669846
24842  -45.312  -51.052  29.605 0.6666669846
22360  -40.494  -52.965  29.940 0.4444440007
74955  -44.147  -51.057  32.399 0.5555559993
22429  -36.245  -53.834  23.121 0.2222220004
22356  -39.593  -53.067  30.434 0.3333329856
22351  -40.742  -53.456  30.745 0.4444440007
87711  -40.972  -53.625  32.266 0.3333329856
83509  -41.895  -51.649  34.040 0.3333329856
24817  -42.867  -51.378  33.145 0.4444440007
24837  -44.167  -51.322  31.151 0.5555559993
85830  -43.621  -51.054  30.383 0.5555559993
22440  -36.888  -53.703  22.423 0.1111110002
81361  -37.325  -53.878  23.191 0.1111110002
23038  -40.583  -53.541  31.870 0.2222220004
73423  -41.142  -52.095  33.533 0.3333329856
84574  -41.905  -51.018  33.499 0.3333329856
76458  -42.798  -51.061  32.228 0.3333329856
24836  -43.503  -51.255  31.722 0.3333329856
23130  -36.469  -53.517  21.542 0.1111110002
23056  -39.838  -53.322  31.071 0.2222220004
23047  -40.138  -53.498  31.525 0.2222220004
23757  -40.586  -52.708  32.652 0.1111110002
73126  -41.272  -51.248  33.136 0.1111110002
24835  -42.688  -51.076  31.156 0.1111110002
15827  -18.081  -64.347  28.268 0.3333329856
15830  -17.855  -64.148  27.452 0.3333329856
16423  -18.636  -64.023  29.145 0.2222220004
16430  -18.424  -63.795  28.587 0.3333329856
15832  -17.570  -64.786  27.029 0.3333329856
71958  -18.658  -63.790  29.623 0.2222220004
74497  -18.690  -64.384  29.689 0.2222220004
84217  -18.184  -63.312  30.075 0.1111110002
22416  -35.582  -54.107  24.646 0.2222220004
22417  -36.474  -53.898  24.555 0.2222220004
25475  -46.164  -50.228  29.141 0.8888890147
22428  -35.404  -54.111  23.385 0.1111110002
75339  -35.938  -54.046  23.943 0.2222220004
23064  -39.452  -52.690  29.746 0.3333329856
24838  -44.799  -51.463  30.582 0.5555559993
24854  -45.243  -50.607  29.243 0.5555559993
26068  -48.187  -48.563  30.861 0.8888890147
22439  -35.255  -53.918  22.549 0.1111110002
24841  -44.589  -51.126  30.053 0.5555559993
23129  -35.563  -53.612  21.692 0.1111110002
23124  -36.072  -53.620  22.292 0.1111110002
23063  -38.440  -52.763  30.308 0.1111110002
24852  -43.483  -50.694  29.271 0.1111110002
74265  -39.900  -52.872  32.306 0.1111110002
84125  -40.661  -51.619  32.841 0.1111110002
87864  -41.041  -51.087  32.515 0.1111110002
84823  -42.064  -50.822  30.723 0.1111110002
23046  -39.306  -52.951  32.023 0.1111110002
84155  -42.696  -50.840  30.009 0.1111110002
84124  -40.081  -51.955  32.647 0.1111110002
83869  -41.580  -50.681  30.777 0.1111110002
89637  -34.494  -53.315  17.066 0.1111110002
16436  -18.256  -63.533  27.848 0.3333329856
71960  -18.390  -63.151  29.166 0.1111110002
74022  -18.421  -63.396  29.753 0.1111110002
73243  -18.085  -63.036  29.467 0.2222220004
73058  -17.797  -62.822  29.555 0.1111110002
16455  -19.628  -63.431  22.357 0.3333329856
22403  -35.369  -54.067  25.434 0.4444440007
79906  -36.092  -53.860  25.138 0.3333329856
16457  -21.128  -62.777  21.902 0.2222220004
21750  -34.308  -55.156  24.438 0.1111110002
22415  -34.800  -54.536  24.923 0.3333329856
17094  -21.809  -62.502  21.577 0.2222220004
22427  -35.000  -54.507  24.019 0.1111110002
22438  -34.685  -54.489  23.154 0.1111110002
25490  -46.817  -49.322  29.242 0.8888890147
17095  -22.324  -62.354  21.204 0.1111110002
23085  -37.551  -52.819  28.725 0.4444440007
26058  -48.398  -47.921  30.973 0.8888890147
22437  -34.335  -54.447  22.330 0.1111110002
23073  -38.466  -52.673  29.276 0.2222220004
22449  -34.742  -53.973  21.659 0.1111110002
24853  -44.368  -50.732  29.359 0.1111110002
18482  -27.288  -60.402  19.453 0.1111110002
22456  -33.641  -54.611  20.505 0.1111110002
22457  -34.390  -54.018  20.856 0.1111110002
18487  -27.736  -60.083  18.830 0.1111110002
86351  -27.918  -59.563  18.261 0.1111110002
23128  -35.129  -53.644  20.995 0.1111110002
19090  -27.320  -59.871  17.866 0.1111110002
19726  -28.336  -58.991  18.124 0.1111110002
22465  -33.630  -54.353  19.588 0.1111110002
23055  -38.916  -52.837  31.291 0.1111110002
84859  -41.132  -50.816  31.944 0.1111110002
84860  -42.028  -50.588  29.805 0.1111110002
73140  -42.659  -50.529  28.952 0.1111110002
19732  -28.114  -58.529  17.131 0.1111110002
22480  -34.201  -53.830  19.211 0.1111110002
83962  -39.436  -51.771  32.415 0.1111110002
73043  -40.231  -51.116  32.479 0.1111110002
19733  -28.693  -57.877  17.026 0.1111110002
22478  -32.822  -54.441  18.269 0.1111110002
22485  -31.681  -54.254  16.746 0.1111110002
22487  -33.467  -53.902  17.846 0.1111110002
88351  -28.714  -57.554  16.266 0.1111110002
20441  -29.166  -56.872  16.049 0.1111110002
90266  -31.281  -54.247  15.677 0.1111110002
88661  -32.001  -53.826  16.030 0.1111110002
22499  -33.150  -53.810  17.062 0.1111110002
23179  -33.311  -53.554  16.403 0.1111110002
20451  -29.309  -57.301  15.598 0.1111110002
21183  -29.601  -56.464  15.549 0.1111110002
22497  -30.991  -54.839  15.011 0.1111110002
86010  -32.179  -54.028  15.293 0.1111110002
20452  -29.925  -57.061  15.207 0.1111110002
22525  -31.697  -54.639  14.722 0.1111110002
21195  -30.875  -56.048  14.184 0.1111110002
21856  -31.261  -55.381  14.309 0.1111110002
73835  -18.513  -63.545  28.956 0.2222220004
17038  -18.445  -62.868  28.350 0.2222220004
83993  -18.176  -62.304  28.820 0.2222220004
17039  -18.770  -61.943  28.242 0.1111110002
80095  -20.421  -63.126  22.164 0.2222220004
21759  -34.279  -55.117  23.662 0.1111110002
21769  -34.014  -55.076  22.904 0.2222220004
25489  -45.937  -49.607  28.875 0.6666669846
26067  -47.506  -48.693  29.945 0.8888890147
76610  -33.676  -55.124  22.114 0.1111110002
26573  -47.863  -47.548  30.495 0.8888890147
21776  -33.361  -55.251  21.266 0.1111110002
22448  -33.984  -54.528  21.469 0.1111110002
25488  -44.979  -50.091  28.720 0.4444440007
23072  -37.483  -52.722  29.673 0.1111110002
25487  -44.154  -50.249  28.644 0.1111110002
25497  -45.280  -49.216  28.450 0.1111110002
83176  -29.292  -58.190  19.560 0.1111110002
20426  -29.661  -57.605  19.119 0.1111110002
21784  -32.992  -55.575  20.365 0.1111110002
25496  -43.952  -49.808  28.122 0.1111110002
86735  -44.571  -49.585  28.228 0.1111110002
19721  -28.797  -58.639  18.937 0.1111110002
87835  -29.139  -58.020  18.763 0.1111110002
73683  -43.443  -50.273  28.430 0.1111110002
19727  -28.745  -58.260  18.009 0.1111110002
78528  -29.251  -57.487  18.019 0.1111110002
21813  -32.382  -55.095  18.627 0.1111110002
21795  -32.696  -55.407  19.441 0.1111110002
20435  -29.634  -56.723  17.581 0.1111110002
84551  -42.917  -50.267  28.124 0.1111110002
20434  -29.097  -57.120  16.819 0.1111110002
21157  -29.945  -56.057  17.163 0.1111110002
21158  -30.694  -55.640  17.753 0.1111110002
21825  -32.021  -54.709  17.756 0.1111110002
22479  -33.521  -54.149  18.768 0.1111110002
21156  -29.417  -56.491  16.649 0.1111110002
21823  -30.222  -55.311  16.778 0.1111110002
21824  -31.058  -54.892  17.314 0.1111110002
84822  -41.184  -50.496  30.607 0.1111110002
83960  -41.590  -50.333  29.614 0.1111110002
21170  -29.576  -55.909  16.133 0.1111110002
21838  -30.677  -54.647  16.352 0.1111110002
21837  -30.025  -55.174  15.864 0.1111110002
87143  -30.564  -54.768  15.585 0.1111110002
21836  -29.811  -55.797  15.418 0.1111110002
21184  -30.403  -55.417  14.928 0.1111110002
82939  -30.242  -56.475  14.771 0.1111110002
17048  -18.955  -62.034  27.707 0.3333329856
17679  -19.521  -61.345  27.950 0.1111110002
26076  -46.686  -48.541  29.192 0.7777780294
26572  -47.352  -47.926  29.903 0.8888890147
85407  -45.929  -48.759  28.659 0.7777780294
21131  -32.955  -55.971  21.164 0.2222220004
22386  -34.181  -54.239  27.477 0.1111110002
19722  -29.887  -57.773  20.028 0.1111110002
21130  -32.449  -56.444  20.692 0.2222220004
85313  -44.800  -48.797  27.932 0.1111110002
26081  -45.459  -48.386  28.260 0.3333329856
26586  -46.323  -47.042  28.548 0.4444440007
20427  -30.380  -57.236  19.559 0.1111110002
21129  -32.008  -56.666  20.031 0.2222220004
21139  -32.414  -56.175  19.751 0.1111110002
23093  -34.587  -53.726  27.861 0.1111110002
23083  -35.801  -53.119  28.700 0.1111110002
26585  -45.668  -47.568  28.076 0.3333329856
21138  -31.715  -56.481  19.364 0.1111110002
23084  -36.633  -52.905  29.156 0.1111110002
26089  -45.141  -48.055  27.596 0.2222220004
20432  -30.050  -57.035  18.594 0.1111110002
20428  -30.847  -56.681  19.066 0.1111110002
21148  -32.101  -55.880  18.945 0.1111110002
21146  -30.403  -56.379  18.153 0.1111110002
21147  -31.265  -56.115  18.582 0.1111110002
21812  -31.575  -55.373  18.193 0.1111110002
84153  -42.286  -50.213  28.177 0.1111110002
17685  -19.575  -61.457  27.208 0.2222220004
27089  -47.434  -47.148  29.755 0.7777780294
26580  -46.796  -47.583  29.217 0.7777780294
87121  -47.521  -46.137  29.535 0.7777780294
84894  -47.913  -45.391  29.697 0.7777780294
83954  -47.913  -44.519  29.528 0.8888890147
21725  -33.560  -55.362  27.638 0.1111110002
74106  -46.974  -46.828  29.162 0.7777780294
81247  -45.901  -46.889  27.850 0.4444440007
86763  -46.467  -45.793  27.550 0.4444440007
88026  -22.928  -60.731  26.073 0.1111110002
18437  -31.345  -60.077  24.907 0.5555559993
21083  -33.478  -56.475  26.651 0.4444440007
20368  -33.341  -57.309  26.459 0.4444440007
78090  -33.489  -57.949  27.090 0.4444440007
75256  -33.459  -57.103  27.298 0.4444440007
88605  -33.850  -58.750  28.440 0.3333329856
20355  -33.562  -57.725  27.819 0.3333329856
21073  -33.388  -56.170  27.679 0.2222220004
84933  -47.591  -45.096  29.302 0.7777780294
20344  -33.534  -57.944  28.786 0.2222220004
83971  -47.162  -45.592  28.898 0.7777780294
84021  -47.584  -44.209  29.031 0.8888890147
77412  -33.404  -57.025  28.218 0.1111110002
73086  -46.715  -45.613  28.238 0.7777780294
17713  -28.244  -61.783  24.559 0.5555559993
77002  -27.973  -61.089  24.836 0.5555559993
83225  -32.692  -60.527  26.670 0.5555559993
18417  -33.519  -60.617  28.157 0.3333329856
77705  -33.372  -59.780  26.863 0.4444440007
18411  -33.381  -60.676  29.144 0.3333329856
87778  -33.777  -59.339  27.497 0.4444440007
19667  -33.447  -58.815  26.924 0.4444440007
83969  -47.770  -42.408  28.728 0.8888890147
19028  -33.707  -59.913  29.760 0.2222220004
19654  -33.785  -59.066  29.115 0.3333329856
19632  -33.042  -58.679  31.076 0.1111110002
85384  -33.285  -58.228  30.064 0.1111110002
78782  -33.080  -57.233  29.943 0.1111110002
18427  -28.797  -60.640  24.794 0.6666669846
18428  -29.374  -60.371  24.705 0.5555559993
74365  -30.505  -59.933  25.019 0.6666669846
88695  -32.235  -60.372  25.921 0.5555559993
73856  -32.351  -61.506  27.367 0.4444440007
84911  -47.391  -42.817  28.136 0.7777780294
84912  -47.133  -43.904  28.120 0.6666669846
73906  -47.936  -41.496  28.657 0.7777780294
30610  -48.166  -40.659  28.311 0.8888890147
29992  -47.549  -41.321  27.521 0.7777780294
84782  -47.104  -43.224  27.236 0.6666669846
89786  -47.097  -42.841  26.708 0.5555559993
29381  -47.057  -42.434  26.142 0.6666669846
74104  -46.789  -43.129  25.286 0.5555559993
30005  -47.309  -41.527  26.576 0.6666669846
83569  -47.797  -40.618  27.890 0.7777780294
31237  -48.747  -40.077  27.363 0.8888890147
31250  -49.312  -39.803  26.664 0.7777780294
29389  -46.842  -42.090  25.213 0.6666669846
30745  -47.224  -40.297  13.572 0.4444440007
30638  -47.604  -40.543  26.951 0.6666669846
31248  -47.856  -39.860  26.786 0.6666669846
86643  -47.067  -41.648  25.796 0.6666669846
30652  -47.420  -40.097  25.865 0.6666669846
30749  -46.647  -40.386  11.858 0.4444440007
30747  -46.722  -40.857  12.250 0.4444440007
74723  -48.155  -39.524  26.152 0.6666669846
30658  -46.306  -40.739  24.609 0.6666669846
30032  -46.065  -41.840  24.058 0.4444440007
29403  -45.571  -42.549  22.887 0.3333329856
28813  -44.867  -43.568  21.744 0.1111110002
31363  -47.935  -39.743  10.736 0.4444440007
30753  -47.615  -40.456  10.970 0.6666669846
31267  -48.812  -39.446  26.024 0.6666669846
84224  -46.882  -39.656  24.971 0.6666669846
30021  -45.732  -40.998  24.005 0.4444440007
30031  -45.642  -41.729  23.459 0.3333329856
30043  -45.179  -41.651  22.870 0.3333329856
89914  -45.067  -42.895  22.269 0.1111110002
77155  -44.120  -43.182  21.425 0.1111110002
31364  -48.670  -39.625  10.281 0.4444440007
31365  -49.375  -39.517  9.807 0.3333329856
32017  -48.587  -38.209  11.087 0.5555559993
31370  -49.964  -39.361  9.459 0.4444440007
32023  -49.958  -38.262  10.299 0.4444440007
32029  -50.409  -38.697  9.521 0.4444440007
32024  -50.745  -37.953  10.058 0.4444440007
31875  -49.151  -38.964  25.255 0.6666669846
31266  -47.661  -39.540  25.636 0.6666669846
73790  -46.312  -40.087  24.671 0.6666669846
30030  -45.122  -40.930  23.256 0.3333329856
29413  -44.842  -42.086  22.371 0.3333329856
29425  -44.440  -42.649  21.843 0.1111110002
30750  -47.005  -40.427  11.477 0.6666669846
31361  -47.252  -39.738  11.192 0.6666669846
32021  -48.281  -39.004  10.774 0.4444440007
32020  -47.606  -39.180  11.036 0.6666669846
32022  -49.149  -38.766  10.425 0.4444440007
32028  -49.759  -38.931  9.901 0.4444440007
31895  -49.470  -38.472  24.585 0.6666669846
31893  -47.769  -38.557  24.518 0.6666669846
32612  -48.893  -38.141  24.134 0.6666669846
83883  -46.662  -39.079  24.471 0.6666669846
73175  -46.041  -39.510  24.305 0.6666669846
30665  -45.112  -40.261  23.641 0.4444440007
30042  -44.508  -41.140  22.588 0.3333329856
30053  -44.090  -41.826  22.031 0.1111110002
29424  -43.678  -42.462  21.354 0.1111110002
32010  -45.243  -38.763  12.476 0.5555559993
32723  -44.803  -38.318  12.140 0.5555559993
32722  -44.302  -37.857  11.696 0.4444440007
32738  -45.027  -37.796  11.461 0.4444440007
32721  -43.451  -37.893  11.936 0.3333329856
77387  -43.838  -37.568  11.238 0.3333329856
33369  -45.507  -36.952  11.104 0.4444440007
32737  -44.524  -37.240  10.924 0.3333329856
33370  -46.352  -36.329  11.437 0.5555559993
32748  -43.703  -37.071  10.635 0.2222220004
33382  -44.227  -36.496  10.244 0.3333329856
33383  -44.971  -36.471  10.547 0.3333329856
34040  -44.763  -35.731  10.075 0.2222220004
73968  -46.971  -38.618  24.274 0.6666669846
32626  -49.220  -38.103  23.520 0.6666669846
83933  -46.232  -38.882  24.059 0.6666669846
74147  -47.507  -38.225  23.869 0.6666669846
30657  -45.307  -39.768  23.791 0.6666669846
32635  -48.618  -38.223  22.756 0.7777780294
30673  -44.512  -40.316  23.060 0.2222220004
83549  -44.445  -38.184  13.907 0.5555559993
32005  -44.886  -38.527  13.121 0.6666669846
80710  -43.713  -37.899  13.769 0.3333329856
32713  -44.145  -38.063  12.769 0.3333329856
32712  -43.259  -37.929  12.916 0.3333329856
34032  -47.096  -35.928  12.045 0.3333329856
34031  -46.566  -35.414  11.280 0.4444440007
34030  -45.665  -35.797  10.737 0.3333329856
34041  -46.080  -34.803  10.609 0.2222220004
72352  -46.654  -38.565  23.710 0.6666669846
79670  -47.837  -38.208  23.209 0.6666669846
32634  -47.664  -38.369  22.457 0.6666669846
90387  -45.078  -39.665  23.388 0.5555559993
84135  -45.937  -38.989  23.475 0.6666669846
86842  -47.300  -38.482  21.641 0.6666669846
32642  -48.267  -38.364  21.609 0.7777780294
72348  -44.732  -39.920  23.285 0.3333329856
31998  -45.172  -38.651  14.138 0.6666669846
31982  -45.455  -38.715  15.092 0.6666669846
76286  -43.564  -37.951  15.295 0.3333329856
32702  -44.019  -37.944  14.662 0.3333329856
32703  -44.701  -38.307  14.859 0.5555559993
74449  -46.365  -38.751  22.978 0.6666669846
73388  -47.130  -38.412  23.136 0.6666669846
84385  -45.620  -39.156  22.687 0.6666669846
74921  -47.557  -38.385  20.905 0.6666669846
32648  -47.663  -38.267  20.260 0.7777780294
72993  -45.254  -39.418  23.112 0.5555559993
31933  -48.201  -38.310  19.820 0.7777780294
84223  -44.621  -39.702  22.862 0.3333329856
31955  -46.977  -38.464  18.046 0.7777780294
32659  -45.464  -38.378  18.472 0.5555559993
88043  -45.402  -38.448  17.172 0.5555559993
31974  -45.728  -38.734  15.976 0.6666669846
32674  -45.185  -38.493  16.518 0.5555559993
78179  -44.799  -38.463  17.012 0.3333329856
32673  -44.490  -38.379  16.251 0.4444440007
32684  -44.926  -38.443  15.724 0.5555559993
75418  -43.821  -38.230  15.969 0.3333329856
32683  -44.238  -38.140  15.486 0.3333329856
34702  -47.352  -35.056  11.660 0.3333329856
34020  -47.906  -35.540  12.363 0.3333329856
34713  -46.886  -34.521  10.914 0.4444440007
34703  -48.195  -34.553  11.840 0.3333329856
72357  -46.081  -38.907  22.119 0.6666669846
74524  -46.849  -38.601  22.322 0.6666669846
73447  -46.525  -38.654  21.516 0.6666669846
72362  -46.282  -38.479  20.781 0.6666669846
89744  -46.919  -38.469  21.026 0.6666669846
32653  -46.581  -38.255  19.490 0.7777780294
31942  -47.148  -38.330  18.888 0.7777780294
84386  -45.360  -39.091  21.936 0.6666669846
74442  -45.655  -38.774  21.258 0.6666669846
32660  -46.304  -38.339  18.664 0.6666669846
31954  -46.005  -38.420  17.728 0.6666669846
31965  -45.962  -38.551  16.802 0.6666669846
34691  -48.796  -35.158  12.489 0.3333329856
34704  -49.105  -34.280  12.189 0.3333329856
74530  -24.263  -60.712  25.479 0.1111110002
74412  -23.506  -60.748  26.027 0.1111110002
18425  -26.695  -61.050  24.799 0.2222220004
18429  -31.759  -60.294  25.558 0.6666669846
22395  -40.274  -53.088  25.692 0.3333329856
21043  -44.327  -55.964  30.519 0.5555559993
21125  -33.209  -55.899  21.899 0.2222220004
18438  -32.040  -60.140  25.095 0.4444440007
21681  -42.064  -53.621  30.576 0.6666669846
22346  -42.360  -53.740  31.945 0.7777780294
23041  -42.997  -53.935  33.144 0.7777780294
24307  -43.913  -51.735  33.265 0.6666669846
27090  -47.915  -46.866  30.193 0.8888890147
84934  -47.903  -43.686  29.344 0.8888890147
31228  -47.989  -40.304  28.077 0.7777780294
31236  -48.121  -39.999  27.617 0.7777780294
31268  -49.786  -39.387  25.911 0.7777780294
84916  -47.943  -42.876  29.197 0.8888890147
30609  -47.956  -40.773  28.433 0.7777780294
20319  -43.894  -56.427  29.644 0.3333329856
21075  -42.536  -56.525  27.149 0.1111110002
20347  -44.274  -56.918  28.410 0.2222220004
21745  -41.794  -55.395  25.281 0.1111110002
21092  -42.069  -56.089  25.783 0.1111110002
20356  -43.196  -56.878  26.672 0.1111110002
21752  -41.935  -55.413  24.366 0.1111110002
21760  -41.350  -54.656  23.823 0.1111110002
77887  -42.338  -55.986  24.358 0.1111110002
86382  -39.429  -53.775  24.025 0.2222220004
82645  -39.037  -54.022  22.985 0.1111110002
21685  -41.381  -53.443  30.263 0.4444440007
22345  -41.752  -53.596  31.159 0.3333329856
85612  -42.528  -52.412  33.462 0.5555559993
24818  -43.740  -51.397  33.052 0.5555559993
23758  -41.150  -53.174  33.290 0.4444440007
22344  -40.996  -53.573  31.100 0.3333329856
24305  -41.900  -52.394  34.108 0.4444440007
87338  -42.132  -51.992  33.899 0.4444440007
22357  -40.599  -53.285  30.373 0.4444440007
24829  -43.621  -50.760  33.050 0.4444440007
24828  -42.516  -50.890  33.063 0.3333329856
83961  -41.844  -51.008  32.094 0.1111110002
83382  -47.831  -48.083  30.608 0.8888890147
23180  -34.190  -53.294  16.278 0.1111110002
18486  -27.049  -60.385  18.521 0.1111110002
21796  -33.210  -54.934  19.806 0.1111110002
21814  -33.023  -54.705  19.107 0.1111110002
84821  -41.939  -50.232  28.881 0.1111110002
19739  -28.018  -58.191  16.184 0.1111110002
22486  -32.609  -54.168  17.380 0.1111110002
22498  -32.559  -53.848  16.579 0.1111110002
23178  -32.726  -53.667  15.836 0.1111110002
25501  -44.165  -49.254  27.644 0.1111110002
26082  -46.124  -47.981  28.671 0.5555559993
84834  -46.305  -46.304  28.046 0.7777780294
83896  -46.803  -46.243  28.752 0.7777780294
73000  -46.121  -46.446  27.133 0.3333329856
19660  -33.758  -58.565  27.804 0.4444440007
80854  -34.017  -59.335  28.168 0.4444440007
84780  -47.155  -44.890  28.551 0.7777780294
77856  -33.228  -56.970  29.075 0.1111110002
73046  -46.774  -44.967  27.531 0.7777780294
18420  -33.194  -60.605  27.396 0.4444440007
89038  -32.134  -61.021  26.701 0.4444440007
71994  -32.366  -62.309  27.963 0.3333329856
19040  -33.901  -59.992  27.747 0.3333329856
19036  -33.993  -59.971  28.629 0.3333329856
84781  -47.641  -43.275  28.904 0.8888890147
19645  -33.444  -59.130  30.183 0.1111110002
71999  -30.105  -59.776  25.351 0.5555559993
74689  -31.772  -60.728  26.414 0.5555559993
73069  -47.609  -41.893  28.171 0.7777780294
84020  -47.300  -42.308  27.203 0.7777780294
72217  -46.950  -43.335  26.339 0.5555559993
31249  -48.465  -39.789  26.825 0.7777780294
30022  -46.401  -41.553  24.566 0.5555559993
30013  -46.822  -41.224  25.171 0.6666669846
29396  -46.467  -42.407  24.506 0.4444440007
30637  -47.204  -40.879  25.910 0.6666669846
30651  -46.844  -40.419  25.144 0.6666669846
31874  -48.175  -39.071  25.298 0.6666669846
85091  -45.709  -40.187  24.232 0.6666669846
78704  -49.427  -37.878  10.971 0.3333329856
31873  -47.332  -39.051  24.854 0.6666669846
32611  -48.197  -38.198  24.189 0.6666669846
32625  -48.350  -38.095  23.657 0.6666669846
32647  -46.916  -38.293  20.311 0.6666669846
32654  -47.403  -38.244  19.646 0.7777780294
74239  -46.052  -38.300  20.063 0.6666669846
71996  -31.371  -60.212  25.635 0.6666669846
20350  -46.824  -56.753  29.549 0.3333329856
21068  -47.685  -55.703  29.375 0.3333329856
80359  -46.903  -53.997  29.792 0.4444440007
22363  -47.106  -54.384  29.607 0.4444440007
22370  -46.790  -53.764  28.623 0.3333329856
21719  -46.754  -55.354  28.695 0.2222220004
21720  -47.022  -55.075  28.899 0.3333329856
22381  -46.868  -53.736  28.318 0.2222220004
21729  -46.691  -54.629  27.571 0.2222220004
22389  -46.911  -53.973  27.809 0.2222220004
23089  -47.203  -53.302  27.897 0.2222220004
26590  -45.561  -47.287  27.194 0.2222220004
26589  -44.946  -47.763  26.839 0.2222220004
84051  -46.458  -45.607  26.782 0.2222220004
83970  -46.875  -44.084  26.934 0.5555559993
84096  -46.672  -44.849  26.562 0.5555559993
74396  -46.725  -44.220  25.826 0.4444440007
84366  -46.573  -44.022  24.815 0.3333329856
73260  -44.769  -38.944  21.385 0.5555559993
84162  -44.230  -38.732  20.712 0.3333329856
73213  -44.968  -38.631  20.629 0.4444440007
85981  -45.634  -38.501  20.532 0.5555559993
74113  -45.252  -38.399  19.930 0.3333329856
73729  -44.490  -38.527  19.923 0.3333329856
72364  -45.735  -38.330  19.292 0.3333329856
72365  -44.868  -38.471  19.064 0.3333329856
32658  -44.837  -38.463  18.255 0.3333329856
32666  -45.150  -38.428  17.722 0.4444440007
32665  -44.509  -38.539  17.588 0.3333329856
35384  -47.570  -34.297  11.190 0.3333329856
35385  -48.100  -33.752  11.062 0.3333329856
36008  -48.736  -33.056  11.001 0.2222220004
36599  -49.446  -31.496  10.758 0.1111110002
36586  -49.761  -32.073  11.366 0.2222220004
36600  -50.244  -31.293  11.413 0.2222220004
37205  -51.001  -30.758  11.641 0.2222220004
37192  -51.786  -30.207  11.707 0.2222220004
36587  -51.004  -31.474  12.158 0.1111110002
37183  -51.709  -30.999  12.310 0.1111110002
37813  -52.354  -29.605  11.248 0.1111110002
37193  -52.688  -30.118  11.878 0.2222220004
37184  -52.595  -30.772  12.316 0.1111110002
37185  -53.499  -30.493  12.250 0.1111110002
37807  -54.320  -29.949  12.259 0.1111110002
37814  -53.350  -29.627  11.638 0.2222220004
37808  -54.996  -29.138  12.525 0.2222220004
37815  -54.130  -29.200  11.977 0.2222220004
37809  -55.735  -29.548  12.771 0.2222220004
38360  -55.744  -28.605  12.797 0.2222220004
38369  -54.437  -28.474  11.887 0.2222220004
38359  -55.203  -28.113  12.460 0.1111110002
38920  -56.365  -27.646  12.482 0.1111110002
38384  -53.955  -28.050  11.066 0.1111110002
87112  -54.727  -27.708  11.687 0.2222220004
38927  -55.472  -27.420  12.168 0.1111110002
39497  -55.987  -27.304  12.370 0.1111110002
39507  -55.124  -27.165  11.314 0.1111110002
39508  -55.824  -26.993  11.758 0.1111110002
38928  -56.794  -27.579  12.017 0.2222220004
88081  -56.351  -27.182  11.996 0.1111110002
87941  -56.766  -27.195  11.519 0.2222220004
39516  -55.551  -26.788  10.803 0.1111110002
39528  -55.963  -26.403  10.147 0.1111110002
21046  -47.979  -55.854  29.762 0.3333329856
22369  -47.087  -54.637  29.157 0.4444440007
87576  -46.428  -43.264  24.294 0.3333329856
21710  -47.718  -55.387  29.435 0.3333329856
21711  -46.883  -54.564  28.782 0.2222220004
83682  -46.780  -54.237  28.349 0.2222220004
22380  -46.710  -54.640  28.282 0.2222220004
73553  -46.509  -44.747  25.117 0.3333329856
38919  -55.860  -27.787  12.722 0.1111110002
38361  -56.286  -28.271  12.781 0.2222220004
20348  -45.170  -56.645  28.861 0.1111110002
20339  -46.890  -57.003  29.956 0.1111110002
80089  -46.456  -56.304  29.059 0.1111110002
16454  -18.735  -63.736  22.581 0.2222220004
73439  -31.149  -60.274  26.304 0.3333329856
71992  -31.839  -61.803  27.395 0.3333329856
18426  -27.327  -60.749  24.947 0.1111110002
26101  -48.085  -48.910  26.028 0.3333329856
30086  -48.647  -41.578  16.873 0.1111110002
29474  -47.703  -41.829  16.471 0.1111110002
75230  -46.321  -43.404  13.968 0.1111110002
28885  -46.743  -43.370  13.089 0.1111110002
29515  -47.175  -42.540  12.101 0.1111110002
28895  -47.118  -43.249  12.399 0.1111110002
29516  -47.490  -42.575  11.678 0.1111110002
30754  -48.373  -40.435  10.452 0.1111110002
30144  -49.022  -41.230  10.335 0.1111110002
30755  -49.134  -40.309  9.904 0.1111110002
30096  -47.340  -41.797  15.729 0.1111110002
89998  -47.909  -41.504  15.835 0.1111110002
82800  -46.661  -42.355  15.571 0.1111110002
30106  -47.996  -41.119  15.201 0.1111110002
30111  -47.191  -41.779  14.836 0.1111110002
28871  -46.178  -42.951  15.478 0.1111110002
85615  -46.598  -42.652  14.598 0.1111110002
29487  -46.896  -42.654  13.483 0.1111110002
29500  -47.080  -42.605  12.645 0.1111110002
81784  -46.903  -41.079  11.824 0.1111110002
30138  -47.213  -41.840  11.755 0.1111110002
30142  -47.361  -41.159  11.354 0.1111110002
30139  -47.737  -41.929  11.279 0.1111110002
30143  -48.057  -41.214  10.817 0.1111110002
30112  -47.647  -40.929  14.315 0.1111110002
79989  -47.163  -41.709  13.746 0.1111110002
30744  -46.961  -40.941  13.012 0.1111110002
30135  -47.065  -41.788  12.783 0.1111110002
30137  -47.012  -41.784  12.186 0.1111110002
74079  -44.342  -38.627  18.308 0.2222220004
32672  -43.385  -38.540  16.341 0.1111110002
34693  -50.589  -34.090  12.827 0.2222220004
35386  -49.410  -33.394  11.827 0.2222220004
35374  -50.185  -33.315  12.372 0.2222220004
36010  -49.927  -32.681  11.913 0.1111110002
35999  -50.511  -32.690  12.338 0.1111110002
36009  -49.395  -32.690  11.356 0.1111110002
75126  -44.157  -38.506  16.741 0.1111110002
78221  -48.715  -33.810  11.564 0.2222220004
35373  -49.816  -33.977  12.414 0.2222220004
37826  -53.650  -28.835  11.246 0.1111110002
20321  -45.315  -56.615  30.029 0.2222220004
20338  -46.269  -56.855  29.722 0.1111110002
30087  -49.376  -41.310  17.180 0.1111110002
30124  -47.379  -40.781  13.695 0.1111110002
20336  -44.623  -56.626  29.400 0.1111110002
73910  -31.898  -62.694  27.820 0.3333329856
21067  -47.233  -56.143  29.355 0.2222220004
20349  -45.985  -56.542  29.240 0.1111110002
82682  -50.390  -32.043  12.037 0.1111110002
75245  -46.443  -55.915  28.489 0.2222220004
28916  -47.323  -43.084  11.951 0.1111110002
26100  -47.766  -48.432  25.506 0.1111110002
73214  -46.380  -44.716  24.343 0.2222220004
72215  -46.137  -44.507  23.448 0.2222220004
73650  -46.285  -45.439  24.814 0.1111110002
85129  -46.056  -45.407  23.929 0.1111110002
73767  -45.675  -45.271  23.101 0.1111110002
88957  -46.388  -44.006  24.040 0.2222220004
29404  -46.084  -42.532  23.745 0.2222220004
28814  -45.614  -43.611  22.488 0.2222220004
73133  -44.745  -39.344  22.252 0.3333329856
84136  -44.095  -39.033  21.507 0.2222220004
30763  -49.895  -40.098  9.334 0.1111110002
32030  -51.127  -38.199  9.269 0.3333329856
76328  -51.376  -37.699  9.719 0.3333329856
32742  -50.381  -37.539  11.029 0.2222220004
32729  -52.059  -36.696  12.771 0.2222220004
32743  -51.301  -37.207  11.611 0.2222220004
32744  -52.115  -37.010  12.090 0.2222220004
34034  -53.788  -35.050  11.435 0.2222220004
32749  -51.293  -37.478  10.556 0.2222220004
33372  -52.732  -36.690  11.481 0.2222220004
34043  -53.798  -35.558  10.721 0.2222220004
74499  -51.953  -37.299  9.929 0.2222220004
34042  -53.366  -36.236  10.800 0.2222220004
31371  -50.541  -39.514  8.905 0.2222220004
32038  -50.941  -38.805  8.896 0.3333329856
26106  -47.145  -48.765  25.060 0.1111110002
28803  -46.111  -43.488  23.366 0.2222220004
28815  -45.995  -44.019  22.938 0.1111110002
32750  -52.054  -37.163  11.038 0.2222220004
74122  -48.282  -45.552  22.845 0.1111110002
28255  -48.709  -44.670  21.596 0.1111110002
27677  -48.141  -45.166  21.999 0.1111110002
28263  -49.095  -44.042  21.183 0.1111110002
28262  -48.508  -44.445  20.747 0.1111110002
28261  -47.860  -44.754  20.290 0.1111110002
28254  -48.016  -44.906  21.179 0.1111110002
28270  -47.815  -44.342  19.529 0.1111110002
85835  -48.373  -44.296  20.032 0.1111110002
28836  -48.839  -43.843  20.347 0.1111110002
28278  -47.249  -44.029  18.885 0.1111110002
29456  -47.995  -42.657  18.198 0.1111110002
29457  -48.736  -41.920  17.850 0.1111110002
28277  -46.497  -44.392  18.569 0.1111110002
28841  -48.462  -43.646  19.547 0.1111110002
28842  -49.098  -43.074  19.940 0.1111110002
28840  -47.884  -43.734  19.049 0.1111110002
28850  -48.201  -43.115  18.861 0.1111110002
28849  -47.541  -43.340  18.521 0.1111110002
29446  -48.797  -42.741  19.212 0.1111110002
86023  -48.562  -42.484  18.579 0.1111110002
72216  -46.423  -45.305  25.803 0.2222220004
85557  -31.760  -63.033  28.188 0.2222220004
71988  -32.305  -62.555  28.836 0.2222220004
17680  -32.856  -61.483  28.503 0.2222220004
71963  -31.440  -61.993  27.736 0.2222220004
77147  -31.860  -63.141  29.765 0.2222220004
76255  -32.211  -62.697  30.034 0.2222220004
18406  -33.027  -60.827  30.473 0.1111110002
74186  -31.209  -60.877  27.212 0.1111110002
23792  -47.903  -52.452  27.789 0.1111110002
21077  -46.032  -56.030  27.475 0.1111110002
21078  -46.371  -55.436  27.586 0.1111110002
89281  -47.128  -53.943  27.186 0.1111110002
23099  -47.331  -53.345  27.313 0.1111110002
74249  -43.713  -39.451  21.411 0.1111110002
73299  -44.062  -39.477  22.235 0.1111110002
72353  -43.809  -39.036  20.689 0.1111110002
34694  -51.347  -33.749  12.969 0.1111110002
74024  -43.956  -38.772  19.919 0.1111110002
32701  -43.253  -37.854  14.552 0.1111110002
32736  -43.147  -37.506  11.112 0.1111110002
35394  -47.262  -33.618  10.555 0.1111110002
77632  -50.932  -33.189  12.679 0.1111110002
35375  -51.721  -33.057  12.926 0.1111110002
38956  -62.513  -27.570  8.021 0.1111110002
39541  -62.259  -26.442  7.506 0.1111110002
40158  -62.439  -25.350  7.374 0.1111110002
40163  -61.985  -25.434  6.649 0.1111110002
36000  -51.181  -32.317  12.551 0.1111110002
36002  -53.139  -32.285  12.702 0.1111110002
78297  -62.315  -26.516  8.389 0.1111110002
87276  -62.425  -24.677  6.314 0.1111110002
36001  -52.148  -32.309  12.804 0.1111110002
40745  -62.547  -24.809  7.593 0.1111110002
39539  -62.561  -26.567  7.965 0.1111110002
40754  -62.484  -24.559  6.559 0.1111110002
36578  -52.471  -31.556  12.615 0.1111110002
36579  -53.554  -31.452  12.515 0.1111110002
41337  -62.503  -24.385  7.004 0.1111110002
40755  -62.591  -24.233  5.841 0.1111110002
73485  -62.760  -24.171  5.338 0.1111110002
37186  -55.190  -30.084  12.585 0.1111110002
41328  -61.837  -24.095  8.829 0.1111110002
41335  -61.567  -23.740  7.678 0.1111110002
41348  -62.287  -23.937  6.494 0.1111110002
77555  -62.744  -23.945  5.230 0.1111110002
41357  -61.807  -23.792  3.947 0.1111110002
41387  -58.432  -23.651  0.823 0.1111110002
41347  -61.111  -23.659  6.551 0.1111110002
75548  -60.798  -23.627  5.584 0.1111110002
41354  -61.338  -23.700  4.568 0.1111110002
80298  -60.585  -23.764  3.867 0.1111110002
41359  -59.078  -23.478  2.563 0.1111110002
41362  -58.946  -23.548  1.985 0.1111110002
41991  -58.434  -23.152  2.284 0.1111110002
82301  -58.031  -23.282  0.326 0.1111110002
42004  -57.966  -23.114  0.998 0.1111110002
42018  -57.852  -23.109  0.125 0.1111110002
41327  -60.752  -23.626  8.763 0.1111110002
41325  -59.652  -23.576  8.569 0.1111110002
75829  -60.341  -23.538  7.592 0.1111110002
41346  -59.689  -23.530  6.409 0.1111110002
41352  -58.985  -23.386  5.513 0.1111110002
41353  -60.090  -23.616  5.020 0.1111110002
75681  -59.287  -23.398  4.443 0.1111110002
41356  -59.159  -23.396  3.466 0.1111110002
41983  -58.423  -22.985  3.022 0.1111110002
75366  -57.816  -22.842  1.836 0.1111110002
72644  -57.634  -22.894  0.392 0.1111110002
74321  -57.115  -22.465  0.650 0.1111110002
79889  -56.122  -29.016  12.779 0.1111110002
37811  -56.555  -28.886  12.391 0.2222220004
40726  -58.681  -24.865  9.473 0.1111110002
40140  -59.756  -23.853  11.107 0.1111110002
89220  -59.182  -23.850  9.254 0.1111110002
90490  -58.585  -23.427  6.338 0.1111110002
41980  -58.576  -23.036  4.178 0.1111110002
80021  -58.329  -22.865  3.700 0.1111110002
41990  -57.749  -22.569  2.693 0.1111110002
85716  -56.617  -22.290  0.515 0.1111110002
42003  -57.390  -22.555  1.202 0.1111110002
40138  -58.480  -25.648  9.539 0.1111110002
41333  -58.691  -23.827  8.200 0.1111110002
41345  -58.596  -23.614  7.123 0.1111110002
41977  -58.346  -23.036  4.972 0.1111110002
42706  -57.083  -22.107  2.167 0.1111110002
42002  -56.658  -22.051  1.287 0.1111110002
85042  -56.037  -21.557  1.585 0.1111110002
40137  -57.392  -26.003  9.482 0.1111110002
41976  -57.499  -22.693  5.364 0.1111110002
41979  -57.781  -22.556  4.416 0.1111110002
41982  -57.757  -22.417  3.534 0.1111110002
42696  -57.151  -21.878  3.183 0.1111110002
79392  -55.073  -21.661  0.988 0.1111110002
43379  -55.875  -20.898  2.190 0.1111110002
80559  -56.438  -21.570  2.029 0.1111110002
42705  -55.396  -21.296  1.503 0.1111110002
42686  -57.204  -21.801  4.088 0.1111110002
42685  -56.808  -21.105  3.707 0.1111110002
42695  -56.568  -21.192  2.824 0.1111110002
43369  -56.056  -20.269  2.980 0.1111110002
38958  -62.461  -27.539  7.870 0.1111110002
40150  -62.565  -25.574  8.111 0.1111110002
40716  -60.195  -23.516  11.270 0.1111110002
40727  -59.355  -24.074  10.239 0.1111110002
40734  -58.663  -24.358  9.011 0.1111110002
83739  -60.992  -23.735  9.853 0.1111110002
41319  -59.989  -23.589  11.125 0.1111110002
17677  -32.725  -61.661  29.559 0.2222220004
84633  -31.520  -61.181  27.163 0.2222220004
74833  -31.595  -62.891  28.217 0.1111110002
40736  -62.482  -24.383  7.907 0.1111110002
41336  -62.330  -24.091  7.624 0.1111110002
76650  -61.877  -23.735  5.436 0.1111110002
72640  -62.366  -23.770  4.434 0.1111110002
83239  -58.461  -23.386  1.571 0.1111110002
40796  -57.940  -23.866  -0.121 0.1111110002
41334  -59.342  -23.570  7.571 0.1111110002
41326  -59.972  -23.590  9.949 0.1111110002
41351  -58.058  -23.137  5.860 0.1111110002
42718  -55.887  -21.928  0.861 0.1111110002
73386  -19.534  -64.085  31.196 0.1111110002
15135  -17.789  -65.088  28.806 0.2222220004
13745  -17.647  -67.025  24.732 0.2222220004
74549  -18.239  -64.913  29.665 0.2222220004
15138  -17.672  -64.936  27.887 0.2222220004
15137  -17.408  -65.634  28.178 0.2222220004
15829  -17.452  -65.538  27.389 0.2222220004
15140  -17.445  -66.175  26.859 0.2222220004
15150  -17.970  -65.160  23.277 0.2222220004
14386  -17.875  -66.223  23.524 0.2222220004
15157  -18.345  -65.856  22.734 0.2222220004
82712  -19.020  -65.767  22.111 0.2222220004
15166  -19.924  -65.747  21.576 0.2222220004
81771  -20.887  -66.181  21.240 0.1111110002
78437  -17.508  -65.429  26.557 0.2222220004
14375  -17.529  -66.906  26.218 0.2222220004
15842  -18.584  -64.824  22.446 0.2222220004
15850  -20.017  -64.767  21.639 0.2222220004
15167  -20.663  -65.313  21.238 0.2222220004
76574  -21.108  -64.922  20.883 0.2222220004
15168  -21.494  -65.923  20.974 0.1111110002
15859  -21.485  -64.493  20.528 0.1111110002
15176  -21.751  -65.321  20.602 0.1111110002
15843  -19.355  -64.257  22.047 0.2222220004
15158  -19.336  -65.057  21.901 0.2222220004
15844  -20.136  -63.914  21.840 0.2222220004
71974  -31.841  -63.258  30.937 0.1111110002
31379  -51.237  -39.232  8.325 0.1111110002
31380  -51.727  -39.738  7.751 0.1111110002
30778  -53.434  -40.017  8.209 0.1111110002
30768  -55.613  -40.282  9.069 0.1111110002
32051  -51.800  -38.823  7.857 0.1111110002
32052  -52.397  -38.494  7.860 0.1111110002
31382  -53.808  -39.206  8.361 0.1111110002
31383  -54.681  -39.186  8.627 0.1111110002
31381  -52.950  -39.274  7.928 0.1111110002
30780  -54.990  -39.877  8.753 0.1111110002
85984  -56.153  -39.654  8.967 0.1111110002
31373  -56.962  -39.514  8.960 0.1111110002
32039  -51.459  -38.428  8.520 0.1111110002
31372  -55.495  -39.363  8.800 0.1111110002
32758  -51.927  -38.061  8.112 0.1111110002
32040  -53.258  -38.396  8.231 0.1111110002
31384  -56.108  -38.908  8.758 0.1111110002
90089  -21.855  -64.887  20.304 0.1111110002
30776  -51.092  -40.080  8.337 0.1111110002
30783  -52.233  -39.301  7.641 0.1111110002
30779  -54.285  -39.938  8.538 0.1111110002
32759  -52.612  -37.618  8.382 0.1111110002
32041  -54.178  -38.356  8.498 0.1111110002
84113  -16.435  -70.277  29.562 0.1111110002
77275  -16.345  -70.664  28.785 0.1111110002
11650  -16.427  -70.206  28.039 0.1111110002
12408  -16.536  -69.564  28.611 0.1111110002
15118  -19.972  -64.652  32.271 0.1111110002
77311  -18.464  -65.249  31.164 0.1111110002
15126  -18.787  -65.291  32.044 0.1111110002
12412  -16.637  -69.494  27.652 0.1111110002
73016  -16.577  -70.900  30.623 0.1111110002
15127  -19.298  -64.802  31.570 0.1111110002
15130  -18.868  -64.958  30.919 0.1111110002
12404  -16.498  -69.281  29.396 0.1111110002
14363  -17.739  -65.480  30.465 0.1111110002
71885  -16.431  -69.973  30.146 0.1111110002
12409  -16.834  -68.741  28.059 0.1111110002
12413  -16.952  -68.776  27.231 0.1111110002
12400  -16.443  -69.149  29.814 0.1111110002
85312  -17.147  -65.966  29.602 0.1111110002
13112  -16.689  -68.586  28.793 0.1111110002
85636  -16.973  -68.093  28.373 0.1111110002
13114  -17.190  -68.099  27.737 0.1111110002
13729  -16.827  -66.878  29.112 0.1111110002
81622  -16.800  -67.793  28.884 0.1111110002
13117  -17.355  -68.107  26.829 0.1111110002
13737  -17.531  -67.747  26.107 0.1111110002
14393  -18.694  -66.576  22.346 0.1111110002
14392  -18.228  -66.621  22.907 0.1111110002
78587  -18.277  -65.179  30.387 0.1111110002
15132  -17.688  -65.407  29.633 0.1111110002
15134  -17.297  -65.775  28.860 0.1111110002
14367  -17.034  -66.481  28.658 0.1111110002
13732  -17.074  -67.376  28.308 0.1111110002
13735  -17.320  -67.465  27.483 0.1111110002
14372  -17.373  -66.860  27.183 0.1111110002
13740  -17.609  -67.379  25.379 0.1111110002
15851  -20.585  -64.402  21.319 0.1111110002
15860  -21.898  -64.287  19.964 0.1111110002
15813  -19.346  -64.469  31.033 0.1111110002
15812  -18.749  -64.698  30.367 0.1111110002
88174  -17.213  -66.201  28.280 0.1111110002
79248  -17.335  -66.226  27.689 0.1111110002
14369  -17.234  -66.799  27.962 0.1111110002
15852  -21.014  -64.001  20.894 0.1111110002
16471  -21.559  -63.685  20.559 0.1111110002
16472  -22.087  -63.320  20.164 0.1111110002
16456  -20.735  -63.549  21.529 0.1111110002
16462  -21.315  -63.217  21.185 0.1111110002
16463  -21.900  -62.934  20.854 0.1111110002
17111  -22.654  -62.873  19.791 0.1111110002
73568  -45.271  -47.277  26.495 0.1111110002
84833  -45.734  -46.834  26.424 0.1111110002
26088  -44.419  -48.442  27.126 0.1111110002
84050  -46.101  -46.144  26.208 0.1111110002
83895  -46.037  -46.073  25.361 0.1111110002
84835  -45.786  -46.082  24.515 0.1111110002
30041  -43.977  -40.460  22.479 0.1111110002
73944  -44.182  -39.910  22.759 0.1111110002
72346  -43.748  -39.955  22.044 0.1111110002
85805  -58.573  -30.016  8.095 0.1111110002
80669  -57.475  -30.314  6.675 0.1111110002
37224  -58.157  -30.189  7.404 0.1111110002
37225  -59.347  -30.476  7.632 0.1111110002
37235  -56.758  -30.475  6.145 0.1111110002
37246  -56.948  -31.026  5.813 0.1111110002
36625  -57.568  -31.627  5.747 0.1111110002
36039  -55.950  -32.357  5.559 0.1111110002
36040  -57.056  -32.476  5.517 0.1111110002
35406  -55.435  -33.143  5.975 0.1111110002
34726  -55.058  -33.929  6.585 0.1111110002
34053  -54.671  -35.057  7.721 0.1111110002
32756  -53.141  -36.999  8.748 0.1111110002
87330  -53.856  -36.186  8.945 0.1111110002
32761  -54.602  -36.600  8.458 0.1111110002
37223  -56.554  -30.007  6.766 0.1111110002
37234  -55.787  -30.396  6.239 0.1111110002
37222  -55.760  -29.913  7.199 0.1111110002
36031  -55.027  -32.163  5.959 0.1111110002
36614  -54.951  -31.189  6.354 0.1111110002
36613  -54.420  -31.174  7.095 0.1111110002
36610  -54.138  -31.274  7.836 0.1111110002
32754  -51.802  -37.669  8.915 0.1111110002
32755  -52.547  -37.061  9.224 0.1111110002
33388  -53.275  -36.452  9.446 0.1111110002
35405  -54.562  -32.981  6.648 0.1111110002
77799  -54.032  -32.495  7.314 0.1111110002
34047  -54.193  -35.766  8.952 0.1111110002
34722  -54.560  -34.231  7.306 0.1111110002
33392  -53.815  -36.813  8.660 0.1111110002
37221  -54.574  -30.672  7.647 0.1111110002
36025  -53.822  -32.016  7.935 0.1111110002
36032  -59.661  -31.572  6.703 0.1111110002
37237  -59.729  -31.105  7.140 0.1111110002
33384  -52.655  -36.780  10.307 0.1111110002
35402  -54.147  -33.469  7.509 0.1111110002
90142  -53.963  -33.564  8.298 0.1111110002
36033  -60.115  -31.975  6.588 0.1111110002
33389  -53.789  -35.922  9.830 0.1111110002
76177  -54.235  -34.924  9.028 0.1111110002
34721  -54.162  -34.416  8.130 0.1111110002
36044  -60.723  -32.112  5.500 0.1111110002
36048  -60.981  -32.243  4.756 0.1111110002
36052  -61.207  -32.285  3.947 0.1111110002
36063  -61.030  -32.096  2.887 0.1111110002
81984  -60.646  -32.052  1.739 0.1111110002
36657  -60.014  -31.613  1.540 0.1111110002
36643  -59.318  -31.548  1.850 0.1111110002
76149  -53.937  -33.022  8.880 0.1111110002
36026  -53.856  -32.330  8.574 0.1111110002
34718  -54.183  -34.598  9.718 0.1111110002
35398  -54.117  -33.984  9.146 0.1111110002
36615  -60.100  -31.518  6.898 0.1111110002
74776  -53.988  -35.266  9.819 0.1111110002
36049  -61.232  -31.977  4.483 0.1111110002
36645  -60.588  -31.420  2.996 0.1111110002
36633  -61.174  -31.755  3.821 0.1111110002
36631  -60.964  -31.539  4.708 0.1111110002
36644  -59.806  -31.225  2.353 0.1111110002
37258  -60.585  -31.022  3.774 0.1111110002
37272  -60.010  -30.888  3.079 0.1111110002
82604  -58.816  -31.255  2.413 0.1111110002
36023  -54.213  -33.169  9.970 0.1111110002
37217  -60.141  -30.411  8.050 0.1111110002
37226  -60.110  -30.817  7.415 0.1111110002
36034  -60.348  -31.831  6.344 0.1111110002
36611  -60.123  -31.299  6.930 0.1111110002
36627  -60.748  -31.767  5.596 0.1111110002
37238  -60.283  -31.147  6.408 0.1111110002
37247  -60.526  -31.058  5.487 0.1111110002
37251  -60.352  -30.615  4.587 0.1111110002
76429  -60.249  -30.529  6.094 0.1111110002
37873  -60.143  -30.198  5.360 0.1111110002
37257  -59.634  -30.406  3.700 0.1111110002
34714  -54.019  -34.659  10.580 0.1111110002
75832  -54.228  -34.025  10.052 0.1111110002
37218  -60.595  -30.202  7.878 0.1111110002
37227  -60.301  -30.525  7.332 0.1111110002
37865  -60.438  -30.042  6.958 0.1111110002
82025  -54.033  -32.281  9.363 0.1111110002
37233  -55.028  -30.456  7.021 0.1111110002
36608  -54.049  -31.546  8.724 0.1111110002
14360  -17.941  -65.512  31.327 0.1111110002
13109  -16.539  -68.444  29.368 0.1111110002
86076  -17.451  -67.459  26.751 0.1111110002
13753  -17.968  -67.152  23.320 0.1111110002
17103  -22.472  -62.569  20.562 0.1111110002
87088  -45.739  -46.550  25.800 0.1111110002
37236  -57.670  -30.862  6.142 0.1111110002
36623  -55.696  -31.381  5.749 0.1111110002
36624  -56.550  -31.615  5.603 0.1111110002
88999  -54.538  -33.659  6.993 0.1111110002
34050  -54.394  -35.257  8.393 0.1111110002
37245  -56.312  -30.893  5.804 0.1111110002
36030  -54.332  -31.941  6.636 0.1111110002
82877  -54.059  -31.771  7.321 0.1111110002
75046  -53.842  -32.819  8.052 0.1111110002
36043  -60.141  -32.340  5.919 0.1111110002
35418  -60.444  -32.593  5.113 0.1111110002
36658  -60.467  -31.630  2.214 0.1111110002
36084  -60.113  -32.048  0.982 0.1111110002
36083  -59.353  -32.030  1.295 0.1111110002
36045  -61.043  -31.976  5.013 0.1111110002
37271  -59.209  -30.801  2.970 0.1111110002
37857  -60.994  -29.730  7.753 0.1111110002
17688  -32.875  -61.282  27.810 0.3333329856
20322  -46.036  -56.377  30.162 0.2222220004
20337  -45.532  -56.648  29.533 0.1111110002
21005  -42.444  -53.961  30.246 0.8888890147
21006  -42.677  -54.073  30.469 0.8888890147
21044  -45.232  -56.250  30.607 0.5555559993
21056  -47.204  -56.437  29.790 0.3333329856
21687  -43.041  -53.942  31.392 1.0000000000
21693  -41.972  -53.719  29.860 0.8888890147
21702  -47.187  -55.435  30.145 0.4444440007
22362  -47.155  -54.818  30.312 0.4444440007
23039  -41.665  -53.861  32.260 0.3333329856
23040  -42.423  -53.795  33.092 0.5555559993
23076  -47.531  -52.233  28.813 0.3333329856
23760  -43.109  -52.866  33.205 0.7777780294
24816  -42.147  -51.389  33.560 0.3333329856
28234  -51.924  -44.478  23.926 0.6666669846
29966  -48.482  -41.496  28.396 1.0000000000
30008  -53.221  -40.427  26.008 1.0000000000
30624  -52.456  -40.113  26.728 1.0000000000
30625  -52.689  -39.876  26.685 1.0000000000
30639  -53.009  -40.215  26.542 1.0000000000
30653  -53.641  -40.152  25.604 1.0000000000
31253  -52.496  -39.671  26.356 1.0000000000
31254  -53.138  -39.842  26.215 1.0000000000
31279  -53.596  -39.944  24.994 1.0000000000
31287  -53.426  -39.902  23.852 1.0000000000
31294  -53.419  -39.806  22.918 1.0000000000
31300  -53.402  -39.668  22.214 1.0000000000
31316  -52.124  -39.321  18.916 0.8888890147
31878  -53.232  -39.505  25.059 1.0000000000
31894  -48.594  -38.539  24.653 0.6666669846
31907  -52.879  -39.011  23.362 1.0000000000
31917  -52.693  -38.806  22.445 1.0000000000
31928  -53.156  -39.248  21.812 1.0000000000
32613  -49.636  -38.139  24.050 0.6666669846
40717  -60.430  -23.541  11.383 0.1111110002
41313  -60.316  -23.397  11.432 0.1111110002
41320  -60.846  -23.760  10.823 0.2222220004
71981  -31.864  -63.256  31.522 0.1111110002
71982  -31.875  -63.253  30.583 0.1111110002
71983  -31.946  -63.183  29.288 0.2222220004
71989  -31.918  -63.122  28.311 0.2222220004
71991  -31.799  -63.092  28.664 0.2222220004
73418  -57.688  -23.000  0.060 0.1111110002
74187  -31.677  -62.726  27.921 0.2222220004
75542  -52.349  -40.121  18.897 0.6666669846
76291  -42.705  -53.939  33.069 1.0000000000
76888  -43.581  -55.342  30.148 0.7777780294
77480  -51.179  -38.538  19.778 1.0000000000
79919  -42.411  -56.082  28.675 0.2222220004
84442  -45.602  -39.330  23.744 0.5555559993
86335  -47.878  -40.208  27.614 0.7777780294
87221  -50.912  -38.365  21.397 1.0000000000
87474  -53.469  -40.285  25.126 0.8888890147
88676  -45.700  -55.468  31.006 0.6666669846
88767  -47.748  -41.163  28.214 0.7777780294
88875  -41.989  -53.555  31.095 0.6666669846
88923  -42.025  -55.298  28.309 0.6666669846
89068  -47.430  -51.430  28.924 0.7777780294
