#!ascii label  , from subject sub-01 vox2ras=TkReg
825
84855  -40.915  -50.446  26.203 0.0000000000
72131  -29.381  -53.604  27.689 0.0000000000
84457  -36.078  -51.471  31.178 0.0000000000
39496  -48.103  -25.595  12.295 0.0000000000
41955  -50.327  -22.816  8.795 0.0000000000
20333  -24.038  -57.538  29.627 0.0000000000
38353  -43.832  -28.233  13.346 0.0000000000
78217  -42.289  -48.692  22.787 0.0000000000
83825  -40.223  -50.869  29.707 0.0000000000
79980  -24.682  -53.524  25.971 0.0000000000
75096  -21.891  -57.652  24.548 0.0000000000
84881  -39.249  -49.445  26.638 0.0000000000
84735  -37.186  -48.631  23.087 0.0000000000
73373  -32.231  -50.890  27.843 0.0000000000
84897  -40.036  -49.848  32.349 0.0000000000
33348  -36.907  -36.187  12.753 0.0000000000
35382  -41.042  -32.950  11.261 0.0000000000
78840  -44.785  -29.007  10.280 0.0000000000
18403  -13.483  -59.974  30.830 0.0000000000
16998  -15.656  -62.148  37.196 0.0000000000
84729  -36.267  -48.425  17.811 0.0000000000
28300  -38.265  -45.170  15.351 0.0000000000
31347  -36.154  -40.052  13.851 0.0000000000
19649  -20.855  -58.529  28.614 0.0000000000
86350  -30.945  -51.306  25.038 0.0000000000
72132  -30.433  -54.668  28.145 0.0000000000
84854  -40.442  -50.604  27.283 0.0000000000
73830  -28.199  -53.232  28.877 0.0000000000
73646  -28.602  -51.044  26.846 0.0000000000
84354  -25.761  -52.281  22.071 0.0000000000
72150  -40.931  -48.669  28.052 0.0000000000
84896  -40.382  -49.648  29.696 0.0000000000
34675  -39.280  -33.956  14.025 0.0000000000
34698  -38.424  -34.805  11.798 0.0000000000
35366  -40.872  -32.730  13.021 0.0000000000
38366  -43.203  -28.128  11.806 0.0000000000
38925  -46.057  -26.801  10.859 0.0000000000
38379  -47.092  -28.350  9.645 0.0000000000
39512  -47.858  -26.478  10.336 0.0000000000
40127  -48.796  -25.579  10.026 0.0000000000
90203  -37.755  -46.146  22.995 0.0000000000
83815  -37.114  -48.604  20.773 0.0000000000
84106  -38.200  -45.087  20.461 0.0000000000
28845  -37.539  -43.565  17.956 0.0000000000
30084  -35.230  -41.790  16.904 0.0000000000
29476  -36.571  -42.046  15.348 0.0000000000
82926  -34.464  -38.749  15.947 0.0000000000
74371  -35.315  -36.599  15.532 0.0000000000
72143  -34.903  -50.380  29.851 0.0000000000
20329  -19.794  -56.365  28.424 0.0000000000
19641  -22.243  -57.974  29.072 0.0000000000
88350  -17.874  -63.109  36.935 0.0000000000
16366  -19.328  -64.033  40.996 0.0000000000
36568  -43.674  -31.048  14.267 0.0000000000
85084  -42.593  -47.764  20.658 0.0000000000
73172  -38.821  -51.318  32.190 0.0000000000
21072  -24.911  -56.265  27.882 0.0000000000
21081  -23.745  -56.634  26.998 0.0000000000
22413  -21.523  -54.325  24.254 0.0000000000
42668  -51.629  -21.586  7.380 0.0000000000
84317  -39.328  -50.264  25.787 0.0000000000
84743  -39.265  -50.129  23.788 0.0000000000
84758  -38.054  -48.790  25.527 0.0000000000
73948  -29.282  -52.440  28.970 0.0000000000
72121  -29.917  -53.009  28.429 0.0000000000
24857  -30.889  -49.911  28.665 0.0000000000
25485  -33.675  -49.079  29.190 0.0000000000
25466  -35.907  -49.539  31.167 0.0000000000
83643  -36.891  -49.327  32.051 0.0000000000
84001  -37.677  -50.964  32.086 0.0000000000
84895  -39.999  -50.930  30.751 0.0000000000
84736  -40.308  -49.966  28.752 0.0000000000
72385  -38.409  -39.516  13.854 0.0000000000
37181  -41.964  -30.565  12.238 0.0000000000
37197  -42.900  -30.718  10.806 0.0000000000
40135  -49.691  -25.838  8.630 0.0000000000
17661  -13.954  -61.966  34.135 0.0000000000
17013  -16.330  -63.103  34.425 0.0000000000
84744  -39.925  -50.068  21.824 0.0000000000
74356  -40.024  -49.744  19.354 0.0000000000
27137  -42.092  -48.525  17.769 0.0000000000
75273  -38.299  -44.313  19.254 0.0000000000
84737  -36.849  -47.528  16.238 0.0000000000
74537  -42.906  -46.860  17.111 0.0000000000
28302  -41.865  -44.509  15.377 0.0000000000
86251  -39.451  -41.285  16.146 0.0000000000
31325  -39.005  -39.756  15.731 0.0000000000
72390  -36.235  -37.291  13.572 0.0000000000
34006  -37.522  -34.613  14.458 0.0000000000
23079  -31.653  -53.518  28.330 0.0000000000
20296  -16.383  -57.069  30.939 0.0000000000
19636  -17.651  -58.159  29.166 0.0000000000
19658  -24.254  -58.644  27.706 0.0000000000
14305  -14.823  -67.226  41.046 0.0000000000
73911  -29.523  -53.353  27.143 0.0000000000
73369  -29.698  -54.171  26.781 0.0000000000
73704  -30.017  -54.306  27.775 0.0000000000
83924  -40.555  -50.600  26.659 0.0000000000
84537  -28.496  -53.357  28.070 0.0000000000
88662  -27.840  -53.394  27.951 0.0000000000
72116  -28.647  -52.786  27.387 0.0000000000
84899  -29.840  -49.786  26.243 0.0000000000
77025  -40.760  -33.587  14.398 0.0000000000
34684  -40.452  -33.341  13.531 0.0000000000
35367  -41.707  -32.431  13.647 0.0000000000
39483  -46.713  -25.918  12.881 0.0000000000
39493  -45.363  -26.251  12.337 0.0000000000
39505  -46.555  -26.187  11.385 0.0000000000
38926  -47.018  -26.738  10.579 0.0000000000
39506  -47.904  -25.814  11.343 0.0000000000
40119  -48.428  -25.468  11.619 0.0000000000
73010  -38.030  -45.552  21.296 0.0000000000
30075  -34.645  -40.969  18.212 0.0000000000
30709  -34.684  -40.855  15.805 0.0000000000
31963  -34.609  -38.573  16.750 0.0000000000
72391  -35.159  -37.193  16.525 0.0000000000
84250  -35.615  -51.211  30.576 0.0000000000
72142  -35.037  -51.522  29.870 0.0000000000
73314  -35.908  -52.004  30.904 0.0000000000
20331  -21.623  -57.112  29.261 0.0000000000
19642  -23.371  -58.003  29.208 0.0000000000
40731  -49.708  -23.838  7.695 0.0000000000
16392  -18.484  -63.441  38.583 0.0000000000
26110  -42.468  -48.496  23.719 0.0000000000
26116  -42.603  -48.176  22.141 0.0000000000
84878  -39.482  -51.168  30.593 0.0000000000
84802  -39.610  -51.109  30.338 0.0000000000
22384  -26.310  -53.461  27.077 0.0000000000
21723  -25.768  -54.673  27.736 0.0000000000
21713  -25.401  -55.605  28.270 0.0000000000
21733  -25.112  -54.401  26.944 0.0000000000
87908  -22.605  -54.631  26.074 0.0000000000
22401  -23.251  -53.611  25.008 0.0000000000
86364  -27.361  -53.135  20.876 0.0000000000
73191  -25.203  -53.870  22.203 0.0000000000
84726  -39.497  -50.071  26.514 0.0000000000
72951  -38.812  -49.791  25.140 0.0000000000
83831  -38.583  -48.898  26.161 0.0000000000
24332  -29.301  -51.561  29.422 0.0000000000
24333  -29.941  -51.042  28.999 0.0000000000
24851  -30.207  -50.168  29.147 0.0000000000
26074  -32.529  -48.482  29.416 0.0000000000
25464  -34.364  -48.601  30.707 0.0000000000
25474  -34.828  -49.282  30.239 0.0000000000
25465  -35.181  -48.779  31.096 0.0000000000
77224  -39.425  -49.474  32.369 0.0000000000
83576  -38.161  -50.195  32.243 0.0000000000
83651  -37.292  -50.197  32.025 0.0000000000
24827  -39.023  -49.972  32.381 0.0000000000
84221  -39.368  -50.594  32.299 0.0000000000
83935  -40.324  -50.163  32.194 0.0000000000
84757  -40.249  -49.867  27.840 0.0000000000
83922  -40.448  -49.698  28.771 0.0000000000
83820  -39.729  -49.880  27.102 0.0000000000
83814  -39.979  -50.358  27.681 0.0000000000
74576  -37.398  -37.774  12.605 0.0000000000
33342  -38.227  -38.688  13.012 0.0000000000
33349  -37.610  -37.162  12.115 0.0000000000
35381  -40.351  -33.330  11.562 0.0000000000
34028  -39.479  -35.542  10.682 0.0000000000
37177  -43.498  -29.959  13.753 0.0000000000
37175  -42.420  -30.430  12.891 0.0000000000
37806  -42.892  -28.987  12.362 0.0000000000
37819  -43.976  -28.534  10.851 0.0000000000
37191  -43.131  -29.776  11.055 0.0000000000
37198  -43.820  -30.469  10.235 0.0000000000
36593  -43.412  -31.447  10.105 0.0000000000
83130  -49.364  -26.102  9.099 0.0000000000
40128  -49.212  -25.036  9.819 0.0000000000
40725  -49.430  -24.372  9.380 0.0000000000
19616  -13.348  -58.738  32.800 0.0000000000
19003  -13.107  -59.774  33.913 0.0000000000
17664  -13.400  -61.110  32.416 0.0000000000
17017  -15.382  -62.839  33.152 0.0000000000
17014  -17.121  -63.165  34.823 0.0000000000
84731  -38.380  -49.571  23.214 0.0000000000
83830  -39.856  -50.215  22.905 0.0000000000
84950  -37.910  -49.174  22.360 0.0000000000
83813  -36.393  -48.152  19.803 0.0000000000
84956  -38.983  -49.591  19.558 0.0000000000
73227  -39.452  -49.340  18.758 0.0000000000
26141  -40.635  -49.152  18.512 0.0000000000
26632  -38.987  -48.594  17.446 0.0000000000
29443  -37.986  -43.422  19.771 0.0000000000
28852  -37.389  -43.684  16.811 0.0000000000
28853  -37.522  -44.364  17.325 0.0000000000
27704  -37.610  -46.542  15.838 0.0000000000
27697  -39.089  -47.161  15.916 0.0000000000
27706  -40.565  -46.735  15.369 0.0000000000
28293  -42.223  -45.424  15.584 0.0000000000
27725  -40.250  -45.456  14.274 0.0000000000
30730  -36.201  -40.726  14.231 0.0000000000
30103  -38.299  -41.523  15.258 0.0000000000
75662  -38.096  -40.978  15.007 0.0000000000
30716  -38.712  -40.248  15.591 0.0000000000
31331  -37.169  -40.030  14.005 0.0000000000
73630  -37.328  -39.678  13.805 0.0000000000
31997  -36.009  -39.151  13.710 0.0000000000
33977  -36.899  -34.657  15.993 0.0000000000
33976  -36.113  -35.146  15.508 0.0000000000
33994  -37.625  -34.441  15.539 0.0000000000
73330  -31.352  -51.245  28.042 0.0000000000
72117  -30.956  -53.278  28.225 0.0000000000
74141  -31.224  -52.170  28.060 0.0000000000
19639  -20.412  -57.447  28.382 0.0000000000
20327  -18.061  -57.339  29.506 0.0000000000
77403  -18.835  -57.785  28.573 0.0000000000
75012  -21.245  -57.219  25.439 0.0000000000
20365  -24.113  -57.510  26.909 0.0000000000
20375  -23.718  -57.976  26.129 0.0000000000
84352  -30.510  -53.253  23.662 0.0000000000
73138  -29.794  -54.877  26.301 0.0000000000
72108  -30.240  -55.788  27.750 0.0000000000
73885  -30.772  -55.274  28.754 0.0000000000
84861  -40.440  -50.426  29.002 0.0000000000
84885  -39.965  -51.119  29.818 0.0000000000
73392  -27.714  -53.536  28.550 0.0000000000
72133  -27.508  -52.973  27.350 0.0000000000
72125  -26.220  -50.531  25.392 0.0000000000
84334  -25.375  -51.147  24.079 0.0000000000
84721  -26.977  -49.153  23.821 0.0000000000
84252  -28.256  -49.488  21.288 0.0000000000
84761  -40.205  -48.967  27.305 0.0000000000
84957  -39.392  -48.870  26.839 0.0000000000
85993  -40.402  -49.757  31.746 0.0000000000
85706  -40.410  -50.000  31.121 0.0000000000
84010  -40.598  -49.271  29.065 0.0000000000
85920  -38.107  -34.636  13.009 0.0000000000
34019  -37.780  -35.144  12.241 0.0000000000
87520  -39.095  -34.054  12.287 0.0000000000
35365  -40.086  -33.337  12.473 0.0000000000
35372  -40.704  -32.663  12.079 0.0000000000
38358  -43.513  -27.697  12.458 0.0000000000
38917  -43.944  -27.015  12.237 0.0000000000
38368  -44.082  -27.143  11.608 0.0000000000
86747  -45.396  -28.354  10.223 0.0000000000
38378  -46.208  -28.337  9.943 0.0000000000
38936  -46.594  -27.502  10.148 0.0000000000
38937  -47.585  -27.510  9.745 0.0000000000
80253  -48.456  -26.628  9.782 0.0000000000
39513  -48.373  -25.848  10.580 0.0000000000
40125  -48.918  -25.177  11.431 0.0000000000
18408  -14.778  -60.330  29.517 0.0000000000
17671  -13.742  -61.071  30.823 0.0000000000
17676  -15.085  -61.270  29.667 0.0000000000
84727  -36.521  -47.940  22.848 0.0000000000
84952  -37.082  -48.567  22.047 0.0000000000
72954  -36.809  -47.457  22.030 0.0000000000
84797  -36.573  -47.495  20.384 0.0000000000
83822  -36.441  -47.584  19.422 0.0000000000
29441  -36.492  -42.571  19.157 0.0000000000
30077  -35.714  -42.139  18.831 0.0000000000
29461  -36.163  -42.450  16.911 0.0000000000
29470  -37.048  -42.934  16.354 0.0000000000
82215  -38.270  -43.497  15.259 0.0000000000
29469  -36.387  -42.409  15.890 0.0000000000
30100  -35.311  -41.240  15.187 0.0000000000
31330  -34.948  -39.387  14.734 0.0000000000
31981  -35.215  -38.584  14.560 0.0000000000
75331  -35.090  -37.089  15.904 0.0000000000
74040  -33.077  -50.552  28.351 0.0000000000
72138  -32.967  -51.630  28.192 0.0000000000
24336  -33.851  -51.386  28.776 0.0000000000
20330  -20.855  -56.651  28.761 0.0000000000
19640  -21.247  -57.722  28.819 0.0000000000
17003  -16.234  -62.630  36.533 0.0000000000
82337  -15.944  -62.031  38.004 0.0000000000
16391  -17.550  -62.946  38.347 0.0000000000
16375  -18.251  -63.461  40.686 0.0000000000
15762  -16.858  -64.644  41.097 0.0000000000
74777  -42.582  -46.376  20.066 0.0000000000
72146  -37.156  -51.638  31.763 0.0000000000
73311  -36.484  -51.838  31.293 0.0000000000
21060  -25.026  -56.437  28.612 0.0000000000
20343  -24.503  -57.214  29.011 0.0000000000
21059  -24.681  -57.118  28.139 0.0000000000
82749  -23.436  -55.855  27.016 0.0000000000
73605  -20.363  -55.580  25.965 0.0000000000
84026  -20.471  -56.308  23.686 0.0000000000
73817  -23.514  -53.454  23.631 0.0000000000
74740  -22.240  -55.452  22.625 0.0000000000
89186  -22.541  -56.741  22.624 0.0000000000
87513  -50.996  -21.992  7.691 0.0000000000
84863  -39.795  -50.699  25.862 0.0000000000
84857  -40.398  -50.472  24.648 0.0000000000
84741  -39.479  -50.368  25.116 0.0000000000
84948  -38.470  -49.602  24.297 0.0000000000
72950  -37.409  -48.804  24.198 0.0000000000
84954  -37.926  -48.266  25.832 0.0000000000
84756  -37.384  -47.910  25.376 0.0000000000
84798  -36.965  -47.379  23.972 0.0000000000
84458  -37.865  -46.215  23.716 0.0000000000
83568  -29.301  -53.088  28.401 0.0000000000
83928  -29.850  -53.717  28.046 0.0000000000
72127  -30.510  -51.569  28.413 0.0000000000
84246  -31.466  -50.251  28.165 0.0000000000
25483  -31.330  -48.817  29.324 0.0000000000
25492  -31.554  -49.252  28.509 0.0000000000
25494  -33.071  -49.453  28.545 0.0000000000
25486  -34.323  -49.528  29.632 0.0000000000
24833  -35.548  -49.952  30.613 0.0000000000
24834  -35.989  -50.618  31.148 0.0000000000
25449  -35.729  -48.729  31.860 0.0000000000
24825  -36.271  -49.847  31.398 0.0000000000
24826  -36.692  -50.100  31.635 0.0000000000
83475  -37.019  -50.869  31.755 0.0000000000
84451  -38.558  -50.867  32.259 0.0000000000
84009  -39.429  -51.202  32.194 0.0000000000
84942  -39.943  -50.957  30.173 0.0000000000
84417  -40.362  -49.948  30.460 0.0000000000
84759  -40.003  -50.151  29.510 0.0000000000
83817  -40.169  -50.283  28.980 0.0000000000
84740  -40.209  -50.315  28.079 0.0000000000
84882  -40.002  -50.879  26.551 0.0000000000
23787  -28.798  -52.817  29.123 0.0000000000
33365  -38.394  -36.375  11.266 0.0000000000
35996  -42.034  -31.714  13.439 0.0000000000
36576  -41.587  -31.303  12.367 0.0000000000
36575  -41.452  -31.778  11.708 0.0000000000
37805  -42.611  -29.343  11.950 0.0000000000
37190  -42.395  -30.146  11.641 0.0000000000
36585  -41.996  -31.665  11.178 0.0000000000
36014  -43.059  -32.377  10.042 0.0000000000
40724  -49.446  -23.899  8.428 0.0000000000
41318  -50.599  -22.932  9.678 0.0000000000
18388  -13.486  -60.714  35.275 0.0000000000
17006  -14.380  -62.067  35.718 0.0000000000
88075  -14.095  -62.083  33.329 0.0000000000
17011  -14.686  -62.453  34.760 0.0000000000
17008  -15.922  -62.829  35.753 0.0000000000
17009  -16.961  -63.022  35.770 0.0000000000
72980  -40.517  -50.308  23.854 0.0000000000
84536  -41.088  -49.940  23.069 0.0000000000
73136  -40.762  -49.865  22.134 0.0000000000
83816  -38.107  -49.308  21.470 0.0000000000
25529  -40.561  -49.951  21.022 0.0000000000
26123  -41.592  -49.342  20.604 0.0000000000
26128  -42.160  -48.587  20.266 0.0000000000
26634  -42.366  -48.343  19.109 0.0000000000
27138  -42.884  -47.889  18.497 0.0000000000
84713  -38.319  -44.655  19.781 0.0000000000
83856  -36.495  -46.960  17.389 0.0000000000
28846  -38.013  -44.089  18.472 0.0000000000
28274  -37.375  -45.147  17.831 0.0000000000
85107  -35.941  -48.090  17.157 0.0000000000
27690  -39.316  -47.744  16.554 0.0000000000
27691  -41.464  -47.781  16.947 0.0000000000
29482  -39.908  -43.285  14.433 0.0000000000
29479  -40.405  -42.669  15.074 0.0000000000
72389  -38.406  -39.881  14.437 0.0000000000
74108  -37.155  -38.815  13.227 0.0000000000
33341  -36.562  -36.715  13.207 0.0000000000
33975  -35.658  -36.204  14.846 0.0000000000
33340  -36.259  -35.688  14.347 0.0000000000
34005  -36.815  -35.316  13.827 0.0000000000
34007  -38.325  -34.317  13.958 0.0000000000
34668  -39.964  -33.924  14.839 0.0000000000
73240  -30.246  -53.685  28.164 0.0000000000
84339  -30.963  -54.431  28.478 0.0000000000
23788  -31.953  -52.795  28.111 0.0000000000
20306  -14.395  -57.679  31.104 0.0000000000
20308  -17.679  -57.071  30.292 0.0000000000
80355  -16.140  -57.502  30.211 0.0000000000
19635  -15.047  -58.670  29.730 0.0000000000
19025  -17.014  -58.799  29.101 0.0000000000
20342  -24.354  -57.948  28.371 0.0000000000
19652  -23.896  -58.759  28.534 0.0000000000
19651  -22.952  -58.830  28.723 0.0000000000
15061  -18.391  -65.756  40.155 0.0000000000
14308  -17.039  -66.014  41.148 0.0000000000
15052  -15.669  -65.952  41.174 0.0000000000
84883  -40.647  -50.487  25.344 0.0000000000
73703  -29.640  -54.333  27.405 0.0000000000
84753  -40.213  -50.826  26.024 0.0000000000
88189  -28.962  -53.350  27.597 0.0000000000
72111  -29.864  -51.646  26.673 0.0000000000
35361  -42.183  -32.997  14.413 0.0000000000
35360  -41.268  -32.999  14.004 0.0000000000
39484  -47.601  -25.891  13.173 0.0000000000
39494  -46.172  -25.940  12.215 0.0000000000
39495  -47.175  -25.709  12.030 0.0000000000
31319  -34.326  -39.530  17.249 0.0000000000
77069  -23.478  -57.319  29.954 0.0000000000
20332  -22.571  -57.355  29.608 0.0000000000
41959  -50.168  -22.807  8.111 0.0000000000
41324  -50.034  -23.248  7.746 0.0000000000
77908  -42.767  -47.933  22.939 0.0000000000
72135  -25.770  -52.643  26.207 0.0000000000
22391  -23.804  -53.973  25.695 0.0000000000
74331  -24.492  -52.955  24.899 0.0000000000
85241  -38.904  -49.469  26.116 0.0000000000
24850  -29.460  -50.616  29.902 0.0000000000
25452  -38.583  -49.401  32.299 0.0000000000
84953  -39.873  -49.424  27.260 0.0000000000
34011  -37.275  -35.834  12.325 0.0000000000
34700  -40.098  -34.133  11.100 0.0000000000
36007  -41.684  -32.466  11.028 0.0000000000
37803  -43.962  -29.214  13.979 0.0000000000
37176  -42.864  -29.763  12.990 0.0000000000
37802  -43.315  -29.047  13.198 0.0000000000
37818  -43.878  -29.389  10.619 0.0000000000
37199  -44.529  -29.902  10.082 0.0000000000
40719  -49.963  -24.218  10.679 0.0000000000
19012  -13.138  -59.695  31.600 0.0000000000
19006  -13.026  -59.563  32.439 0.0000000000
18395  -13.066  -60.369  32.076 0.0000000000
84994  -36.244  -48.278  18.722 0.0000000000
84730  -36.774  -48.596  18.811 0.0000000000
84949  -38.263  -48.932  18.037 0.0000000000
28291  -37.864  -44.736  15.714 0.0000000000
28292  -37.730  -45.485  15.784 0.0000000000
27714  -38.449  -45.917  15.366 0.0000000000
27705  -39.153  -46.553  15.266 0.0000000000
27715  -39.213  -46.008  14.853 0.0000000000
27716  -40.178  -46.107  14.675 0.0000000000
27724  -39.549  -45.546  14.446 0.0000000000
30715  -37.093  -41.018  14.585 0.0000000000
89344  -36.911  -40.494  14.197 0.0000000000
76882  -37.809  -40.525  14.606 0.0000000000
19638  -19.487  -57.502  28.305 0.0000000000
19648  -20.022  -58.442  28.356 0.0000000000
20374  -22.602  -57.718  25.603 0.0000000000
17652  -14.842  -61.747  37.070 0.0000000000
26104  -42.063  -49.261  24.182 0.0000000000
73246  -30.478  -51.056  22.270 0.0000000000
73493  -30.266  -53.796  25.158 0.0000000000
84709  -30.055  -54.979  27.677 0.0000000000
84518  -29.828  -55.050  27.168 0.0000000000
76602  -30.447  -55.293  28.254 0.0000000000
87775  -30.728  -55.783  29.066 0.0000000000
83859  -40.402  -50.467  28.005 0.0000000000
84804  -40.905  -50.764  28.960 0.0000000000
74482  -27.939  -53.760  29.967 0.0000000000
84363  -27.090  -51.513  26.490 0.0000000000
73362  -27.977  -49.299  25.975 0.0000000000
83940  -29.503  -49.130  24.090 0.0000000000
84917  -40.735  -48.691  27.666 0.0000000000
84333  -40.767  -48.694  28.697 0.0000000000
89733  -40.791  -48.961  28.321 0.0000000000
72153  -40.671  -49.265  27.981 0.0000000000
34682  -38.775  -34.211  13.169 0.0000000000
35995  -41.229  -32.058  12.545 0.0000000000
38918  -44.790  -26.762  12.889 0.0000000000
39504  -45.593  -26.308  11.640 0.0000000000
39492  -44.651  -26.498  11.952 0.0000000000
38924  -45.053  -26.947  11.203 0.0000000000
38377  -44.581  -27.838  10.800 0.0000000000
38935  -45.640  -27.583  10.488 0.0000000000
77538  -47.344  -26.145  11.146 0.0000000000
85671  -37.233  -46.935  22.969 0.0000000000
83855  -37.668  -46.144  22.245 0.0000000000
83973  -37.121  -46.879  21.231 0.0000000000
72978  -37.238  -46.425  20.364 0.0000000000
83685  -35.022  -41.503  17.766 0.0000000000
29451  -35.561  -42.051  17.851 0.0000000000
29460  -35.690  -42.152  16.152 0.0000000000
30713  -34.332  -40.122  15.769 0.0000000000
30714  -34.841  -40.319  15.020 0.0000000000
31329  -34.484  -39.423  15.466 0.0000000000
31980  -34.755  -38.556  15.334 0.0000000000
31973  -34.748  -37.882  16.033 0.0000000000
72387  -35.565  -36.404  16.693 0.0000000000
75785  -33.946  -50.183  29.053 0.0000000000
72140  -34.488  -51.073  29.341 0.0000000000
17004  -17.127  -62.851  36.685 0.0000000000
17000  -17.320  -62.807  37.488 0.0000000000
16384  -18.882  -63.666  39.746 0.0000000000
16383  -17.798  -63.255  39.344 0.0000000000
16365  -17.965  -63.945  41.013 0.0000000000
15763  -18.453  -64.383  41.118 0.0000000000
26618  -42.832  -47.572  21.463 0.0000000000
27120  -43.194  -46.795  21.643 0.0000000000
27124  -42.861  -46.721  20.798 0.0000000000
84459  -38.021  -51.579  32.100 0.0000000000
87809  -25.102  -55.387  27.673 0.0000000000
21722  -24.408  -55.781  27.227 0.0000000000
22400  -21.991  -54.200  25.118 0.0000000000
73488  -21.539  -55.557  26.689 0.0000000000
22399  -20.868  -54.834  25.077 0.0000000000
84226  -20.128  -55.516  24.634 0.0000000000
74138  -20.814  -55.149  23.738 0.0000000000
84134  -25.207  -52.071  23.224 0.0000000000
88615  -24.426  -52.902  23.520 0.0000000000
83941  -24.573  -53.234  22.928 0.0000000000
72144  -24.525  -55.058  22.004 0.0000000000
74012  -24.076  -54.341  22.434 0.0000000000
21768  -23.434  -55.302  22.151 0.0000000000
72165  -22.841  -56.088  22.089 0.0000000000
84944  -38.492  -49.299  25.610 0.0000000000
84710  -38.059  -49.123  24.977 0.0000000000
84955  -37.477  -48.495  25.140 0.0000000000
84880  -38.761  -48.173  26.518 0.0000000000
83972  -38.338  -46.633  25.179 0.0000000000
83854  -37.439  -47.360  24.948 0.0000000000
83923  -36.814  -48.025  24.721 0.0000000000
72157  -37.732  -46.696  24.487 0.0000000000
74320  -29.804  -51.814  28.802 0.0000000000
74750  -30.681  -50.672  28.528 0.0000000000
25484  -32.870  -48.700  28.889 0.0000000000
26080  -32.081  -48.619  28.898 0.0000000000
25493  -32.381  -49.009  28.412 0.0000000000
25451  -37.651  -49.391  32.241 0.0000000000
25450  -36.314  -49.047  31.926 0.0000000000
73020  -39.843  -50.809  30.665 0.0000000000
73064  -40.400  -49.499  30.458 0.0000000000
84879  -40.348  -49.944  29.640 0.0000000000
72955  -39.698  -50.633  26.380 0.0000000000
84738  -39.923  -50.549  27.180 0.0000000000
24331  -28.860  -52.103  29.742 0.0000000000
23784  -28.694  -52.665  29.684 0.0000000000
33343  -38.507  -38.369  12.651 0.0000000000
34027  -38.066  -35.560  11.566 0.0000000000
35997  -43.013  -31.805  14.212 0.0000000000
36571  -42.651  -31.078  13.578 0.0000000000
36570  -41.981  -30.973  12.893 0.0000000000
37180  -41.868  -31.046  11.740 0.0000000000
38916  -43.436  -27.546  11.930 0.0000000000
38357  -43.100  -28.136  12.122 0.0000000000
38356  -42.936  -28.722  11.896 0.0000000000
85616  -42.857  -29.326  11.663 0.0000000000
81138  -42.332  -31.017  11.237 0.0000000000
36592  -42.634  -31.561  10.648 0.0000000000
36013  -42.315  -32.201  10.620 0.0000000000
36015  -43.987  -32.218  9.665 0.0000000000
81313  -48.717  -26.458  9.642 0.0000000000
41310  -50.325  -23.589  10.286 0.0000000000
41317  -49.955  -23.415  9.197 0.0000000000
17656  -13.466  -61.103  34.429 0.0000000000
18391  -13.214  -60.203  34.651 0.0000000000
17657  -13.890  -61.665  35.046 0.0000000000
17654  -13.879  -61.239  35.760 0.0000000000
86734  -14.214  -61.954  31.150 0.0000000000
17668  -13.747  -61.635  31.727 0.0000000000
17022  -14.384  -62.306  31.912 0.0000000000
17012  -15.479  -62.889  34.095 0.0000000000
76552  -15.644  -62.885  34.968 0.0000000000
17007  -15.109  -62.606  35.544 0.0000000000
76772  -16.398  -63.042  35.160 0.0000000000
16406  -18.024  -63.225  35.264 0.0000000000
84803  -39.806  -50.414  24.363 0.0000000000
83824  -39.872  -50.348  23.690 0.0000000000
84943  -36.588  -48.115  21.764 0.0000000000
25536  -39.723  -50.008  20.167 0.0000000000
25537  -40.750  -49.775  19.936 0.0000000000
26127  -41.553  -49.153  19.714 0.0000000000
26633  -41.769  -48.809  18.229 0.0000000000
87227  -42.388  -48.512  18.414 0.0000000000
27129  -42.593  -47.343  19.546 0.0000000000
28267  -38.674  -43.825  19.912 0.0000000000
89892  -38.863  -44.092  20.049 0.0000000000
84714  -37.557  -45.284  18.794 0.0000000000
29453  -37.083  -43.021  18.552 0.0000000000
29454  -37.742  -43.469  18.956 0.0000000000
28283  -37.202  -45.388  16.429 0.0000000000
84945  -36.742  -46.497  16.548 0.0000000000
27698  -41.083  -47.211  16.152 0.0000000000
27692  -42.798  -47.601  18.224 0.0000000000
29477  -37.395  -42.617  15.680 0.0000000000
88084  -39.047  -43.338  14.741 0.0000000000
29478  -38.393  -42.460  15.342 0.0000000000
30104  -39.018  -41.761  15.522 0.0000000000
79368  -39.459  -42.564  15.025 0.0000000000
30105  -39.924  -41.971  15.661 0.0000000000
30710  -39.250  -40.106  16.464 0.0000000000
90182  -39.108  -39.869  16.231 0.0000000000
72388  -36.326  -38.532  13.504 0.0000000000
87530  -37.523  -39.458  13.622 0.0000000000
72393  -35.428  -37.025  14.824 0.0000000000
33993  -36.819  -34.841  15.010 0.0000000000
73325  -29.881  -53.281  28.294 0.0000000000
22392  -30.270  -53.400  28.254 0.0000000000
72126  -31.148  -52.907  28.165 0.0000000000
72112  -30.725  -53.818  28.283 0.0000000000
22374  -31.400  -54.200  28.555 0.0000000000
74437  -32.131  -51.914  27.794 0.0000000000
86256  -14.072  -57.532  31.843 0.0000000000
20307  -15.386  -57.381  30.807 0.0000000000
20309  -18.516  -56.760  30.107 0.0000000000
19637  -18.364  -57.736  28.952 0.0000000000
20326  -17.371  -57.558  29.710 0.0000000000
80794  -16.567  -58.061  29.547 0.0000000000
19630  -15.589  -57.971  29.929 0.0000000000
77244  -15.753  -58.579  29.435 0.0000000000
19024  -16.261  -59.010  29.106 0.0000000000
21071  -24.389  -56.852  27.492 0.0000000000
19643  -24.098  -58.004  29.017 0.0000000000
13689  -15.491  -67.614  40.381 0.0000000000
13687  -16.611  -66.872  41.113 0.0000000000
14307  -16.227  -66.479  41.145 0.0000000000
15053  -16.551  -65.547  41.132 0.0000000000
14306  -15.391  -66.830  41.153 0.0000000000
84145  -30.059  -53.089  26.153 0.0000000000
73108  -40.963  -48.086  28.376 0.0000000000
34676  -40.032  -33.727  14.039 0.0000000000
34683  -39.604  -33.761  13.244 0.0000000000
82720  -38.721  -44.852  22.156 0.0000000000
73005  -38.976  -44.436  21.295 0.0000000000
30083  -34.669  -41.045  17.295 0.0000000000
30091  -34.756  -41.182  16.514 0.0000000000
30708  -34.342  -40.391  16.636 0.0000000000
31324  -34.288  -39.470  16.268 0.0000000000
88854  -34.903  -37.852  16.637 0.0000000000
73190  -35.491  -52.006  30.334 0.0000000000
40738  -50.242  -24.380  7.203 0.0000000000
16398  -18.202  -63.219  37.639 0.0000000000
16399  -19.246  -63.569  37.864 0.0000000000
16393  -19.457  -63.772  38.830 0.0000000000
16376  -20.055  -63.888  40.519 0.0000000000
26612  -43.040  -47.440  22.254 0.0000000000
83906  -39.234  -51.304  32.147 0.0000000000
21724  -26.577  -54.034  27.811 0.0000000000
21714  -26.085  -54.754  28.608 0.0000000000
21732  -23.861  -54.868  26.526 0.0000000000
22414  -22.762  -53.653  24.259 0.0000000000
84063  -26.928  -51.529  20.632 0.0000000000
84253  -26.313  -53.321  21.507 0.0000000000
73560  -25.585  -54.813  21.922 0.0000000000
84947  -38.949  -49.773  25.816 0.0000000000
26073  -31.899  -48.473  29.704 0.0000000000
26064  -32.547  -48.396  30.202 0.0000000000
26075  -33.208  -48.562  29.696 0.0000000000
25473  -34.016  -48.836  30.009 0.0000000000
33332  -37.412  -38.561  12.994 0.0000000000
85071  -39.706  -33.791  11.740 0.0000000000
34699  -39.256  -34.583  11.303 0.0000000000
36572  -42.996  -30.462  13.531 0.0000000000
37182  -42.408  -29.818  12.285 0.0000000000
38367  -43.667  -27.904  11.413 0.0000000000
37812  -43.327  -28.781  11.374 0.0000000000
36594  -44.341  -31.424  9.745 0.0000000000
88335  -13.117  -59.436  33.208 0.0000000000
18394  -13.053  -60.325  33.061 0.0000000000
17660  -13.524  -61.328  33.415 0.0000000000
83823  -38.973  -49.746  22.120 0.0000000000
84739  -37.926  -49.152  19.889 0.0000000000
84946  -37.143  -48.674  19.646 0.0000000000
84732  -38.042  -49.143  19.084 0.0000000000
72154  -40.260  -49.420  18.912 0.0000000000
25542  -40.833  -49.401  19.179 0.0000000000
89631  -39.709  -49.063  18.235 0.0000000000
84979  -40.322  -48.823  17.826 0.0000000000
27136  -39.956  -48.281  17.180 0.0000000000
77369  -38.273  -43.814  19.297 0.0000000000
28860  -37.507  -44.601  16.215 0.0000000000
27707  -41.864  -46.591  15.532 0.0000000000
27699  -42.993  -45.981  16.260 0.0000000000
81114  -41.373  -45.983  14.925 0.0000000000
90496  -41.616  -45.220  15.027 0.0000000000
28301  -41.337  -44.676  14.743 0.0000000000
30102  -37.350  -41.707  15.131 0.0000000000
30717  -38.909  -40.835  15.853 0.0000000000
31332  -38.246  -40.156  14.649 0.0000000000
80535  -38.400  -34.306  15.054 0.0000000000
72122  -30.299  -52.488  28.371 0.0000000000
20328  -18.871  -57.038  28.986 0.0000000000
19026  -18.410  -58.460  28.736 0.0000000000
20364  -23.108  -57.298  26.545 0.0000000000
20353  -24.429  -57.709  27.638 0.0000000000
77261  -24.256  -58.165  27.174 0.0000000000
73174  -29.702  -53.559  22.216 0.0000000000
86202  -29.915  -55.818  27.024 0.0000000000
73643  -27.119  -53.935  28.384 0.0000000000
72136  -25.298  -52.147  25.255 0.0000000000
73031  -26.199  -50.479  22.246 0.0000000000
84353  -28.708  -52.384  20.658 0.0000000000
83974  -40.063  -48.232  27.104 0.0000000000
34012  -37.448  -35.047  13.210 0.0000000000
34681  -38.383  -34.543  12.483 0.0000000000
36006  -41.129  -32.324  11.657 0.0000000000
38911  -44.104  -27.413  12.936 0.0000000000
37820  -45.828  -29.159  9.907 0.0000000000
18404  -14.044  -60.208  30.130 0.0000000000
18399  -13.296  -60.432  31.375 0.0000000000
77361  -14.370  -60.972  30.036 0.0000000000
17672  -14.564  -61.754  30.407 0.0000000000
84760  -36.490  -47.861  21.030 0.0000000000
84728  -36.964  -48.523  18.047 0.0000000000
29452  -36.347  -42.553  18.136 0.0000000000
30076  -35.091  -41.580  18.550 0.0000000000
29462  -36.976  -42.996  17.455 0.0000000000
82784  -37.661  -43.781  15.828 0.0000000000
28867  -38.228  -44.380  15.302 0.0000000000
30092  -35.173  -41.616  15.960 0.0000000000
29468  -35.828  -41.936  15.464 0.0000000000
30101  -36.230  -41.450  14.800 0.0000000000
30729  -35.436  -40.166  14.250 0.0000000000
31346  -35.492  -39.425  14.150 0.0000000000
72392  -35.103  -37.588  15.242 0.0000000000
74853  -35.305  -36.523  16.130 0.0000000000
86780  -35.560  -35.737  16.052 0.0000000000
33323  -36.344  -35.101  16.425 0.0000000000
33324  -37.296  -34.932  16.755 0.0000000000
20310  -19.358  -56.293  29.629 0.0000000000
20311  -20.303  -55.924  29.367 0.0000000000
20383  -22.730  -57.924  23.866 0.0000000000
16999  -16.518  -62.452  37.329 0.0000000000
16996  -16.738  -62.439  38.166 0.0000000000
16989  -16.903  -62.590  39.025 0.0000000000
16982  -17.053  -62.989  39.850 0.0000000000
80315  -17.124  -63.332  40.583 0.0000000000
16364  -17.020  -63.904  40.983 0.0000000000
37170  -44.273  -30.162  14.381 0.0000000000
38347  -44.444  -28.586  14.132 0.0000000000
20334  -24.564  -56.914  29.941 0.0000000000
21080  -22.423  -56.442  26.901 0.0000000000
72163  -21.018  -56.547  26.317 0.0000000000
86389  -20.778  -57.109  24.352 0.0000000000
72164  -21.695  -57.144  23.445 0.0000000000
72139  -24.202  -52.856  24.084 0.0000000000
23116  -22.406  -53.859  23.818 0.0000000000
23119  -23.599  -53.899  22.989 0.0000000000
22426  -22.776  -54.087  23.285 0.0000000000
22425  -21.844  -54.442  23.541 0.0000000000
84344  -21.175  -55.716  23.128 0.0000000000
73074  -21.637  -56.287  22.759 0.0000000000
41960  -50.611  -22.248  8.280 0.0000000000
83905  -40.011  -50.670  25.206 0.0000000000
84784  -39.150  -50.113  24.512 0.0000000000
89373  -36.701  -48.155  23.814 0.0000000000
83821  -38.223  -47.456  25.821 0.0000000000
72151  -38.582  -45.920  24.530 0.0000000000
84302  -29.262  -53.331  28.029 0.0000000000
24840  -30.056  -49.705  29.961 0.0000000000
25482  -30.733  -49.428  29.212 0.0000000000
84529  -32.294  -49.806  28.120 0.0000000000
79335  -36.508  -51.042  31.394 0.0000000000
23070  -28.427  -53.117  29.535 0.0000000000
32696  -38.829  -39.214  13.686 0.0000000000
33356  -37.685  -36.171  11.706 0.0000000000
32716  -38.336  -37.181  11.630 0.0000000000
79131  -38.689  -35.526  11.116 0.0000000000
35990  -42.574  -32.383  14.244 0.0000000000
38352  -43.278  -28.367  12.639 0.0000000000
35383  -42.373  -32.971  10.305 0.0000000000
83207  -49.680  -24.860  7.953 0.0000000000
81811  -49.840  -23.299  8.300 0.0000000000
17651  -14.207  -61.329  36.511 0.0000000000
17002  -15.122  -62.340  36.398 0.0000000000
17667  -13.397  -60.953  31.665 0.0000000000
17665  -13.904  -61.886  32.588 0.0000000000
17016  -14.587  -62.445  32.807 0.0000000000
76594  -14.681  -62.491  33.711 0.0000000000
16402  -17.984  -63.155  36.183 0.0000000000
76914  -41.635  -49.344  22.494 0.0000000000
84785  -39.334  -49.907  21.145 0.0000000000
84742  -38.508  -49.538  20.468 0.0000000000
26115  -41.574  -49.388  21.593 0.0000000000
90376  -42.125  -48.841  22.060 0.0000000000
26124  -42.324  -48.570  21.253 0.0000000000
26135  -42.079  -48.614  19.534 0.0000000000
26626  -42.462  -47.990  19.874 0.0000000000
26621  -42.612  -47.190  20.218 0.0000000000
28258  -38.957  -44.169  20.601 0.0000000000
28833  -39.027  -43.923  20.696 0.0000000000
83910  -37.163  -46.182  19.232 0.0000000000
27135  -37.350  -48.338  17.041 0.0000000000
27686  -42.536  -46.333  19.269 0.0000000000
28868  -38.790  -44.152  14.761 0.0000000000
28877  -40.270  -44.042  14.088 0.0000000000
29483  -40.764  -43.410  14.625 0.0000000000
84358  -39.208  -39.401  15.300 0.0000000000
74345  -35.519  -37.915  14.311 0.0000000000
74811  -35.734  -37.282  14.164 0.0000000000
82295  -39.078  -34.137  14.703 0.0000000000
73504  -29.989  -53.879  28.043 0.0000000000
73110  -30.599  -54.432  28.242 0.0000000000
23789  -32.938  -52.676  28.234 0.0000000000
19617  -13.631  -57.976  32.300 0.0000000000
19623  -13.699  -58.132  31.472 0.0000000000
87352  -14.041  -58.433  30.693 0.0000000000
82519  -16.885  -57.326  30.227 0.0000000000
19629  -14.777  -58.084  30.337 0.0000000000
89419  -14.434  -58.764  30.133 0.0000000000
19022  -14.546  -59.449  29.767 0.0000000000
19023  -15.395  -59.449  29.213 0.0000000000
19650  -21.851  -58.843  28.735 0.0000000000
19670  -23.574  -58.274  25.198 0.0000000000
76135  -24.052  -58.326  26.501 0.0000000000
19034  -23.440  -59.660  28.248 0.0000000000
41962  -50.545  -22.740  7.523 0.0000000000
16377  -19.928  -64.500  39.729 0.0000000000
15056  -18.861  -65.138  40.752 0.0000000000
14312  -17.597  -66.430  40.290 0.0000000000
14309  -17.842  -65.622  41.096 0.0000000000
15055  -18.324  -64.978  41.110 0.0000000000
15054  -17.589  -65.063  41.096 0.0000000000
15761  -16.001  -65.002  41.050 0.0000000000
13688  -14.495  -67.259  39.836 0.0000000000
14315  -14.285  -66.696  39.270 0.0000000000
14311  -14.343  -66.791  40.679 0.0000000000
15051  -14.740  -66.368  41.054 0.0000000000
13685  -15.055  -67.402  41.065 0.0000000000
13686  -15.834  -67.048  41.125 0.0000000000
13690  -16.114  -67.442  40.374 0.0000000000
15062  -19.200  -65.430  39.688 0.0000000000
15063  -19.602  -65.159  39.323 0.0000000000
15764  -18.846  -64.568  41.097 0.0000000000
15770  -19.378  -64.565  40.319 0.0000000000
16385  -19.589  -63.887  39.920 0.0000000000
19016  -13.498  -59.025  31.111 0.0000000000
19017  -13.945  -59.302  30.385 0.0000000000
19622  -13.241  -58.787  31.937 0.0000000000
20363  -21.994  -57.113  26.238 0.0000000000
21731  -22.730  -55.459  26.804 0.0000000000
21740  -21.347  -54.889  25.941 0.0000000000
21757  -21.626  -55.106  23.183 0.0000000000
22412  -20.720  -54.934  24.408 0.0000000000
22435  -22.316  -54.729  23.034 0.0000000000
22436  -23.071  -54.621  22.688 0.0000000000
26134  -41.631  -48.980  18.966 0.0000000000
27717  -40.949  -45.428  14.577 0.0000000000
27723  -38.879  -45.432  14.924 0.0000000000
28310  -39.167  -44.847  14.515 0.0000000000
28311  -39.852  -44.835  14.061 0.0000000000
28312  -40.654  -44.814  14.259 0.0000000000
28869  -41.447  -43.829  15.015 0.0000000000
28876  -39.487  -44.055  14.265 0.0000000000
28878  -40.968  -44.133  14.431 0.0000000000
73200  -20.186  -56.551  25.119 0.0000000000
76716  -19.468  -63.497  40.901 0.0000000000
78766  -13.197  -60.554  33.913 0.0000000000
81938  -17.590  -64.367  41.066 0.0000000000
86473  -35.561  -40.833  14.581 0.0000000000
87205  -38.663  -44.832  14.972 0.0000000000
89751  -18.835  -63.862  41.070 0.0000000000
