#!ascii label  , from subject sub-01 vox2ras=TkReg
2266
53970  -52.360  -2.144  11.573 0.6999999881
54569  -53.008  -1.475  10.968 0.6999999881
54568  -51.957  -1.629  10.641 0.8000000119
54578  -51.545  -1.252  9.703 0.6999999881
54563  -54.045  -1.069  11.898 0.6999999881
54571  -54.614  -0.595  11.601 0.6999999881
54559  -53.367  -1.532  12.242 0.6000000238
54570  -53.885  -1.082  11.120 0.6999999881
55127  -54.532  -0.527  10.409 0.6999999881
53967  -52.737  -2.150  12.083 0.6000000238
54562  -53.307  -1.647  11.741 0.6999999881
54580  -53.604  -0.967  10.458 0.8000000119
54579  -52.667  -1.063  9.941 0.8000000119
55137  -53.016  -0.705  9.071 0.8000000119
54632  -48.912  -1.720  4.950 0.8999999762
53455  -45.717  -3.848  0.248 0.8000000119
54564  -54.605  -0.504  11.983 0.6999999881
55128  -54.950  -0.382  11.057 0.6999999881
55139  -54.959  -0.269  9.402 0.6999999881
55140  -55.459  0.052  9.091 0.6999999881
54590  -52.085  -0.822  9.023 0.6999999881
55138  -53.796  -0.638  9.658 0.8000000119
55148  -52.753  -0.542  8.179 0.6999999881
55149  -54.073  -0.422  8.583 0.8000000119
75415  -54.805  -0.278  7.744 0.8000000119
55150  -55.353  -0.143  8.368 0.6999999881
75615  -53.869  -0.389  7.643 0.8000000119
55169  -51.989  -0.625  6.638 0.6999999881
88541  -53.934  -0.322  6.253 0.8000000119
55170  -53.214  -0.497  5.822 0.8000000119
55181  -51.712  -0.727  5.773 0.8000000119
54635  -51.566  -0.783  4.777 0.8999999762
54634  -50.526  -1.079  4.519 0.8999999762
54633  -49.543  -1.508  4.163 0.8999999762
54643  -50.458  -1.097  3.559 0.8999999762
53423  -46.997  -2.929  3.778 0.8999999762
54034  -48.184  -2.197  3.838 0.8999999762
53422  -46.387  -3.593  4.135 0.8000000119
76761  -45.090  -6.139  3.047 0.8000000119
51848  -45.291  -6.377  2.265 0.8000000119
52370  -45.464  -5.500  2.570 0.8000000119
52378  -45.552  -5.644  1.728 0.8999999762
51856  -45.712  -5.732  0.889 0.8000000119
83513  -45.809  -4.403  1.039 0.8000000119
54065  -45.705  -2.796  1.055 0.8000000119
55124  -55.026  -0.179  11.516 0.6000000238
88297  -54.391  -0.247  12.432 0.5000000000
90231  -55.222  -0.078  10.903 0.6000000238
55129  -55.229  -0.099  10.230 0.6999999881
55162  -55.650  0.113  7.477 0.6999999881
55160  -54.699  -0.205  6.768 0.8000000119
55171  -54.519  -0.132  5.627 0.8999999762
55182  -54.106  -0.223  4.834 1.0000000000
55190  -52.587  -0.613  4.044 1.0000000000
55189  -51.451  -0.831  3.869 0.8999999762
85007  -51.425  -0.763  2.932 0.8999999762
54033  -47.528  -2.449  3.418 0.8999999762
54642  -49.602  -1.392  3.111 0.8999999762
52884  -46.047  -4.118  3.433 0.8000000119
54041  -48.126  -2.031  3.012 1.0000000000
52883  -45.638  -4.783  3.701 0.8000000119
53430  -46.471  -3.362  3.255 0.8000000119
54032  -46.926  -2.762  3.141 0.8000000119
52887  -45.743  -4.748  2.943 0.8000000119
52371  -45.707  -4.775  2.103 0.8999999762
52888  -46.056  -3.893  2.561 0.8999999762
52893  -45.902  -4.152  1.694 0.8999999762
75509  -45.867  -3.711  1.423 0.8000000119
54047  -46.222  -2.613  1.956 0.8000000119
54057  -47.095  -1.630  1.586 0.8999999762
52379  -45.739  -4.914  1.265 0.8000000119
54056  -46.153  -2.297  1.652 0.8000000119
53447  -45.795  -3.368  1.233 0.8000000119
53446  -39.599  -3.523  0.488 0.1000000015
72830  -45.748  -2.296  0.709 0.6999999881
54053  -40.314  -3.229  0.313 0.1000000015
53452  -40.522  -3.618  -0.269 0.2000000030
53453  -41.336  -3.657  -0.567 0.2000000030
84288  -45.113  -2.617  -0.023 0.6999999881
74305  -45.496  -3.137  0.130 0.8000000119
78776  -42.607  -2.791  -0.466 0.4000000060
54064  -43.254  -2.710  -0.742 0.5000000000
55121  -54.859  0.025  12.031 0.6000000238
55694  -55.658  0.324  7.856 0.6999999881
55151  -55.767  0.091  8.061 0.6999999881
86045  -54.956  0.250  6.191 0.6999999881
89057  -54.643  -0.010  4.918 0.8000000119
56296  -53.348  1.303  7.456 0.6999999881
56309  -54.000  1.095  6.750 0.6999999881
56319  -53.688  1.032  6.061 0.6999999881
55191  -53.780  -0.288  4.051 1.0000000000
85026  -53.381  -0.383  3.443 1.0000000000
55199  -52.505  -0.593  3.214 0.8999999762
55207  -52.579  -0.492  2.262 1.0000000000
75021  -51.455  -0.676  1.912 1.0000000000
54651  -50.446  -0.981  2.573 1.0000000000
54649  -48.832  -1.639  2.604 1.0000000000
53433  -46.495  -2.968  2.640 0.8999999762
54040  -47.249  -2.283  2.640 0.8999999762
54049  -48.056  -1.782  2.166 1.0000000000
54048  -47.203  -1.919  1.998 1.0000000000
53434  -46.576  -2.543  2.296 1.0000000000
53441  -46.121  -3.295  2.098 0.8999999762
52897  -38.480  -4.419  0.975 0.1000000015
87369  -46.839  -1.418  0.998 0.8000000119
86175  -39.631  -3.136  1.752 0.1000000015
53440  -39.263  -3.475  1.211 0.1000000015
53445  -38.976  -3.866  0.691 0.1000000015
54046  -40.326  -2.811  1.715 0.1000000015
54045  -39.930  -3.181  1.036 0.1000000015
73468  -45.091  -2.086  0.665 0.6999999881
74719  -40.541  -2.967  0.973 0.2000000030
54054  -41.058  -2.866  0.563 0.2000000030
54055  -41.565  -2.743  0.130 0.3000000119
54677  -42.211  -2.507  0.064 0.4000000060
73989  -44.565  -2.324  -0.016 0.6999999881
54678  -43.022  -2.386  -0.033 0.4000000060
79277  -43.846  -2.643  -1.024 0.6000000238
72838  -44.465  -2.674  -0.754 0.6000000238
55119  -54.054  0.001  13.047 0.5000000000
55670  -54.791  0.307  11.543 0.6000000238
55675  -55.204  0.067  10.225 0.6999999881
55684  -54.890  0.454  9.964 0.6999999881
56265  -55.223  0.621  8.429 0.6999999881
55712  -55.149  0.201  6.368 0.6999999881
55711  -54.492  0.535  5.902 0.6999999881
55192  -54.421  0.004  4.313 0.8000000119
81940  -52.467  1.369  7.247 0.6999999881
56308  -53.069  1.313  6.660 0.6999999881
56330  -53.866  0.745  5.240 0.6999999881
55719  -54.413  0.261  4.949 0.6999999881
56306  -51.289  1.502  6.368 0.6999999881
90548  -51.817  1.442  7.024 0.6999999881
56307  -52.243  1.436  6.469 0.6999999881
56318  -52.949  1.231  5.823 0.8000000119
75005  -54.059  -0.065  3.330 1.0000000000
56857  -50.380  1.699  6.873 0.8000000119
56317  -52.063  1.458  5.590 0.8000000119
56329  -52.927  1.065  4.896 0.8000000119
55200  -53.518  -0.224  2.693 1.0000000000
55208  -53.468  -0.125  1.701 1.0000000000
56855  -48.668  2.013  6.209 0.8000000119
56856  -49.511  1.863  6.512 0.8000000119
56864  -50.303  1.676  5.956 0.8000000119
56316  -51.112  1.535  5.333 0.8000000119
56328  -51.962  1.451  4.643 0.8000000119
75986  -47.807  2.062  5.942 0.8000000119
56863  -49.382  1.834  5.630 0.8000000119
56869  -50.154  1.712  5.049 0.8000000119
56327  -50.974  1.565  4.443 0.8000000119
56340  -51.864  1.382  3.746 0.8000000119
56862  -48.552  1.963  5.354 0.8000000119
56868  -49.221  1.855  4.801 0.8000000119
56326  -49.974  1.759  4.251 0.8000000119
54650  -49.580  -1.237  2.149 1.0000000000
55218  -52.600  -0.420  1.172 1.0000000000
56305  -46.771  1.807  6.090 0.8000000119
54660  -49.540  -1.132  1.187 1.0000000000
54661  -50.435  -0.887  1.551 1.0000000000
56304  -45.617  1.520  6.194 0.6000000238
56874  -49.030  1.906  4.114 0.6999999881
87244  -48.831  -1.317  0.894 1.0000000000
54671  -48.501  -1.287  0.186 1.0000000000
89474  -47.983  1.997  5.094 0.6999999881
56867  -48.429  1.965  4.613 0.6999999881
56873  -48.224  2.021  4.014 0.6999999881
56337  -48.807  1.699  3.427 0.6000000238
74646  -48.804  -1.452  1.698 1.0000000000
56861  -47.312  1.855  5.236 0.6999999881
56866  -47.763  1.953  4.543 0.6999999881
56336  -47.936  1.714  3.390 0.6000000238
74607  -48.438  1.290  2.501 0.6000000238
54659  -48.074  -1.526  1.233 1.0000000000
54670  -47.793  -1.294  0.439 0.8999999762
56315  -46.333  1.552  5.304 0.6999999881
56324  -46.963  1.693  4.555 0.6999999881
56325  -47.482  1.875  3.982 0.6000000238
56344  -47.401  1.169  2.755 0.6000000238
55747  -47.188  0.385  1.112 0.6999999881
73291  -47.674  -1.172  -0.380 0.8999999762
78929  -44.767  1.290  5.905 0.5000000000
56314  -45.301  1.279  5.285 0.5000000000
74710  -45.921  1.302  4.463 0.6000000238
79859  -46.726  1.485  3.925 0.6000000238
87010  -46.686  0.824  2.653 0.5000000000
55739  -46.962  0.641  2.025 0.6000000238
55746  -46.476  0.211  1.454 0.6999999881
56322  -44.917  1.002  4.577 0.6000000238
56334  -45.997  1.049  3.652 0.6000000238
56335  -46.704  1.124  3.269 0.5000000000
55737  -45.511  0.320  2.479 0.5000000000
55745  -45.727  -0.009  1.717 0.6000000238
89584  -44.691  0.796  4.123 0.6000000238
56323  -45.216  0.918  3.942 0.6000000238
55730  -45.341  0.630  3.237 0.5000000000
55731  -46.090  0.702  2.945 0.5000000000
55206  -45.025  -0.217  2.131 0.6000000238
72829  -47.086  -0.637  0.105 0.8000000119
88166  -47.835  -1.252  -1.302 0.8000000119
55215  -45.839  -0.641  1.400 0.6999999881
72833  -46.667  -0.379  0.734 0.6999999881
55214  -45.232  -0.612  1.681 0.6000000238
54655  -41.672  -2.029  1.790 0.3000000119
54665  -41.064  -2.561  1.335 0.3000000119
54667  -42.676  -2.063  0.692 0.4000000060
54669  -44.338  -1.940  0.561 0.6000000238
54679  -43.873  -2.287  -0.294 0.6000000238
54647  -42.287  -1.558  2.347 0.3000000119
55669  -54.522  0.162  12.287 0.5000000000
55674  -54.888  0.384  10.778 0.6999999881
56250  -54.436  0.708  10.271 0.6000000238
56264  -54.555  0.796  9.201 0.6999999881
82246  -53.916  0.929  9.763 0.6999999881
56283  -54.584  1.008  8.316 0.6999999881
56310  -54.936  0.725  6.869 0.6999999881
76385  -53.047  1.046  8.738 0.6000000238
56263  -53.720  0.989  9.040 0.6000000238
56297  -54.349  1.148  7.576 0.6999999881
56280  -51.841  1.211  8.280 0.6000000238
56281  -52.635  1.192  8.053 0.6999999881
75374  -54.122  0.033  3.426 0.8000000119
56294  -51.161  1.460  7.301 0.6999999881
56295  -51.866  1.326  7.669 0.6999999881
55726  -53.907  0.374  4.209 0.8000000119
55733  -53.751  0.040  2.544 1.0000000000
55732  -53.650  0.323  3.142 0.8999999762
56341  -52.848  0.940  3.922 0.8000000119
55209  -53.562  0.032  1.418 1.0000000000
55219  -53.315  -0.070  0.549 1.0000000000
56339  -50.815  1.487  3.654 0.8000000119
56347  -51.706  1.167  2.890 0.8000000119
55228  -53.111  -0.044  0.040 0.8999999762
55227  -52.427  -0.341  0.070 1.0000000000
56338  -49.782  1.632  3.536 0.6999999881
55235  -52.042  -0.176  -0.761 0.8999999762
55226  -51.297  -0.499  -0.340 1.0000000000
56346  -50.614  1.242  2.810 0.6999999881
81521  -50.472  0.930  1.639 0.8000000119
55751  -51.799  0.769  1.014 0.8999999762
55216  -50.363  -0.826  0.450 1.0000000000
56351  -49.255  0.992  1.708 0.6999999881
55750  -49.807  0.739  0.829 0.6999999881
55225  -50.145  -0.666  -0.681 1.0000000000
56350  -48.436  0.930  1.568 0.6999999881
55232  -48.430  -1.046  -1.870 0.8999999762
73705  -48.149  -1.307  -0.709 1.0000000000
56303  -44.649  1.431  6.605 0.5000000000
55748  -47.940  0.636  0.830 0.8000000119
55755  -47.297  0.183  -0.192 0.8000000119
56302  -44.019  1.161  6.182 0.5000000000
56313  -44.277  0.982  5.292 0.6000000238
55725  -44.541  0.524  3.607 0.5000000000
55736  -44.770  0.184  2.792 0.6000000238
74451  -46.876  -0.198  -1.556 0.8000000119
72841  -47.367  -0.932  -1.097 0.8000000119
55718  -43.479  0.562  4.982 0.4000000060
55724  -44.138  0.677  4.372 0.4000000060
55198  -44.027  -0.047  3.076 0.5000000000
55205  -44.320  -0.465  2.421 0.6000000238
55729  -43.740  0.235  3.768 0.4000000060
54666  -41.773  -2.304  0.820 0.3000000119
54656  -42.431  -1.799  1.504 0.3000000119
54668  -43.539  -1.952  0.570 0.6000000238
54657  -43.253  -1.617  1.341 0.3000000119
55197  -43.343  -0.384  3.331 0.4000000060
55203  -42.835  -0.972  2.852 0.4000000060
54648  -43.046  -1.328  2.131 0.3000000119
55667  -53.943  0.270  12.994 0.5000000000
56237  -54.242  0.601  12.015 0.6000000238
56249  -53.743  0.957  10.612 0.6000000238
74672  -52.257  1.093  8.815 0.6000000238
56348  -52.729  0.855  2.934 0.8000000119
82681  -53.413  0.308  2.135 0.8999999762
55742  -52.563  0.717  1.849 0.8000000119
55220  -53.336  0.060  0.589 0.8999999762
87004  -53.271  0.295  1.293 0.8000000119
55759  -52.882  0.225  -0.024 0.8999999762
55741  -51.441  0.938  2.094 0.8000000119
55766  -52.321  0.163  -0.596 0.8999999762
55234  -51.000  -0.219  -1.262 0.8999999762
55758  -52.152  0.496  -0.056 0.8999999762
55764  -50.277  0.254  -1.377 0.8999999762
55244  -51.200  -0.039  -1.250 0.8999999762
75629  -50.867  0.557  0.070 0.8000000119
55757  -49.508  0.484  -0.306 0.8000000119
80733  -49.344  0.194  -2.295 0.8999999762
55243  -49.975  -0.067  -1.905 0.8999999762
74027  -48.100  -0.765  -3.179 0.8000000119
73899  -47.445  0.086  -3.188 0.8000000119
55710  -43.366  0.774  5.791 0.5000000000
56301  -43.155  1.028  6.709 0.5000000000
77595  -43.929  1.350  6.855 0.4000000060
55723  -43.473  0.320  4.363 0.4000000060
55188  -43.132  -0.168  4.034 0.4000000060
55204  -43.571  -0.705  2.643 0.5000000000
55212  -43.816  -1.080  1.937 0.5000000000
55213  -44.580  -0.858  1.779 0.6000000238
55722  -42.929  0.080  4.708 0.4000000060
54658  -44.076  -1.457  1.226 0.6000000238
55196  -42.698  -0.775  3.621 0.4000000060
74172  -46.929  -0.107  -0.435 0.8000000119
74797  -47.624  0.396  -1.306 0.8000000119
72840  -46.920  0.120  -1.591 0.8000000119
90176  -48.724  -1.896  4.235 0.8999999762
55159  -53.144  -0.433  6.981 0.8000000119
75022  -52.845  -0.559  4.870 0.8999999762
54624  -50.657  -0.976  5.450 0.8000000119
54641  -48.838  -1.800  3.499 0.8999999762
81220  -47.577  -2.520  4.176 0.8999999762
81788  -45.381  -5.397  3.338 0.8000000119
54062  -41.071  -3.160  -0.090 0.2000000030
54063  -41.908  -3.088  -0.468 0.3000000119
72832  -46.138  -1.419  1.243 0.6999999881
53460  -42.107  -3.722  -1.006 0.3000000119
55183  -54.755  0.095  5.394 0.6999999881
56282  -53.699  1.164  8.269 0.6999999881
54654  -40.957  -2.293  2.178 0.3000000119
55217  -51.444  -0.631  0.794 1.0000000000
79632  -47.268  1.492  3.505 0.5000000000
56345  -49.547  1.314  2.649 0.6000000238
55740  -47.716  0.894  1.815 0.6000000238
72835  -46.774  0.018  0.592 0.6999999881
55738  -46.229  0.455  2.204 0.5000000000
55224  -44.994  -1.350  1.274 0.6000000238
56240  -54.361  0.667  11.185 0.6000000238
88982  -54.152  1.027  8.691 0.6999999881
55749  -48.884  0.693  0.790 0.8000000119
55756  -48.304  0.493  -0.302 0.8000000119
88816  -51.756  -10.991  -3.808 0.2000000030
49682  -51.280  -10.562  -4.160 0.2000000030
50354  -51.055  -9.211  -4.713 0.2000000030
50873  -51.468  -8.371  -4.913 0.2000000030
49692  -50.642  -9.907  -4.454 0.2000000030
50872  -50.433  -8.087  -5.189 0.2000000030
50353  -50.037  -9.193  -4.806 0.2000000030
50352  -48.917  -9.068  -5.027 0.2000000030
50871  -49.510  -7.960  -5.369 0.2000000030
88468  -48.322  -8.684  -5.337 0.2000000030
49025  -52.370  -11.190  -2.364 0.2000000030
49033  -52.128  -10.895  -3.573 0.2000000030
79446  -52.086  -10.461  -4.154 0.2000000030
49693  -51.656  -9.909  -4.482 0.2000000030
50355  -52.033  -9.123  -4.608 0.2000000030
51386  -51.185  -7.533  -4.884 0.2000000030
72760  -50.205  -7.540  -5.038 0.2000000030
72729  -47.341  -8.428  -5.164 0.3000000119
72744  -47.568  -7.908  -5.426 0.3000000119
73563  -48.717  -8.297  -5.434 0.3000000119
49673  -52.322  -10.061  -2.932 0.2000000030
49684  -52.728  -9.485  -3.644 0.2000000030
50356  -53.272  -8.390  -4.066 0.2000000030
50868  -53.021  -7.808  -4.311 0.2000000030
51387  -52.237  -7.610  -4.666 0.2000000030
72736  -45.959  -8.258  -4.206 0.3000000119
72751  -46.529  -7.785  -4.659 0.3000000119
88715  -47.001  -7.958  -5.082 0.3000000119
73753  -49.336  -7.496  -5.152 0.2000000030
49000  -53.344  -11.376  -0.338 0.3000000119
49666  -53.005  -11.395  -1.009 0.3000000119
49008  -53.326  -11.807  -0.830 0.3000000119
49665  -52.324  -10.880  -1.814 0.2000000030
50315  -43.087  -9.352  -0.873 0.1000000015
50847  -42.588  -8.536  -0.885 0.1000000015
50339  -52.495  -8.771  -2.926 0.2000000030
50326  -43.684  -9.121  -1.582 0.1000000015
50852  -44.221  -8.778  -2.196 0.3000000119
50340  -52.822  -8.852  -3.356 0.2000000030
50862  -53.063  -8.177  -3.230 0.2000000030
51374  -53.161  -7.657  -3.683 0.2000000030
50858  -44.994  -8.394  -2.800 0.3000000119
51882  -52.933  -7.227  -3.966 0.2000000030
51378  -51.753  -6.805  -4.410 0.2000000030
51368  -45.658  -7.795  -2.915 0.3000000119
72743  -46.054  -7.644  -4.006 0.3000000119
72754  -48.973  -6.147  -3.976 0.3000000119
72762  -50.682  -6.443  -4.326 0.3000000119
74062  -46.739  -7.255  -4.360 0.4000000060
72763  -47.390  -6.827  -4.432 0.4000000060
77082  -48.123  -6.358  -4.363 0.3000000119
77287  -49.736  -6.553  -4.487 0.3000000119
72758  -47.236  -7.439  -4.930 0.3000000119
74132  -47.915  -7.400  -5.291 0.3000000119
72753  -48.575  -7.440  -5.267 0.3000000119
48973  -53.169  -11.705  3.202 0.3000000119
48362  -53.632  -12.301  1.549 0.3000000119
48354  -53.490  -12.374  2.591 0.3000000119
48991  -53.410  -11.425  1.125 0.3000000119
48368  -53.780  -12.086  0.542 0.3000000119
48999  -53.625  -11.572  0.263 0.3000000119
49651  -53.239  -11.028  0.396 0.3000000119
48369  -53.716  -11.921  -0.237 0.3000000119
81850  -52.978  -10.813  -0.166 0.3000000119
50310  -52.485  -10.394  -0.555 0.3000000119
49657  -52.741  -10.914  -0.837 0.3000000119
50321  -52.097  -10.285  -1.567 0.2000000030
50332  -52.022  -9.398  -2.282 0.2000000030
50333  -52.170  -9.663  -2.613 0.2000000030
50854  -51.771  -8.651  -2.324 0.2000000030
50850  -42.957  -8.008  -1.375 0.1000000015
50848  -43.175  -8.681  -1.309 0.1000000015
50860  -51.988  -7.872  -2.632 0.2000000030
50851  -43.568  -8.358  -1.813 0.3000000119
51366  -44.146  -7.949  -2.301 0.3000000119
51367  -44.842  -7.655  -2.522 0.3000000119
51370  -52.733  -7.687  -3.197 0.2000000030
51870  -43.395  -6.684  -1.686 0.3000000119
51876  -44.909  -7.169  -2.030 0.3000000119
51369  -51.995  -7.050  -3.292 0.2000000030
50859  -50.957  -7.344  -2.737 0.2000000030
82247  -43.802  -6.204  -1.891 0.3000000119
81955  -44.273  -6.187  -1.913 0.3000000119
77137  -45.914  -7.724  -2.238 0.3000000119
73771  -48.446  -6.412  -3.471 0.4000000060
72750  -49.521  -6.322  -3.623 0.3000000119
84699  -51.364  -6.164  -3.871 0.3000000119
77163  -47.073  -6.995  -3.353 0.4000000060
52415  -48.139  -6.171  -3.897 0.3000000119
48981  -53.302  -11.547  2.208 0.3000000119
51345  -45.428  -7.687  1.448 0.8000000119
50843  -46.011  -8.339  0.566 0.4000000060
84320  -46.940  -9.133  -0.443 0.3000000119
87557  -48.184  -9.518  -0.927 0.3000000119
50317  -49.686  -9.539  -0.761 0.2000000030
50319  -51.518  -9.745  -1.024 0.3000000119
51855  -45.536  -6.680  1.364 0.6999999881
51352  -45.794  -7.513  0.705 0.6000000238
50844  -46.391  -8.726  0.104 0.4000000060
73232  -47.657  -9.420  -0.821 0.3000000119
72740  -48.736  -9.530  -0.924 0.3000000119
50330  -51.175  -9.220  -1.796 0.2000000030
50320  -51.914  -9.965  -1.289 0.3000000119
51353  -46.187  -7.882  -0.012 0.5000000000
73730  -46.553  -8.291  -0.688 0.4000000060
84319  -48.203  -8.945  -1.298 0.3000000119
74683  -49.143  -8.953  -1.424 0.2000000030
50329  -50.208  -8.908  -1.668 0.2000000030
50331  -51.744  -9.335  -2.053 0.2000000030
51861  -45.824  -6.514  0.460 0.6999999881
87020  -46.049  -7.102  0.001 0.6999999881
73449  -47.266  -8.533  -1.252 0.4000000060
50853  -51.102  -8.352  -2.227 0.2000000030
51357  -46.213  -7.352  -0.758 0.6000000238
87718  -46.708  -7.810  -1.299 0.4000000060
72731  -47.975  -7.992  -1.728 0.4000000060
74744  -48.682  -8.309  -1.717 0.2000000030
72749  -49.461  -8.144  -1.929 0.2000000030
72741  -50.296  -7.997  -2.175 0.2000000030
89285  -45.839  -5.791  0.217 0.6999999881
72734  -46.383  -7.398  -1.518 0.4000000060
76481  -47.199  -7.665  -1.788 0.4000000060
74126  -48.714  -7.482  -2.253 0.3000000119
52387  -45.836  -5.010  0.491 0.6999999881
88047  -44.826  -6.285  -1.622 0.4000000060
72746  -49.775  -7.363  -2.517 0.2000000030
52409  -43.775  -5.467  -1.917 0.4000000060
52410  -44.235  -5.271  -1.894 0.4000000060
52411  -45.430  -6.931  -1.335 0.6000000238
51877  -46.585  -7.656  -2.240 0.5000000000
51872  -46.892  -7.521  -2.195 0.4000000060
73881  -48.301  -6.878  -2.806 0.4000000060
72757  -50.176  -6.676  -3.195 0.3000000119
72756  -51.191  -6.509  -3.510 0.2000000030
52919  -43.757  -4.681  -2.017 0.3000000119
75786  -44.625  -5.121  -1.617 0.5000000000
87117  -45.023  -5.804  -1.281 0.5000000000
52912  -45.105  -5.002  -1.086 0.6000000238
86540  -47.765  -6.455  -3.597 0.4000000060
52920  -44.228  -4.489  -2.030 0.6000000238
52921  -44.680  -4.371  -1.644 0.6000000238
52913  -45.524  -4.463  -0.530 0.6000000238
53472  -44.708  -3.758  -1.543 0.6000000238
53463  -45.146  -4.133  -1.127 0.6000000238
73932  -45.092  -3.136  -0.634 0.6000000238
49646  -52.847  -10.876  1.857 0.3000000119
85695  -52.960  -10.780  1.047 0.3000000119
49650  -52.636  -10.458  0.405 0.3000000119
50839  -45.705  -8.397  1.204 0.5000000000
74200  -48.270  -9.851  -0.409 0.3000000119
50318  -50.725  -9.580  -0.887 0.2000000030
50309  -52.053  -10.034  -0.211 0.3000000119
51865  -45.887  -6.434  -0.337 0.6999999881
76239  -45.883  -6.927  -0.957 0.6000000238
52395  -45.786  -5.527  -0.182 0.6999999881
52899  -45.809  -4.226  0.678 0.6999999881
75192  -45.639  -6.217  -0.710 0.6000000238
52907  -45.807  -4.736  -0.018 0.6999999881
75059  -45.559  -5.297  -0.564 0.6000000238
53454  -45.425  -3.727  -0.534 0.6999999881
49633  -52.739  -10.979  2.865 0.3000000119
49645  -52.382  -10.444  1.361 0.3000000119
51839  -44.994  -5.918  3.790 0.6999999881
51844  -44.735  -6.742  3.569 0.6999999881
51338  -45.173  -7.357  2.083 0.6999999881
50304  -46.761  -9.441  0.463 0.3000000119
50305  -47.536  -9.818  0.047 0.3000000119
86242  -51.216  -9.888  0.083 0.3000000119
52362  -44.912  -5.564  4.477 0.6999999881
86379  -45.276  -5.297  3.956 0.6999999881
80307  -45.316  -4.447  5.174 0.8000000119
52877  -45.394  -4.792  4.468 0.8000000119
53421  -45.794  -4.039  4.763 0.8000000119
52878  -45.884  -4.290  4.092 0.6999999881
54013  -46.744  -2.807  5.442 0.8000000119
54014  -47.446  -2.366  5.348 0.8000000119
50308  -50.348  -9.764  -0.118 0.3000000119
50298  -51.940  -10.110  0.753 0.3000000119
51333  -44.909  -7.037  2.810 0.6999999881
72733  -49.019  -9.814  -0.338 0.3000000119
50307  -49.642  -9.850  0.177 0.3000000119
52355  -44.875  -5.055  5.159 0.6999999881
50303  -46.163  -8.999  0.879 0.3000000119
53414  -45.599  -3.830  5.715 0.6999999881
53415  -46.252  -3.333  5.097 0.6999999881
76551  -49.756  -1.332  5.171 0.6999999881
54015  -48.279  -1.909  5.585 0.6999999881
50282  -51.195  -10.144  1.979 0.3000000119
49607  -50.718  -10.619  4.222 0.3000000119
49606  -49.891  -10.689  4.498 0.3000000119
88737  -48.159  -9.993  0.176 0.3000000119
51838  -44.566  -6.402  4.324 0.6999999881
52871  -44.971  -4.509  5.836 0.8000000119
52866  -45.112  -4.013  6.435 0.6999999881
54006  -46.328  -2.680  6.868 0.6999999881
75270  -46.916  -2.504  6.154 0.6999999881
54007  -47.684  -2.049  6.252 0.6999999881
54623  -49.904  -1.166  6.071 0.6999999881
54612  -49.245  -1.339  6.706 0.6999999881
49619  -50.534  -10.330  3.224 0.3000000119
49644  -51.774  -10.194  1.553 0.3000000119
49618  -49.787  -10.410  3.761 0.3000000119
49605  -48.997  -10.600  4.322 0.3000000119
77619  -50.412  -9.898  0.682 0.3000000119
50292  -46.578  -9.598  1.352 0.3000000119
50833  -44.831  -7.956  2.690 0.6999999881
52865  -44.535  -4.527  6.707 0.8000000119
52354  -44.416  -5.150  5.929 0.8000000119
53406  -44.910  -3.833  7.197 0.6999999881
53407  -45.563  -3.334  6.755 0.6999999881
54598  -47.787  -1.874  7.684 0.6999999881
54599  -48.587  -1.548  7.388 0.6999999881
54600  -49.429  -1.217  7.552 0.6999999881
75600  -50.741  -0.913  6.312 0.6999999881
56262  -52.936  1.037  9.696 0.5000000000
50297  -51.190  -10.015  1.123 0.3000000119
50306  -48.791  -9.978  0.390 0.3000000119
50834  -45.270  -8.435  2.038 0.5000000000
50291  -45.915  -9.134  1.696 0.5000000000
53391  -44.823  -3.710  7.997 0.8000000119
53400  -45.270  -3.329  7.574 0.6999999881
53392  -45.553  -3.221  8.291 0.6999999881
53381  -45.930  -3.593  9.074 0.6999999881
53998  -45.833  -2.879  7.568 0.6999999881
53393  -46.313  -3.001  8.707 0.6999999881
53382  -46.773  -3.236  9.369 0.6999999881
53999  -46.528  -2.458  7.687 0.6999999881
53976  -47.246  -2.635  9.055 0.6999999881
53977  -48.023  -2.416  9.238 0.6999999881
54000  -47.187  -2.215  7.073 0.6999999881
54587  -48.357  -1.699  8.220 0.6000000238
87317  -49.284  -2.033  9.633 0.6000000238
53972  -50.512  -2.393  10.850 0.6000000238
53376  -51.641  -2.748  11.841 0.6000000238
53373  -52.149  -2.538  12.026 0.5000000000
76163  -49.604  -1.241  8.346 0.6999999881
53979  -49.815  -1.503  9.144 0.6000000238
53980  -50.116  -1.885  9.989 0.6000000238
53969  -51.396  -2.266  11.177 0.6000000238
54613  -50.074  -1.073  6.934 0.6999999881
54601  -50.223  -0.996  7.787 0.6000000238
54589  -51.197  -1.000  8.866 0.6000000238
54614  -51.003  -0.846  7.122 0.6000000238
55147  -51.872  -0.590  7.570 0.6000000238
87134  -51.723  -0.692  8.350 0.6000000238
56854  -48.041  2.164  6.860 0.6999999881
56849  -49.593  1.907  7.376 0.5000000000
56850  -50.385  1.704  7.748 0.6000000238
56843  -51.306  1.380  8.910 0.5000000000
56239  -53.535  0.952  11.728 0.4000000060
56261  -51.908  1.148  9.471 0.5000000000
56247  -51.938  1.182  10.310 0.5000000000
88707  -52.923  1.056  12.566 0.5000000000
56230  -52.733  1.082  13.343 0.5000000000
50294  -48.097  -10.056  0.754 0.3000000119
50293  -47.330  -9.929  1.023 0.3000000119
52341  -43.490  -5.193  7.422 0.8000000119
51332  -44.543  -7.646  3.350 0.6999999881
51832  -44.333  -5.924  5.201 0.8000000119
52334  -46.123  -4.840  10.143 0.8000000119
52854  -45.141  -3.956  8.713 0.8000000119
52859  -44.376  -4.278  7.614 0.8000000119
52327  -46.773  -5.432  10.772 0.6999999881
52847  -46.411  -4.028  9.785 0.8000000119
52840  -46.974  -4.611  10.395 0.6999999881
52841  -47.699  -4.437  10.616 0.8000000119
52848  -47.272  -3.812  10.098 0.6999999881
53378  -48.280  -3.783  10.565 0.8000000119
53379  -49.276  -3.429  10.961 0.6999999881
53380  -50.174  -3.198  11.327 0.6999999881
75333  -51.137  -3.243  12.004 0.6999999881
53968  -50.960  -2.979  11.603 0.6000000238
53965  -52.631  -1.883  12.556 0.5000000000
54557  -53.260  -1.181  12.859 0.5000000000
54560  -53.977  -0.841  12.395 0.5000000000
56231  -53.263  0.601  13.526 0.3000000119
56236  -53.508  0.768  12.627 0.4000000060
75144  -48.225  2.132  7.555 0.6000000238
56841  -49.608  1.960  8.256 0.5000000000
56780  -51.985  1.734  13.941 0.3000000119
56842  -50.420  1.721  8.599 0.5000000000
56238  -51.722  1.361  11.336 0.4000000060
77452  -52.456  1.234  12.019 0.5000000000
56235  -52.114  1.410  12.983 0.5000000000
50295  -49.574  -9.997  1.138 0.3000000119
83812  -48.740  -10.054  1.193 0.3000000119
51321  -43.969  -6.935  4.828 0.6000000238
50827  -44.683  -8.293  3.308 0.6000000238
50279  -45.772  -9.232  2.605 0.5000000000
51815  -43.420  -5.615  6.802 0.8000000119
51831  -43.548  -6.564  5.632 0.8000000119
51808  -44.259  -6.043  9.908 0.6000000238
52331  -43.465  -5.804  9.106 0.8000000119
51823  -43.798  -5.753  6.092 0.6999999881
52332  -44.311  -5.341  9.416 0.8000000119
52852  -43.811  -4.732  7.956 0.8000000119
52349  -43.935  -5.140  6.694 0.8000000119
52845  -44.781  -4.738  9.139 0.8000000119
52326  -45.789  -5.697  10.570 0.6999999881
52853  -44.421  -4.352  8.342 0.8000000119
51804  -46.647  -6.237  11.268 0.6999999881
52322  -48.004  -6.275  11.748 0.6999999881
52321  -47.445  -5.993  11.347 0.6999999881
52323  -48.464  -5.900  11.947 0.6999999881
52837  -48.827  -5.213  11.751 0.6999999881
53374  -49.941  -4.089  11.706 0.6999999881
53375  -50.607  -3.675  11.914 0.6999999881
52838  -49.511  -4.718  11.961 0.6000000238
52835  -50.140  -4.204  12.048 0.6999999881
53371  -50.704  -3.535  12.181 0.6999999881
53369  -51.021  -2.960  12.548 0.5000000000
54555  -51.380  -1.770  13.773 0.5000000000
55117  -53.085  -0.705  13.657 0.4000000060
55114  -52.949  -0.307  14.559 0.4000000060
74724  -53.504  -0.046  13.885 0.4000000060
55666  -53.616  0.203  13.556 0.3000000119
56781  -52.352  1.388  14.452 0.3000000119
56774  -52.268  2.482  14.757 0.3000000119
79509  -50.973  2.981  14.014 0.2000000030
56806  -49.563  2.117  10.114 0.3000000119
85103  -50.377  1.781  10.471 0.3000000119
79586  -49.540  2.160  11.143 0.3000000119
56793  -50.563  1.808  11.588 0.3000000119
56786  -50.405  2.195  12.700 0.3000000119
56779  -51.182  2.089  13.478 0.4000000060
57278  -51.649  2.687  14.346 0.2000000030
85720  -51.129  1.484  10.703 0.4000000060
56234  -51.389  1.633  12.392 0.4000000060
56827  -51.165  1.435  9.856 0.5000000000
51797  -46.529  -6.878  11.641 0.6999999881
89370  -44.815  -5.153  9.609 0.8000000119
52325  -44.897  -5.564  10.011 0.6999999881
51798  -47.355  -6.623  11.796 0.6000000238
51793  -47.830  -6.249  12.306 0.4000000060
51799  -47.444  -6.589  11.932 0.5000000000
52318  -48.339  -5.838  12.243 0.6000000238
52833  -48.672  -5.023  12.578 0.6000000238
53370  -50.071  -4.040  12.389 0.5000000000
53962  -49.943  -2.991  13.321 0.4000000060
53963  -50.783  -2.594  13.111 0.3000000119
55660  -52.814  0.683  15.797 0.3000000119
54554  -50.334  -2.172  13.822 0.3000000119
79122  -50.656  -1.598  14.405 0.3000000119
55115  -53.105  0.165  14.699 0.3000000119
55665  -53.105  0.355  14.344 0.3000000119
56228  -52.691  0.895  14.670 0.3000000119
52315  -47.586  -5.455  12.888 0.4000000060
52316  -48.026  -5.665  12.661 0.4000000060
52830  -48.503  -4.410  13.128 0.4000000060
53961  -49.201  -3.166  13.527 0.3000000119
54550  -49.833  -1.752  14.498 0.3000000119
54551  -51.387  -1.169  14.739 0.4000000060
55106  -52.052  -0.236  15.868 0.3000000119
55657  -52.975  1.306  15.975 0.3000000119
78605  -47.167  -4.975  13.185 0.4000000060
53359  -47.272  -3.339  13.879 0.1000000015
75993  -48.006  -5.022  13.069 0.4000000060
53365  -47.794  -4.157  13.490 0.3000000119
53958  -48.585  -2.746  14.055 0.1000000015
54548  -48.185  -2.044  14.654 0.2000000030
53366  -48.575  -3.640  13.492 0.3000000119
54542  -50.355  -1.124  15.158 0.3000000119
55102  -51.766  0.190  16.347 0.3000000119
55656  -52.375  0.905  16.362 0.3000000119
53957  -47.712  -2.655  14.270 0.2000000030
53946  -47.362  -1.975  14.779 0.1000000015
81218  -47.911  -1.461  15.222 0.2000000030
88116  -48.628  -1.034  15.657 0.2000000030
54540  -48.597  -1.575  15.064 0.2000000030
54541  -49.318  -1.382  15.151 0.3000000119
55104  -49.590  -0.832  15.777 0.3000000119
55105  -50.506  -0.557  15.977 0.3000000119
53945  -46.479  -1.945  14.924 0.2000000030
85230  -52.176  -2.374  12.282 0.3000000119
54024  -48.111  -2.177  4.697 0.8000000119
55118  -53.812  -0.443  13.059 0.4000000060
88808  -47.526  -2.464  4.712 0.8000000119
54023  -46.959  -2.825  4.647 0.8000000119
72836  -44.625  -3.229  -1.249 0.6000000238
56848  -48.799  2.010  7.056 0.6000000238
75321  -47.207  2.030  6.861 0.6999999881
56232  -53.955  0.454  12.654 0.4000000060
56279  -51.170  1.395  8.093 0.5000000000
49672  -52.325  -10.540  -3.236 0.2000000030
49683  -52.523  -10.056  -3.882 0.2000000030
86554  -52.736  -8.972  -4.312 0.2000000030
50346  -52.961  -9.205  -4.055 0.2000000030
50347  -53.148  -8.712  -3.839 0.2000000030
72742  -45.548  -8.027  -3.482 0.3000000119
72761  -48.999  -6.478  -4.406 0.3000000119
49016  -52.889  -11.639  -1.515 0.2000000030
50314  -42.286  -9.101  -0.317 0.1000000015
50861  -52.356  -8.483  -2.718 0.2000000030
89018  -45.257  -7.918  -2.950 0.3000000119
73717  -51.985  -6.326  -3.889 0.2000000030
51880  -46.472  -7.340  -3.593 0.4000000060
74248  -49.933  -6.095  -3.934 0.3000000119
84990  -47.047  -6.868  -4.011 0.4000000060
51881  -47.577  -6.435  -3.968 0.4000000060
51362  -43.487  -7.540  -1.812 0.3000000119
51875  -44.123  -7.019  -2.099 0.3000000119
72745  -49.129  -6.812  -2.991 0.4000000060
74266  -47.772  -7.306  -2.330 0.4000000060
51871  -45.852  -7.212  -1.249 0.6000000238
51878  -47.572  -6.923  -2.963 0.4000000060
52402  -45.374  -6.044  -0.967 0.6000000238
80128  -44.284  -3.901  -2.022 0.6000000238
86757  -44.020  -3.568  -2.061 0.6000000238
74587  -45.041  -3.581  -1.054 0.6000000238
53408  -46.233  -3.088  6.003 0.6999999881
54622  -49.082  -1.505  5.823 0.6999999881
54611  -48.466  -1.692  6.451 0.6999999881
54610  -47.942  -1.868  6.969 0.6999999881
49631  -50.476  -10.168  2.380 0.3000000119
75074  -51.139  -10.266  2.708 0.3000000119
80658  -47.137  -2.140  7.894 0.6999999881
88681  -48.956  -1.378  8.081 0.6999999881
56248  -52.775  1.105  10.954 0.5000000000
53988  -46.157  -2.752  8.159 0.6999999881
88691  -46.762  -2.813  8.902 0.6999999881
53989  -46.786  -2.492  8.431 0.6999999881
53991  -48.320  -1.972  8.814 0.6000000238
53990  -47.634  -2.108  8.491 0.6999999881
53384  -48.659  -2.726  10.012 0.6999999881
53383  -47.698  -3.081  9.720 0.6999999881
53978  -48.642  -2.130  9.305 0.6999999881
88666  -48.986  -1.671  8.794 0.6999999881
53971  -49.626  -2.548  10.503 0.6000000238
54567  -50.993  -1.759  10.306 0.6000000238
53372  -51.508  -2.814  12.201 0.6000000238
53964  -51.698  -2.272  12.783 0.5000000000
54588  -50.389  -1.109  8.621 0.6999999881
54577  -50.641  -1.370  9.445 0.6000000238
54602  -51.023  -0.824  8.063 0.6000000238
56826  -50.403  1.761  9.497 0.4000000060
52337  -43.226  -5.331  8.196 0.8000000119
52342  -44.016  -4.758  7.303 0.8000000119
50828  -45.151  -8.692  2.967 0.5000000000
51327  -44.290  -7.316  4.071 0.6000000238
52846  -45.589  -4.343  9.463 0.8000000119
52333  -45.312  -5.036  9.841 0.8000000119
52328  -47.655  -5.271  10.993 0.6999999881
52842  -48.340  -4.813  11.146 0.6999999881
54556  -52.423  -1.514  13.316 0.5000000000
56840  -48.822  2.054  7.898 0.6000000238
56825  -49.593  2.043  9.168 0.4000000060
52338  -43.944  -5.011  8.669 0.8000000119
52329  -48.280  -5.650  11.540 0.6999999881
89311  -47.791  -6.526  11.898 0.6000000238
51794  -48.038  -6.378  11.985 0.6999999881
52319  -48.908  -5.277  12.067 0.6999999881
52843  -49.086  -4.397  11.408 0.6999999881
52834  -49.495  -4.563  12.264 0.6000000238
53368  -50.342  -3.405  12.683 0.5000000000
54552  -52.288  -1.030  14.228 0.5000000000
55107  -52.783  0.076  15.406 0.4000000060
51802  -45.025  -6.271  10.583 0.6000000238
51791  -47.433  -5.957  12.622 0.5000000000
53367  -49.391  -3.964  12.875 0.5000000000
55113  -52.223  -0.607  15.135 0.4000000060
85623  -52.881  0.588  15.212 0.3000000119
55659  -52.456  0.272  16.036 0.3000000119
53959  -49.476  -2.471  13.977 0.3000000119
85795  -51.308  -0.691  15.545 0.4000000060
56216  -52.725  1.853  16.421 0.2000000030
53364  -46.784  -4.067  13.490 0.2000000030
53360  -47.997  -3.326  13.874 0.2000000030
54549  -48.989  -1.992  14.584 0.3000000119
76335  -51.291  -0.294  16.125 0.3000000119
47711  -54.560  -13.770  4.403 0.2000000030
47721  -54.187  -14.084  3.513 0.2000000030
47729  -53.755  -14.099  2.791 0.2000000030
48340  -54.161  -13.047  4.822 0.2000000030
48347  -53.895  -13.231  3.951 0.2000000030
48333  -54.403  -12.748  5.643 0.2000000030
47720  -53.659  -13.298  2.949 0.2000000030
47728  -53.539  -13.720  2.161 0.2000000030
47736  -53.534  -13.213  1.423 0.2000000030
47742  -53.307  -13.431  0.569 0.2000000030
47121  -52.900  -13.943  -0.002 0.2000000030
47746  -52.740  -13.591  -0.764 0.2000000030
47747  -53.177  -13.285  -0.221 0.2000000030
48959  -53.903  -12.066  5.903 0.2000000030
48944  -54.100  -11.608  6.718 0.2000000030
85408  -53.857  -12.434  5.185 0.2000000030
48325  -54.673  -12.237  6.433 0.2000000030
79218  -53.589  -12.964  2.123 0.2000000030
47126  -52.183  -13.942  -1.473 0.1000000015
47754  -52.557  -13.073  -1.470 0.1000000015
78899  -51.007  -13.846  -2.434 0.1000000015
47765  -49.658  -13.667  -2.852 0.1000000015
48958  -53.306  -11.568  6.162 0.2000000030
48965  -53.327  -11.764  5.121 0.2000000030
48339  -53.610  -12.489  4.457 0.2000000030
82917  -53.637  -12.735  0.801 0.2000000030
48375  -53.593  -12.624  -0.054 0.2000000030
85754  -51.666  -13.704  -2.122 0.1000000015
47755  -53.080  -12.825  -0.777 0.2000000030
81344  -50.120  -12.788  -2.808 0.1000000015
80558  -50.645  -13.317  -2.698 0.1000000015
47766  -51.543  -13.112  -2.513 0.1000000015
47767  -52.080  -13.219  -2.101 0.1000000015
48943  -53.448  -11.407  7.077 0.2000000030
81539  -53.117  -11.849  4.136 0.2000000030
48346  -53.460  -12.522  3.563 0.2000000030
49007  -53.365  -12.225  -0.770 0.2000000030
48390  -51.139  -12.544  -2.875 0.1000000015
88921  -52.029  -12.843  -2.453 0.1000000015
48383  -52.947  -12.387  -1.422 0.1000000015
48387  -48.583  -12.337  -2.324 0.1000000015
48388  -49.417  -12.113  -2.624 0.1000000015
49020  -48.544  -11.522  -2.591 0.1000000015
48381  -47.833  -11.872  -2.088 0.1000000015
74866  -47.518  -11.277  -2.462 0.1000000015
89560  -50.464  -11.344  6.283 0.2000000030
48941  -49.662  -11.512  6.409 0.2000000030
49555  -52.388  -11.180  7.839 0.2000000030
81962  -43.752  -11.989  5.889 0.2000000030
48957  -50.015  -11.192  5.745 0.2000000030
48936  -44.837  -11.875  5.740 0.2000000030
83758  -45.533  -11.497  5.535 0.2000000030
48953  -46.250  -11.458  5.586 0.2000000030
48954  -47.106  -11.378  5.643 0.2000000030
48955  -48.043  -11.368  5.634 0.2000000030
49588  -48.535  -10.958  5.057 0.2000000030
48956  -49.037  -11.300  5.774 0.2000000030
86776  -52.891  -11.306  7.288 0.2000000030
48951  -44.053  -11.203  5.525 0.2000000030
48952  -44.939  -11.103  5.321 0.2000000030
49586  -46.525  -10.933  5.123 0.2000000030
49587  -47.515  -10.898  4.983 0.2000000030
49589  -49.488  -10.941  5.080 0.2000000030
49593  -52.721  -11.349  6.543 0.2000000030
49583  -43.409  -10.493  5.585 0.2000000030
49584  -44.292  -10.387  5.153 0.2000000030
49585  -45.130  -10.586  4.972 0.2000000030
78677  -48.146  -10.710  4.482 0.2000000030
50257  -44.857  -9.949  4.706 0.2000000030
49602  -45.795  -10.350  4.709 0.2000000030
81229  -46.737  -10.463  4.527 0.2000000030
86886  -52.600  -11.298  5.490 0.2000000030
49604  -47.495  -10.473  4.210 0.2000000030
49603  -46.167  -9.901  4.081 0.2000000030
49615  -46.884  -10.122  3.926 0.2000000030
48382  -52.420  -12.573  -2.156 0.1000000015
79431  -53.154  -12.000  -1.302 0.1000000015
73823  -46.224  -11.089  -1.822 0.1000000015
89473  -52.264  -11.220  7.494 0.2000000030
49576  -50.865  -11.173  5.834 0.2000000030
49567  -52.709  -11.235  7.665 0.2000000030
49578  -52.278  -11.221  6.975 0.2000000030
48935  -43.174  -11.249  5.953 0.2000000030
80206  -41.259  -11.917  7.432 0.3000000119
83506  -41.684  -11.135  7.128 0.3000000119
48934  -42.859  -11.992  6.317 0.2000000030
83138  -42.409  -11.226  6.508 0.2000000030
49574  -42.116  -10.446  6.798 0.2000000030
49575  -42.701  -10.516  6.152 0.2000000030
49590  -50.401  -10.957  5.090 0.2000000030
80362  -43.560  -9.824  5.302 0.2000000030
50256  -44.055  -9.493  4.909 0.2000000030
86429  -52.751  -11.373  4.616 0.2000000030
50265  -45.311  -9.598  4.220 0.2000000030
75300  -48.191  -10.455  3.835 0.2000000030
49617  -48.901  -10.347  3.420 0.2000000030
49630  -49.616  -10.214  2.766 0.2000000030
49616  -47.434  -10.202  3.381 0.2000000030
87292  -48.176  -10.322  3.155 0.2000000030
50271  -46.478  -9.795  3.215 0.2000000030
49629  -48.612  -10.202  2.596 0.2000000030
50272  -47.064  -9.963  2.670 0.2000000030
50281  -47.190  -9.965  1.922 0.2000000030
49641  -48.111  -10.102  1.712 0.2000000030
48389  -50.305  -12.022  -2.905 0.1000000015
89685  -51.638  -12.134  -3.026 0.1000000015
89199  -52.415  -12.129  -2.490 0.1000000015
48391  -52.754  -11.930  -2.028 0.1000000015
49022  -50.362  -11.522  -3.127 0.1000000015
78628  -51.091  -11.828  -3.075 0.1000000015
49024  -52.295  -11.570  -2.847 0.1000000015
49663  -44.645  -10.247  -1.482 0.1000000015
89954  -47.170  -10.796  -2.878 0.1000000015
49664  -45.429  -10.643  -1.694 0.1000000015
72730  -46.711  -10.939  -2.419 0.1000000015
48920  -51.129  -11.571  8.037 0.2000000030
48929  -51.197  -11.406  7.369 0.2000000030
48942  -51.141  -11.308  6.615 0.2000000030
49566  -51.827  -11.201  7.227 0.2000000030
49577  -51.655  -11.162  6.179 0.2000000030
49592  -52.197  -11.178  6.105 0.2000000030
48926  -41.086  -11.108  7.820 0.3000000119
49591  -51.234  -11.002  5.155 0.2000000030
79714  -51.921  -11.042  5.311 0.2000000030
82806  -42.029  -9.758  6.964 0.4000000060
81575  -42.402  -9.923  6.449 0.4000000060
50248  -42.877  -9.698  5.838 0.3000000119
50255  -43.318  -9.006  5.317 0.5000000000
50816  -43.832  -8.636  4.687 0.2000000030
50264  -44.509  -9.153  4.371 0.2000000030
50822  -44.240  -8.267  3.934 0.3000000119
50823  -44.873  -8.905  3.711 0.3000000119
50270  -45.607  -9.371  3.484 0.2000000030
50280  -46.463  -9.668  2.236 0.2000000030
49021  -49.569  -11.513  -2.922 0.1000000015
49670  -48.896  -10.948  -3.165 0.1000000015
49032  -50.950  -11.177  -3.533 0.1000000015
72732  -47.910  -10.907  -3.039 0.1000000015
49680  -49.178  -10.527  -3.977 0.1000000015
73357  -45.897  -10.414  -2.467 0.1000000015
49678  -47.200  -10.324  -3.531 0.1000000015
73582  -46.011  -9.848  -3.258 0.1000000015
49689  -47.526  -9.814  -4.393 0.1000000015
48910  -51.908  -11.720  8.727 0.2000000030
48911  -52.659  -11.540  8.763 0.2000000030
88269  -51.647  -11.448  8.265 0.2000000030
48921  -52.191  -11.273  8.245 0.2000000030
79826  -51.762  -11.235  7.833 0.2000000030
85823  -41.443  -10.104  7.573 0.4000000060
50246  -41.773  -9.153  7.334 0.4000000060
50247  -42.317  -9.162  6.529 0.5000000000
49608  -51.624  -10.779  4.379 0.2000000030
50254  -42.765  -8.905  5.884 0.5000000000
50814  -42.890  -8.292  5.553 0.5000000000
50815  -43.290  -8.245  4.997 0.5000000000
50821  -43.682  -7.823  4.524 0.5000000000
49632  -52.014  -10.389  2.450 0.2000000030
49690  -48.499  -9.859  -4.556 0.1000000015
49691  -49.558  -9.865  -4.496 0.1000000015
72738  -46.594  -9.629  -3.995 0.1000000015
51811  -42.715  -6.151  8.365 0.6999999881
51308  -41.990  -7.484  7.575 0.6000000238
75103  -42.349  -6.615  7.756 0.6000000238
51814  -42.865  -5.909  7.427 0.6000000238
50805  -41.608  -8.442  7.803 0.6000000238
50806  -42.016  -8.344  7.013 0.6000000238
51311  -42.380  -7.622  6.615 0.6000000238
51821  -42.581  -6.824  6.992 0.6000000238
49609  -52.237  -11.036  4.532 0.2000000030
51320  -43.220  -7.523  5.305 0.6000000238
49620  -51.387  -10.467  3.438 0.2000000030
50327  -44.374  -9.563  -1.877 0.1000000015
50338  -44.845  -9.289  -2.490 0.2000000030
84448  -45.372  -9.265  -3.081 0.2000000030
74201  -47.042  -9.032  -4.662 0.1000000015
72739  -46.373  -8.851  -4.335 0.2000000030
51361  -42.855  -7.190  -1.338 0.1000000015
73518  -45.571  -8.552  -3.502 0.2000000030
84629  -45.894  -9.059  -3.809 0.2000000030
51863  -40.667  -5.737  -0.424 0.1000000015
52394  -41.074  -5.223  -0.649 0.1000000015
79985  -41.644  -6.823  -0.745 0.1000000015
51864  -41.309  -6.018  -0.681 0.1000000015
51360  -42.277  -6.851  -1.068 0.2000000030
51868  -42.018  -6.171  -0.977 0.2000000030
51869  -42.723  -6.359  -1.303 0.2000000030
52906  -40.891  -4.328  -0.606 0.1000000015
52399  -41.714  -5.526  -0.891 0.1000000015
52401  -43.250  -5.832  -1.632 0.2000000030
54031  -40.337  -2.286  3.342 0.1000000015
54645  -40.881  -2.065  2.986 0.1000000015
54039  -40.216  -2.570  2.613 0.1000000015
77342  -41.682  -4.169  -0.903 0.1000000015
52910  -41.706  -4.831  -0.933 0.1000000015
52400  -42.436  -5.434  -1.255 0.1000000015
52408  -43.159  -4.992  -1.700 0.2000000030
54021  -40.092  -2.225  3.998 0.1000000015
54022  -40.790  -1.961  3.775 0.1000000015
88551  -39.898  -2.900  2.160 0.1000000015
52911  -42.422  -4.446  -1.326 0.2000000030
52918  -43.201  -4.250  -1.769 0.2000000030
53470  -43.788  -3.953  -2.116 0.4000000060
54621  -41.034  -1.254  5.075 0.2000000030
54629  -40.544  -1.795  4.544 0.2000000030
54630  -41.325  -1.537  4.292 0.2000000030
54639  -41.477  -1.669  3.461 0.2000000030
54646  -41.568  -1.810  2.644 0.2000000030
54640  -42.166  -1.341  3.147 0.2000000030
54070  -42.760  -3.279  -1.031 0.3000000119
53461  -42.731  -3.852  -1.419 0.2000000030
53462  -43.288  -3.632  -1.638 0.2000000030
56293  -46.228  1.782  6.979 0.6000000238
55179  -41.512  -0.554  5.459 0.2000000030
55186  -41.808  -0.919  4.740 0.2000000030
54631  -42.049  -1.195  3.965 0.2000000030
53471  -44.287  -3.443  -1.750 0.5000000000
54071  -43.501  -3.094  -1.336 0.5000000000
72839  -43.768  -3.404  -1.824 0.5000000000
56847  -47.525  2.121  7.636 0.5000000000
56846  -46.660  2.010  7.687 0.5000000000
56837  -45.765  1.896  7.839 0.5000000000
55717  -42.745  0.347  5.416 0.4000000060
55180  -42.260  -0.239  5.096 0.2000000030
55187  -42.515  -0.561  4.383 0.2000000030
73677  -44.079  -3.028  -1.490 0.5000000000
56823  -47.948  2.394  9.511 0.3000000119
76245  -48.779  2.182  8.834 0.3000000119
56839  -47.908  2.218  8.443 0.3000000119
75550  -48.066  2.505  10.311 0.2000000030
56822  -47.028  2.456  9.314 0.2000000030
56804  -47.167  2.758  10.370 0.2000000030
56838  -46.931  2.208  8.425 0.4000000060
87664  -46.194  2.146  8.353 0.4000000060
56821  -46.191  2.464  9.033 0.2000000030
49621  -52.129  -10.715  3.589 0.2000000030
49642  -49.091  -10.081  1.909 0.2000000030
49622  -52.650  -11.226  3.819 0.2000000030
50296  -50.458  -10.036  1.559 0.2000000030
50328  -45.075  -9.988  -2.238 0.1000000015
55709  -42.498  0.603  6.180 0.4000000060
49023  -51.789  -11.611  -3.292 0.1000000015
49681  -50.242  -10.569  -4.061 0.1000000015
72748  -47.903  -9.088  -5.102 0.1000000015
85459  -46.639  -8.344  -4.764 0.2000000030
51822  -43.133  -6.255  6.471 0.6000000238
78692  -45.716  -11.012  5.185 0.2000000030
79267  -51.988  -12.389  -2.825 0.1000000015
48927  -42.020  -11.964  6.835 0.2000000030
49628  -47.760  -10.167  2.570 0.2000000030
72735  -46.575  -10.422  -3.004 0.1000000015
49671  -49.872  -11.044  -3.392 0.1000000015
88612  -46.576  -10.073  -3.455 0.1000000015
49679  -48.167  -10.474  -3.848 0.1000000015
84618  -45.444  -9.879  -2.787 0.1000000015
50808  -42.474  -8.342  6.235 0.5000000000
51319  -42.718  -7.754  5.923 0.5000000000
49643  -49.850  -10.109  1.960 0.2000000030
51306  -42.235  -7.010  8.437 0.6000000238
51312  -42.861  -7.068  6.100 0.6000000238
72737  -45.154  -9.647  -2.678 0.1000000015
54038  -39.356  -2.986  2.530 0.1000000015
55716  -41.955  0.138  5.770 0.3000000119
57313  -46.109  2.928  9.925 0.3000000119
47684  -42.513  -13.483  7.277 0.2000000030
48311  -41.130  -12.663  8.083 0.2000000030
48312  -41.795  -12.686  7.296 0.2000000030
45839  -41.168  -16.363  9.584 0.2000000030
46425  -41.706  -15.695  9.105 0.2000000030
47042  -42.172  -15.174  8.674 0.2000000030
47048  -41.777  -14.405  8.499 0.2000000030
47677  -42.179  -13.965  8.030 0.2000000030
45208  -38.436  -17.603  11.280 0.2000000030
45818  -38.006  -16.858  11.078 0.2000000030
45218  -38.851  -17.104  10.696 0.2000000030
45219  -39.704  -17.236  10.454 0.2000000030
45825  -38.287  -16.275  10.583 0.2000000030
45827  -40.317  -16.833  10.043 0.2000000030
89844  -38.347  -15.704  10.479 0.2000000030
80211  -38.923  -15.783  10.127 0.2000000030
45838  -40.001  -15.905  9.735 0.2000000030
46423  -40.114  -15.093  9.539 0.2000000030
46424  -40.828  -15.437  9.327 0.2000000030
47041  -41.342  -14.901  8.922 0.2000000030
47039  -39.799  -14.406  9.645 0.2000000030
82795  -40.236  -13.847  9.313 0.2000000030
47668  -40.946  -14.100  8.799 0.2000000030
47676  -41.385  -13.598  8.357 0.2000000030
47667  -40.613  -13.142  8.887 0.2000000030
44571  -37.486  -18.447  12.517 0.1000000015
45202  -37.274  -17.747  12.260 0.1000000015
45207  -37.380  -17.156  11.645 0.1000000015
45817  -37.240  -16.197  11.248 0.2000000030
45824  -37.816  -15.611  10.859 0.2000000030
46414  -38.466  -15.056  10.503 0.2000000030
46415  -39.360  -15.060  9.901 0.2000000030
83272  -39.612  -13.723  9.765 0.2000000030
47666  -39.888  -13.107  9.574 0.2000000030
48294  -40.111  -12.395  9.297 0.3000000119
48908  -40.342  -11.700  8.987 0.4000000060
48310  -40.725  -11.818  8.171 0.2000000030
48909  -40.670  -11.040  8.627 0.3000000119
50244  -41.115  -9.606  8.625 0.3000000119
79408  -41.364  -9.198  7.939 0.4000000060
48787  -29.739  -11.708  24.885 0.1000000015
79391  -34.901  -18.374  15.823 0.1000000015
45158  -35.116  -17.411  17.083 0.1000000015
44553  -35.879  -17.981  14.880 0.1000000015
45195  -36.450  -18.220  13.639 0.1000000015
45196  -36.871  -17.760  13.005 0.1000000015
80743  -36.772  -17.052  12.399 0.1000000015
45812  -36.647  -16.296  11.853 0.1000000015
45811  -36.758  -15.864  11.663 0.2000000030
46407  -37.197  -15.360  11.522 0.2000000030
46408  -37.827  -14.940  11.127 0.2000000030
47030  -38.955  -14.111  10.183 0.2000000030
47658  -39.217  -13.176  10.156 0.3000000119
48907  -39.862  -11.659  9.797 0.3000000119
48293  -39.499  -12.402  9.970 0.3000000119
49545  -40.813  -10.265  9.122 0.3000000119
50802  -41.464  -8.757  8.601 0.5000000000
50803  -41.836  -7.906  8.511 0.5000000000
48194  -30.333  -11.683  25.598 0.1000000015
48187  -31.138  -12.253  27.169 0.1000000015
48188  -31.743  -12.208  27.875 0.1000000015
47546  -31.888  -12.878  28.277 0.1000000015
48797  -29.689  -10.988  23.831 0.1000000015
48775  -30.188  -11.061  24.919 0.1000000015
48772  -31.068  -11.341  26.415 0.1000000015
47577  -31.589  -13.033  20.925 0.1000000015
48215  -30.629  -12.136  21.905 0.1000000015
47589  -32.672  -13.826  20.087 0.1000000015
47584  -32.353  -13.027  20.411 0.1000000015
78279  -34.816  -15.090  18.512 0.1000000015
81795  -33.350  -13.764  19.609 0.1000000015
45763  -35.063  -16.402  18.021 0.1000000015
87439  -35.163  -15.683  18.164 0.1000000015
45178  -35.695  -17.785  15.555 0.1000000015
45159  -35.947  -16.937  16.734 0.1000000015
45768  -35.533  -16.696  17.394 0.1000000015
45169  -36.354  -17.111  16.046 0.1000000015
45180  -36.755  -17.026  14.940 0.1000000015
45190  -36.580  -17.287  13.981 0.1000000015
45807  -36.767  -16.660  13.445 0.1000000015
86601  -36.613  -16.227  12.488 0.1000000015
46401  -36.714  -15.563  12.119 0.1000000015
47022  -37.582  -14.463  11.638 0.2000000030
47651  -37.991  -13.572  11.604 0.2000000030
47657  -38.572  -13.322  10.864 0.2000000030
48281  -38.505  -12.629  11.562 0.2000000030
48898  -39.360  -11.763  10.573 0.3000000119
48899  -39.885  -11.032  10.641 0.3000000119
49544  -40.375  -10.852  9.626 0.4000000060
50241  -41.144  -9.446  9.805 0.4000000060
50797  -41.400  -8.977  9.362 0.5000000000
50242  -41.743  -8.793  10.138 0.5000000000
50798  -41.934  -8.332  9.518 0.5000000000
51302  -42.399  -7.524  9.274 0.5000000000
51806  -42.888  -6.718  9.153 0.5000000000
89330  -31.502  -10.963  26.930 0.1000000015
48770  -32.214  -11.355  28.112 0.1000000015
48183  -32.736  -12.553  29.365 0.1000000015
48810  -30.552  -11.320  22.442 0.1000000015
49451  -30.126  -10.417  23.565 0.1000000015
49439  -30.076  -10.476  24.419 0.1000000015
49423  -31.483  -10.341  26.567 0.1000000015
49421  -31.901  -10.704  27.358 0.1000000015
48821  -31.206  -11.369  21.680 0.1000000015
50176  -30.488  -9.775  23.221 0.1000000015
50149  -30.205  -9.558  24.354 0.1000000015
49426  -30.565  -10.177  25.125 0.1000000015
47585  -33.057  -12.902  19.798 0.1000000015
48231  -32.631  -12.239  20.107 0.1000000015
49465  -31.176  -10.571  22.155 0.1000000015
47590  -34.061  -13.667  19.231 0.1000000015
90630  -33.690  -13.085  19.444 0.1000000015
45764  -35.884  -15.856  17.647 0.1000000015
46949  -34.436  -14.376  18.897 0.1000000015
47594  -34.777  -13.517  18.745 0.1000000015
46344  -35.590  -14.997  18.019 0.1000000015
45779  -36.682  -16.619  16.534 0.1000000015
46345  -36.444  -14.995  17.669 0.1000000015
45780  -37.152  -16.611  16.129 0.1000000015
45170  -36.842  -16.890  15.619 0.1000000015
45801  -37.099  -16.538  14.644 0.1000000015
46394  -36.988  -15.699  13.080 0.1000000015
47007  -37.416  -14.766  12.726 0.1000000015
47644  -37.588  -14.017  12.118 0.2000000030
48882  -38.745  -11.935  11.857 0.2000000030
48891  -39.188  -11.362  11.817 0.2000000030
48282  -38.975  -11.884  11.302 0.2000000030
48892  -39.644  -10.983  11.441 0.3000000119
49530  -40.189  -10.499  11.435 0.3000000119
49539  -41.162  -9.665  10.666 0.4000000060
50237  -41.684  -9.087  10.696 0.5000000000
50799  -42.678  -7.922  10.133 0.5000000000
50177  -31.086  -9.527  22.515 0.1000000015
76565  -30.117  -8.894  23.878 0.1000000015
48829  -32.443  -11.680  20.437 0.1000000015
48823  -32.756  -11.039  20.607 0.1000000015
49466  -31.763  -9.918  21.734 0.1000000015
50726  -30.484  -8.829  23.204 0.1000000015
48238  -34.324  -12.760  19.044 0.1000000015
48232  -33.148  -12.135  19.720 0.1000000015
49477  -32.315  -10.449  21.176 0.1000000015
50739  -32.004  -7.864  21.986 0.1000000015
46956  -35.203  -14.241  18.384 0.1000000015
48242  -35.116  -12.711  18.576 0.1000000015
48831  -33.670  -10.873  20.136 0.1000000015
49478  -33.223  -10.207  20.865 0.1000000015
49467  -32.701  -9.436  21.452 0.1000000015
47595  -35.557  -13.412  18.319 0.1000000015
89536  -34.780  -12.132  18.751 0.1000000015
85434  -34.368  -11.174  19.459 0.1000000015
48243  -35.896  -12.618  18.276 0.1000000015
48845  -35.437  -11.963  18.510 0.1000000015
45770  -37.348  -16.140  16.676 0.1000000015
46351  -36.900  -15.635  17.260 0.1000000015
46958  -36.906  -14.267  17.857 0.1000000015
82943  -36.611  -13.835  18.022 0.1000000015
46352  -37.795  -15.321  17.007 0.1000000015
46346  -37.361  -14.842  17.505 0.1000000015
45790  -37.453  -16.500  15.574 0.1000000015
80058  -37.770  -16.254  16.159 0.1000000015
45771  -38.276  -15.661  16.434 0.1000000015
45791  -38.266  -15.992  15.882 0.1000000015
46387  -37.368  -15.860  14.229 0.1000000015
45802  -37.908  -16.042  15.189 0.1000000015
46388  -38.237  -15.404  14.770 0.1000000015
46395  -37.760  -15.135  13.780 0.1000000015
46999  -38.537  -14.678  14.350 0.2000000030
47016  -38.140  -13.740  12.866 0.2000000030
47646  -38.506  -12.935  12.660 0.2000000030
48874  -39.552  -11.690  12.979 0.2000000030
48884  -39.935  -10.963  12.787 0.3000000119
48885  -40.663  -10.693  13.146 0.3000000119
47645  -38.098  -13.148  12.135 0.2000000030
48276  -38.556  -12.404  12.232 0.2000000030
48883  -39.022  -11.790  12.369 0.2000000030
49525  -40.405  -10.377  12.303 0.3000000119
76257  -41.926  -9.642  11.988 0.5000000000
49533  -42.426  -9.235  11.687 0.5000000000
50234  -43.102  -8.937  11.688 0.5000000000
49531  -41.057  -9.934  11.559 0.3000000119
49532  -41.779  -9.364  11.329 0.5000000000
50233  -42.337  -8.943  11.263 0.6000000238
50238  -42.803  -8.617  11.144 0.5000000000
87685  -42.172  -8.732  10.779 0.5000000000
50792  -42.384  -8.433  10.473 0.5000000000
51303  -43.104  -7.292  9.908 0.5000000000
79489  -32.584  -8.538  21.794 0.1000000015
49479  -34.153  -10.016  20.581 0.1000000015
50192  -33.781  -9.412  21.181 0.1000000015
87414  -34.927  -11.487  18.902 0.1000000015
49489  -35.516  -10.152  19.878 0.1000000015
50193  -34.711  -9.448  21.064 0.1000000015
50179  -34.462  -8.863  21.645 0.1000000015
48846  -36.260  -11.882  18.483 0.1000000015
49490  -36.401  -10.026  20.140 0.1000000015
88218  -35.419  -9.549  20.957 0.1000000015
50180  -35.456  -9.157  21.654 0.1000000015
47597  -37.181  -13.548  18.257 0.1000000015
48839  -36.593  -11.234  19.005 0.1000000015
49496  -36.941  -10.631  19.626 0.1000000015
46377  -38.692  -15.569  15.567 0.2000000030
46389  -39.035  -14.979  15.198 0.2000000030
47009  -38.751  -13.922  13.892 0.2000000030
47636  -38.922  -13.122  13.403 0.2000000030
47637  -39.761  -12.455  13.740 0.2000000030
48875  -40.261  -11.526  13.515 0.2000000030
79790  -41.224  -10.069  12.543 0.3000000119
75134  -43.450  -9.032  12.041 0.5000000000
50788  -44.442  -8.306  11.706 0.5000000000
50789  -45.105  -7.934  11.840 0.6000000238
51297  -45.768  -7.338  11.650 0.5000000000
49527  -42.690  -9.357  12.165 0.5000000000
50787  -43.613  -8.494  11.464 0.5000000000
50794  -43.972  -7.909  11.145 0.6000000238
51301  -45.069  -6.862  11.010 0.6000000238
50793  -43.129  -8.206  10.863 0.5000000000
51300  -43.791  -7.268  10.509 0.5000000000
51801  -44.356  -6.756  10.514 0.5000000000
88000  -43.330  -7.718  10.534 0.5000000000
51807  -43.615  -6.623  9.849 0.5000000000
50194  -36.176  -9.645  21.106 0.1000000015
46959  -37.810  -14.146  17.986 0.1000000015
48832  -37.669  -10.911  20.103 0.1000000015
46353  -38.616  -14.951  16.982 0.1000000015
46347  -38.332  -14.519  17.545 0.1000000015
46960  -38.834  -14.017  18.346 0.1000000015
45781  -39.032  -15.366  16.114 0.1000000015
46365  -38.969  -15.109  16.585 0.1000000015
46378  -39.334  -15.135  15.782 0.2000000030
47000  -39.307  -14.210  14.784 0.2000000030
47626  -39.531  -13.391  14.300 0.2000000030
49526  -41.928  -9.836  12.730 0.4000000060
51298  -46.642  -6.989  11.870 0.5000000000
46986  -39.842  -14.523  15.599 0.2000000030
51803  -45.848  -6.640  11.190 0.6000000238
49554  -40.970  -10.437  8.304 0.3000000119
80229  -42.101  -16.369  9.326 0.2000000030
45209  -39.503  -17.886  10.958 0.1000000015
45826  -39.330  -16.550  10.206 0.2000000030
47040  -40.543  -14.632  9.227 0.2000000030
48304  -40.553  -12.345  8.662 0.2000000030
44566  -37.020  -18.746  13.027 0.1000000015
47029  -38.153  -14.201  10.975 0.2000000030
48190  -29.680  -12.510  25.470 0.1000000015
48786  -29.565  -11.182  24.256 0.1000000015
45189  -36.269  -17.721  14.453 0.1000000015
44561  -35.816  -18.630  14.186 0.1000000015
45179  -36.318  -17.392  15.264 0.1000000015
47021  -37.177  -14.822  12.006 0.2000000030
80419  -30.669  -10.973  25.567 0.1000000015
48769  -31.577  -11.467  27.335 0.1000000015
48185  -32.246  -12.282  28.591 0.1000000015
47543  -32.281  -13.130  28.834 0.1000000015
50162  -30.196  -9.627  23.731 0.1000000015
48222  -31.347  -12.175  21.237 0.1000000015
48223  -32.030  -12.237  20.651 0.1000000015
46948  -33.694  -14.511  19.343 0.1000000015
48286  -38.978  -12.497  10.734 0.3000000119
82851  -39.379  -11.379  11.158 0.3000000119
87875  -40.804  -10.113  9.945 0.4000000060
49538  -40.583  -10.315  10.619 0.4000000060
49464  -30.580  -10.483  22.904 0.1000000015
50135  -31.093  -9.711  25.823 0.1000000015
49476  -31.665  -10.729  21.519 0.1000000015
48822  -31.923  -11.357  20.979 0.1000000015
45769  -36.421  -16.350  17.065 0.1000000015
47008  -38.118  -14.447  13.514 0.2000000030
86684  -39.446  -11.277  12.417 0.3000000119
49524  -39.709  -10.801  12.070 0.3000000119
50738  -31.198  -8.289  22.443 0.1000000015
48830  -33.018  -11.595  20.060 0.1000000015
50178  -31.850  -8.877  21.892 0.1000000015
48836  -33.639  -11.658  19.584 0.1000000015
46957  -36.050  -14.144  17.974 0.1000000015
48244  -36.712  -12.684  18.439 0.1000000015
48277  -39.027  -12.381  12.903 0.2000000030
80166  -33.474  -8.686  21.712 0.1000000015
49480  -35.021  -9.914  20.502 0.1000000015
49495  -36.079  -10.550  19.353 0.1000000015
75540  -35.075  -8.577  22.168 0.1000000015
89456  -37.149  -10.365  20.281 0.1000000015
50742  -35.927  -8.791  22.580 0.1000000015
48840  -37.432  -11.375  19.398 0.1000000015
50235  -43.939  -8.717  11.879 0.5000000000
51296  -44.898  -7.781  11.483 0.6000000238
87672  -44.453  -7.388  10.986 0.5000000000
49481  -36.938  -10.086  20.949 0.1000000015
77571  -48.594  -14.940  8.945 0.1000000015
46432  -48.213  -15.785  9.262 0.1000000015
46430  -46.417  -16.140  8.858 0.1000000015
46431  -47.364  -16.031  8.983 0.1000000015
46444  -47.822  -15.329  8.540 0.1000000015
46429  -45.470  -16.224  8.752 0.1000000015
46443  -46.910  -15.514  8.386 0.1000000015
46441  -44.951  -15.635  8.318 0.1000000015
46442  -45.930  -15.588  8.351 0.1000000015
47053  -46.413  -14.989  7.847 0.1000000015
47054  -47.380  -14.856  7.917 0.1000000015
47055  -48.241  -14.521  8.171 0.1000000015
46427  -43.501  -16.201  8.726 0.1000000015
46439  -43.049  -15.427  8.494 0.1000000015
46440  -43.967  -15.652  8.288 0.1000000015
47051  -44.424  -15.123  7.806 0.1000000015
47052  -45.415  -15.062  7.837 0.1000000015
47065  -47.748  -14.032  7.622 0.1000000015
47050  -43.473  -14.995  7.975 0.1000000015
47061  -43.906  -14.558  7.347 0.1000000015
47062  -44.890  -14.558  7.304 0.1000000015
47063  -45.871  -14.460  7.356 0.1000000015
47064  -46.831  -14.291  7.460 0.1000000015
47689  -47.222  -13.447  7.101 0.1000000015
47049  -42.603  -14.708  8.253 0.1000000015
47060  -42.989  -14.311  7.637 0.1000000015
47687  -45.343  -13.918  6.894 0.1000000015
47688  -46.270  -13.772  7.011 0.1000000015
47685  -43.459  -13.868  7.005 0.1000000015
47694  -43.165  -13.248  6.730 0.1000000015
47696  -44.845  -13.320  6.489 0.1000000015
47697  -45.760  -13.210  6.629 0.1000000015
47698  -46.534  -13.104  6.761 0.1000000015
48313  -47.850  -12.845  6.963 0.1000000015
47683  -41.759  -13.299  7.810 0.1000000015
48317  -42.588  -12.704  6.741 0.1000000015
47695  -43.917  -13.367  6.465 0.1000000015
48321  -46.232  -12.553  6.375 0.1000000015
48322  -47.177  -12.532  6.609 0.1000000015
48323  -48.099  -12.186  6.653 0.1000000015
48320  -45.323  -12.613  6.192 0.1000000015
48937  -45.836  -11.986  5.922 0.1000000015
48938  -46.698  -11.910  6.106 0.1000000015
48939  -47.584  -11.800  6.199 0.1000000015
46433  -48.970  -15.390  9.701 0.1000000015
45844  -46.848  -16.629  9.458 0.1000000015
45843  -45.962  -16.758  9.259 0.1000000015
47031  -49.759  -15.028  10.137 0.1000000015
47043  -49.391  -14.544  9.397 0.1000000015
46428  -44.496  -16.281  8.660 0.1000000015
47056  -49.054  -14.061  8.603 0.1000000015
47690  -48.671  -13.514  7.819 0.1000000015
78169  -48.037  -13.325  7.337 0.1000000015
48314  -48.626  -12.603  7.215 0.1000000015
48940  -48.439  -11.654  6.223 0.1000000015
46416  -48.573  -16.187  10.040 0.1000000015
46418  -50.163  -15.521  10.957 0.1000000015
47032  -50.555  -14.710  10.479 0.1000000015
45845  -47.756  -16.499  9.687 0.1000000015
45233  -44.648  -17.548  9.430 0.1000000015
45830  -45.581  -17.394  9.594 0.1000000015
45831  -46.397  -17.192  9.837 0.1000000015
47044  -50.204  -14.212  9.805 0.1000000015
45840  -42.962  -16.812  9.248 0.1000000015
45841  -44.042  -16.953  8.990 0.1000000015
45842  -45.048  -16.899  9.060 0.1000000015
46426  -42.574  -15.949  8.900 0.1000000015
47678  -49.611  -13.016  8.372 0.1000000015
47691  -49.236  -12.649  7.731 0.1000000015
48324  -48.897  -11.844  6.701 0.1000000015
48315  -49.570  -11.939  7.251 0.1000000015
88242  -49.015  -11.557  6.271 0.1000000015
46482  -54.459  -16.018  2.852 0.1000000015
47632  -54.473  -12.899  14.417 0.1000000015
77076  -49.562  -16.157  11.083 0.1000000015
46410  -50.798  -15.584  11.731 0.1000000015
46411  -51.396  -15.193  11.727 0.1000000015
45833  -48.920  -16.468  10.801 0.1000000015
47023  -51.007  -15.048  11.143 0.1000000015
45819  -48.081  -16.900  10.577 0.1000000015
47033  -51.302  -14.363  10.695 0.1000000015
77041  -45.200  -18.046  9.982 0.1000000015
45225  -46.070  -17.811  10.188 0.1000000015
89638  -46.727  -17.520  10.374 0.1000000015
45832  -47.187  -17.037  10.136 0.1000000015
45232  -43.669  -17.554  9.481 0.1000000015
47659  -50.894  -14.049  10.122 0.1000000015
47669  -49.878  -13.669  9.113 0.1000000015
47679  -50.316  -12.938  8.861 0.1000000015
48305  -49.851  -12.270  7.895 0.1000000015
46470  -54.742  -15.354  3.165 0.1000000015
87103  -53.812  -16.399  2.517 0.1000000015
45897  -53.687  -17.100  2.240 0.1000000015
45896  -53.145  -16.365  2.116 0.1000000015
74779  -53.021  -25.584  16.722 0.1000000015
81242  -53.895  -25.105  16.630 0.1000000015
40686  -54.730  -24.675  16.533 0.1000000015
40692  -55.396  -24.254  16.114 0.1000000015
41926  -56.659  -22.490  15.925 0.1000000015
42604  -57.355  -20.859  16.570 0.1000000015
43271  -57.488  -19.996  16.837 0.1000000015
44539  -57.117  -18.510  16.897 0.1000000015
41925  -56.121  -22.886  15.392 0.1000000015
44547  -57.737  -18.544  16.374 0.1000000015
45174  -56.975  -17.056  16.777 0.1000000015
45785  -56.552  -16.303  17.055 0.1000000015
43248  -48.237  -21.710  17.811 0.1000000015
79528  -56.148  -15.590  17.295 0.1000000015
43262  -48.790  -21.440  16.992 0.1000000015
45808  -49.769  -17.059  13.173 0.1000000015
45814  -49.567  -16.880  12.298 0.1000000015
46402  -50.188  -16.415  12.824 0.1000000015
46398  -51.090  -15.461  13.294 0.1000000015
43261  -47.962  -21.567  17.079 0.1000000015
46403  -50.669  -15.842  12.554 0.1000000015
47011  -51.868  -14.914  13.184 0.1000000015
47638  -53.033  -13.937  14.469 0.1000000015
45813  -48.777  -17.270  11.974 0.1000000015
46409  -50.073  -16.212  11.808 0.1000000015
89968  -53.828  -13.440  11.348 0.1000000015
45820  -48.611  -16.946  11.267 0.1000000015
47025  -52.506  -14.513  11.615 0.1000000015
78511  -47.317  -17.857  11.426 0.1000000015
45213  -48.021  -17.449  11.454 0.1000000015
45226  -47.335  -17.482  10.811 0.1000000015
45224  -44.240  -18.181  9.870 0.1000000015
47660  -51.593  -13.615  10.126 0.1000000015
49540  -55.892  -10.789  10.405 0.1000000015
45222  -42.478  -17.831  10.242 0.1000000015
45231  -42.888  -17.467  9.750 0.1000000015
88713  -51.519  -13.130  9.604 0.1000000015
45829  -42.059  -17.078  9.816 0.1000000015
48295  -50.885  -12.591  8.865 0.1000000015
49551  -59.430  -10.909  8.174 0.1000000015
48932  -60.131  -11.308  7.715 0.1000000015
48306  -50.465  -12.230  8.365 0.1000000015
79890  -58.058  -11.898  7.326 0.1000000015
48328  -58.541  -12.449  7.362 0.1000000015
48928  -50.445  -11.771  7.655 0.1000000015
88244  -57.438  -13.091  7.043 0.1000000015
47703  -56.774  -14.006  6.103 0.1000000015
47081  -55.099  -14.482  3.985 0.1000000015
41880  -53.162  -22.497  23.703 0.1000000015
41257  -53.254  -23.557  23.649 0.1000000015
85909  -53.713  -23.878  23.011 0.1000000015
83216  -53.464  -25.102  22.581 0.1000000015
40081  -53.424  -25.605  20.646 0.1000000015
41887  -53.532  -22.291  22.709 0.1000000015
42499  -53.242  -21.548  22.389 0.1000000015
87721  -52.687  -25.932  19.179 0.1000000015
43225  -52.791  -21.016  22.027 0.1000000015
40092  -52.900  -25.720  17.703 0.1000000015
42511  -52.811  -21.291  21.006 0.1000000015
40093  -53.700  -25.289  17.423 0.1000000015
40094  -54.386  -24.932  17.189 0.1000000015
42530  -51.390  -21.108  20.304 0.1000000015
42551  -51.725  -21.233  19.567 0.1000000015
42550  -50.890  -21.291  19.670 0.1000000015
41284  -56.003  -23.895  16.697 0.1000000015
43240  -50.383  -21.365  18.840 0.1000000015
45165  -56.655  -17.773  17.126 0.1000000015
43250  -49.962  -21.391  17.958 0.1000000015
43249  -49.001  -21.625  18.040 0.1000000015
41289  -55.900  -23.590  15.816 0.1000000015
41290  -56.296  -23.079  15.899 0.1000000015
79606  -56.268  -17.007  17.324 0.1000000015
45777  -55.937  -16.294  17.448 0.1000000015
46970  -55.683  -14.224  17.160 0.1000000015
46361  -55.332  -15.029  17.218 0.1000000015
83583  -50.574  -15.931  13.355 0.1000000015
46969  -54.927  -14.479  16.974 0.1000000015
43277  -48.415  -21.159  16.183 0.1000000015
43276  -47.455  -21.556  16.445 0.1000000015
43287  -47.808  -20.841  15.548 0.1000000015
85778  -49.157  -17.370  12.676 0.1000000015
88585  -48.255  -17.642  12.040 0.1000000015
78188  -48.481  -17.829  12.629 0.1000000015
45212  -46.603  -18.024  10.956 0.1000000015
45204  -47.724  -18.007  12.101 0.1000000015
45210  -44.754  -18.601  10.531 0.1000000015
45211  -45.684  -18.381  10.704 0.1000000015
44593  -46.072  -18.611  11.501 0.1000000015
45203  -46.895  -18.335  11.798 0.1000000015
45223  -43.322  -18.059  10.031 0.1000000015
44600  -43.798  -18.659  10.484 0.1000000015
49561  -57.185  -10.946  8.572 0.1000000015
45221  -41.597  -17.699  10.398 0.1000000015
44599  -42.911  -18.437  10.657 0.1000000015
48296  -51.541  -12.532  9.171 0.1000000015
88448  -57.446  -10.839  8.219 0.1000000015
87763  -58.568  -11.176  7.669 0.1000000015
45828  -41.145  -17.131  10.054 0.1000000015
48307  -51.237  -11.921  8.592 0.1000000015
48947  -57.329  -11.274  7.601 0.1000000015
48327  -56.793  -12.175  7.153 0.1000000015
48335  -56.270  -13.089  6.552 0.1000000015
80646  -55.815  -13.745  5.698 0.1000000015
48326  -55.646  -12.270  6.857 0.1000000015
47712  -55.456  -14.142  4.796 0.1000000015
47702  -54.887  -13.446  5.272 0.1000000015
47092  -54.736  -14.794  3.459 0.1000000015
47101  -54.122  -14.723  3.014 0.1000000015
78651  -54.027  -15.273  2.800 0.1000000015
46481  -53.494  -15.573  2.413 0.1000000015
47108  -53.204  -14.108  1.461 0.1000000015
76305  -53.163  -14.896  1.837 0.1000000015
47100  -53.543  -14.634  2.359 0.1000000015
41264  -53.702  -23.174  22.937 0.1000000015
40066  -54.066  -24.959  21.685 0.1000000015
41265  -54.305  -23.744  22.275 0.1000000015
86372  -54.005  -25.181  21.119 0.1000000015
41888  -54.110  -22.922  22.120 0.1000000015
40080  -52.982  -25.788  19.792 0.1000000015
40082  -54.350  -25.132  20.500 0.1000000015
41892  -53.872  -22.175  21.804 0.1000000015
79698  -53.325  -25.600  19.097 0.1000000015
40091  -53.554  -25.426  18.294 0.1000000015
42512  -53.384  -21.635  21.411 0.1000000015
75637  -54.538  -24.977  18.048 0.1000000015
40681  -55.140  -24.623  17.375 0.1000000015
87540  -52.841  -21.415  20.217 0.1000000015
42552  -52.539  -21.332  19.535 0.1000000015
87754  -55.500  -24.334  16.842 0.1000000015
43241  -51.313  -21.188  18.639 0.1000000015
41285  -56.289  -23.181  16.431 0.1000000015
41918  -56.459  -22.468  16.827 0.1000000015
42603  -57.056  -21.667  16.289 0.1000000015
43917  -56.930  -19.215  17.195 0.1000000015
77891  -50.548  -21.053  16.970 0.1000000015
45164  -55.849  -17.720  17.503 0.1000000015
43263  -49.678  -21.256  16.991 0.1000000015
43278  -50.428  -20.810  15.993 0.1000000015
80020  -55.686  -16.923  17.466 0.1000000015
45776  -55.128  -16.356  17.431 0.1000000015
46396  -50.291  -16.397  13.900 0.1000000015
46397  -50.771  -15.631  14.249 0.1000000015
90216  -51.554  -14.646  14.795 0.1000000015
47003  -51.947  -14.243  15.063 0.1000000015
46360  -54.506  -15.259  17.203 0.1000000015
74998  -49.445  -20.998  15.992 0.1000000015
46990  -50.965  -15.020  15.732 0.1000000015
46991  -51.381  -14.472  15.985 0.1000000015
83725  -50.269  -16.482  14.788 0.1000000015
43308  -47.094  -20.683  14.762 0.1000000015
43286  -46.947  -21.470  15.605 0.1000000015
46390  -50.268  -16.026  15.447 0.1000000015
80314  -45.444  -19.867  13.016 0.1000000015
77346  -46.379  -19.649  13.377 0.1000000015
43951  -45.849  -20.240  13.556 0.1000000015
43307  -46.136  -20.843  14.267 0.1000000015
43928  -48.054  -20.007  14.889 0.1000000015
43288  -48.976  -20.363  15.281 0.1000000015
45199  -49.190  -17.722  13.343 0.1000000015
45803  -49.978  -17.264  14.179 0.1000000015
44579  -45.567  -19.036  12.074 0.1000000015
44580  -46.404  -18.828  12.296 0.1000000015
45197  -47.863  -18.315  12.810 0.1000000015
44589  -42.519  -18.744  11.304 0.1000000015
44577  -43.707  -19.319  11.936 0.1000000015
44591  -44.260  -19.077  11.147 0.1000000015
44592  -45.195  -18.889  11.281 0.1000000015
49549  -56.416  -10.973  9.289 0.1000000015
44587  -40.386  -18.369  11.143 0.1000000015
44588  -41.719  -18.680  11.392 0.1000000015
48297  -52.356  -12.156  9.300 0.1000000015
49571  -56.653  -10.829  8.358 0.1000000015
49572  -57.712  -10.814  7.968 0.1000000015
48946  -56.098  -11.421  7.440 0.1000000015
48334  -55.240  -12.971  6.110 0.1000000015
40668  -54.486  -24.377  21.865 0.1000000015
40077  -54.671  -24.723  21.140 0.1000000015
41269  -55.157  -23.856  21.523 0.1000000015
87565  -54.817  -25.027  19.794 0.1000000015
82492  -54.738  -23.323  21.729 0.1000000015
41893  -54.585  -22.711  21.425 0.1000000015
40086  -53.848  -25.427  19.802 0.1000000015
88137  -55.750  -24.676  19.913 0.1000000015
41897  -55.145  -22.637  20.787 0.1000000015
40087  -54.222  -25.213  19.000 0.1000000015
40088  -55.362  -24.750  19.023 0.1000000015
40677  -55.500  -24.586  18.134 0.1000000015
42513  -54.203  -22.116  20.850 0.1000000015
42533  -54.148  -21.848  19.898 0.1000000015
40678  -56.211  -24.290  18.701 0.1000000015
42532  -53.439  -21.650  20.487 0.1000000015
40687  -56.014  -24.179  17.651 0.1000000015
42553  -53.340  -21.501  19.624 0.1000000015
41281  -56.294  -23.427  17.543 0.1000000015
43242  -52.179  -21.119  18.716 0.1000000015
42589  -56.574  -21.549  17.180 0.1000000015
43252  -51.911  -20.849  18.015 0.1000000015
79539  -51.495  -20.928  17.691 0.1000000015
43916  -56.191  -19.286  17.603 0.1000000015
44538  -56.386  -18.512  17.402 0.1000000015
43251  -50.822  -21.170  17.836 0.1000000015
43264  -51.375  -20.830  16.883 0.1000000015
89340  -51.164  -20.694  16.146 0.1000000015
46371  -51.316  -15.442  16.650 0.1000000015
80342  -54.995  -15.658  17.348 0.1000000015
43920  -50.125  -20.265  15.297 0.1000000015
46391  -50.644  -15.557  15.272 0.1000000015
46370  -50.640  -15.749  16.320 0.1000000015
46975  -50.970  -15.099  16.161 0.1000000015
47608  -51.987  -14.155  16.143 0.1000000015
43940  -47.487  -19.745  14.321 0.1000000015
46369  -50.208  -16.133  15.910 0.1000000015
43939  -46.690  -20.097  13.995 0.1000000015
45792  -50.179  -16.780  15.327 0.1000000015
88280  -45.906  -19.770  13.191 0.1000000015
45198  -48.410  -18.398  13.457 0.1000000015
45191  -49.260  -18.116  14.066 0.1000000015
43961  -45.134  -19.487  12.515 0.1000000015
43962  -45.937  -19.360  12.796 0.1000000015
44581  -47.198  -18.565  12.549 0.1000000015
78236  -55.505  -10.878  8.994 0.1000000015
49547  -54.994  -10.968  9.028 0.1000000015
49546  -54.231  -11.248  9.030 0.1000000015
90426  -42.904  -19.089  11.796 0.1000000015
44578  -44.698  -19.222  11.915 0.1000000015
75913  -53.459  -11.372  8.834 0.1000000015
49559  -55.848  -10.853  8.698 0.1000000015
44590  -43.348  -18.933  11.196 0.1000000015
48922  -52.919  -11.235  8.283 0.1000000015
49581  -56.485  -10.914  7.903 0.1000000015
49570  -55.691  -10.878  8.260 0.1000000015
49558  -55.079  -10.948  8.546 0.1000000015
49580  -55.387  -11.048  7.758 0.1000000015
49569  -54.769  -10.994  7.954 0.1000000015
48945  -55.012  -11.574  7.154 0.1000000015
40669  -55.658  -24.140  21.059 0.1000000015
40083  -55.306  -24.666  20.491 0.1000000015
81435  -56.310  -24.263  20.361 0.1000000015
40674  -56.380  -24.356  19.617 0.1000000015
40682  -56.476  -23.918  18.453 0.1000000015
41277  -56.524  -23.466  18.837 0.1000000015
41905  -56.301  -22.642  18.795 0.1000000015
41910  -56.300  -22.604  17.892 0.1000000015
87828  -54.070  -21.483  19.035 0.1000000015
43243  -53.160  -21.165  18.643 0.1000000015
42588  -56.156  -21.044  17.770 0.1000000015
43253  -52.642  -20.722  17.828 0.1000000015
43269  -56.045  -20.139  17.759 0.1000000015
43265  -52.179  -20.551  16.979 0.1000000015
81449  -56.706  -19.834  17.399 0.1000000015
45163  -55.026  -17.260  17.405 0.1000000015
43279  -51.876  -20.412  16.079 0.1000000015
45774  -53.343  -16.236  17.415 0.1000000015
45775  -54.174  -16.766  17.366 0.1000000015
82661  -54.263  -15.968  17.423 0.1000000015
43921  -51.189  -20.083  15.508 0.1000000015
46357  -51.806  -15.905  17.199 0.1000000015
46358  -52.622  -15.710  17.293 0.1000000015
44544  -50.482  -19.027  15.392 0.1000000015
45784  -51.124  -16.191  16.743 0.1000000015
46372  -52.340  -14.500  16.529 0.1000000015
46967  -52.913  -15.011  16.921 0.1000000015
44543  -49.768  -19.541  14.911 0.1000000015
85496  -48.183  -19.354  14.448 0.1000000015
85650  -49.003  -19.323  14.661 0.1000000015
45782  -50.217  -16.718  15.876 0.1000000015
43953  -47.117  -19.395  13.668 0.1000000015
45192  -49.886  -17.765  14.763 0.1000000015
44562  -47.876  -19.052  13.939 0.1000000015
44563  -48.662  -18.790  14.203 0.1000000015
43952  -46.747  -19.066  13.018 0.1000000015
44568  -47.529  -18.792  13.257 0.1000000015
48912  -54.000  -11.445  9.379 0.1000000015
90014  -54.484  -11.054  8.586 0.1000000015
48923  -53.758  -11.151  8.413 0.1000000015
49557  -54.160  -11.056  8.223 0.1000000015
49556  -53.236  -11.129  8.032 0.1000000015
49568  -53.618  -11.158  7.771 0.1000000015
49579  -54.361  -11.222  7.481 0.1000000015
41270  -55.867  -23.746  21.037 0.1000000015
41898  -55.942  -23.229  20.702 0.1000000015
40672  -56.508  -23.862  20.490 0.1000000015
40675  -56.908  -24.021  20.066 0.1000000015
41899  -56.440  -23.160  20.112 0.1000000015
41274  -56.823  -23.748  19.849 0.1000000015
90225  -54.898  -22.166  20.220 0.1000000015
41901  -55.698  -22.534  20.157 0.1000000015
41904  -56.122  -22.482  19.490 0.1000000015
82692  -56.540  -23.136  19.437 0.1000000015
88016  -55.940  -22.038  18.847 0.1000000015
42554  -55.144  -21.918  19.314 0.1000000015
42572  -56.197  -21.886  18.155 0.1000000015
42570  -54.718  -21.386  18.528 0.1000000015
43256  -55.583  -20.753  17.871 0.1000000015
43254  -54.072  -21.020  18.218 0.1000000015
43255  -54.884  -20.886  17.994 0.1000000015
43915  -55.345  -19.461  17.618 0.1000000015
80116  -55.626  -18.619  17.558 0.1000000015
43267  -54.276  -20.432  17.594 0.1000000015
44537  -55.086  -18.021  17.427 0.1000000015
43266  -53.045  -20.332  16.935 0.1000000015
43912  -53.121  -19.523  16.703 0.1000000015
43280  -52.633  -20.015  16.230 0.1000000015
43922  -51.916  -19.519  15.992 0.1000000015
43923  -52.423  -18.942  16.531 0.1000000015
44545  -51.192  -18.932  15.876 0.1000000015
45772  -51.772  -16.691  17.052 0.1000000015
81764  -50.804  -18.003  16.026 0.1000000015
45172  -51.128  -17.126  16.520 0.1000000015
44554  -49.906  -18.471  15.010 0.1000000015
80466  -50.333  -17.938  15.622 0.1000000015
45171  -50.401  -17.216  16.040 0.1000000015
45783  -50.510  -16.459  16.277 0.1000000015
44564  -49.352  -18.501  14.539 0.1000000015
45181  -50.190  -17.412  15.492 0.1000000015
74616  -39.812  -14.830  16.145 0.1000000015
46987  -40.502  -13.980  15.702 0.1000000015
47001  -40.088  -13.734  15.128 0.1000000015
47627  -40.350  -12.957  14.645 0.1000000015
48270  -40.630  -12.140  14.262 0.1000000015
48876  -40.943  -11.268  13.917 0.1000000015
48877  -41.426  -10.929  14.205 0.2000000030
49519  -41.848  -10.017  13.617 0.2000000030
49520  -42.443  -9.531  12.849 0.2000000030
50229  -43.110  -9.136  12.518 0.3000000119
50784  -44.546  -8.386  11.967 0.4000000060
50231  -44.491  -8.352  12.201 0.3000000119
50790  -45.784  -7.431  11.909 0.4000000060
51351  -41.393  -7.548  -0.351 0.1000000015
42571  -55.529  -21.465  18.309 0.1000000015
43268  -55.097  -20.218  17.708 0.1000000015
43914  -54.458  -19.644  17.381 0.1000000015
80496  -54.719  -18.738  17.386 0.1000000015
43913  -53.736  -19.992  17.066 0.1000000015
44536  -53.716  -18.863  17.086 0.1000000015
45162  -54.135  -17.785  17.236 0.1000000015
88675  -52.934  -18.598  16.801 0.1000000015
44535  -53.097  -17.872  17.006 0.1000000015
44534  -52.337  -17.995  16.867 0.1000000015
45160  -52.423  -17.224  17.085 0.1000000015
45161  -53.238  -17.039  17.243 0.1000000015
44546  -51.628  -18.223  16.466 0.1000000015
45773  -52.479  -16.444  17.322 0.1000000015
48265  -40.943  -12.597  14.905 0.1000000015
50785  -44.970  -8.044  12.134 0.3000000119
50782  -45.639  -7.463  12.122 0.3000000119
51294  -46.557  -7.017  12.029 0.3000000119
51290  -46.197  -6.846  12.297 0.3000000119
56291  -44.344  1.570  7.368 0.4000000060
56292  -45.235  1.663  7.164 0.5000000000
56277  -43.933  1.726  8.137 0.5000000000
56278  -44.844  1.818  8.022 0.5000000000
47018  -52.656  -14.643  12.566 0.1000000015
47012  -52.720  -14.326  13.669 0.1000000015
47013  -53.461  -14.223  12.814 0.1000000015
79595  -51.948  -14.510  14.221 0.1000000015
47004  -52.434  -14.157  14.553 0.1000000015
47610  -53.721  -13.497  16.152 0.1000000015
47652  -53.154  -13.780  11.136 0.1000000015
47034  -52.110  -14.069  10.872 0.1000000015
47609  -52.699  -14.035  16.194 0.1000000015
47621  -52.664  -13.812  15.923 0.1000000015
46977  -53.276  -14.273  16.535 0.1000000015
48272  -55.095  -12.238  13.028 0.1000000015
47661  -52.466  -13.365  10.381 0.1000000015
46968  -53.913  -14.755  16.933 0.1000000015
48287  -52.789  -12.625  9.953 0.1000000015
88680  -55.500  -10.891  10.311 0.1000000015
47671  -52.042  -12.915  9.750 0.1000000015
46359  -53.556  -15.520  17.253 0.1000000015
48901  -55.084  -11.274  10.744 0.1000000015
76464  -55.996  -10.832  9.750 0.1000000015
48914  -55.567  -10.880  9.603 0.1000000015
47026  -53.260  -14.384  11.955 0.1000000015
82054  -55.803  -10.765  11.117 0.1000000015
48900  -54.172  -11.691  10.056 0.1000000015
48913  -54.820  -11.146  9.709 0.1000000015
48298  -53.252  -11.839  9.512 0.1000000015
51291  -47.104  -6.511  12.297 0.3000000119
47115  -52.980  -14.192  0.696 0.1000000015
47120  -52.456  -14.405  -0.517 0.1000000015
79381  -50.455  -11.537  6.909 0.1000000015
48319  -44.338  -12.688  6.098 0.1000000015
48318  -43.419  -12.694  6.317 0.1000000015
45220  -40.549  -17.664  10.527 0.1000000015
48886  -41.304  -10.409  13.391 0.2000000030
47686  -44.388  -13.982  6.851 0.1000000015
46417  -49.324  -15.801  10.445 0.1000000015
47640  -54.632  -13.084  13.484 0.1000000015
47631  -53.703  -13.469  14.885 0.1000000015
47639  -53.774  -13.785  13.849 0.1000000015
45821  -49.263  -16.672  11.523 0.1000000015
47017  -51.973  -14.999  12.115 0.1000000015
47024  -51.718  -14.707  11.347 0.1000000015
47670  -50.872  -13.371  9.427 0.1000000015
79884  -55.621  -15.628  17.382 0.1000000015
47010  -51.378  -15.020  14.114 0.1000000015
46404  -51.317  -15.369  12.405 0.1000000015
47630  -52.714  -13.888  15.297 0.1000000015
47653  -53.998  -13.869  11.944 0.1000000015
47654  -54.425  -12.934  11.544 0.1000000015
47662  -53.727  -12.990  10.920 0.1000000015
49535  -56.049  -10.739  11.223 0.1000000015
49541  -56.343  -10.996  10.159 0.1000000015
49562  -59.248  -10.802  7.999 0.1000000015
49550  -58.329  -11.030  8.440 0.1000000015
78142  -58.205  -10.844  8.096 0.1000000015
48948  -59.139  -11.716  7.410 0.1000000015
48930  -58.963  -10.827  7.927 0.1000000015
40660  -53.882  -24.324  22.652 0.1000000015
40076  -53.470  -25.475  21.615 0.1000000015
39453  -52.526  -26.129  20.413 0.1000000015
40090  -52.782  -25.829  18.533 0.1000000015
43224  -52.279  -20.714  21.568 0.1000000015
42531  -52.170  -21.145  20.467 0.1000000015
46978  -54.371  -13.919  16.634 0.1000000015
49542  -57.134  -11.188  9.234 0.1000000015
49560  -56.351  -10.890  8.804 0.1000000015
44598  -42.080  -18.258  10.824 0.1000000015
43270  -56.792  -20.572  17.298 0.1000000015
83794  -50.426  -16.013  14.774 0.1000000015
47002  -51.134  -15.075  14.988 0.1000000015
47629  -51.918  -14.092  15.761 0.1000000015
46380  -50.456  -15.543  15.883 0.1000000015
44597  -41.222  -18.242  10.930 0.1000000015
41894  -55.314  -23.262  21.248 0.1000000015
40679  -56.765  -23.985  19.342 0.1000000015
87590  -52.039  -15.175  16.939 0.1000000015
74666  -53.485  -20.634  17.666 0.1000000015
45173  -51.841  -17.425  16.872 0.1000000015
47620  -40.912  -13.310  15.408 0.1000000015
50230  -43.921  -8.749  12.237 0.3000000119
47647  -54.180  -13.765  12.933 0.1000000015
47611  -54.970  -12.936  16.506 0.1000000015
47648  -54.717  -13.207  12.474 0.1000000015
90361  -53.132  -13.052  10.522 0.1000000015
48288  -53.544  -12.380  10.295 0.1000000015
47622  -53.701  -13.341  15.680 0.1000000015
48289  -54.310  -12.176  10.833 0.1000000015
55708  -41.632  0.441  6.488 0.2000000030
55702  -41.211  0.754  7.171 0.2000000030
80039  -45.374  2.238  8.709 0.3000000119
55703  -42.115  0.902  6.931 0.2000000030
56288  -41.654  1.178  7.673 0.2000000030
56289  -42.588  1.266  7.535 0.2000000030
56290  -43.495  1.426  7.466 0.3000000119
56824  -48.784  2.304  9.766 0.2000000030
56805  -48.725  2.416  10.704 0.2000000030
55168  -41.176  -0.138  6.130 0.2000000030
56287  -40.752  1.088  7.824 0.1000000015
53363  -45.812  -3.993  13.533 0.1000000015
53955  -45.945  -2.612  14.457 0.1000000015
52828  -45.260  -4.616  13.344 0.1000000015
53358  -46.357  -3.303  13.922 0.1000000015
53357  -45.390  -3.299  13.988 0.1000000015
53956  -46.863  -2.611  14.364 0.1000000015
53362  -44.825  -3.990  13.605 0.1000000015
56276  -43.029  1.631  8.214 0.3000000119
52826  -43.887  -4.013  13.773 0.1000000015
53356  -44.419  -3.313  14.066 0.1000000015
56835  -43.460  2.106  8.823 0.1000000015
56836  -44.373  2.166  8.762 0.1000000015
56819  -43.857  2.677  9.344 0.1000000015
55701  -40.320  0.661  7.346 0.1000000015
55706  -39.898  0.129  6.934 0.1000000015
55707  -40.776  0.262  6.761 0.1000000015
55178  -40.704  -0.807  5.768 0.1000000015
55167  -40.351  -0.349  6.397 0.1000000015
53954  -45.004  -2.652  14.568 0.1000000015
76769  -47.046  -1.395  15.423 0.1000000015
55099  -49.025  -0.523  16.108 0.1000000015
53355  -43.500  -3.376  14.301 0.1000000015
54534  -47.686  -0.926  15.839 0.1000000015
55100  -49.764  -0.233  16.257 0.2000000030
57312  -45.122  3.201  9.854 0.1000000015
87950  -45.497  2.715  9.395 0.2000000030
75128  -45.559  3.589  10.412 0.1000000015
75833  -45.921  3.895  10.937 0.2000000030
57311  -44.239  3.246  9.762 0.1000000015
57725  -46.731  4.535  11.646 0.1000000015
57301  -44.684  3.727  10.137 0.1000000015
57744  -46.087  4.604  11.054 0.1000000015
56833  -41.650  2.003  8.981 0.1000000015
56834  -42.553  2.059  8.898 0.2000000030
57743  -45.235  4.229  10.513 0.1000000015
56274  -41.205  1.498  8.403 0.1000000015
56275  -42.111  1.583  8.283 0.1000000015
77995  -48.275  -0.451  16.164 0.1000000015
54539  -46.117  -1.408  15.627 0.1000000015
55654  -49.826  0.486  16.506 0.2000000030
57302  -46.394  3.375  10.776 0.2000000030
80269  -46.591  3.871  11.498 0.1000000015
57310  -43.361  3.247  9.794 0.1000000015
58162  -46.744  5.369  11.344 0.1000000015
56817  -42.076  2.584  9.516 0.1000000015
56818  -42.969  2.632  9.426 0.1000000015
76236  -51.387  0.785  16.647 0.2000000030
56221  -52.814  1.322  15.525 0.1000000015
54533  -46.736  -0.791  16.147 0.1000000015
55653  -48.894  0.135  16.389 0.1000000015
56778  -50.279  2.781  13.527 0.1000000015
56785  -49.581  2.774  12.908 0.1000000015
56792  -49.585  2.343  12.134 0.1000000015
57277  -49.544  3.423  13.475 0.1000000015
56791  -48.611  2.625  11.753 0.1000000015
75606  -48.951  2.814  12.467 0.1000000015
76519  -47.841  2.711  11.114 0.1000000015
56784  -48.254  3.136  12.477 0.1000000015
57282  -48.873  3.318  12.920 0.1000000015
56783  -47.703  3.077  11.912 0.1000000015
85558  -48.867  3.922  13.286 0.1000000015
57276  -48.202  3.715  12.864 0.1000000015
57715  -49.072  4.730  13.224 0.1000000015
57720  -48.549  5.230  12.689 0.1000000015
57726  -47.258  5.014  11.953 0.1000000015
58160  -47.982  5.600  12.143 0.1000000015
89861  -48.173  6.356  11.699 0.1000000015
57300  -43.781  3.785  10.020 0.1000000015
58163  -47.493  5.926  11.571 0.1000000015
58171  -45.495  5.066  10.473 0.1000000015
58172  -46.176  5.812  10.608 0.1000000015
58173  -47.014  6.362  11.036 0.1000000015
87417  -47.840  6.748  11.234 0.1000000015
55652  -47.902  0.231  16.419 0.1000000015
55098  -47.516  -0.406  16.266 0.1000000015
55101  -50.746  0.115  16.434 0.2000000030
75839  -50.345  3.630  13.991 0.1000000015
57716  -49.631  4.208  13.700 0.1000000015
57303  -47.103  3.193  11.312 0.1000000015
81342  -49.789  5.062  13.526 0.1000000015
58158  -49.473  5.837  12.990 0.1000000015
58623  -49.648  7.006  12.578 0.1000000015
57287  -47.201  3.580  11.934 0.1000000015
57280  -47.169  4.144  12.218 0.1000000015
57299  -42.880  3.828  10.091 0.1000000015
57742  -44.276  4.313  10.110 0.1000000015
75968  -52.640  1.676  15.253 0.2000000030
56214  -50.862  1.430  16.779 0.1000000015
56217  -53.207  2.112  16.015 0.1000000015
57271  -52.197  3.288  14.769 0.1000000015
57270  -51.473  3.853  14.466 0.1000000015
57710  -51.521  4.946  14.357 0.1000000015
57717  -50.588  4.744  13.985 0.1000000015
76572  -50.302  5.834  13.601 0.1000000015
59132  -50.724  7.791  13.724 0.1000000015
58620  -50.100  6.647  13.169 0.1000000015
59131  -50.193  7.482  13.093 0.1000000015
56769  -53.097  2.333  15.826 0.1000000015
55655  -50.562  0.785  16.620 0.1000000015
87717  -52.382  3.960  14.894 0.1000000015
58153  -52.801  5.419  15.032 0.1000000015
57711  -52.240  4.715  14.732 0.1000000015
82962  -52.598  6.228  14.842 0.1000000015
58151  -51.181  5.803  14.105 0.1000000015
58152  -52.081  5.640  14.521 0.1000000015
58614  -51.905  6.745  14.342 0.1000000015
58622  -51.403  7.547  14.127 0.1000000015
58621  -50.837  6.884  13.702 0.1000000015
76805  -48.986  8.611  14.674 0.1000000015
59633  -50.098  8.063  13.199 0.1000000015
88392  -53.009  2.847  16.448 0.1000000015
56766  -53.350  2.860  16.056 0.1000000015
57264  -53.298  3.408  15.833 0.1000000015
56775  -52.696  2.479  15.326 0.2000000030
56215  -51.861  1.563  16.835 0.2000000030
56212  -49.019  1.042  16.559 0.1000000015
75007  -50.165  2.016  16.776 0.1000000015
57259  -52.199  3.259  17.092 0.1000000015
57261  -53.403  3.655  16.120 0.1000000015
57272  -52.802  3.493  15.243 0.1000000015
56763  -49.354  2.519  16.681 0.1000000015
56764  -50.263  2.883  16.855 0.1000000015
75595  -51.190  2.295  16.958 0.1000000015
56762  -48.634  1.944  16.568 0.1000000015
57251  -51.445  3.927  17.163 0.1000000015
57257  -49.314  3.551  16.749 0.1000000015
57258  -50.429  3.756  16.966 0.1000000015
57712  -52.905  4.502  15.189 0.1000000015
76140  -53.229  6.291  15.410 0.1000000015
57256  -48.382  2.949  16.619 0.1000000015
58610  -53.582  6.842  15.829 0.1000000015
59126  -52.928  7.767  15.193 0.1000000015
59125  -52.197  7.861  14.642 0.1000000015
59613  -45.807  8.489  14.228 0.1000000015
59614  -46.758  8.506  14.529 0.1000000015
59615  -47.567  8.619  14.351 0.1000000015
59133  -51.317  8.186  14.385 0.1000000015
59630  -46.427  8.840  13.430 0.1000000015
78451  -48.253  8.627  14.200 0.1000000015
59634  -50.520  8.316  14.102 0.1000000015
57252  -52.236  4.074  17.138 0.1000000015
57704  -53.562  4.637  15.927 0.1000000015
57706  -53.281  4.265  15.602 0.1000000015
77223  -53.432  5.442  16.183 0.1000000015
58146  -53.589  5.953  15.881 0.1000000015
58601  -52.829  6.987  16.706 0.1000000015
78026  -47.519  3.016  16.648 0.1000000015
58602  -53.400  6.939  16.267 0.1000000015
59097  -52.233  8.175  16.813 0.1000000015
60053  -52.299  8.985  15.970 0.1000000015
59590  -53.410  8.027  15.984 0.1000000015
59601  -52.168  8.909  15.547 0.1000000015
59595  -46.143  8.170  15.128 0.1000000015
59598  -48.496  8.577  15.721 0.1000000015
59599  -49.561  8.706  15.632 0.1000000015
59587  -51.065  8.814  16.362 0.1000000015
59617  -51.064  8.691  14.863 0.1000000015
57695  -52.598  4.641  16.874 0.1000000015
57703  -53.232  4.552  16.358 0.1000000015
57693  -50.715  4.590  17.014 0.1000000015
57694  -51.718  4.817  17.133 0.1000000015
58128  -52.336  5.522  16.993 0.1000000015
58127  -51.497  5.831  17.098 0.1000000015
56760  -46.731  2.610  16.721 0.1000000015
57702  -49.727  4.499  16.862 0.1000000015
86255  -50.921  5.299  17.028 0.1000000015
57250  -46.087  3.438  16.885 0.1000000015
57255  -47.809  3.584  16.643 0.1000000015
57701  -48.757  4.488  16.724 0.1000000015
58585  -51.140  6.770  17.132 0.1000000015
59084  -51.651  7.543  17.125 0.1000000015
59083  -50.591  7.652  17.106 0.1000000015
59579  -51.340  8.302  16.892 0.1000000015
59596  -46.922  8.281  15.492 0.1000000015
59597  -47.641  8.427  15.722 0.1000000015
59585  -48.965  8.412  16.409 0.1000000015
57254  -46.993  3.725  16.713 0.1000000015
78473  -48.397  3.797  16.667 0.1000000015
58125  -49.613  6.311  16.928 0.1000000015
59583  -47.218  8.085  16.164 0.1000000015
59094  -48.438  7.916  16.762 0.1000000015
59586  -50.038  8.618  16.357 0.1000000015
76843  -44.437  1.972  17.171 0.1000000015
56757  -45.717  2.610  16.934 0.1000000015
57691  -46.273  4.187  16.831 0.1000000015
57700  -47.763  4.445  16.665 0.1000000015
58139  -48.246  5.350  16.716 0.1000000015
58584  -49.766  7.264  17.016 0.1000000015
59093  -47.598  7.774  16.555 0.1000000015
58600  -48.873  7.193  16.866 0.1000000015
59095  -49.543  8.011  16.936 0.1000000015
87001  -45.663  4.064  16.987 0.1000000015
56754  -43.109  2.355  17.413 0.1000000015
56755  -44.354  2.880  17.273 0.1000000015
75111  -43.814  2.388  17.339 0.1000000015
57249  -45.144  3.406  17.130 0.1000000015
77669  -48.650  6.207  16.782 0.1000000015
58140  -49.167  5.346  16.796 0.1000000015
58138  -47.400  5.402  16.658 0.1000000015
58599  -47.810  6.310  16.706 0.1000000015
57690  -44.974  4.364  17.073 0.1000000015
85583  -48.007  7.297  16.730 0.1000000015
57698  -45.776  4.872  16.750 0.1000000015
57248  -44.155  3.826  17.393 0.1000000015
57699  -46.773  4.813  16.691 0.1000000015
58124  -44.184  4.718  17.086 0.1000000015
58122  -42.487  4.945  17.009 0.1000000015
58123  -43.360  5.014  16.976 0.1000000015
57689  -42.813  4.400  17.311 0.1000000015
85656  -43.548  4.364  17.317 0.1000000015
58137  -45.543  5.823  16.555 0.1000000015
57697  -44.894  5.195  16.777 0.1000000015
85327  -46.360  5.632  16.599 0.1000000015
77773  -44.827  5.881  16.539 0.1000000015
86737  -48.296  4.340  12.940 0.1000000015
57281  -47.637  3.607  12.421 0.1000000015
89683  -47.710  4.057  12.700 0.1000000015
79662  -47.163  8.711  13.781 0.1000000015
74554  -49.668  8.388  13.801 0.1000000015
59135  -49.705  7.827  12.465 0.1000000015
57719  -47.762  4.681  12.509 0.1000000015
90524  -52.840  0.981  15.653 0.2000000030
56820  -44.736  2.697  9.338 0.1000000015
53944  -45.562  -2.001  15.086 0.1000000015
85680  -48.845  6.381  12.186 0.1000000015
56213  -49.973  1.244  16.636 0.1000000015
59616  -50.118  8.652  14.817 0.1000000015
90226  -47.364  8.492  15.071 0.1000000015
78622  -48.030  8.602  14.990 0.1000000015
60060  -51.570  8.964  15.376 0.1000000015
57692  -50.101  5.326  16.926 0.1000000015
51289  -45.218  -7.247  12.394 0.2000000030
79389  -47.088  -5.603  12.869 0.2000000030
51790  -46.554  -6.147  12.629 0.2000000030
52314  -46.338  -5.500  12.975 0.2000000030
52313  -46.141  -4.791  13.278 0.2000000030
52310  -45.119  -5.390  13.067 0.2000000030
51788  -45.468  -6.104  12.780 0.2000000030
51286  -44.550  -6.912  12.780 0.2000000030
50781  -44.690  -7.937  12.396 0.2000000030
51287  -45.648  -6.616  12.511 0.2000000030
49515  -41.718  -10.601  14.508 0.1000000015
50227  -43.386  -8.865  12.831 0.1000000015
50224  -43.986  -8.472  12.691 0.1000000015
48869  -41.998  -10.812  15.263 0.1000000015
48868  -41.681  -11.360  14.919 0.1000000015
50222  -42.517  -9.245  14.362 0.1000000015
49516  -42.027  -9.914  14.379 0.1000000015
81773  -43.217  -8.675  13.552 0.1000000015
50775  -43.685  -7.671  13.530 0.1000000015
79407  -44.366  -7.613  12.761 0.1000000015
50766  -42.882  -8.073  15.929 0.1000000015
51274  -42.997  -7.326  15.438 0.1000000015
50220  -42.461  -9.296  15.281 0.1000000015
50773  -42.803  -8.540  15.400 0.1000000015
50774  -43.226  -8.072  14.469 0.1000000015
51280  -43.237  -7.005  14.434 0.1000000015
51285  -43.651  -6.992  13.550 0.1000000015
51787  -44.301  -6.254  13.043 0.1000000015
50778  -43.371  -8.231  13.878 0.1000000015
50226  -42.611  -9.311  13.413 0.1000000015
48266  -41.676  -12.006  15.250 0.1000000015
49513  -42.190  -9.898  15.097 0.1000000015
50223  -42.903  -8.647  14.501 0.1000000015
50779  -43.913  -8.134  13.160 0.1000000015
50767  -43.130  -7.775  15.015 0.1000000015
51779  -42.962  -6.607  14.983 0.1000000015
51281  -43.317  -7.514  14.206 0.1000000015
52309  -43.908  -5.752  13.414 0.1000000015
46339  -34.056  -15.243  18.998 0.1000000015
46976  -51.613  -14.735  16.415 0.1000000015
47596  -36.314  -13.360  18.165 0.1000000015
48237  -33.653  -12.386  19.417 0.1000000015
48331  -60.238  -11.809  7.490 0.1000000015
48809  -29.984  -11.200  23.275 0.1000000015
48837  -34.228  -11.899  19.096 0.1000000015
48838  -35.733  -11.249  18.819 0.1000000015
48931  -59.515  -11.158  7.695 0.1000000015
49438  -29.883  -10.362  24.004 0.1000000015
49488  -34.637  -10.444  19.930 0.1000000015
49494  -35.191  -10.769  19.307 0.1000000015
49548  -55.927  -10.838  9.192 0.1000000015
49573  -59.767  -10.838  7.959 0.1000000015
49694  -52.418  -9.673  -4.298 0.2000000030
50200  -35.727  -9.780  20.478 0.1000000015
50361  -49.661  -8.505  -5.169 0.2000000030
50362  -50.516  -8.648  -4.963 0.2000000030
50741  -34.219  -8.049  22.275 0.1000000015
50864  -53.303  -8.166  -3.716 0.2000000030
50867  -52.580  -8.376  -4.545 0.2000000030
51373  -52.617  -7.041  -3.734 0.2000000030
51379  -52.712  -7.233  -4.225 0.2000000030
51380  -53.326  -7.693  -3.988 0.2000000030
51887  -52.336  -6.677  -3.933 0.2000000030
53479  -44.030  -3.333  -1.842 0.5000000000
54672  -49.366  -1.044  0.218 1.0000000000
54680  -48.989  -0.968  -0.764 1.0000000000
55122  -54.958  0.031  11.698 0.6000000238
55161  -55.553  -0.056  7.475 0.6999999881
55172  -55.418  0.087  6.871 0.6999999881
55173  -55.492  0.295  7.174 0.6999999881
55233  -49.640  -0.489  -1.638 0.8999999762
55236  -52.315  0.017  -0.774 0.8999999762
55242  -49.058  -0.452  -2.643 0.8999999762
55245  -51.748  -0.073  -1.077 0.8999999762
55248  -48.826  -0.368  -3.295 0.8000000119
55249  -49.038  -0.101  -2.881 0.8999999762
55671  -55.131  0.059  11.160 0.6000000238
55685  -55.209  0.320  9.201 0.6999999881
55752  -52.808  0.426  0.725 0.8999999762
55763  -48.690  0.418  -1.740 0.8000000119
55765  -51.554  0.245  -0.867 0.8999999762
55772  -48.435  0.356  -2.967 0.8000000119
55778  -48.582  -0.026  -3.675 0.8000000119
56298  -55.194  0.775  7.700 0.6999999881
56765  -52.209  2.401  16.949 0.1000000015
57260  -52.883  3.821  16.696 0.1000000015
58126  -50.585  6.041  17.022 0.1000000015
58141  -53.018  6.128  16.612 0.1000000015
58142  -53.583  6.286  16.110 0.1000000015
58143  -53.720  6.903  15.959 0.1000000015
58154  -53.304  5.173  15.574 0.1000000015
58586  -52.149  6.617  17.083 0.1000000015
58615  -52.749  7.056  14.973 0.1000000015
58616  -53.303  7.259  15.548 0.1000000015
59085  -52.398  7.450  16.925 0.1000000015
59096  -50.496  8.291  16.798 0.1000000015
59098  -53.042  7.723  16.440 0.1000000015
59099  -53.593  7.464  16.063 0.1000000015
59113  -53.560  7.510  15.886 0.1000000015
59127  -53.240  7.980  15.636 0.1000000015
59584  -48.010  8.251  16.358 0.1000000015
59588  -51.947  8.833  16.388 0.1000000015
59589  -52.674  8.467  16.239 0.1000000015
59600  -50.792  8.894  15.619 0.1000000015
59602  -52.774  8.497  15.780 0.1000000015
59618  -51.871  8.637  14.949 0.1000000015
59619  -52.591  8.343  15.262 0.1000000015
60052  -51.711  9.130  15.889 0.1000000015
72747  -47.969  -8.375  -5.503 0.3000000119
72752  -48.374  -6.888  -4.875 0.3000000119
72755  -50.508  -6.208  -3.768 0.3000000119
72759  -49.855  -6.212  -4.145 0.3000000119
72764  -50.799  -7.014  -4.686 0.2000000030
72831  -46.563  0.183  -2.481 0.8000000119
72834  -46.971  -0.561  -2.502 0.8000000119
72837  -47.666  -1.102  -2.084 0.8000000119
72842  -47.367  0.428  -2.427 0.8000000119
73354  -48.207  -7.872  -5.592 0.3000000119
73498  -51.556  -6.301  -3.808 0.2000000030
74337  -49.988  -6.968  -4.776 0.2000000030
74642  -51.205  3.142  17.050 0.1000000015
74906  -49.421  1.753  16.638 0.1000000015
75451  -43.563  3.064  17.430 0.1000000015
77297  -52.793  -0.083  -0.280 0.8999999762
79709  -50.709  -6.126  -3.974 0.3000000119
80993  -51.439  -14.531  15.484 0.1000000015
83230  -52.959  5.229  16.621 0.1000000015
86346  -52.777  0.006  -0.380 0.8999999762
87065  -49.134  -6.966  -4.828 0.2000000030
87069  -59.787  -10.806  7.970 0.1000000015
87497  -50.318  6.820  17.075 0.1000000015
87547  -55.564  0.210  8.463 0.6999999881
87813  -31.007  -10.517  25.880 0.1000000015
87838  -46.280  -0.122  1.183 0.6999999881
88932  -52.799  0.703  14.962 0.3000000119
89238  -47.917  -5.867  11.406 0.6999999881
89254  -48.309  6.777  16.770 0.1000000015
89576  -51.313  -0.770  6.472 0.6000000238
89604  -51.902  0.051  -1.039 0.8999999762
89611  -48.819  -7.831  -5.441 0.3000000119
89676  -46.875  5.477  16.628 0.1000000015
89932  -47.782  -6.937  -4.829 0.3000000119
90450  -53.329  7.666  15.626 0.1000000015
90624  -51.734  2.758  17.099 0.1000000015
