#!ascii label  , from subject sub-01 vox2ras=TkReg
1991
13695  -17.205  -67.865  38.739 0.3333329856
14314  -18.899  -65.964  38.924 0.3333329856
16394  -20.076  -64.040  38.707 0.3333329856
16376  -20.055  -63.888  40.519 0.4444440007
16400  -20.022  -63.791  38.131 0.3333329856
16399  -19.246  -63.569  37.864 0.4444440007
16403  -19.016  -63.394  36.836 0.4444440007
16406  -18.024  -63.225  35.264 0.5555559993
17014  -17.121  -63.165  34.823 0.6666669846
17013  -16.330  -63.103  34.425 0.7777780294
13693  -13.866  -67.322  38.538 0.3333329856
13073  -14.628  -67.669  39.495 0.4444440007
13687  -16.611  -66.872  41.113 0.4444440007
15061  -18.391  -65.756  40.155 0.3333329856
14309  -17.842  -65.622  41.096 0.4444440007
15056  -18.861  -65.138  40.752 0.4444440007
16393  -19.457  -63.772  38.830 0.4444440007
16392  -18.484  -63.441  38.583 0.6666669846
16398  -18.202  -63.219  37.639 0.6666669846
16402  -17.984  -63.155  36.183 0.7777780294
17004  -17.127  -62.851  36.685 0.6666669846
76772  -16.398  -63.042  35.160 0.7777780294
17018  -16.254  -63.104  33.529 0.5555559993
71952  -16.130  -63.042  32.594 0.5555559993
14323  -13.639  -66.671  38.427 0.2222220004
13688  -14.495  -67.259  39.836 0.4444440007
14307  -16.227  -66.479  41.145 0.4444440007
15055  -18.324  -64.978  41.110 0.5555559993
16366  -19.328  -64.033  40.996 0.5555559993
16384  -18.882  -63.666  39.746 0.6666669846
88350  -17.874  -63.109  36.935 0.6666669846
17000  -17.320  -62.807  37.488 0.6666669846
17008  -15.922  -62.829  35.753 0.7777780294
17012  -15.479  -62.889  34.095 0.6666669846
76552  -15.644  -62.885  34.968 0.7777780294
17017  -15.382  -62.839  33.152 0.6666669846
17023  -15.230  -62.743  32.207 0.5555559993
17025  -15.070  -62.474  31.145 0.5555559993
74119  -16.001  -61.547  29.457 0.5555559993
71972  -18.060  -60.291  28.645 0.3333329856
17016  -14.587  -62.445  32.807 0.7777780294
86734  -14.214  -61.954  31.150 0.7777780294
17676  -15.085  -61.270  29.667 0.5555559993
18413  -16.487  -60.195  28.787 0.5555559993
18414  -17.214  -60.238  28.736 0.3333329856
17672  -14.564  -61.754  30.407 0.7777780294
18409  -15.726  -60.505  29.055 0.6666669846
71978  -18.668  -59.419  28.587 0.4444440007
19031  -17.699  -59.256  28.761 0.7777780294
75705  -20.524  -59.420  28.453 0.5555559993
13699  -10.825  -67.268  38.013 0.1111110002
14322  -12.624  -66.689  38.091 0.2222220004
14315  -14.285  -66.696  39.270 0.2222220004
14306  -15.391  -66.830  41.153 0.3333329856
15051  -14.740  -66.368  41.054 0.2222220004
15053  -16.551  -65.547  41.132 0.3333329856
15763  -18.453  -64.383  41.118 0.5555559993
13698  -9.792  -67.189  37.937 0.1111110002
16383  -17.798  -63.255  39.344 0.6666669846
16391  -17.550  -62.946  38.347 0.6666669846
17003  -16.234  -62.630  36.533 0.6666669846
17007  -15.109  -62.606  35.544 0.7777780294
17011  -14.686  -62.453  34.760 0.7777780294
76594  -14.681  -62.491  33.711 0.7777780294
88075  -14.095  -62.083  33.329 0.7777780294
17671  -13.742  -61.071  30.823 0.7777780294
77361  -14.370  -60.972  30.036 0.7777780294
19023  -15.395  -59.449  29.213 0.7777780294
73707  -22.438  -60.478  28.206 0.5555559993
19025  -17.014  -58.799  29.101 0.7777780294
19648  -20.022  -58.442  28.356 0.6666669846
19032  -21.290  -59.504  28.535 0.6666669846
71971  -23.116  -60.396  28.193 0.5555559993
19026  -18.410  -58.460  28.736 0.7777780294
19027  -19.184  -58.491  28.476 0.7777780294
87263  -21.969  -59.759  28.466 0.6666669846
14321  -10.290  -66.395  38.193 0.1111110002
79943  -11.483  -66.312  38.031 0.2222220004
80141  -14.024  -65.900  38.850 0.2222220004
15058  -14.104  -65.169  39.367 0.2222220004
15052  -15.669  -65.952  41.174 0.3333329856
15762  -16.858  -64.644  41.097 0.6666669846
16375  -18.251  -63.461  40.686 0.7777780294
14327  -7.968  -67.129  37.621 0.1111110002
16989  -16.903  -62.590  39.025 0.7777780294
17002  -15.122  -62.340  36.398 0.7777780294
17661  -13.954  -61.966  34.135 0.7777780294
17667  -13.397  -60.953  31.665 0.7777780294
18399  -13.296  -60.432  31.375 0.7777780294
19022  -14.546  -59.449  29.767 0.8888890147
19033  -22.644  -59.662  28.469 0.6666669846
19649  -20.855  -58.529  28.614 0.6666669846
19034  -23.440  -59.660  28.248 0.6666669846
19650  -21.851  -58.843  28.735 0.7777780294
15766  -14.256  -64.381  39.683 0.3333329856
14320  -9.194  -66.371  38.207 0.2222220004
15059  -14.553  -65.276  40.301 0.3333329856
15060  -15.181  -65.268  41.035 0.4444440007
80315  -17.124  -63.332  40.583 0.6666669846
14319  -8.326  -66.343  38.216 0.1111110002
16982  -17.053  -62.989  39.850 0.6666669846
16996  -16.738  -62.439  38.166 0.6666669846
16999  -16.518  -62.452  37.329 0.7777780294
17652  -14.842  -61.747  37.070 0.7777780294
17648  -14.274  -61.070  37.386 0.4444440007
16998  -15.656  -62.148  37.196 0.8888890147
17651  -14.207  -61.329  36.511 0.7777780294
17654  -13.879  -61.239  35.760 0.6666669846
17657  -13.890  -61.665  35.046 0.8888890147
18394  -13.053  -60.325  33.061 0.7777780294
19006  -13.026  -59.563  32.439 0.7777780294
18395  -13.066  -60.369  32.076 0.8888890147
18403  -13.483  -59.974  30.830 0.8888890147
19635  -15.047  -58.670  29.730 0.8888890147
19636  -17.651  -58.159  29.166 0.7777780294
77403  -18.835  -57.785  28.573 0.7777780294
19658  -24.254  -58.644  27.706 0.6666669846
18382  -13.801  -60.416  37.050 0.2222220004
18385  -13.657  -60.371  36.150 0.2222220004
18384  -13.725  -59.866  36.831 0.1111110002
18388  -13.486  -60.714  35.275 0.7777780294
80182  -13.448  -59.871  35.437 0.5555559993
19000  -13.501  -59.357  34.680 0.2222220004
18391  -13.214  -60.203  34.651 0.7777780294
19003  -13.107  -59.774  33.913 0.5555559993
19617  -13.631  -57.976  32.300 0.6666669846
19623  -13.699  -58.132  31.472 0.8888890147
20307  -15.386  -57.381  30.807 0.6666669846
19629  -14.777  -58.084  30.337 0.8888890147
80794  -16.567  -58.061  29.547 0.8888890147
19637  -18.364  -57.736  28.952 0.7777780294
19640  -21.247  -57.722  28.819 0.8888890147
19651  -22.952  -58.830  28.723 0.6666669846
19652  -23.896  -58.759  28.534 0.6666669846
77261  -24.256  -58.165  27.174 0.6666669846
20375  -23.718  -57.976  26.129 0.6666669846
20365  -24.113  -57.510  26.909 0.7777780294
20374  -22.602  -57.718  25.603 0.7777780294
72164  -21.695  -57.144  23.445 0.6666669846
90438  -14.380  -57.713  33.278 0.1111110002
20295  -14.845  -57.198  31.775 0.4444440007
20326  -17.371  -57.558  29.710 0.8888890147
19639  -20.412  -57.447  28.382 0.8888890147
20342  -24.354  -57.948  28.371 0.8888890147
86389  -20.778  -57.109  24.352 0.6666669846
72163  -21.018  -56.547  26.317 0.7777780294
84344  -21.175  -55.716  23.128 0.6666669846
74012  -24.076  -54.341  22.434 0.6666669846
73191  -25.203  -53.870  22.203 0.6666669846
19608  -14.941  -57.926  34.430 0.1111110002
79197  -16.891  -56.825  31.866 0.4444440007
88613  -16.190  -56.937  32.515 0.4444440007
20309  -18.516  -56.760  30.107 0.5555559993
20296  -16.383  -57.069  30.939 0.5555559993
20310  -19.358  -56.293  29.629 0.6666669846
20330  -20.855  -56.651  28.761 0.6666669846
20329  -19.794  -56.365  28.424 0.8888890147
20331  -21.623  -57.112  29.261 0.6666669846
19641  -22.243  -57.974  29.072 0.7777780294
21080  -22.423  -56.442  26.901 0.7777780294
84226  -20.128  -55.516  24.634 0.7777780294
22426  -22.776  -54.087  23.285 0.6666669846
84354  -25.761  -52.281  22.071 0.6666669846
84063  -26.928  -51.529  20.632 0.7777780294
84352  -30.510  -53.253  23.662 0.6666669846
73246  -30.478  -51.056  22.270 0.7777780294
73493  -30.266  -53.796  25.158 0.6666669846
75251  -15.801  -57.532  34.217 0.1111110002
75001  -16.733  -57.312  33.996 0.1111110002
75491  -16.885  -56.970  33.009 0.1111110002
86416  -18.001  -56.729  31.291 0.4444440007
20291  -18.741  -56.650  32.191 0.4444440007
20298  -19.890  -56.126  30.251 0.4444440007
20311  -20.303  -55.924  29.367 0.5555559993
20332  -22.571  -57.355  29.608 0.6666669846
19643  -24.098  -58.004  29.017 0.7777780294
21071  -24.389  -56.852  27.492 0.7777780294
73605  -20.363  -55.580  25.965 0.8888890147
22413  -21.523  -54.325  24.254 0.7777780294
22414  -22.762  -53.653  24.259 0.8888890147
83941  -24.573  -53.234  22.928 0.7777780294
72139  -24.202  -52.856  24.084 0.8888890147
84134  -25.207  -52.071  23.224 0.8888890147
73031  -26.199  -50.479  22.246 0.8888890147
86350  -30.945  -51.306  25.038 0.7777780294
84821  -41.939  -50.232  28.881 0.2222220004
83940  -29.503  -49.130  24.090 0.7777780294
84145  -30.059  -53.089  26.153 0.7777780294
84518  -29.828  -55.050  27.168 0.7777780294
83960  -41.590  -50.333  29.614 0.3333329856
73911  -29.523  -53.353  27.143 0.7777780294
73369  -29.698  -54.171  26.781 0.7777780294
84858  -41.162  -50.424  29.197 0.3333329856
83904  -41.354  -50.096  28.532 0.3333329856
84804  -40.905  -50.764  28.960 0.5555559993
20280  -17.479  -57.399  34.818 0.1111110002
20285  -17.665  -57.085  33.697 0.1111110002
20297  -19.178  -56.475  30.952 0.3333329856
21021  -20.091  -56.311  31.184 0.3333329856
20312  -21.137  -56.400  29.631 0.4444440007
20333  -24.038  -57.538  29.627 0.7777780294
21059  -24.681  -57.118  28.139 0.7777780294
82749  -23.436  -55.855  27.016 0.7777780294
87908  -22.605  -54.631  26.074 0.8888890147
22401  -23.251  -53.611  25.008 0.8888890147
84551  -42.917  -50.267  28.124 0.1111110002
84334  -25.375  -51.147  24.079 0.8888890147
84721  -26.977  -49.153  23.821 0.8888890147
73140  -42.659  -50.529  28.952 0.1111110002
73362  -27.977  -49.299  25.975 0.8888890147
72111  -29.864  -51.646  26.673 0.8888890147
73703  -29.640  -54.333  27.405 0.7777780294
84862  -41.682  -50.067  27.938 0.3333329856
84153  -42.286  -50.213  28.177 0.3333329856
73704  -30.017  -54.306  27.775 0.8888890147
73504  -29.989  -53.879  28.043 0.7777780294
84884  -40.916  -50.665  27.921 0.3333329856
84754  -41.049  -50.202  27.479 0.3333329856
84854  -40.442  -50.604  27.283 0.4444440007
84740  -40.209  -50.315  28.079 0.5555559993
83859  -40.402  -50.467  28.005 0.5555559993
73020  -39.843  -50.809  30.665 0.8888890147
84759  -40.003  -50.151  29.510 0.8888890147
20299  -20.606  -56.224  30.359 0.4444440007
20313  -21.928  -56.825  30.015 0.4444440007
77069  -23.478  -57.319  29.954 0.3333329856
20343  -24.503  -57.214  29.011 0.4444440007
21722  -24.408  -55.781  27.227 0.7777780294
22391  -23.804  -53.973  25.695 0.7777780294
74331  -24.492  -52.955  24.899 0.8888890147
72125  -26.220  -50.531  25.392 0.7777780294
73646  -28.602  -51.044  26.846 0.8888890147
72116  -28.647  -52.786  27.387 0.8888890147
88189  -28.962  -53.350  27.597 0.8888890147
72131  -29.381  -53.604  27.689 0.8888890147
73110  -30.599  -54.432  28.242 0.6666669846
74065  -42.686  -50.066  27.501 0.2222220004
84302  -29.262  -53.331  28.029 0.8888890147
83928  -29.850  -53.717  28.046 0.8888890147
22392  -30.270  -53.400  28.254 0.8888890147
72126  -31.148  -52.907  28.165 0.6666669846
74437  -32.131  -51.914  27.794 0.7777780294
72160  -42.011  -50.063  27.380 0.2222220004
74141  -31.224  -52.170  28.060 0.8888890147
74040  -33.077  -50.552  28.351 0.6666669846
84886  -41.265  -50.256  27.037 0.2222220004
75785  -33.946  -50.183  29.053 0.8888890147
72143  -34.903  -50.380  29.851 0.8888890147
83924  -40.555  -50.600  26.659 0.3333329856
25486  -34.323  -49.528  29.632 0.8888890147
24833  -35.548  -49.952  30.613 0.8888890147
79335  -36.508  -51.042  31.394 0.7777780294
84738  -39.923  -50.549  27.180 0.5555559993
83475  -37.019  -50.869  31.755 0.8888890147
83576  -38.161  -50.195  32.243 0.8888890147
84221  -39.368  -50.594  32.299 0.8888890147
84736  -40.308  -49.966  28.752 0.8888890147
24827  -39.023  -49.972  32.381 0.8888890147
83935  -40.324  -50.163  32.194 0.8888890147
84879  -40.348  -49.944  29.640 0.8888890147
21022  -20.907  -56.491  31.389 0.1111110002
21072  -24.911  -56.265  27.882 0.6666669846
21060  -25.026  -56.437  28.612 0.3333329856
87809  -25.102  -55.387  27.673 0.4444440007
21732  -23.861  -54.868  26.526 0.6666669846
79980  -24.682  -53.524  25.971 0.7777780294
72136  -25.298  -52.147  25.255 0.7777780294
84363  -27.090  -51.513  26.490 0.7777780294
86268  -42.388  -49.918  26.938 0.2222220004
73511  -42.981  -49.554  26.820 0.1111110002
83568  -29.301  -53.088  28.401 0.8888890147
73373  -32.231  -50.890  27.843 0.7777780294
72156  -42.761  -49.267  26.119 0.2222220004
72121  -29.917  -53.009  28.429 0.8888890147
72122  -30.299  -52.488  28.371 0.8888890147
73330  -31.352  -51.245  28.042 0.8888890147
73819  -41.809  -50.038  26.487 0.2222220004
25451  -37.651  -49.391  32.241 0.6666669846
77224  -39.425  -49.474  32.369 0.3333329856
25467  -40.394  -49.213  31.876 0.3333329856
73199  -40.488  -48.838  29.803 0.4444440007
84855  -40.915  -50.446  26.203 0.2222220004
25466  -35.907  -49.539  31.167 0.7777780294
24826  -36.692  -50.100  31.635 0.7777780294
73064  -40.400  -49.499  30.458 0.6666669846
84010  -40.598  -49.271  29.065 0.6666669846
84757  -40.249  -49.867  27.840 0.8888890147
83820  -39.729  -49.880  27.102 0.8888890147
84882  -40.002  -50.879  26.551 0.5555559993
84753  -40.213  -50.826  26.024 0.4444440007
84897  -40.036  -49.848  32.349 0.7777780294
84896  -40.382  -49.648  29.696 0.8888890147
83814  -39.979  -50.358  27.681 0.8888890147
72955  -39.698  -50.633  26.380 0.8888890147
85706  -40.410  -50.000  31.121 0.8888890147
84417  -40.362  -49.948  30.460 0.8888890147
84863  -39.795  -50.699  25.862 0.5555559993
21723  -25.768  -54.673  27.736 0.5555559993
21724  -26.577  -54.034  27.811 0.4444440007
22384  -26.310  -53.461  27.077 0.5555559993
72135  -25.770  -52.643  26.207 0.6666669846
72133  -27.508  -52.973  27.350 0.6666669846
26011  -36.363  -48.331  34.383 0.1111110002
88662  -27.840  -53.394  27.951 0.7777780294
73830  -28.199  -53.232  28.877 0.7777780294
26026  -36.848  -48.210  33.304 0.1111110002
84537  -28.496  -53.357  28.070 0.7777780294
25436  -35.813  -48.593  32.793 0.4444440007
25437  -36.461  -48.662  32.643 0.2222220004
25438  -37.872  -48.418  32.515 0.1111110002
75566  -43.216  -48.751  26.259 0.1111110002
88053  -37.121  -48.711  32.426 0.2222220004
74320  -29.804  -51.814  28.802 0.8888890147
72127  -30.510  -51.569  28.413 0.8888890147
84246  -31.466  -50.251  28.165 0.8888890147
84529  -32.294  -49.806  28.120 0.8888890147
25494  -33.071  -49.453  28.545 0.8888890147
72148  -40.924  -47.983  27.699 0.2222220004
72155  -42.158  -49.335  24.977 0.2222220004
72159  -42.289  -49.554  25.768 0.2222220004
25452  -38.583  -49.401  32.299 0.4444440007
83974  -40.063  -48.232  27.104 0.5555559993
84917  -40.735  -48.691  27.666 0.5555559993
73381  -41.508  -49.993  25.423 0.2222220004
25473  -34.016  -48.836  30.009 0.8888890147
25474  -34.828  -49.282  30.239 0.7777780294
24825  -36.271  -49.847  31.398 0.7777780294
83643  -36.891  -49.327  32.051 0.7777780294
84761  -40.205  -48.967  27.305 0.6666669846
84953  -39.873  -49.424  27.260 0.7777780294
84881  -39.249  -49.445  26.638 0.8888890147
84317  -39.328  -50.264  25.787 0.8888890147
84017  -41.039  -50.165  24.618 0.2222220004
84883  -40.647  -50.487  25.344 0.4444440007
84944  -38.492  -49.299  25.610 0.7777780294
84741  -39.479  -50.368  25.116 0.5555559993
83905  -40.011  -50.670  25.206 0.5555559993
73643  -27.119  -53.935  28.384 0.4444440007
73392  -27.714  -53.536  28.550 0.5555559993
76482  -35.298  -48.556  33.657 0.1111110002
26025  -36.072  -48.528  33.635 0.1111110002
23070  -28.427  -53.117  29.535 0.7777780294
25448  -35.067  -48.425  32.794 0.3333329856
26099  -43.353  -47.983  25.768 0.1111110002
23787  -28.798  -52.817  29.123 0.7777780294
73948  -29.282  -52.440  28.970 0.8888890147
86976  -34.860  -48.427  32.033 0.4444440007
26098  -42.763  -48.649  25.376 0.2222220004
74750  -30.681  -50.672  28.528 0.8888890147
25449  -35.729  -48.729  31.860 0.6666669846
25450  -36.314  -49.047  31.926 0.4444440007
25484  -32.870  -48.700  28.889 0.8888890147
25508  -41.647  -49.708  24.625 0.2222220004
26105  -42.459  -48.740  24.553 0.1111110002
25485  -33.675  -49.079  29.190 0.8888890147
25465  -35.181  -48.779  31.096 0.7777780294
84880  -38.761  -48.173  26.518 0.6666669846
83831  -38.583  -48.898  26.161 0.7777780294
26104  -42.063  -49.261  24.182 0.2222220004
84954  -37.926  -48.266  25.832 0.7777780294
84758  -38.054  -48.790  25.527 0.7777780294
72951  -38.812  -49.791  25.140 0.8888890147
84803  -39.806  -50.414  24.363 0.7777780294
84857  -40.398  -50.472  24.648 0.5555559993
25512  -41.419  -49.818  23.934 0.5555559993
84948  -38.470  -49.602  24.297 0.8888890147
84743  -39.265  -50.129  23.788 0.8888890147
72129  -27.592  -54.474  30.310 0.3333329856
84545  -27.394  -53.983  29.330 0.5555559993
74482  -27.939  -53.760  29.967 0.3333329856
26040  -33.334  -48.426  32.482 0.2222220004
26024  -34.486  -48.545  33.542 0.1111110002
26009  -34.808  -48.615  34.262 0.1111110002
76089  -28.479  -53.016  30.223 0.3333329856
23784  -28.694  -52.665  29.684 0.2222220004
78580  -34.222  -48.447  32.672 0.2222220004
24331  -28.860  -52.103  29.742 0.5555559993
80007  -33.121  -48.359  31.661 0.3333329856
24332  -29.301  -51.561  29.422 0.6666669846
87822  -34.089  -48.377  31.634 0.5555559993
24333  -29.941  -51.042  28.999 0.8888890147
24851  -30.207  -50.168  29.147 0.8888890147
25464  -34.364  -48.601  30.707 0.7777780294
73228  -39.285  -46.565  25.903 0.4444440007
25492  -31.554  -49.252  28.509 0.8888890147
26080  -32.081  -48.619  28.898 0.7777780294
26074  -32.529  -48.482  29.416 0.7777780294
83821  -38.223  -47.456  25.821 0.4444440007
73047  -39.411  -47.397  26.539 0.4444440007
83854  -37.439  -47.360  24.948 0.5555559993
26110  -42.468  -48.496  23.719 0.2222220004
26602  -42.781  -48.029  24.486 0.1111110002
84798  -36.965  -47.379  23.972 0.6666669846
83923  -36.814  -48.025  24.721 0.7777780294
84955  -37.477  -48.495  25.140 0.7777780294
83824  -39.872  -50.348  23.690 0.7777780294
72980  -40.517  -50.308  23.854 0.5555559993
84536  -41.088  -49.940  23.069 0.5555559993
84727  -36.521  -47.940  22.848 0.7777780294
84735  -37.186  -48.631  23.087 0.7777780294
72950  -37.409  -48.804  24.198 0.8888890147
84731  -38.380  -49.571  23.214 0.8888890147
83830  -39.856  -50.215  22.905 0.8888890147
26109  -41.877  -49.283  23.352 0.3333329856
83823  -38.973  -49.746  22.120 0.8888890147
73136  -40.762  -49.865  22.134 0.7777780294
76914  -41.635  -49.344  22.494 0.6666669846
84265  -28.234  -53.625  30.518 0.2222220004
87970  -28.455  -53.234  30.959 0.2222220004
24316  -28.584  -51.681  31.218 0.2222220004
23777  -28.568  -52.400  30.491 0.2222220004
26039  -32.333  -48.410  32.212 0.1111110002
24322  -28.881  -51.493  30.268 0.3333329856
24832  -29.485  -49.953  30.850 0.4444440007
26062  -30.883  -48.757  30.933 0.2222220004
26055  -32.447  -48.351  31.169 0.2222220004
24850  -29.460  -50.616  29.902 0.4444440007
24840  -30.056  -49.705  29.961 0.4444440007
25471  -30.683  -49.064  30.030 0.2222220004
26063  -31.743  -48.459  30.603 0.2222220004
28226  -40.025  -45.196  25.355 0.2222220004
73607  -40.233  -45.307  26.033 0.2222220004
25482  -30.733  -49.428  29.212 0.6666669846
25483  -31.330  -48.817  29.324 0.6666669846
26064  -32.547  -48.396  30.202 0.6666669846
26065  -33.413  -48.428  30.728 0.5555559993
84301  -39.276  -45.862  25.223 0.2222220004
24857  -30.889  -49.911  28.665 0.7777780294
72151  -38.582  -45.920  24.530 0.3333329856
83972  -38.338  -46.633  25.179 0.3333329856
84458  -37.865  -46.215  23.716 0.5555559993
85671  -37.233  -46.935  22.969 0.6666669846
78217  -42.289  -48.692  22.787 0.2222220004
72954  -36.809  -47.457  22.030 0.7777780294
84952  -37.082  -48.567  22.047 0.7777780294
90376  -42.125  -48.841  22.060 0.6666669846
84760  -36.490  -47.861  21.030 0.7777780294
84943  -36.588  -48.115  21.764 0.7777780294
84785  -39.334  -49.907  21.145 0.8888890147
25529  -40.561  -49.951  21.022 0.7777780294
83815  -37.114  -48.604  20.773 0.8888890147
84742  -38.508  -49.538  20.468 0.8888890147
72147  -40.231  -44.541  25.067 0.2222220004
85036  -40.128  -44.241  24.618 0.2222220004
73765  -39.779  -44.265  24.004 0.4444440007
84104  -38.929  -45.113  23.859 0.4444440007
82720  -38.721  -44.852  22.156 0.7777780294
83900  -38.396  -45.391  23.012 0.5555559993
90203  -37.755  -46.146  22.995 0.6666669846
83855  -37.668  -46.144  22.245 0.6666669846
73010  -38.030  -45.552  21.296 0.7777780294
83973  -37.121  -46.879  21.231 0.6666669846
84797  -36.573  -47.495  20.384 0.7777780294
72978  -37.238  -46.425  20.364 0.7777780294
83822  -36.441  -47.584  19.422 0.8888890147
83813  -36.393  -48.152  19.803 0.7777780294
84946  -37.143  -48.674  19.646 1.0000000000
74356  -40.024  -49.744  19.354 0.8888890147
26127  -41.553  -49.153  19.714 0.8888890147
83910  -37.163  -46.182  19.232 1.0000000000
84730  -36.774  -48.596  18.811 1.0000000000
73227  -39.452  -49.340  18.758 1.0000000000
26141  -40.635  -49.152  18.512 0.8888890147
87227  -42.388  -48.512  18.414 1.0000000000
27129  -42.593  -47.343  19.546 0.8888890147
84728  -36.964  -48.523  18.047 1.0000000000
84729  -36.267  -48.425  17.811 1.0000000000
26632  -38.987  -48.594  17.446 1.0000000000
27137  -42.092  -48.525  17.769 1.0000000000
27138  -42.884  -47.889  18.497 0.8888890147
83856  -36.495  -46.960  17.389 1.0000000000
85107  -35.941  -48.090  17.157 1.0000000000
27135  -37.350  -48.338  17.041 1.0000000000
27136  -39.956  -48.281  17.180 0.8888890147
27691  -41.464  -47.781  16.947 1.0000000000
84737  -36.849  -47.528  16.238 1.0000000000
27690  -39.316  -47.744  16.554 1.0000000000
28793  -40.226  -43.910  25.208 0.2222220004
72149  -40.039  -43.957  24.265 0.5555559993
28797  -39.696  -43.581  24.724 0.3333329856
74364  -39.873  -43.992  23.556 0.5555559993
28240  -39.466  -44.315  23.066 0.6666669846
28812  -39.410  -44.059  22.130 0.8888890147
73005  -38.976  -44.436  21.295 0.8888890147
84106  -38.200  -45.087  20.461 0.7777780294
74777  -42.582  -46.376  20.066 0.8888890147
84714  -37.557  -45.284  18.794 1.0000000000
27692  -42.798  -47.601  18.224 0.8888890147
27686  -42.536  -46.333  19.269 0.8888890147
27698  -41.083  -47.211  16.152 1.0000000000
74537  -42.906  -46.860  17.111 1.0000000000
74984  -42.321  -45.748  18.518 0.7777780294
28274  -37.375  -45.147  17.831 1.0000000000
27697  -39.089  -47.161  15.916 1.0000000000
27699  -42.993  -45.981  16.260 1.0000000000
28275  -42.143  -45.036  17.720 0.7777780294
27706  -40.565  -46.735  15.369 1.0000000000
81114  -41.373  -45.983  14.925 1.0000000000
28802  -39.718  -44.021  22.941 0.7777780294
28824  -39.318  -44.010  21.353 0.7777780294
28258  -38.957  -44.169  20.601 0.8888890147
84713  -38.319  -44.655  19.781 1.0000000000
75273  -38.299  -44.313  19.254 1.0000000000
28283  -37.202  -45.388  16.429 1.0000000000
28293  -42.223  -45.424  15.584 1.0000000000
28284  -42.346  -44.643  16.655 1.0000000000
28853  -37.522  -44.364  17.325 1.0000000000
27704  -37.610  -46.542  15.838 1.0000000000
27715  -39.213  -46.008  14.853 1.0000000000
27716  -40.178  -46.107  14.675 1.0000000000
90496  -41.616  -45.220  15.027 1.0000000000
28294  -42.211  -44.319  15.977 0.8888890147
28854  -41.939  -43.563  16.735 0.6666669846
28860  -37.507  -44.601  16.215 1.0000000000
28292  -37.730  -45.485  15.784 1.0000000000
28300  -38.265  -45.170  15.351 1.0000000000
27724  -39.549  -45.546  14.446 1.0000000000
28877  -40.270  -44.042  14.088 1.0000000000
29483  -40.764  -43.410  14.625 1.0000000000
29480  -41.222  -43.002  15.402 1.0000000000
29482  -39.908  -43.285  14.433 1.0000000000
29479  -40.405  -42.669  15.074 1.0000000000
78552  -39.323  -43.714  23.037 0.3333329856
28811  -39.371  -43.918  22.161 0.5555559993
28823  -39.137  -43.838  21.442 0.7777780294
78122  -38.762  -43.532  21.873 0.4444440007
29422  -38.509  -43.477  21.282 0.6666669846
28833  -39.027  -43.923  20.696 0.8888890147
76861  -37.936  -43.070  21.954 0.5555559993
89892  -38.863  -44.092  20.049 1.0000000000
29434  -38.259  -43.438  20.526 0.8888890147
28267  -38.674  -43.825  19.912 0.8888890147
28846  -38.013  -44.089  18.472 1.0000000000
29454  -37.742  -43.469  18.956 0.8888890147
28845  -37.539  -43.565  17.956 1.0000000000
28852  -37.389  -43.684  16.811 1.0000000000
29470  -37.048  -42.934  16.354 1.0000000000
82784  -37.661  -43.781  15.828 1.0000000000
82215  -38.270  -43.497  15.259 1.0000000000
88084  -39.047  -43.338  14.741 1.0000000000
29472  -41.420  -42.789  16.340 0.7777780294
29463  -41.522  -42.621  17.331 0.4444440007
29469  -36.387  -42.409  15.890 0.8888890147
29477  -37.395  -42.617  15.680 1.0000000000
29478  -38.393  -42.460  15.342 1.0000000000
79368  -39.459  -42.564  15.025 1.0000000000
30094  -40.211  -41.443  16.487 0.7777780294
30085  -40.530  -40.820  17.114 0.4444440007
30703  -40.893  -40.358  17.426 0.3333329856
29476  -36.571  -42.046  15.348 1.0000000000
30103  -38.299  -41.523  15.258 1.0000000000
86251  -39.451  -41.285  16.146 0.7777780294
30093  -39.640  -40.664  16.652 0.6666669846
30702  -39.975  -40.026  17.118 0.4444440007
84414  -40.050  -39.338  16.966 0.3333329856
30717  -38.909  -40.835  15.853 0.8888890147
30716  -38.712  -40.248  15.591 0.7777780294
30710  -39.250  -40.106  16.464 0.7777780294
31320  -39.460  -39.653  16.565 0.4444440007
29411  -37.412  -42.600  22.711 0.3333329856
29421  -37.632  -42.980  21.171 0.5555559993
29443  -37.986  -43.422  19.771 0.5555559993
77369  -38.273  -43.814  19.297 0.8888890147
29442  -37.247  -42.988  19.497 0.6666669846
29441  -36.492  -42.571  19.157 0.6666669846
29453  -37.083  -43.021  18.552 0.6666669846
29452  -36.347  -42.553  18.136 0.7777780294
29461  -36.163  -42.450  16.911 0.8888890147
30084  -35.230  -41.790  16.904 0.7777780294
29460  -35.690  -42.152  16.152 0.8888890147
30091  -34.756  -41.182  16.514 0.8888890147
30092  -35.173  -41.616  15.960 1.0000000000
29468  -35.828  -41.936  15.464 1.0000000000
30102  -37.350  -41.707  15.131 1.0000000000
30709  -34.684  -40.855  15.805 1.0000000000
30714  -34.841  -40.319  15.020 1.0000000000
30729  -35.436  -40.166  14.250 1.0000000000
30715  -37.093  -41.018  14.585 1.0000000000
76882  -37.809  -40.525  14.606 1.0000000000
31325  -39.005  -39.756  15.731 0.6666669846
30730  -36.201  -40.726  14.231 1.0000000000
89344  -36.911  -40.494  14.197 1.0000000000
31331  -37.169  -40.030  14.005 1.0000000000
31332  -38.246  -40.156  14.649 1.0000000000
72389  -38.406  -39.881  14.437 0.7777780294
30040  -36.690  -42.081  22.691 0.2222220004
29410  -36.998  -42.391  21.899 0.4444440007
29420  -36.810  -42.481  20.952 0.5555559993
30051  -36.159  -41.952  21.523 0.4444440007
29432  -36.668  -42.509  20.065 0.5555559993
30068  -35.884  -42.108  19.753 0.5555559993
30067  -35.160  -41.644  19.450 0.5555559993
30077  -35.714  -42.139  18.831 0.5555559993
30076  -35.091  -41.580  18.550 0.5555559993
29451  -35.561  -42.051  17.851 0.6666669846
83685  -35.022  -41.503  17.766 0.6666669846
30701  -34.305  -40.333  17.740 0.5555559993
30083  -34.669  -41.045  17.295 0.6666669846
30708  -34.342  -40.391  16.636 0.6666669846
31324  -34.288  -39.470  16.268 0.5555559993
30713  -34.332  -40.122  15.769 0.8888890147
31329  -34.484  -39.423  15.466 1.0000000000
72392  -35.103  -37.588  15.242 1.0000000000
31346  -35.492  -39.425  14.150 1.0000000000
72388  -36.326  -38.532  13.504 1.0000000000
87530  -37.523  -39.458  13.622 1.0000000000
72385  -38.409  -39.516  13.854 1.0000000000
74108  -37.155  -38.815  13.227 1.0000000000
33332  -37.412  -38.561  12.994 1.0000000000
30038  -35.490  -41.326  22.148 0.3333329856
30050  -35.453  -41.507  21.151 0.4444440007
31298  -34.610  -39.792  22.366 0.2222220004
30684  -34.899  -41.141  20.763 0.3333329856
30679  -34.513  -40.252  21.670 0.3333329856
31293  -35.034  -39.181  22.910 0.2222220004
30058  -35.295  -41.624  20.309 0.5555559993
30683  -34.402  -40.463  20.771 0.3333329856
31299  -34.960  -38.926  22.035 0.3333329856
30066  -34.630  -41.023  19.135 0.5555559993
31931  -34.613  -38.948  20.471 0.3333329856
31932  -35.173  -38.233  20.670 0.3333329856
30695  -34.260  -40.355  18.748 0.5555559993
83456  -34.400  -39.115  19.733 0.3333329856
31313  -34.265  -39.603  18.310 0.5555559993
31940  -34.495  -38.923  18.914 0.3333329856
31952  -34.592  -38.753  17.853 0.5555559993
31963  -34.609  -38.573  16.750 0.5555559993
88854  -34.903  -37.852  16.637 0.7777780294
75331  -35.090  -37.089  15.904 1.0000000000
74371  -35.315  -36.599  15.532 1.0000000000
72393  -35.428  -37.025  14.824 1.0000000000
72390  -36.235  -37.291  13.572 1.0000000000
33340  -36.259  -35.688  14.347 1.0000000000
33341  -36.562  -36.715  13.207 1.0000000000
74576  -37.398  -37.774  12.605 1.0000000000
33348  -36.907  -36.187  12.753 1.0000000000
32633  -38.961  -36.807  22.612 0.1111110002
83990  -39.925  -36.494  22.406 0.1111110002
84389  -41.759  -36.438  22.651 0.1111110002
90172  -35.288  -38.709  22.566 0.3333329856
31922  -35.659  -38.272  22.294 0.2222220004
80239  -37.778  -37.109  21.767 0.1111110002
32641  -38.542  -36.832  21.661 0.1111110002
82930  -39.332  -36.596  21.857 0.1111110002
72363  -40.793  -36.391  22.062 0.1111110002
31921  -35.432  -38.199  21.514 0.3333329856
32640  -37.202  -37.218  21.461 0.2222220004
75843  -37.848  -36.932  21.138 0.1111110002
72360  -39.288  -36.555  21.119 0.2222220004
32639  -35.876  -37.681  20.953 0.2222220004
32645  -37.276  -37.065  20.845 0.2222220004
32652  -36.194  -37.170  19.734 0.2222220004
32657  -35.499  -37.504  19.164 0.2222220004
72381  -36.233  -36.812  18.646 0.2222220004
84547  -37.198  -36.356  18.599 0.2222220004
32664  -35.498  -37.290  18.088 0.3333329856
31964  -35.039  -37.820  17.359 0.4444440007
72375  -36.584  -36.132  17.747 0.3333329856
72391  -35.159  -37.193  16.525 0.4444440007
72387  -35.565  -36.404  16.693 0.5555559993
33323  -36.344  -35.101  16.425 0.7777780294
86780  -35.560  -35.737  16.052 0.8888890147
33976  -36.113  -35.146  15.508 0.8888890147
33975  -35.658  -36.204  14.846 1.0000000000
33993  -36.819  -34.841  15.010 1.0000000000
34005  -36.815  -35.316  13.827 1.0000000000
34012  -37.448  -35.047  13.210 0.8888890147
34011  -37.275  -35.834  12.325 0.8888890147
33356  -37.685  -36.171  11.706 1.0000000000
34027  -38.066  -35.560  11.566 0.8888890147
33365  -38.394  -36.375  11.266 0.8888890147
34028  -39.479  -35.542  10.682 0.7777780294
72359  -40.015  -36.423  21.512 0.2222220004
73517  -40.789  -36.258  21.043 0.2222220004
72367  -38.545  -36.670  20.748 0.2222220004
72374  -39.247  -36.403  20.294 0.2222220004
32646  -37.733  -36.799  20.272 0.2222220004
82294  -38.560  -36.470  19.913 0.2222220004
90633  -39.165  -36.189  19.589 0.2222220004
84030  -37.023  -36.790  19.508 0.2222220004
84576  -37.900  -36.448  19.326 0.2222220004
73513  -38.663  -36.102  19.147 0.2222220004
33318  -36.857  -35.459  17.163 0.3333329856
33324  -37.296  -34.932  16.755 0.5555559993
33977  -36.899  -34.657  15.993 0.7777780294
34006  -37.522  -34.613  14.458 0.8888890147
85920  -38.107  -34.636  13.009 0.8888890147
34698  -38.424  -34.805  11.798 0.8888890147
34699  -39.256  -34.583  11.303 0.8888890147
34700  -40.098  -34.133  11.100 0.8888890147
34029  -39.931  -34.895  10.747 0.8888890147
34709  -40.662  -34.716  10.480 0.8888890147
33314  -39.406  -35.764  18.825 0.2222220004
89339  -38.755  -35.787  18.617 0.2222220004
33319  -38.764  -35.493  17.972 0.3333329856
33954  -39.632  -35.416  18.059 0.3333329856
90502  -39.866  -35.169  17.607 0.3333329856
79312  -37.772  -35.392  17.530 0.3333329856
33962  -38.276  -34.940  17.141 0.3333329856
80793  -38.831  -34.666  16.724 0.4444440007
77099  -39.695  -34.872  17.029 0.3333329856
33978  -37.869  -34.552  16.382 0.4444440007
74869  -38.559  -34.346  15.960 0.4444440007
80535  -38.400  -34.306  15.054 0.4444440007
34007  -38.325  -34.317  13.958 0.8888890147
34682  -38.775  -34.211  13.169 0.7777780294
87520  -39.095  -34.054  12.287 0.8888890147
85071  -39.706  -33.791  11.740 0.8888890147
35383  -42.373  -32.971  10.305 0.8888890147
35382  -41.042  -32.950  11.261 0.8888890147
35390  -41.665  -33.413  10.570 0.8888890147
36006  -41.129  -32.324  11.657 0.8888890147
33979  -39.513  -34.532  16.261 0.4444440007
33980  -40.499  -34.758  16.678 0.3333329856
33995  -39.308  -34.243  15.453 0.6666669846
82295  -39.078  -34.137  14.703 0.7777780294
34675  -39.280  -33.956  14.025 0.7777780294
34683  -39.604  -33.761  13.244 0.8888890147
35365  -40.086  -33.337  12.473 0.8888890147
35372  -40.704  -32.663  12.079 0.8888890147
36007  -41.684  -32.466  11.028 0.8888890147
36575  -41.452  -31.778  11.708 0.8888890147
36585  -41.996  -31.665  11.178 0.8888890147
37190  -42.395  -30.146  11.641 0.8888890147
85616  -42.857  -29.326  11.663 0.8888890147
38356  -42.936  -28.722  11.896 0.8888890147
38366  -43.203  -28.128  11.806 0.8888890147
38368  -44.082  -27.143  11.608 0.8888890147
38925  -46.057  -26.801  10.859 0.8888890147
38926  -47.018  -26.738  10.579 0.8888890147
34668  -39.964  -33.924  14.839 0.5555559993
77025  -40.760  -33.587  14.398 0.6666669846
34676  -40.032  -33.727  14.039 0.6666669846
34684  -40.452  -33.341  13.531 0.8888890147
35366  -40.872  -32.730  13.021 0.8888890147
35995  -41.229  -32.058  12.545 0.8888890147
36576  -41.587  -31.303  12.367 0.8888890147
37181  -41.964  -30.565  12.238 0.8888890147
37180  -41.868  -31.046  11.740 0.8888890147
37805  -42.611  -29.343  11.950 0.8888890147
38357  -43.100  -28.136  12.122 0.8888890147
38916  -43.436  -27.546  11.930 0.8888890147
39492  -44.651  -26.498  11.952 0.8888890147
39504  -45.593  -26.308  11.640 0.8888890147
39505  -46.555  -26.187  11.385 0.8888890147
77538  -47.344  -26.145  11.146 0.8888890147
39512  -47.858  -26.478  10.336 0.8888890147
38938  -48.435  -27.379  9.503 0.6666669846
80253  -48.456  -26.628  9.782 0.6666669846
35361  -42.183  -32.997  14.413 0.5555559993
35360  -41.268  -32.999  14.004 0.5555559993
35367  -41.707  -32.431  13.647 0.6666669846
35996  -42.034  -31.714  13.439 0.6666669846
36570  -41.981  -30.973  12.893 0.8888890147
37175  -42.420  -30.430  12.891 0.8888890147
37182  -42.408  -29.818  12.285 0.8888890147
37806  -42.892  -28.987  12.362 0.8888890147
38352  -43.278  -28.367  12.639 0.7777780294
38358  -43.513  -27.697  12.458 0.8888890147
38917  -43.944  -27.015  12.237 0.8888890147
39493  -45.363  -26.251  12.337 0.8888890147
39494  -46.172  -25.940  12.215 0.8888890147
39495  -47.175  -25.709  12.030 0.8888890147
34677  -41.643  -33.541  14.737 0.5555559993
35990  -42.574  -32.383  14.244 0.5555559993
35997  -43.013  -31.805  14.212 0.5555559993
36568  -43.674  -31.048  14.267 0.5555559993
36571  -42.651  -31.078  13.578 0.5555559993
37177  -43.498  -29.959  13.753 0.4444440007
37176  -42.864  -29.763  12.990 0.7777780294
37802  -43.315  -29.047  13.198 0.6666669846
38354  -44.683  -27.647  13.843 0.6666669846
38353  -43.832  -28.233  13.346 0.7777780294
38918  -44.790  -26.762  12.889 0.7777780294
77636  -45.383  -26.996  13.827 0.4444440007
38913  -46.824  -26.323  13.789 0.5555559993
38912  -45.901  -26.391  13.191 0.7777780294
39484  -47.601  -25.891  13.173 0.5555559993
39496  -48.103  -25.595  12.295 0.5555559993
39506  -47.904  -25.814  11.343 0.8888890147
39513  -48.373  -25.848  10.580 0.8888890147
38939  -49.276  -27.561  9.303 0.6666669846
35357  -44.316  -33.503  15.355 0.3333329856
35362  -43.023  -33.011  14.748 0.5555559993
35363  -43.821  -32.911  14.909 0.4444440007
36572  -42.996  -30.462  13.531 0.5555559993
37803  -43.962  -29.214  13.979 0.4444440007
38347  -44.444  -28.586  14.132 0.4444440007
38345  -46.418  -27.626  15.091 0.1111110002
38907  -47.031  -26.883  14.716 0.1111110002
38906  -46.144  -26.902  14.295 0.2222220004
39476  -47.680  -26.339  14.129 0.4444440007
39477  -48.583  -26.282  14.209 0.4444440007
89684  -48.120  -26.066  13.707 0.5555559993
39485  -48.603  -25.827  13.236 0.5555559993
40111  -49.587  -25.561  13.083 0.5555559993
40120  -48.893  -25.429  12.343 0.5555559993
40119  -48.428  -25.468  11.619 0.8888890147
81313  -48.717  -26.458  9.642 0.7777780294
39514  -49.591  -26.986  9.056 0.6666669846
35984  -46.504  -32.562  16.468 0.1111110002
35988  -46.168  -32.209  15.762 0.1111110002
35992  -44.647  -32.580  15.114 0.3333329856
35993  -45.184  -32.001  15.150 0.1111110002
36564  -45.728  -31.881  15.368 0.1111110002
79432  -44.577  -31.688  14.847 0.1111110002
36569  -45.345  -31.239  15.124 0.1111110002
35991  -43.882  -32.121  14.640 0.4444440007
78761  -44.601  -30.914  14.724 0.2222220004
37170  -44.273  -30.162  14.381 0.4444440007
37171  -45.065  -30.287  14.872 0.2222220004
37798  -45.501  -29.473  14.991 0.3333329856
37797  -44.736  -29.394  14.537 0.4444440007
38349  -45.914  -28.546  15.111 0.2222220004
38901  -47.389  -27.598  15.571 0.2222220004
38902  -48.346  -27.304  15.686 0.1111110002
38903  -49.213  -27.086  15.918 0.1111110002
39466  -50.002  -26.770  16.182 0.1111110002
38348  -45.113  -28.527  14.614 0.3333329856
39471  -48.899  -26.726  15.104 0.2222220004
39472  -49.788  -26.555  15.348 0.1111110002
39473  -50.610  -26.364  15.646 0.1111110002
38908  -47.990  -26.877  14.897 0.1111110002
39478  -49.507  -26.263  14.514 0.2222220004
39479  -50.481  -26.075  14.735 0.2222220004
39486  -49.261  -25.969  13.793 0.4444440007
40125  -48.918  -25.177  11.431 0.8888890147
77612  -49.618  -25.095  12.225 0.7777780294
40127  -48.796  -25.579  10.026 0.7777780294
83130  -49.364  -26.102  9.099 0.6666669846
38940  -50.618  -28.081  9.450 0.5555559993
35985  -47.238  -32.241  16.808 0.1111110002
36560  -46.949  -31.920  16.037 0.1111110002
36561  -47.579  -31.512  16.629 0.1111110002
36565  -46.296  -31.338  15.526 0.1111110002
37172  -45.886  -30.409  15.214 0.1111110002
37799  -46.266  -29.538  15.373 0.1111110002
37794  -46.850  -29.648  15.730 0.1111110002
38342  -47.593  -28.454  16.150 0.1111110002
38897  -48.677  -27.654  16.429 0.1111110002
38896  -48.035  -27.855  16.104 0.1111110002
38898  -49.484  -27.331  16.847 0.1111110002
39467  -50.746  -26.515  16.449 0.1111110002
40104  -50.729  -25.655  14.029 0.1111110002
40105  -51.445  -25.629  14.501 0.1111110002
39480  -51.207  -26.012  15.240 0.1111110002
77864  -50.213  -25.179  12.726 0.4444440007
40112  -50.466  -25.440  13.349 0.3333329856
39487  -50.005  -25.834  13.921 0.3333329856
40126  -49.642  -24.722  11.262 0.8888890147
87090  -47.548  -30.732  16.374 0.1111110002
36562  -48.046  -30.765  16.900 0.1111110002
37168  -47.231  -30.221  15.993 0.1111110002
37165  -48.296  -29.895  17.072 0.1111110002
37167  -46.618  -30.390  15.603 0.1111110002
37164  -47.763  -30.040  16.469 0.1111110002
37795  -47.345  -29.365  16.112 0.1111110002
37791  -47.957  -29.183  16.593 0.1111110002
38893  -48.871  -28.139  17.226 0.1111110002
38343  -48.266  -28.354  16.616 0.1111110002
38894  -49.454  -27.757  17.587 0.1111110002
39462  -50.795  -26.654  17.239 0.1111110002
38899  -50.213  -26.872  16.871 0.1111110002
39468  -51.457  -26.263  16.803 0.1111110002
40100  -52.059  -25.747  15.366 0.1111110002
39474  -51.387  -26.160  15.964 0.1111110002
40128  -49.212  -25.036  9.819 0.8888890147
38895  -50.105  -27.223  17.613 0.1111110002
40135  -49.691  -25.838  8.630 0.7777780294
13691  -17.143  -67.710  40.022 0.2222220004
14312  -17.597  -66.430  40.290 0.4444440007
16377  -19.928  -64.500  39.729 0.3333329856
15776  -19.993  -64.922  38.934 0.3333329856
16386  -20.010  -64.200  39.458 0.3333329856
87279  -14.323  -67.352  39.074 0.2222220004
13689  -15.491  -67.614  40.381 0.4444440007
14305  -14.823  -67.226  41.046 0.3333329856
14308  -17.039  -66.014  41.148 0.5555559993
17009  -16.961  -63.022  35.770 0.6666669846
14311  -14.343  -66.791  40.679 0.2222220004
15054  -17.589  -65.063  41.096 0.5555559993
17022  -14.384  -62.306  31.912 0.7777780294
17027  -15.479  -62.109  30.175 0.5555559993
71967  -16.629  -60.932  28.970 0.4444440007
17668  -13.747  -61.635  31.727 0.7777780294
19030  -16.798  -59.550  28.856 0.7777780294
18408  -14.778  -60.330  29.517 0.7777780294
71980  -19.630  -59.605  28.451 0.4444440007
13707  -10.301  -67.903  37.598 0.1111110002
15075  -13.275  -65.961  38.257 0.2222220004
15074  -12.424  -65.549  37.950 0.2222220004
14310  -14.376  -66.060  39.965 0.2222220004
15761  -16.001  -65.002  41.050 0.4444440007
16365  -17.965  -63.945  41.013 0.6666669846
13705  -8.206  -67.816  37.246 0.1111110002
13697  -8.742  -67.247  37.773 0.1111110002
17665  -13.904  -61.886  32.588 0.7777780294
19024  -16.261  -59.010  29.106 0.7777780294
15073  -11.547  -65.414  37.924 0.2222220004
16364  -17.020  -63.904  40.983 0.7777780294
15769  -16.175  -64.053  41.082 0.5555559993
13704  -7.678  -67.655  36.826 0.1111110002
17006  -14.380  -62.067  35.718 0.8888890147
17660  -13.524  -61.328  33.415 0.8888890147
17664  -13.400  -61.110  32.416 0.8888890147
18404  -14.044  -60.208  30.130 0.7777780294
89419  -14.434  -58.764  30.133 0.8888890147
77244  -15.753  -58.579  29.435 0.8888890147
19638  -19.487  -57.502  28.305 0.7777780294
19035  -24.058  -59.634  27.865 0.5555559993
15767  -14.880  -64.394  40.371 0.3333329856
17656  -13.466  -61.103  34.429 0.7777780294
88335  -13.117  -59.436  33.208 0.7777780294
19012  -13.138  -59.695  31.600 0.8888890147
19616  -13.348  -58.738  32.800 0.8888890147
87352  -14.041  -58.433  30.693 0.8888890147
19630  -15.589  -57.971  29.929 0.8888890147
18997  -13.741  -59.712  36.108 0.2222220004
19611  -13.583  -58.813  33.758 0.2222220004
19607  -14.164  -58.565  34.598 0.1111110002
18998  -14.065  -59.158  35.521 0.1111110002
20289  -14.387  -57.465  32.643 0.4444440007
19612  -13.866  -58.040  33.116 0.4444440007
86256  -14.072  -57.532  31.843 0.7777780294
20306  -14.395  -57.679  31.104 0.8888890147
80355  -16.140  -57.502  30.211 0.8888890147
20328  -18.871  -57.038  28.986 0.8888890147
20327  -18.061  -57.339  29.506 0.8888890147
75096  -21.891  -57.652  24.548 0.6666669846
20353  -24.429  -57.709  27.638 0.8888890147
75012  -21.245  -57.219  25.439 0.7777780294
84026  -20.471  -56.308  23.686 0.6666669846
20290  -15.354  -57.098  32.598 0.3333329856
19613  -15.001  -57.476  33.503 0.1111110002
77855  -14.299  -58.029  33.812 0.1111110002
79800  -15.829  -56.927  31.743 0.4444440007
82519  -16.885  -57.326  30.227 0.7777780294
19642  -23.371  -58.003  29.208 0.8888890147
20364  -23.108  -57.298  26.545 0.7777780294
74740  -22.240  -55.452  22.625 0.6666669846
22425  -21.844  -54.442  23.541 0.6666669846
74138  -20.814  -55.149  23.738 0.6666669846
23119  -23.599  -53.899  22.989 0.6666669846
84253  -26.313  -53.321  21.507 0.6666669846
88203  -17.180  -56.957  30.926 0.4444440007
20308  -17.679  -57.071  30.292 0.5555559993
21081  -23.745  -56.634  26.998 0.7777780294
22399  -20.868  -54.834  25.077 0.8888890147
73817  -23.514  -53.454  23.631 0.6666669846
23116  -22.406  -53.859  23.818 0.6666669846
84252  -28.256  -49.488  21.288 0.7777780294
86364  -27.361  -53.135  20.876 0.6666669846
84353  -28.708  -52.384  20.658 0.4444440007
76841  -15.998  -57.180  33.323 0.1111110002
77750  -17.791  -56.802  32.569 0.1111110002
73488  -21.539  -55.557  26.689 0.7777780294
22400  -21.991  -54.200  25.118 0.8888890147
88615  -24.426  -52.902  23.520 0.8888890147
84899  -29.840  -49.786  26.243 0.7777780294
84861  -40.440  -50.426  29.002 0.4444440007
20286  -18.580  -56.846  33.317 0.1111110002
86622  -19.591  -56.481  32.038 0.1111110002
72132  -30.433  -54.668  28.145 0.7777780294
73240  -30.246  -53.685  28.164 0.6666669846
83817  -40.169  -50.283  28.980 0.6666669846
84895  -39.999  -50.930  30.751 0.8888890147
21733  -25.112  -54.401  26.944 0.6666669846
73325  -29.881  -53.281  28.294 0.8888890147
72117  -30.956  -53.278  28.225 0.6666669846
24834  -35.989  -50.618  31.148 0.8888890147
83651  -37.292  -50.197  32.025 0.8888890147
84646  -42.465  -49.707  26.424 0.2222220004
26057  -40.387  -48.950  31.042 0.1111110002
25453  -40.299  -49.435  32.138 0.3333329856
85993  -40.402  -49.757  31.746 0.4444440007
89733  -40.791  -48.961  28.321 0.4444440007
72153  -40.671  -49.265  27.981 0.6666669846
83922  -40.448  -49.698  28.771 0.8888890147
84726  -39.497  -50.071  26.514 0.8888890147
72128  -26.685  -54.473  29.172 0.3333329856
85284  -38.535  -47.616  32.822 0.1111110002
25493  -32.381  -49.009  28.412 0.8888890147
72150  -40.931  -48.669  28.052 0.3333329856
84957  -39.392  -48.870  26.839 0.7777780294
85241  -38.904  -49.469  26.116 0.8888890147
84947  -38.949  -49.773  25.816 0.8888890147
83998  -40.432  -47.317  27.037 0.3333329856
84756  -37.384  -47.910  25.376 0.6666669846
84784  -39.150  -50.113  24.512 0.8888890147
84710  -38.059  -49.123  24.977 0.8888890147
73061  -39.993  -46.764  26.524 0.3333329856
26073  -31.899  -48.473  29.704 0.7777780294
26075  -33.208  -48.562  29.696 0.7777780294
72157  -37.732  -46.696  24.487 0.5555559993
89373  -36.701  -48.155  23.814 0.6666669846
84950  -37.910  -49.174  22.360 0.8888890147
84744  -39.925  -50.068  21.824 0.8888890147
24317  -28.959  -50.792  30.982 0.3333329856
25470  -30.137  -49.297  30.827 0.3333329856
26054  -31.592  -48.483  31.532 0.2222220004
25472  -31.281  -48.677  30.096 0.4444440007
83075  -39.597  -44.984  24.671 0.2222220004
73426  -39.854  -45.835  25.707 0.2222220004
26123  -41.592  -49.342  20.604 0.7777780294
26115  -41.574  -49.388  21.593 0.7777780294
83816  -38.107  -49.308  21.470 0.8888890147
84739  -37.926  -49.152  19.889 0.8888890147
84956  -38.983  -49.591  19.558 0.8888890147
25536  -39.723  -50.008  20.167 0.8888890147
28789  -40.322  -43.979  26.198 0.2222220004
25537  -40.750  -49.775  19.936 0.8888890147
84732  -38.042  -49.143  19.084 1.0000000000
72154  -40.260  -49.420  18.912 1.0000000000
26128  -42.160  -48.587  20.266 0.8888890147
25542  -40.833  -49.401  19.179 0.8888890147
26135  -42.079  -48.614  19.534 0.8888890147
84994  -36.244  -48.278  18.722 1.0000000000
84949  -38.263  -48.932  18.037 1.0000000000
89631  -39.709  -49.063  18.235 1.0000000000
26633  -41.769  -48.809  18.229 1.0000000000
26634  -42.366  -48.343  19.109 0.8888890147
84979  -40.322  -48.823  17.826 1.0000000000
26621  -42.612  -47.190  20.218 0.7777780294
84945  -36.742  -46.497  16.548 1.0000000000
27707  -41.864  -46.591  15.532 1.0000000000
27705  -39.153  -46.553  15.266 1.0000000000
28801  -39.612  -43.761  23.770 0.3333329856
28302  -41.865  -44.509  15.377 1.0000000000
27714  -38.449  -45.917  15.366 1.0000000000
27725  -40.250  -45.456  14.274 1.0000000000
28301  -41.337  -44.676  14.743 1.0000000000
28861  -41.815  -43.606  15.778 0.8888890147
28291  -37.864  -44.736  15.714 1.0000000000
28867  -38.228  -44.380  15.302 1.0000000000
28868  -38.790  -44.152  14.761 1.0000000000
29462  -36.976  -42.996  17.455 0.7777780294
29471  -40.759  -42.251  15.951 0.7777780294
30095  -41.011  -41.829  17.030 0.6666669846
30105  -39.924  -41.971  15.661 0.8888890147
30104  -39.018  -41.761  15.522 0.8888890147
75662  -38.096  -40.978  15.007 1.0000000000
90182  -39.108  -39.869  16.231 0.6666669846
73295  -39.555  -39.148  16.324 0.5555559993
29433  -37.430  -42.969  20.344 0.5555559993
30100  -35.311  -41.240  15.187 1.0000000000
30101  -36.230  -41.450  14.800 1.0000000000
31330  -34.948  -39.387  14.734 1.0000000000
31347  -36.154  -40.052  13.851 1.0000000000
73630  -37.328  -39.678  13.805 1.0000000000
30039  -36.248  -41.867  22.286 0.3333329856
30059  -36.048  -42.028  20.634 0.4444440007
30672  -34.816  -40.565  22.301 0.3333329856
30057  -34.666  -41.110  20.046 0.5555559993
30075  -34.645  -40.969  18.212 0.5555559993
31319  -34.326  -39.530  17.249 0.5555559993
82926  -34.464  -38.749  15.947 1.0000000000
31973  -34.748  -37.882  16.033 1.0000000000
31980  -34.755  -38.556  15.334 1.0000000000
31981  -35.215  -38.584  14.560 1.0000000000
74345  -35.519  -37.915  14.311 1.0000000000
31997  -36.009  -39.151  13.710 1.0000000000
30027  -35.159  -40.807  23.055 0.2222220004
30671  -34.752  -40.231  22.951 0.2222220004
31912  -35.649  -38.559  22.977 0.2222220004
31303  -34.473  -39.558  21.273 0.3333329856
78841  -34.217  -39.693  20.239 0.5555559993
31304  -34.899  -38.773  21.196 0.3333329856
30689  -34.250  -40.412  19.728 0.5555559993
32651  -35.587  -37.655  20.137 0.2222220004
31308  -34.194  -39.685  19.297 0.4444440007
31941  -34.898  -38.320  19.679 0.2222220004
31953  -34.980  -38.093  18.519 0.2222220004
74853  -35.305  -36.523  16.130 0.8888890147
74811  -35.734  -37.282  14.164 1.0000000000
33349  -37.610  -37.162  12.115 1.0000000000
32631  -37.211  -37.390  22.193 0.2222220004
32630  -36.361  -37.666  21.762 0.2222220004
32632  -38.023  -37.137  22.396 0.1111110002
32644  -36.650  -37.308  20.989 0.3333329856
73442  -40.007  -36.314  20.602 0.2222220004
87329  -36.217  -37.341  20.452 0.2222220004
73286  -38.080  -35.927  18.443 0.2222220004
84425  -37.319  -35.868  17.857 0.3333329856
72382  -35.877  -36.535  17.538 0.2222220004
86527  -35.446  -37.035  17.211 0.3333329856
72383  -36.049  -35.758  16.938 0.3333329856
33994  -37.625  -34.441  15.539 0.6666669846
34019  -37.780  -35.144  12.241 0.8888890147
79131  -38.689  -35.526  11.116 0.8888890147
34681  -38.383  -34.543  12.483 0.8888890147
35381  -40.351  -33.330  11.562 0.8888890147
34701  -40.883  -33.781  10.839 0.8888890147
33963  -39.180  -35.065  17.428 0.4444440007
33964  -40.318  -35.042  17.405 0.3333329856
36013  -42.315  -32.201  10.620 0.8888890147
81138  -42.332  -31.017  11.237 0.8888890147
37812  -43.327  -28.781  11.374 0.8888890147
38911  -44.104  -27.413  12.936 0.8888890147
39483  -46.713  -25.918  12.881 0.6666669846
89748  -43.297  -32.444  14.590 0.5555559993
38905  -45.571  -27.644  14.553 0.2222220004
35987  -45.453  -32.474  15.487 0.2222220004
83352  -46.775  -28.643  15.663 0.2222220004
36566  -47.065  -31.050  15.990 0.1111110002
37162  -48.814  -29.634  17.699 0.1111110002
37792  -48.497  -29.002  17.151 0.1111110002
39463  -51.468  -26.355  17.644 0.1111110002
15067  -13.406  -65.094  38.442 0.1111110002
15775  -13.730  -64.336  38.913 0.1111110002
15768  -15.450  -64.421  40.910 0.3333329856
15781  -13.165  -64.263  38.344 0.1111110002
16373  -15.342  -63.522  40.488 0.4444440007
16374  -16.237  -63.252  40.664 0.5555559993
76185  -10.724  -65.575  38.183 0.1111110002
15071  -8.627  -65.550  38.829 0.1111110002
82337  -15.944  -62.031  38.004 0.6666669846
14318  -7.893  -66.267  38.052 0.1111110002
15079  -7.573  -65.872  37.531 0.1111110002
16382  -13.268  -63.586  38.552 0.1111110002
16371  -13.874  -63.558  39.191 0.1111110002
16372  -14.456  -63.546  39.900 0.3333329856
16980  -15.474  -62.522  40.213 0.3333329856
16390  -12.636  -63.774  38.004 0.1111110002
16988  -16.252  -62.085  39.585 0.6666669846
16397  -12.111  -64.114  37.662 0.1111110002
16981  -16.262  -62.534  40.236 0.5555559993
16995  -16.160  -61.951  38.829 0.5555559993
15072  -10.218  -64.898  38.561 0.1111110002
15069  -7.773  -65.387  38.531 0.1111110002
15784  -7.412  -64.822  37.845 0.1111110002
15783  -7.243  -64.471  37.016 0.1111110002
76870  -13.952  -62.795  39.395 0.2222220004
16979  -14.655  -62.716  39.869 0.2222220004
15778  -10.820  -64.003  38.439 0.1111110002
15774  -9.844  -64.329  39.080 0.1111110002
15065  -8.124  -65.067  39.577 0.1111110002
16993  -12.566  -62.986  38.366 0.1111110002
16389  -11.786  -63.445  38.010 0.1111110002
16380  -10.286  -63.497  39.180 0.1111110002
17639  -15.299  -61.823  39.574 0.4444440007
17646  -15.329  -61.697  39.174 0.2222220004
15772  -8.317  -64.649  40.081 0.1111110002
16994  -15.276  -61.622  38.513 0.4444440007
17649  -15.047  -61.651  37.768 0.4444440007
73138  -29.794  -54.877  26.301 0.5555559993
84709  -30.055  -54.979  27.677 0.6666669846
73311  -36.484  -51.838  31.293 0.5555559993
72146  -37.156  -51.638  31.763 0.6666669846
84459  -38.021  -51.579  32.100 0.6666669846
73172  -38.821  -51.318  32.190 0.7777780294
84878  -39.482  -51.168  30.593 0.7777780294
84009  -39.429  -51.202  32.194 0.7777780294
84250  -35.615  -51.211  30.576 0.7777780294
84457  -36.078  -51.471  31.178 0.7777780294
84001  -37.677  -50.964  32.086 0.7777780294
72152  -40.381  -45.559  26.792 0.1111110002
26124  -42.324  -48.570  21.253 0.6666669846
85084  -42.593  -47.764  20.658 0.7777780294
76365  -40.374  -44.127  27.073 0.1111110002
75158  -40.440  -44.316  27.957 0.1111110002
28227  -40.304  -44.533  25.706 0.1111110002
28223  -40.355  -44.695  26.518 0.1111110002
28220  -40.451  -44.950  27.363 0.1111110002
78760  -42.755  -45.706  20.441 0.4444440007
27124  -42.861  -46.721  20.798 0.5555559993
26626  -42.462  -47.990  19.874 0.7777780294
28788  -40.050  -43.532  26.852 0.1111110002
28218  -40.497  -44.453  28.843 0.1111110002
32696  -38.829  -39.214  13.686 0.7777780294
33343  -38.507  -38.369  12.651 0.6666669846
29388  -39.284  -43.029  26.024 0.2222220004
29394  -38.918  -43.163  24.516 0.2222220004
29395  -39.100  -43.070  25.309 0.2222220004
28792  -39.919  -43.511  26.046 0.2222220004
33342  -38.227  -38.688  13.012 0.8888890147
32707  -38.582  -37.930  12.072 0.6666669846
32717  -39.184  -37.880  11.642 0.6666669846
32733  -39.811  -37.553  11.034 0.5555559993
32716  -38.336  -37.181  11.630 0.7777780294
32732  -38.944  -37.170  11.233 0.6666669846
33366  -39.239  -36.510  10.804 0.5555559993
88567  -38.497  -41.931  27.214 0.1111110002
30012  -37.873  -41.954  25.998 0.1111110002
29387  -38.585  -42.566  25.951 0.1111110002
29379  -38.769  -42.443  26.737 0.1111110002
29402  -38.684  -43.238  23.665 0.2222220004
29386  -38.277  -42.609  25.240 0.2222220004
29412  -38.479  -43.276  22.707 0.3333329856
84358  -39.208  -39.401  15.300 0.6666669846
33367  -40.650  -37.242  10.690 0.6666669846
34037  -40.273  -35.579  10.347 0.6666669846
34710  -41.558  -34.444  10.216 0.6666669846
34711  -42.537  -34.071  9.954 0.7777780294
30011  -37.462  -42.018  25.167 0.1111110002
29401  -37.704  -42.673  23.556 0.1111110002
35391  -43.203  -33.375  9.807 0.5555559993
36015  -43.987  -32.218  9.665 0.5555559993
85511  -43.797  -32.939  9.666 0.3333329856
36014  -43.059  -32.377  10.042 0.7777780294
33983  -42.872  -34.918  16.585 0.2222220004
33984  -43.740  -34.991  16.926 0.2222220004
34660  -44.275  -34.612  16.340 0.2222220004
34661  -44.800  -34.176  16.616 0.1111110002
33998  -42.046  -34.759  16.187 0.2222220004
86670  -43.602  -34.822  16.138 0.2222220004
33996  -40.249  -34.326  15.720 0.2222220004
33997  -41.165  -34.498  15.983 0.2222220004
34671  -42.910  -34.405  15.641 0.2222220004
34669  -40.956  -33.945  15.209 0.4444440007
34670  -41.883  -34.156  15.423 0.4444440007
34678  -42.553  -33.637  15.000 0.3333329856
36592  -42.634  -31.561  10.648 0.7777780294
36593  -43.412  -31.447  10.105 0.7777780294
33968  -43.974  -35.009  17.809 0.1111110002
34649  -44.493  -34.600  17.166 0.1111110002
33981  -41.464  -34.847  16.845 0.2222220004
33982  -42.230  -34.930  16.995 0.2222220004
35350  -44.661  -33.982  15.949 0.3333329856
35356  -43.475  -33.679  15.160 0.3333329856
35358  -45.060  -33.210  15.678 0.3333329856
37198  -43.820  -30.469  10.235 0.7777780294
81819  -49.178  -28.419  9.462 0.5555559993
38380  -50.204  -28.672  9.740 0.3333329856
33965  -41.024  -35.024  17.517 0.2222220004
33966  -41.928  -35.088  17.617 0.2222220004
33967  -42.931  -35.046  17.592 0.1111110002
35983  -45.770  -32.903  16.095 0.1111110002
37201  -46.363  -30.045  9.656 0.6666669846
37191  -43.131  -29.776  11.055 0.7777780294
37199  -44.529  -29.902  10.082 0.7777780294
79210  -47.872  -28.474  9.466 0.5555559993
38937  -47.585  -27.510  9.745 0.5555559993
82081  -48.368  -28.173  9.425 0.5555559993
33955  -40.472  -35.318  18.165 0.2222220004
33956  -41.491  -35.253  18.288 0.1111110002
33958  -43.394  -35.046  18.485 0.1111110002
37818  -43.878  -29.389  10.619 0.7777780294
78840  -44.785  -29.007  10.280 0.7777780294
37820  -45.828  -29.159  9.907 0.6666669846
37821  -46.750  -29.217  9.676 0.6666669846
37819  -43.976  -28.534  10.851 0.7777780294
86747  -45.396  -28.354  10.223 0.7777780294
38378  -46.208  -28.337  9.943 0.7777780294
38379  -47.092  -28.350  9.645 0.6666669846
38377  -44.581  -27.838  10.800 0.7777780294
38936  -46.594  -27.502  10.148 0.7777780294
38935  -45.640  -27.583  10.488 0.7777780294
40725  -49.430  -24.372  9.380 0.6666669846
83207  -49.680  -24.860  7.953 0.5555559993
41330  -50.295  -23.579  7.208 0.5555559993
41331  -50.968  -23.247  6.791 0.6666669846
86199  -52.133  -23.696  6.064 0.4444440007
86486  -53.029  -23.554  6.007 0.4444440007
40750  -53.790  -24.330  6.146 0.4444440007
38367  -43.667  -27.904  11.413 0.7777780294
40719  -49.963  -24.218  10.679 0.7777780294
41317  -49.955  -23.415  9.197 0.7777780294
81811  -49.840  -23.299  8.300 0.7777780294
41959  -50.168  -22.807  8.111 0.7777780294
41962  -50.545  -22.740  7.523 0.7777780294
41967  -52.409  -22.978  6.147 0.5555559993
40121  -50.355  -24.720  12.189 0.4444440007
40713  -50.583  -24.237  11.500 0.5555559993
90332  -50.495  -23.918  10.922 0.6666669846
41311  -50.937  -23.114  10.415 0.6666669846
41310  -50.325  -23.589  10.286 0.6666669846
41955  -50.327  -22.816  8.795 0.6666669846
41960  -50.611  -22.248  8.280 0.7777780294
41963  -51.282  -22.405  7.007 0.7777780294
41964  -52.173  -22.123  6.575 0.6666669846
41968  -53.094  -22.603  6.221 0.4444440007
80583  -53.774  -22.222  6.261 0.4444440007
42668  -51.629  -21.586  7.380 0.7777780294
42673  -53.110  -21.707  6.605 0.4444440007
40709  -50.982  -24.513  12.137 0.4444440007
40714  -51.333  -24.106  11.779 0.5555559993
40720  -50.998  -23.623  11.072 0.5555559993
41318  -50.599  -22.932  9.678 0.6666669846
42660  -51.454  -21.517  8.442 0.7777780294
82736  -52.036  -21.093  7.809 0.7777780294
42669  -52.449  -21.261  7.174 0.7777780294
42674  -54.079  -21.429  6.515 0.4444440007
40122  -50.965  -24.960  12.781 0.3333329856
40710  -51.559  -24.497  12.405 0.3333329856
40715  -51.950  -24.084  12.058 0.4444440007
43341  -52.796  -20.698  7.848 0.7777780294
42670  -53.286  -20.898  7.027 0.5555559993
43345  -53.602  -20.319  7.578 0.5555559993
43348  -54.113  -20.544  6.915 0.4444440007
42665  -52.891  -20.720  8.810 0.7777780294
43342  -53.460  -20.265  8.372 0.6666669846
43978  -54.287  -19.902  7.402 0.5555559993
43974  -53.893  -19.845  7.997 0.6666669846
43975  -54.442  -19.459  8.031 0.5555559993
43979  -55.065  -19.361  7.318 0.5555559993
44610  -55.667  -18.778  7.737 0.4444440007
77178  -56.254  -18.432  7.232 0.5555559993
45241  -57.403  -17.143  6.964 0.2222220004
45855  -58.179  -16.400  6.324 0.3333329856
43976  -55.101  -19.056  8.217 0.4444440007
44611  -56.241  -18.220  8.096 0.3333329856
45238  -56.754  -17.614  8.496 0.3333329856
45239  -57.322  -17.100  7.976 0.2222220004
45240  -56.767  -17.739  7.547 0.3333329856
45852  -57.919  -16.506  7.466 0.2222220004
83704  -58.375  -16.043  7.070 0.1111110002
45856  -58.484  -15.910  6.368 0.1111110002
46453  -58.379  -15.744  6.154 0.1111110002
45859  -58.734  -16.040  5.279 0.1111110002
46456  -58.657  -15.920  5.043 0.1111110002
46463  -58.780  -15.871  3.929 0.1111110002
47084  -57.997  -15.455  4.485 0.1111110002
47093  -56.944  -15.436  3.724 0.1111110002
81117  -54.763  -19.404  8.700 0.6666669846
43972  -55.310  -19.069  9.092 0.3333329856
44608  -55.795  -18.690  8.594 0.3333329856
45848  -57.772  -16.489  8.411 0.2222220004
45853  -58.309  -15.997  7.905 0.1111110002
47057  -58.764  -14.333  8.283 0.1111110002
46449  -58.399  -15.446  7.214 0.1111110002
47066  -58.679  -14.479  7.748 0.1111110002
47074  -58.093  -15.393  6.124 0.1111110002
81514  -58.295  -14.192  7.340 0.1111110002
47700  -59.213  -13.065  7.609 0.1111110002
47073  -57.790  -15.256  5.637 0.1111110002
47705  -57.852  -14.612  6.749 0.1111110002
47699  -58.249  -13.432  7.376 0.1111110002
47072  -57.238  -14.880  5.339 0.1111110002
47704  -57.465  -14.316  6.509 0.1111110002
48327  -56.793  -12.175  7.153 0.1111110002
47082  -56.155  -14.786  4.210 0.1111110002
47703  -56.774  -14.006  6.103 0.1111110002
47713  -56.438  -14.472  5.071 0.1111110002
45849  -58.060  -15.923  8.912 0.1111110002
46445  -58.454  -15.244  8.161 0.1111110002
47067  -59.397  -13.624  7.977 0.1111110002
48329  -59.341  -12.346  7.413 0.1111110002
48335  -56.270  -13.089  6.552 0.1111110002
80646  -55.815  -13.745  5.698 0.1111110002
79078  -48.662  -29.132  9.571 0.4444440007
37822  -47.670  -29.241  9.529 0.4444440007
76550  -9.682  -65.622  38.496 0.1111110002
84942  -39.943  -50.957  30.173 0.7777780294
84451  -38.558  -50.867  32.259 0.7777780294
73078  -40.102  -46.089  26.284 0.2222220004
77236  -39.713  -43.440  25.441 0.2222220004
33377  -39.868  -36.199  10.438 0.5555559993
37197  -42.900  -30.718  10.806 0.7777780294
38924  -45.053  -26.947  11.203 0.7777780294
15080  -11.906  -64.772  37.723 0.1111110002
76602  -30.447  -55.293  28.254 0.5555559993
84035  -40.453  -46.445  26.971 0.2222220004
33378  -40.562  -36.407  10.316 0.5555559993
15780  -12.617  -64.586  37.925 0.1111110002
15779  -11.136  -64.820  38.100 0.1111110002
15070  -8.099  -65.536  38.825 0.1111110002
15078  -7.309  -65.275  36.878 0.1111110002
86885  -8.592  -64.999  39.439 0.1111110002
15064  -7.874  -64.944  39.445 0.1111110002
16381  -11.097  -63.018  38.698 0.1111110002
84928  -37.673  -52.063  31.817 0.6666669846
75957  -40.350  -43.683  28.580 0.1111110002
73651  -39.445  -39.092  14.887 0.5555559993
32708  -39.490  -38.473  12.409 0.5555559993
86964  -40.002  -36.820  10.626 0.5555559993
30004  -38.110  -41.694  26.836 0.1111110002
29393  -37.970  -42.665  24.430 0.1111110002
34659  -43.951  -34.344  15.635 0.2222220004
80727  -44.803  -32.173  9.633 0.4444440007
36594  -44.341  -31.424  9.745 0.6666669846
80895  -47.334  -30.087  9.610 0.5555559993
79895  -44.860  -30.699  9.763 0.7777780294
37200  -45.372  -29.943  9.791 0.7777780294
40724  -49.446  -23.899  8.428 0.6666669846
41324  -50.034  -23.248  7.746 0.6666669846
87513  -50.996  -21.992  7.691 0.7777780294
41966  -51.687  -23.001  6.371 0.6666669846
40749  -52.718  -24.389  6.137 0.3333329856
78557  -54.018  -23.197  6.064 0.4444440007
41956  -50.943  -22.274  9.167 0.6666669846
41308  -51.823  -23.565  11.534 0.5555559993
41950  -51.284  -22.565  10.054 0.5555559993
40703  -51.781  -24.836  13.125 0.2222220004
47069  -58.303  -14.794  7.116 0.1111110002
47083  -57.173  -15.115  4.366 0.1111110002
47070  -58.929  -13.751  7.741 0.1111110002
48330  -60.107  -12.281  7.500 0.1111110002
48328  -58.541  -12.449  7.362 0.1111110002
88244  -57.438  -13.091  7.043 0.1111110002
47692  -59.898  -13.020  7.774 0.1111110002
47681  -60.346  -12.470  7.815 0.1111110002
79601  -49.729  -29.322  9.928 0.3333329856
16407  -19.177  -63.382  35.755 0.1111110002
16404  -20.344  -63.792  37.299 0.2222220004
13080  -17.175  -67.971  38.038 0.1111110002
14316  -18.685  -66.518  37.948 0.2222220004
73918  -19.152  -63.452  34.736 0.1111110002
12388  -15.730  -68.533  38.223 0.1111110002
14313  -18.323  -66.622  39.049 0.2222220004
16409  -17.978  -63.316  34.354 0.1111110002
74533  -18.297  -63.443  32.829 0.1111110002
17019  -17.098  -63.226  33.950 0.3333329856
73698  -17.386  -63.172  31.404 0.1111110002
74254  -17.136  -63.209  32.968 0.2222220004
13075  -15.411  -68.287  39.575 0.3333329856
74303  -16.647  -62.957  31.332 0.1111110002
71951  -16.810  -63.159  32.036 0.2222220004
71954  -15.994  -62.893  31.690 0.3333329856
71944  -17.018  -62.516  29.905 0.1111110002
71959  -16.380  -62.302  30.026 0.2222220004
17032  -16.803  -61.804  29.369 0.2222220004
71957  -16.081  -62.627  30.834 0.2222220004
74202  -22.108  -60.940  27.587 0.1111110002
71970  -23.019  -61.114  27.670 0.1111110002
87713  -24.401  -60.240  26.366 0.1111110002
81197  -24.777  -59.463  25.879 0.1111110002
87604  -23.877  -60.899  26.993 0.1111110002
71965  -23.599  -61.190  27.263 0.1111110002
18416  -24.103  -60.290  27.158 0.1111110002
19672  -25.111  -59.230  25.348 0.1111110002
19043  -24.400  -59.730  26.506 0.2222220004
19679  -25.354  -58.777  24.615 0.1111110002
18415  -23.726  -60.576  27.813 0.3333329856
19039  -24.165  -59.423  27.233 0.3333329856
19665  -24.312  -58.983  25.965 0.2222220004
19664  -24.176  -58.908  26.743 0.3333329856
19671  -24.341  -58.695  25.515 0.2222220004
76135  -24.052  -58.326  26.501 0.3333329856
19677  -23.444  -58.282  24.369 0.2222220004
19686  -23.781  -58.151  23.632 0.2222220004
19670  -23.574  -58.274  25.198 0.3333329856
84027  -23.090  -57.472  23.014 0.2222220004
20401  -25.003  -56.912  22.201 0.2222220004
73584  -23.739  -56.736  22.175 0.3333329856
21113  -24.634  -56.250  21.832 0.3333329856
89186  -22.541  -56.741  22.624 0.5555559993
72165  -22.841  -56.088  22.089 0.4444440007
80689  -13.928  -62.138  39.445 0.1111110002
21114  -25.676  -55.922  21.875 0.2222220004
72166  -23.960  -55.872  21.802 0.3333329856
21115  -26.897  -55.861  22.029 0.2222220004
84704  -28.987  -55.403  22.672 0.2222220004
73826  -26.650  -54.616  21.699 0.2222220004
72141  -27.773  -54.453  21.402 0.2222220004
20354  -30.451  -57.401  27.939 0.1111110002
73684  -28.705  -54.441  21.735 0.2222220004
84146  -30.210  -56.633  27.367 0.1111110002
74045  -30.646  -56.941  28.830 0.1111110002
73560  -25.585  -54.813  21.922 0.4444440007
21741  -29.915  -55.088  24.421 0.2222220004
84634  -29.748  -55.596  25.499 0.2222220004
72105  -31.898  -57.399  31.534 0.1111110002
75826  -31.613  -58.003  31.383 0.1111110002
73632  -31.264  -57.741  30.533 0.1111110002
72104  -31.566  -57.225  31.044 0.1111110002
75991  -30.895  -57.355  29.693 0.1111110002
72103  -30.832  -56.369  29.674 0.1111110002
72107  -30.435  -56.578  28.110 0.1111110002
86202  -29.915  -55.818  27.024 0.2222220004
72108  -30.240  -55.788  27.750 0.2222220004
20318  -32.490  -57.481  31.126 0.1111110002
74699  -32.082  -57.798  31.866 0.1111110002
20292  -31.882  -58.295  31.998 0.1111110002
20317  -31.952  -56.968  31.327 0.1111110002
73988  -31.147  -56.888  30.402 0.1111110002
73868  -30.537  -56.094  28.673 0.3333329856
21038  -32.551  -56.648  30.517 0.1111110002
88257  -31.645  -56.625  30.981 0.1111110002
72106  -31.479  -56.201  30.798 0.1111110002
82157  -34.974  -53.301  28.391 0.1111110002
74434  -35.845  -52.796  29.520 0.1111110002
23791  -35.148  -52.883  28.985 0.1111110002
84154  -40.150  -51.046  31.930 0.2222220004
84822  -41.184  -50.496  30.607 0.2222220004
23071  -36.560  -52.660  30.044 0.1111110002
23062  -37.324  -52.548  30.581 0.2222220004
23054  -37.956  -52.480  31.273 0.2222220004
23771  -38.541  -52.002  31.995 0.2222220004
84820  -39.633  -51.119  32.192 0.3333329856
21037  -32.118  -56.449  31.041 0.1111110002
21708  -32.720  -55.743  29.350 0.1111110002
21691  -31.783  -56.327  31.053 0.1111110002
84588  -32.064  -56.023  30.833 0.1111110002
21715  -32.654  -55.119  28.998 0.1111110002
80131  -33.073  -54.737  28.493 0.1111110002
23082  -34.203  -53.450  28.237 0.1111110002
86652  -32.323  -55.531  29.670 0.1111110002
22376  -33.259  -54.159  28.376 0.1111110002
21707  -32.016  -55.679  30.253 0.1111110002
73009  -41.080  -51.019  29.963 0.2222220004
21714  -26.085  -54.754  28.608 0.1111110002
87775  -30.728  -55.783  29.066 0.3333329856
73510  -30.982  -55.861  29.667 0.2222220004
84099  -31.277  -55.913  30.276 0.1111110002
72114  -31.468  -54.977  29.054 0.3333329856
73885  -30.772  -55.274  28.754 0.4444440007
73026  -31.135  -55.328  29.178 0.4444440007
84249  -36.482  -52.310  30.814 0.2222220004
22375  -32.603  -54.454  28.593 0.1111110002
74675  -32.037  -55.001  29.226 0.1111110002
88896  -34.545  -53.028  28.568 0.1111110002
85493  -33.475  -53.509  28.352 0.1111110002
73443  -35.219  -52.333  29.636 0.1111110002
84915  -31.600  -55.524  29.890 0.2222220004
23790  -34.475  -52.496  28.881 0.1111110002
84427  -35.860  -52.441  30.293 0.2222220004
84856  -39.762  -51.092  30.979 0.3333329856
72145  -37.145  -52.165  31.314 0.2222220004
84339  -30.963  -54.431  28.478 0.4444440007
83906  -39.234  -51.304  32.147 0.4444440007
84885  -39.965  -51.119  29.818 0.4444440007
72112  -30.725  -53.818  28.283 0.5555559993
73190  -35.491  -52.006  30.334 0.3333329856
73314  -35.908  -52.004  30.904 0.4444440007
84802  -39.610  -51.109  30.338 0.5555559993
83825  -40.223  -50.869  29.707 0.4444440007
88522  -32.077  -54.165  28.567 0.2222220004
23080  -32.576  -53.585  28.358 0.2222220004
22374  -31.400  -54.200  28.555 0.4444440007
23789  -32.938  -52.676  28.234 0.2222220004
72137  -33.707  -52.238  28.544 0.2222220004
74613  -34.539  -51.853  29.265 0.3333329856
23079  -31.653  -53.518  28.330 0.2222220004
23788  -31.953  -52.795  28.111 0.4444440007
72138  -32.967  -51.630  28.192 0.3333329856
89224  -34.123  -52.035  28.914 0.4444440007
24336  -33.851  -51.386  28.776 0.4444440007
72142  -35.037  -51.522  29.870 0.4444440007
72140  -34.488  -51.073  29.341 0.5555559993
26607  -42.946  -47.637  23.683 0.1111110002
27107  -43.203  -47.266  22.943 0.1111110002
26116  -42.603  -48.176  22.141 0.1111110002
27668  -43.525  -46.279  21.962 0.1111110002
27113  -43.362  -46.889  22.333 0.1111110002
27120  -43.194  -46.795  21.643 0.1111110002
26612  -43.040  -47.440  22.254 0.3333329856
26618  -42.832  -47.572  21.463 0.4444440007
85458  -44.050  -44.972  21.684 0.1111110002
27669  -44.345  -45.431  22.184 0.1111110002
78583  -43.835  -45.984  22.313 0.1111110002
27675  -43.651  -45.439  21.618 0.1111110002
87868  -42.906  -45.338  20.661 0.2222220004
27674  -43.163  -45.885  21.131 0.1111110002
27680  -42.222  -45.375  19.981 0.5555559993
73436  -45.733  -44.468  22.679 0.1111110002
28241  -45.162  -44.987  22.392 0.1111110002
28252  -44.599  -44.529  21.698 0.1111110002
77395  -43.112  -45.037  20.908 0.1111110002
28259  -41.746  -44.522  20.084 0.4444440007
28250  -42.462  -44.857  20.398 0.3333329856
72378  -40.933  -38.167  16.131 0.2222220004
76597  -40.891  -38.081  15.561 0.2222220004
32699  -40.781  -38.241  14.217 0.2222220004
72380  -39.688  -38.633  15.969 0.3333329856
72377  -40.245  -38.311  16.273 0.2222220004
32680  -40.453  -38.282  14.896 0.2222220004
87033  -41.097  -38.195  13.503 0.2222220004
32679  -39.692  -38.749  14.515 0.2222220004
32698  -39.974  -38.588  14.027 0.3333329856
90521  -41.512  -37.979  14.219 0.2222220004
79093  -41.945  -37.930  13.638 0.2222220004
79423  -42.024  -38.092  12.165 0.1111110002
32710  -41.527  -38.158  12.794 0.2222220004
83329  -40.236  -38.497  13.370 0.2222220004
32709  -40.601  -38.426  12.616 0.2222220004
32719  -41.128  -38.272  11.936 0.2222220004
76116  -41.698  -37.919  11.437 0.1111110002
32697  -39.141  -38.863  13.490 0.3333329856
32734  -40.791  -37.949  11.211 0.3333329856
32718  -40.142  -38.310  11.695 0.3333329856
32720  -42.575  -37.856  11.641 0.1111110002
32735  -42.248  -37.346  10.837 0.1111110002
32747  -42.987  -36.962  10.538 0.1111110002
33380  -42.398  -36.356  10.126 0.1111110002
33379  -41.426  -36.795  10.394 0.3333329856
33381  -43.393  -36.427  10.134 0.1111110002
75248  -43.866  -35.741  9.800 0.1111110002
86014  -44.281  -34.762  9.750 0.1111110002
85311  -43.072  -35.781  9.834 0.1111110002
34039  -42.364  -35.228  9.911 0.1111110002
75231  -43.279  -34.971  9.722 0.1111110002
34038  -41.301  -35.663  10.045 0.4444440007
35392  -44.973  -34.021  9.834 0.1111110002
34712  -43.482  -34.182  9.694 0.2222220004
75466  -44.091  -33.722  9.635 0.2222220004
79088  -44.720  -33.023  9.668 0.1111110002
36016  -45.595  -32.562  9.720 0.2222220004
36596  -46.475  -31.944  9.684 0.2222220004
36595  -45.337  -31.623  9.629 0.3333329856
36597  -47.581  -31.741  9.788 0.2222220004
80726  -46.942  -30.945  9.640 0.2222220004
80896  -45.902  -30.874  9.631 0.3333329856
38948  -51.066  -27.547  9.065 0.4444440007
39522  -50.284  -26.784  8.728 0.4444440007
39523  -51.463  -26.981  8.638 0.4444440007
39533  -51.201  -26.463  8.097 0.4444440007
40153  -50.637  -25.309  7.376 0.4444440007
40739  -51.060  -24.836  6.836 0.4444440007
40731  -49.708  -23.838  7.695 0.4444440007
41340  -51.422  -23.706  6.322 0.4444440007
41305  -52.532  -23.553  12.206 0.3333329856
41946  -52.440  -22.830  11.385 0.3333329856
41312  -51.603  -23.023  10.819 0.4444440007
41951  -52.082  -22.336  10.496 0.4444440007
41957  -51.721  -21.862  9.619 0.5555559993
42661  -52.327  -21.280  9.190 0.5555559993
42664  -52.270  -21.015  8.386 0.6666669846
41952  -52.833  -22.020  10.980 0.2222220004
42656  -52.552  -21.621  10.133 0.3333329856
42662  -53.097  -21.010  9.734 0.3333329856
43338  -53.641  -20.447  9.304 0.4444440007
43343  -54.200  -19.885  8.803 0.4444440007
71984  -20.351  -60.307  28.293 0.2222220004
86771  -20.975  -60.144  28.367 0.2222220004
73800  -21.040  -60.755  27.925 0.1111110002
73303  -21.646  -60.342  28.242 0.2222220004
13696  -17.862  -67.326  38.154 0.2222220004
15076  -19.753  -65.545  38.214 0.2222220004
74234  -20.514  -63.996  37.903 0.1111110002
15077  -20.223  -65.022  38.135 0.1111110002
13077  -14.566  -67.923  38.683 0.2222220004
71973  -18.875  -60.418  28.473 0.1111110002
71946  -17.432  -61.238  28.873 0.2222220004
73074  -21.637  -56.287  22.759 0.5555559993
72144  -24.525  -55.058  22.004 0.4444440007
21768  -23.434  -55.302  22.151 0.4444440007
73174  -29.702  -53.559  22.216 0.2222220004
21713  -25.401  -55.605  28.270 0.3333329856
77908  -42.767  -47.933  22.939 0.1111110002
39532  -50.598  -26.545  8.361 0.4444440007
75598  -39.454  -38.688  13.198 0.3333329856
40747  -50.829  -24.049  6.623 0.4444440007
40738  -50.242  -24.380  7.203 0.4444440007
74219  -20.534  -63.522  36.323 0.1111110002
12391  -15.963  -68.663  37.767 0.1111110002
13084  -17.402  -67.882  37.374 0.1111110002
14324  -18.702  -66.557  36.966 0.2222220004
11634  -15.170  -68.324  38.160 0.2222220004
71949  -17.844  -63.349  33.583 0.2222220004
74703  -17.550  -63.305  32.230 0.1111110002
87845  -23.967  -60.883  27.322 0.1111110002
20383  -22.730  -57.924  23.866 0.3333329856
20391  -24.326  -57.653  22.822 0.2222220004
21123  -24.851  -55.658  21.817 0.2222220004
21050  -32.365  -55.986  30.328 0.1111110002
83929  -31.656  -55.922  30.687 0.1111110002
74075  -31.166  -56.259  30.410 0.2222220004
22377  -33.915  -54.018  28.093 0.1111110002
23081  -33.882  -52.951  28.400 0.1111110002
27685  -41.846  -45.011  19.536 0.4444440007
73993  -40.061  -38.281  15.587 0.2222220004
32681  -41.424  -37.999  15.015 0.2222220004
33368  -41.373  -37.534  10.879 0.1111110002
40144  -50.460  -25.943  7.935 0.4444440007
39538  -51.326  -26.029  7.556 0.4444440007
41942  -53.016  -22.833  12.072 0.2222220004
42657  -53.329  -21.362  10.628 0.2222220004
43334  -53.878  -20.744  10.242 0.3333329856
76367  -19.602  -60.663  28.252 0.1111110002
13082  -14.222  -68.416  37.665 0.1111110002
90198  -13.176  -67.428  38.249 0.1111110002
90291  -12.531  -67.593  38.025 0.1111110002
83869  -41.580  -50.681  30.777 0.1111110002
84860  -42.028  -50.588  29.805 0.1111110002
25439  -39.001  -48.682  32.352 0.2222220004
26041  -39.885  -49.022  32.328 0.1111110002
28268  -41.684  -44.527  19.002 0.4444440007
28834  -41.582  -43.849  20.124 0.3333329856
28839  -41.535  -43.602  19.374 0.2222220004
29435  -41.978  -43.040  19.938 0.3333329856
85730  -41.460  -44.269  19.746 0.3333329856
28847  -41.709  -43.900  18.393 0.4444440007
29444  -41.981  -42.560  19.160 0.2222220004
82954  -41.703  -43.121  18.616 0.3333329856
78968  -41.757  -43.258  17.796 0.3333329856
30069  -42.336  -41.669  19.365 0.2222220004
29455  -41.709  -42.487  18.236 0.2222220004
76190  -41.516  -41.891  17.798 0.2222220004
30696  -41.417  -41.064  17.743 0.2222220004
38949  -52.113  -27.533  9.232 0.3333329856
40154  -51.397  -25.520  7.086 0.3333329856
40748  -51.722  -24.469  6.321 0.3333329856
41969  -54.599  -22.346  6.173 0.2222220004
42676  -55.972  -21.918  6.015 0.2222220004
42675  -55.098  -21.649  6.211 0.2222220004
42679  -55.603  -21.136  6.065 0.2222220004
43349  -54.871  -20.813  6.451 0.2222220004
42680  -56.275  -21.279  5.532 0.2222220004
43980  -54.865  -20.035  6.659 0.2222220004
43351  -55.700  -20.345  5.958 0.3333329856
43983  -56.117  -19.764  5.513 0.2222220004
43981  -55.721  -19.503  6.348 0.3333329856
43352  -56.307  -20.346  5.044 0.3333329856
44612  -55.786  -18.991  7.027 0.4444440007
44613  -56.269  -18.791  6.434 0.4444440007
43982  -56.338  -19.137  5.627 0.4444440007
43984  -56.488  -19.483  4.696 0.3333329856
44617  -56.729  -18.630  4.995 0.3333329856
44624  -57.100  -17.916  4.491 0.4444440007
78933  -56.619  -18.501  5.791 0.4444440007
44618  -57.050  -17.929  5.404 0.4444440007
44614  -56.803  -17.962  6.473 0.3333329856
45243  -57.531  -17.199  5.866 0.3333329856
85318  -42.020  -44.014  17.500 0.5555559993
40162  -53.234  -24.953  6.463 0.2222220004
84435  -40.203  -38.747  16.660 0.2222220004
40160  -51.762  -25.237  6.713 0.3333329856
30078  -41.922  -41.735  18.501 0.2222220004
30079  -42.223  -40.932  18.640 0.2222220004
45245  -57.633  -17.238  4.825 0.3333329856
15081  -19.849  -65.662  37.482 0.1111110002
17641  -14.531  -61.287  38.767 0.1111110002
23046  -39.306  -52.951  32.023 0.1111110002
83962  -39.436  -51.771  32.415 0.1111110002
24824  -29.109  -50.236  31.843 0.1111110002
24304  -29.086  -51.259  33.537 0.1111110002
24815  -29.648  -49.887  32.773 0.1111110002
24311  -29.012  -50.803  32.775 0.1111110002
25462  -29.725  -49.510  31.703 0.1111110002
25446  -30.274  -49.186  32.348 0.1111110002
25463  -30.322  -49.046  31.549 0.1111110002
26037  -30.876  -48.756  31.915 0.1111110002
76836  -30.456  -49.437  33.345 0.1111110002
25447  -30.977  -48.849  32.782 0.1111110002
72161  -40.449  -48.349  30.295 0.1111110002
72162  -40.773  -46.957  27.663 0.1111110002
27096  -40.597  -45.914  27.594 0.1111110002
73108  -40.963  -48.086  28.376 0.2222220004
28825  -42.811  -44.227  20.683 0.1111110002
29423  -43.428  -43.469  20.966 0.1111110002
28249  -42.006  -44.158  20.389 0.2222220004
29424  -43.678  -42.462  21.354 0.1111110002
28835  -42.426  -43.421  20.460 0.1111110002
85722  -43.072  -42.749  20.753 0.1111110002
29436  -42.609  -42.500  20.317 0.1111110002
30061  -43.156  -41.959  20.832 0.1111110002
30052  -43.618  -41.506  21.512 0.1111110002
72347  -43.222  -41.020  20.845 0.1111110002
30060  -42.726  -41.603  20.181 0.1111110002
74174  -43.436  -40.130  21.155 0.1111110002
29445  -42.344  -42.281  19.812 0.1111110002
74249  -43.713  -39.451  21.411 0.1111110002
72376  -43.077  -40.395  20.185 0.1111110002
89040  -42.897  -40.980  20.246 0.1111110002
73429  -43.206  -39.870  19.530 0.1111110002
30690  -42.664  -40.980  19.679 0.1111110002
88748  -50.405  -30.579  11.085 0.1111110002
80057  -50.134  -30.043  10.533 0.1111110002
37204  -49.751  -30.730  10.653 0.1111110002
37203  -48.907  -30.961  10.033 0.1111110002
37206  -50.901  -30.077  11.066 0.1111110002
37823  -50.647  -29.425  10.394 0.1111110002
37824  -51.508  -29.551  10.858 0.1111110002
80439  -49.297  -30.063  9.995 0.1111110002
37202  -47.924  -30.907  9.711 0.1111110002
37825  -52.827  -29.056  10.839 0.1111110002
38383  -53.142  -28.357  10.540 0.1111110002
38381  -51.318  -28.807  10.156 0.1111110002
81367  -52.055  -29.120  10.646 0.1111110002
38382  -52.295  -28.581  10.241 0.1111110002
38943  -53.484  -27.666  10.292 0.1111110002
80894  -48.315  -30.075  9.688 0.1111110002
38951  -53.900  -27.120  9.916 0.1111110002
38942  -52.631  -27.920  9.901 0.1111110002
39525  -53.416  -26.808  9.122 0.1111110002
38950  -53.008  -27.333  9.542 0.1111110002
39526  -54.385  -26.578  9.417 0.1111110002
38941  -51.722  -28.127  9.646 0.1111110002
39536  -53.764  -26.300  8.534 0.1111110002
40146  -54.748  -26.021  8.722 0.1111110002
40147  -55.624  -25.695  8.641 0.1111110002
40148  -57.090  -25.497  8.880 0.1111110002
40733  -57.788  -24.882  8.667 0.1111110002
39524  -52.513  -26.967  8.840 0.1111110002
39535  -52.959  -26.568  8.445 0.1111110002
75326  -54.103  -25.754  7.676 0.1111110002
81977  -56.330  -25.461  8.574 0.1111110002
40149  -57.899  -25.421  9.190 0.1111110002
40732  -56.810  -25.061  8.151 0.1111110002
75577  -55.047  -25.596  7.987 0.1111110002
86547  -55.843  -25.239  7.797 0.1111110002
39534  -52.096  -26.520  8.006 0.1111110002
40145  -53.029  -26.137  7.757 0.1111110002
40157  -54.911  -25.242  7.196 0.1111110002
40742  -56.499  -24.652  7.353 0.1111110002
40752  -56.249  -24.115  6.669 0.1111110002
40753  -57.075  -24.051  7.056 0.1111110002
40156  -53.166  -25.536  7.019 0.1111110002
81874  -54.021  -25.179  6.716 0.1111110002
40741  -55.615  -24.696  6.924 0.1111110002
40740  -54.747  -24.637  6.470 0.1111110002
40751  -55.415  -24.087  6.287 0.1111110002
41342  -55.941  -23.386  6.260 0.1111110002
40155  -52.170  -25.867  7.120 0.2222220004
82210  -54.642  -23.977  6.069 0.2222220004
41341  -55.055  -23.243  6.117 0.1111110002
41970  -55.530  -22.530  6.126 0.1111110002
40161  -52.452  -25.127  6.555 0.2222220004
40114  -52.048  -25.173  13.901 0.1111110002
40113  -51.250  -25.304  13.607 0.1111110002
40704  -52.519  -24.601  13.469 0.1111110002
41301  -52.907  -23.927  13.072 0.1111110002
41938  -53.919  -22.801  13.232 0.1111110002
41944  -54.300  -22.220  13.039 0.1111110002
42645  -54.900  -21.899  13.272 0.1111110002
40711  -52.239  -24.296  12.687 0.1111110002
41306  -53.275  -23.161  12.745 0.1111110002
42649  -54.492  -21.702  12.634 0.1111110002
44605  -55.957  -18.690  9.480 0.2222220004
43971  -54.837  -19.567  9.453 0.2222220004
44609  -56.346  -18.169  9.004 0.2222220004
45252  -57.659  -17.126  4.075 0.1111110002
45868  -58.257  -16.655  4.339 0.1111110002
45235  -57.180  -16.940  8.904 0.1111110002
45858  -58.258  -16.555  5.117 0.1111110002
45869  -58.843  -16.213  4.293 0.1111110002
45877  -58.426  -16.366  3.851 0.1111110002
45262  -57.437  -16.933  3.711 0.1111110002
40136  -55.478  -26.142  9.345 0.1111110002
40726  -58.681  -24.865  9.473 0.1111110002
40744  -58.050  -24.290  8.228 0.1111110002
84333  -40.767  -48.694  28.697 0.2222220004
85718  -40.939  -47.411  28.184 0.1111110002
14329  -19.220  -66.144  36.838 0.1111110002
23055  -38.916  -52.837  31.291 0.1111110002
79373  -28.725  -51.081  31.923 0.1111110002
88436  -29.989  -49.949  33.541 0.1111110002
72158  -40.694  -46.340  28.565 0.1111110002
74196  -43.451  -39.612  20.497 0.1111110002
72371  -42.769  -40.416  19.200 0.1111110002
41939  -54.585  -22.520  13.639 0.1111110002
44630  -56.967  -17.815  3.901 0.1111110002
89821  -42.299  -35.507  20.370 0.1111110002
33311  -40.788  -35.941  19.941 0.1111110002
33949  -42.524  -35.279  19.512 0.1111110002
90621  -42.901  -35.276  20.220 0.1111110002
33943  -41.714  -35.575  19.730 0.1111110002
72369  -39.846  -36.102  19.692 0.1111110002
33315  -40.285  -35.677  19.003 0.1111110002
33948  -41.883  -35.371  18.989 0.1111110002
89713  -39.964  -35.535  18.496 0.1111110002
33944  -43.568  -35.216  20.563 0.1111110002
80183  -44.085  -35.285  21.153 0.1111110002
72356  -41.558  -35.875  20.650 0.1111110002
77549  -42.879  -35.413  20.920 0.1111110002
33309  -42.229  -35.755  21.259 0.1111110002
72368  -41.532  -36.156  21.643 0.1111110002
26013  -37.460  -47.630  33.451 0.1111110002
33312  -41.123  -35.508  19.003 0.1111110002
30028  -35.990  -41.507  23.110 0.1111110002
30654  -34.973  -40.202  23.705 0.1111110002
31278  -35.658  -39.548  24.721 0.1111110002
31889  -35.564  -39.207  24.124 0.1111110002
31292  -34.778  -39.796  23.150 0.1111110002
31872  -37.844  -38.089  25.557 0.1111110002
31892  -37.741  -37.834  24.734 0.1111110002
75552  -36.129  -38.511  23.722 0.1111110002
31286  -35.081  -39.516  23.663 0.1111110002
31903  -35.464  -38.970  23.493 0.1111110002
31904  -36.882  -37.932  23.561 0.1111110002
31913  -36.491  -37.971  22.778 0.1111110002
42681  -56.704  -21.106  4.587 0.1111110002
42686  -57.204  -21.801  4.088 0.2222220004
43339  -54.345  -20.109  9.824 0.1111110002
43969  -55.499  -19.174  10.064 0.1111110002
44601  -56.071  -18.647  10.250 0.1111110002
44606  -56.363  -18.109  9.911 0.1111110002
43968  -54.950  -19.756  10.224 0.1111110002
43355  -56.580  -20.321  4.176 0.2222220004
45234  -56.718  -17.483  9.439 0.1111110002
30018  -35.508  -40.841  23.899 0.1111110002
30655  -35.345  -40.280  24.379 0.1111110002
31277  -35.237  -39.821  24.346 0.1111110002
31891  -36.851  -38.227  24.440 0.1111110002
77730  -37.196  -38.377  25.266 0.1111110002
81722  -13.897  -60.470  37.711 0.1111110002
17645  -14.303  -61.005  38.198 0.1111110002
19687  -24.886  -58.264  23.660 0.1111110002
19688  -25.964  -58.317  23.717 0.1111110002
19689  -26.918  -58.232  23.853 0.1111110002
20392  -25.497  -57.714  22.878 0.1111110002
20394  -27.681  -57.444  23.175 0.1111110002
20402  -26.133  -56.903  22.283 0.1111110002
20403  -27.090  -56.881  22.492 0.1111110002
20404  -28.016  -56.017  22.291 0.1111110002
20300  -21.392  -56.522  30.604 0.1111110002
20314  -22.841  -56.971  30.379 0.2222220004
20334  -24.564  -56.914  29.941 0.2222220004
20315  -24.113  -57.201  30.418 0.1111110002
21048  -25.075  -56.408  29.456 0.2222220004
21705  -25.526  -55.720  29.069 0.2222220004
76015  -28.509  -54.165  31.315 0.1111110002
73735  -28.256  -54.557  30.916 0.1111110002
23770  -28.485  -52.594  31.471 0.1111110002
73267  -40.634  -48.040  29.415 0.1111110002
32670  -41.646  -38.040  15.850 0.1111110002
42002  -56.658  -22.051  1.287 0.1111110002
85716  -56.617  -22.290  0.515 0.1111110002
42718  -55.887  -21.928  0.861 0.1111110002
42705  -55.396  -21.296  1.503 0.1111110002
43378  -55.031  -20.526  1.898 0.1111110002
43379  -55.875  -20.898  2.190 0.1111110002
80559  -56.438  -21.570  2.029 0.1111110002
41947  -53.119  -22.347  11.650 0.1111110002
42652  -53.545  -21.749  11.458 0.1111110002
42685  -56.808  -21.105  3.707 0.1111110002
43989  -56.543  -19.523  3.872 0.1111110002
43361  -56.418  -20.385  3.527 0.1111110002
42696  -57.151  -21.878  3.183 0.1111110002
42695  -56.568  -21.192  2.824 0.1111110002
43368  -55.414  -20.011  2.531 0.1111110002
42653  -54.227  -21.472  11.923 0.1111110002
42658  -54.064  -21.073  11.137 0.1111110002
44623  -56.802  -18.705  4.157 0.1111110002
43996  -56.260  -19.622  3.449 0.1111110002
43369  -56.056  -20.269  2.980 0.1111110002
44629  -56.490  -18.698  3.578 0.1111110002
44005  -55.864  -19.258  3.046 0.1111110002
19678  -24.274  -58.522  24.503 0.1111110002
20393  -26.581  -57.682  22.994 0.1111110002
81558  -23.633  -57.113  30.817 0.2222220004
85042  -56.037  -21.557  1.585 0.1111110002
41943  -53.714  -22.266  12.361 0.1111110002
11635  -15.149  -68.542  37.632 0.2222220004
12385  -14.795  -67.924  39.146 0.2222220004
12386  -15.091  -68.211  38.856 0.3333329856
12387  -15.305  -68.330  38.570 0.3333329856
12389  -14.882  -68.264  38.150 0.2222220004
12390  -15.301  -68.417  37.940 0.2222220004
12393  -15.379  -68.811  37.163 0.1111110002
13072  -14.612  -67.995  40.715 0.4444440007
13074  -14.992  -68.122  39.959 0.4444440007
13076  -16.236  -68.505  39.251 0.1111110002
13079  -16.546  -68.442  38.299 0.1111110002
13083  -16.685  -68.441  37.603 0.1111110002
13092  -17.505  -67.846  36.550 0.1111110002
13685  -15.055  -67.402  41.065 0.3333329856
13686  -15.834  -67.048  41.125 0.4444440007
13690  -16.114  -67.442  40.374 0.4444440007
13692  -17.786  -67.248  39.165 0.3333329856
13694  -14.206  -67.229  38.944 0.2222220004
13702  -14.025  -67.844  38.380 0.2222220004
14317  -19.248  -65.897  38.258 0.2222220004
14325  -19.265  -66.046  37.584 0.2222220004
15062  -19.200  -65.430  39.688 0.3333329856
15063  -19.602  -65.159  39.323 0.3333329856
15066  -9.258  -64.997  38.981 0.1111110002
15068  -19.491  -65.473  38.847 0.3333329856
15764  -18.846  -64.568  41.097 0.4444440007
15770  -19.378  -64.565  40.319 0.3333329856
15777  -7.580  -64.607  38.913 0.1111110002
15782  -20.145  -64.481  38.638 0.3333329856
15785  -20.466  -64.383  37.990 0.1111110002
16385  -19.589  -63.887  39.920 0.4444440007
16401  -7.190  -63.787  36.620 0.1111110002
19016  -13.498  -59.025  31.111 0.8888890147
19017  -13.945  -59.302  30.385 0.8888890147
19622  -13.241  -58.787  31.937 0.8888890147
20363  -21.994  -57.113  26.238 0.7777780294
21731  -22.730  -55.459  26.804 0.7777780294
21740  -21.347  -54.889  25.941 0.7777780294
21757  -21.626  -55.106  23.183 0.6666669846
22412  -20.720  -54.934  24.408 0.8888890147
22435  -22.316  -54.729  23.034 0.6666669846
22436  -23.071  -54.621  22.688 0.6666669846
26134  -41.631  -48.980  18.966 0.8888890147
27717  -40.949  -45.428  14.577 1.0000000000
27723  -38.879  -45.432  14.924 1.0000000000
28310  -39.167  -44.847  14.515 1.0000000000
28311  -39.852  -44.835  14.061 1.0000000000
28312  -40.654  -44.814  14.259 1.0000000000
28869  -41.447  -43.829  15.015 1.0000000000
28876  -39.487  -44.055  14.265 1.0000000000
28878  -40.968  -44.133  14.431 1.0000000000
30680  -34.887  -40.902  21.483 0.3333329856
31890  -36.121  -38.947  24.608 0.1111110002
48316  -60.472  -11.954  7.733 0.1111110002
48949  -59.900  -11.716  7.397 0.1111110002
73200  -20.186  -56.551  25.119 0.7777780294
74206  -36.873  -37.095  20.313 0.1111110002
76716  -19.468  -63.497  40.901 0.5555559993
78443  -8.737  -67.829  37.420 0.1111110002
78766  -13.197  -60.554  33.913 0.7777780294
80712  -11.575  -64.208  37.848 0.1111110002
81938  -17.590  -64.367  41.066 0.6666669846
82969  -22.838  -58.049  24.722 0.3333329856
86473  -35.561  -40.833  14.581 1.0000000000
87205  -38.663  -44.832  14.972 1.0000000000
88120  -16.089  -59.755  28.846 0.7777780294
88617  -38.320  -42.169  26.381 0.1111110002
89751  -18.835  -63.862  41.070 0.5555559993
