#!ascii label  , from subject sub-01 vox2ras=TkReg
1047
82806  -42.029  -9.758  6.964 0.0000000000
49684  -52.728  -9.485  -3.644 0.0000000000
53379  -49.276  -3.429  10.961 0.0000000000
49589  -49.488  -10.941  5.080 0.0000000000
47032  -50.555  -14.710  10.479 0.0000000000
51848  -45.291  -6.377  2.265 0.0000000000
55220  -53.336  0.060  0.589 0.0000000000
56846  -46.660  2.010  7.687 0.0000000000
43961  -45.134  -19.487  12.515 0.0000000000
48952  -44.939  -11.103  5.321 0.0000000000
50271  -46.478  -9.795  3.215 0.0000000000
51321  -43.969  -6.935  4.828 0.0000000000
54557  -53.260  -1.181  12.859 0.0000000000
54614  -51.003  -0.846  7.122 0.0000000000
88982  -54.152  1.027  8.691 0.0000000000
56868  -49.221  1.855  4.801 0.0000000000
79586  -49.540  2.160  11.143 0.0000000000
72744  -47.568  -7.908  -5.426 0.0000000000
50233  -42.337  -8.943  11.263 0.0000000000
52332  -44.311  -5.341  9.416 0.0000000000
49568  -53.618  -11.158  7.771 0.0000000000
48305  -49.851  -12.270  7.895 0.0000000000
47687  -45.343  -13.918  6.894 0.0000000000
45830  -45.581  -17.394  9.594 0.0000000000
84319  -48.203  -8.945  -1.298 0.0000000000
75192  -45.639  -6.217  -0.710 0.0000000000
54006  -46.328  -2.680  6.868 0.0000000000
54040  -47.249  -2.283  2.640 0.0000000000
74305  -45.496  -3.137  0.130 0.0000000000
55745  -45.727  -0.009  1.717 0.0000000000
55724  -44.138  0.677  4.372 0.0000000000
49583  -43.409  -10.493  5.585 0.0000000000
50256  -44.055  -9.493  4.909 0.0000000000
50808  -42.474  -8.342  6.235 0.0000000000
55665  -53.105  0.355  14.344 0.0000000000
90231  -55.222  -0.078  10.903 0.0000000000
56239  -53.535  0.952  11.728 0.0000000000
56261  -51.908  1.148  9.471 0.0000000000
50873  -51.468  -8.371  -4.913 0.0000000000
50229  -43.110  -9.136  12.518 0.0000000000
50788  -44.442  -8.306  11.706 0.0000000000
47669  -49.878  -13.669  9.113 0.0000000000
47689  -47.222  -13.447  7.101 0.0000000000
46444  -47.822  -15.329  8.540 0.0000000000
45211  -45.684  -18.381  10.704 0.0000000000
46424  -40.828  -15.437  9.327 0.0000000000
48293  -39.499  -12.402  9.970 0.0000000000
47029  -38.153  -14.201  10.975 0.0000000000
49630  -49.616  -10.214  2.766 0.0000000000
50834  -45.270  -8.435  2.038 0.0000000000
50304  -46.761  -9.441  0.463 0.0000000000
51352  -45.794  -7.513  0.705 0.0000000000
72734  -46.383  -7.398  -1.518 0.0000000000
51856  -45.712  -5.732  0.889 0.0000000000
52840  -46.974  -4.611  10.395 0.0000000000
53391  -44.823  -3.710  7.997 0.0000000000
53976  -47.246  -2.635  9.055 0.0000000000
55190  -52.587  -0.613  4.044 0.0000000000
54633  -49.543  -1.508  4.163 0.0000000000
54661  -50.435  -0.887  1.551 0.0000000000
54057  -47.095  -1.630  1.586 0.0000000000
55232  -48.430  -1.046  -1.870 0.0000000000
72832  -46.138  -1.419  1.243 0.0000000000
55757  -49.508  0.484  -0.306 0.0000000000
56854  -48.041  2.164  6.860 0.0000000000
56324  -46.963  1.693  4.555 0.0000000000
56304  -45.617  1.520  6.194 0.0000000000
55710  -43.366  0.774  5.791 0.0000000000
56291  -44.344  1.570  7.368 0.0000000000
48954  -47.106  -11.378  5.643 0.0000000000
75300  -48.191  -10.455  3.835 0.0000000000
49602  -45.795  -10.350  4.709 0.0000000000
50823  -44.873  -8.905  3.711 0.0000000000
51844  -44.735  -6.742  3.569 0.0000000000
53376  -51.641  -2.748  11.841 0.0000000000
53979  -49.815  -1.503  9.144 0.0000000000
54579  -52.667  -1.063  9.941 0.0000000000
55160  -54.699  -0.205  6.768 0.0000000000
55726  -53.907  0.374  4.209 0.0000000000
56347  -51.706  1.167  2.890 0.0000000000
90548  -51.817  1.442  7.024 0.0000000000
56850  -50.385  1.704  7.748 0.0000000000
56823  -47.948  2.394  9.511 0.0000000000
72743  -46.054  -7.644  -4.006 0.0000000000
50797  -41.400  -8.977  9.362 0.0000000000
51306  -42.235  -7.010  8.437 0.0000000000
88000  -43.330  -7.718  10.534 0.0000000000
51803  -45.848  -6.640  11.190 0.0000000000
52323  -48.464  -5.900  11.947 0.0000000000
75993  -48.006  -5.022  13.069 0.0000000000
53370  -50.071  -4.040  12.389 0.0000000000
49577  -51.655  -11.162  6.179 0.0000000000
79826  -51.762  -11.235  7.833 0.0000000000
48941  -49.662  -11.512  6.409 0.0000000000
48322  -47.177  -12.532  6.609 0.0000000000
48320  -45.323  -12.613  6.192 0.0000000000
46410  -50.798  -15.584  11.731 0.0000000000
45197  -47.863  -18.315  12.810 0.0000000000
45213  -48.021  -17.449  11.454 0.0000000000
45845  -47.756  -16.499  9.687 0.0000000000
46442  -45.930  -15.588  8.351 0.0000000000
80206  -41.259  -11.917  7.432 0.0000000000
50320  -51.914  -9.965  -1.289 0.0000000000
49641  -48.111  -10.102  1.712 0.0000000000
50317  -49.686  -9.539  -0.761 0.0000000000
50860  -51.988  -7.872  -2.632 0.0000000000
72750  -49.521  -6.322  -3.623 0.0000000000
77163  -47.073  -6.995  -3.353 0.0000000000
52411  -45.430  -6.931  -1.335 0.0000000000
51814  -42.865  -5.909  7.427 0.0000000000
52354  -44.416  -5.150  5.929 0.0000000000
52878  -45.884  -4.290  4.092 0.0000000000
54611  -48.466  -1.692  6.451 0.0000000000
88808  -47.526  -2.464  4.712 0.0000000000
52888  -46.056  -3.893  2.561 0.0000000000
75509  -45.867  -3.711  1.423 0.0000000000
52913  -45.524  -4.463  -0.530 0.0000000000
52921  -44.680  -4.371  -1.644 0.0000000000
74607  -48.438  1.290  2.501 0.0000000000
55736  -44.770  0.184  2.792 0.0000000000
55203  -42.835  -0.972  2.852 0.0000000000
54631  -42.049  -1.195  3.965 0.0000000000
55179  -41.512  -0.554  5.459 0.0000000000
81575  -42.402  -9.923  6.449 0.0000000000
50248  -42.877  -9.698  5.838 0.0000000000
50247  -42.317  -9.162  6.529 0.0000000000
56231  -53.263  0.601  13.526 0.0000000000
56235  -52.114  1.410  12.983 0.0000000000
86554  -52.736  -8.972  -4.312 0.0000000000
47044  -50.204  -14.212  9.805 0.0000000000
47056  -49.054  -14.061  8.603 0.0000000000
47043  -49.391  -14.544  9.397 0.0000000000
45838  -40.001  -15.905  9.735 0.0000000000
46415  -39.360  -15.060  9.901 0.0000000000
49606  -49.891  -10.689  4.498 0.0000000000
49618  -49.787  -10.410  3.761 0.0000000000
51338  -45.173  -7.357  2.083 0.0000000000
50839  -45.705  -8.397  1.204 0.0000000000
51855  -45.536  -6.680  1.364 0.0000000000
87020  -46.049  -7.102  0.001 0.0000000000
52378  -45.552  -5.644  1.728 0.0000000000
53378  -48.280  -3.783  10.565 0.0000000000
53382  -46.773  -3.236  9.369 0.0000000000
53384  -48.659  -2.726  10.012 0.0000000000
55200  -53.518  -0.224  2.693 0.0000000000
85007  -51.425  -0.763  2.932 0.0000000000
55218  -52.600  -0.420  1.172 0.0000000000
55216  -50.363  -0.826  0.450 0.0000000000
55235  -52.042  -0.176  -0.761 0.0000000000
80733  -49.344  0.194  -2.295 0.0000000000
55758  -52.152  0.496  -0.056 0.0000000000
56847  -47.525  2.121  7.636 0.0000000000
56305  -46.771  1.807  6.090 0.0000000000
56293  -46.228  1.782  6.979 0.0000000000
56303  -44.649  1.431  6.605 0.0000000000
56837  -45.765  1.896  7.839 0.0000000000
48953  -46.250  -11.458  5.586 0.0000000000
81229  -46.737  -10.463  4.527 0.0000000000
49585  -45.130  -10.586  4.972 0.0000000000
50815  -43.290  -8.245  4.997 0.0000000000
50264  -44.509  -9.153  4.371 0.0000000000
50822  -44.240  -8.267  3.934 0.0000000000
51332  -44.543  -7.646  3.350 0.0000000000
51327  -44.290  -7.316  4.071 0.0000000000
85230  -52.176  -2.374  12.282 0.0000000000
53970  -52.360  -2.144  11.573 0.0000000000
54562  -53.307  -1.647  11.741 0.0000000000
55684  -54.890  0.454  9.964 0.0000000000
55140  -55.459  0.052  9.091 0.0000000000
55694  -55.658  0.324  7.856 0.0000000000
55183  -54.755  0.095  5.394 0.0000000000
56309  -54.000  1.095  6.750 0.0000000000
56318  -52.949  1.231  5.823 0.0000000000
56296  -53.348  1.303  7.456 0.0000000000
85720  -51.129  1.484  10.703 0.0000000000
56843  -51.306  1.380  8.910 0.0000000000
56826  -50.403  1.761  9.497 0.0000000000
56841  -49.608  1.960  8.256 0.0000000000
56805  -48.725  2.416  10.704 0.0000000000
72751  -46.529  -7.785  -4.659 0.0000000000
50242  -41.743  -8.793  10.138 0.0000000000
50798  -41.934  -8.332  9.518 0.0000000000
50793  -43.129  -8.206  10.863 0.0000000000
50790  -45.784  -7.431  11.909 0.0000000000
51297  -45.768  -7.338  11.650 0.0000000000
51298  -46.642  -6.989  11.870 0.0000000000
51798  -47.355  -6.623  11.796 0.0000000000
51799  -47.444  -6.589  11.932 0.0000000000
53364  -46.784  -4.067  13.490 0.0000000000
52830  -48.503  -4.410  13.128 0.0000000000
53961  -49.201  -3.166  13.527 0.0000000000
53962  -49.943  -2.991  13.321 0.0000000000
53959  -49.476  -2.471  13.977 0.0000000000
49592  -52.197  -11.178  6.105 0.0000000000
49578  -52.278  -11.221  6.975 0.0000000000
88269  -51.647  -11.448  8.265 0.0000000000
48928  -50.445  -11.771  7.655 0.0000000000
79381  -50.455  -11.537  6.909 0.0000000000
48315  -49.570  -11.939  7.251 0.0000000000
48940  -48.439  -11.654  6.223 0.0000000000
48314  -48.626  -12.603  7.215 0.0000000000
47688  -46.270  -13.772  7.011 0.0000000000
47698  -46.534  -13.104  6.761 0.0000000000
47696  -44.845  -13.320  6.489 0.0000000000
44580  -46.404  -18.828  12.296 0.0000000000
45212  -46.603  -18.024  10.956 0.0000000000
89638  -46.727  -17.520  10.374 0.0000000000
45819  -48.081  -16.900  10.577 0.0000000000
45844  -46.848  -16.629  9.458 0.0000000000
46430  -46.417  -16.140  8.858 0.0000000000
46429  -45.470  -16.224  8.752 0.0000000000
48909  -40.670  -11.040  8.627 0.0000000000
48908  -40.342  -11.700  8.987 0.0000000000
50310  -52.485  -10.394  -0.555 0.0000000000
49616  -47.434  -10.202  3.381 0.0000000000
87292  -48.176  -10.322  3.155 0.0000000000
50281  -47.190  -9.965  1.922 0.0000000000
73232  -47.657  -9.420  -0.821 0.0000000000
88737  -48.159  -9.993  0.176 0.0000000000
72740  -48.736  -9.530  -0.924 0.0000000000
50329  -50.208  -8.908  -1.668 0.0000000000
72749  -49.461  -8.144  -1.929 0.0000000000
72756  -51.191  -6.509  -3.510 0.0000000000
74126  -48.714  -7.482  -2.253 0.0000000000
76239  -45.883  -6.927  -0.957 0.0000000000
51872  -46.892  -7.521  -2.195 0.0000000000
51871  -45.852  -7.212  -1.249 0.0000000000
51877  -46.585  -7.656  -2.240 0.0000000000
52402  -45.374  -6.044  -0.967 0.0000000000
51806  -42.888  -6.718  9.153 0.0000000000
75103  -42.349  -6.615  7.756 0.0000000000
52337  -43.226  -5.331  8.196 0.0000000000
53998  -45.833  -2.879  7.568 0.0000000000
52865  -44.535  -4.527  6.707 0.0000000000
52866  -45.112  -4.013  6.435 0.0000000000
80307  -45.316  -4.447  5.174 0.0000000000
53421  -45.794  -4.039  4.763 0.0000000000
54588  -50.389  -1.109  8.621 0.0000000000
76163  -49.604  -1.241  8.346 0.0000000000
54613  -50.074  -1.073  6.934 0.0000000000
54641  -48.838  -1.800  3.499 0.0000000000
54632  -48.912  -1.720  4.950 0.0000000000
54033  -47.528  -2.449  3.418 0.0000000000
53423  -46.997  -2.929  3.778 0.0000000000
53433  -46.495  -2.968  2.640 0.0000000000
52893  -45.902  -4.152  1.694 0.0000000000
53434  -46.576  -2.543  2.296 0.0000000000
54065  -45.705  -2.796  1.055 0.0000000000
53447  -45.795  -3.368  1.233 0.0000000000
53454  -45.425  -3.727  -0.534 0.0000000000
52912  -45.105  -5.002  -1.086 0.0000000000
74587  -45.041  -3.581  -1.054 0.0000000000
80128  -44.284  -3.901  -2.022 0.0000000000
73932  -45.092  -3.136  -0.634 0.0000000000
55215  -45.839  -0.641  1.400 0.0000000000
73989  -44.565  -2.324  -0.016 0.0000000000
56326  -49.974  1.759  4.251 0.0000000000
56338  -49.782  1.632  3.536 0.0000000000
56874  -49.030  1.906  4.114 0.0000000000
74710  -45.921  1.302  4.463 0.0000000000
56334  -45.997  1.049  3.652 0.0000000000
55725  -44.541  0.524  3.607 0.0000000000
55204  -43.571  -0.705  2.643 0.0000000000
55197  -43.343  -0.384  3.331 0.0000000000
54640  -42.166  -1.341  3.147 0.0000000000
55188  -43.132  -0.168  4.034 0.0000000000
55709  -42.498  0.603  6.180 0.0000000000
55180  -42.260  -0.239  5.096 0.0000000000
55716  -41.955  0.138  5.770 0.0000000000
55178  -40.704  -0.807  5.768 0.0000000000
48951  -44.053  -11.203  5.525 0.0000000000
49584  -44.292  -10.387  5.153 0.0000000000
80362  -43.560  -9.824  5.302 0.0000000000
50255  -43.318  -9.006  5.317 0.0000000000
51320  -43.220  -7.523  5.305 0.0000000000
54564  -54.605  -0.504  11.983 0.0000000000
55119  -54.054  0.001  13.047 0.0000000000
56237  -54.242  0.601  12.015 0.0000000000
56249  -53.743  0.957  10.612 0.0000000000
76385  -53.047  1.046  8.738 0.0000000000
56248  -52.775  1.105  10.954 0.0000000000
56238  -51.722  1.361  11.336 0.0000000000
50871  -49.510  -7.960  -5.369 0.0000000000
49533  -42.426  -9.235  11.687 0.0000000000
50787  -43.613  -8.494  11.464 0.0000000000
50235  -43.939  -8.717  11.879 0.0000000000
47678  -49.611  -13.016  8.372 0.0000000000
78169  -48.037  -13.325  7.337 0.0000000000
47690  -48.671  -13.514  7.819 0.0000000000
47065  -47.748  -14.032  7.622 0.0000000000
47053  -46.413  -14.989  7.847 0.0000000000
44592  -45.195  -18.889  11.281 0.0000000000
45224  -44.240  -18.181  9.870 0.0000000000
47668  -40.946  -14.100  8.799 0.0000000000
47666  -39.888  -13.107  9.574 0.0000000000
83272  -39.612  -13.723  9.765 0.0000000000
47658  -39.217  -13.176  10.156 0.0000000000
50279  -45.772  -9.232  2.605 0.0000000000
50292  -46.578  -9.598  1.352 0.0000000000
50291  -45.915  -9.134  1.696 0.0000000000
50844  -46.391  -8.726  0.104 0.0000000000
73730  -46.553  -8.291  -0.688 0.0000000000
72731  -47.975  -7.992  -1.728 0.0000000000
51357  -46.213  -7.352  -0.758 0.0000000000
51865  -45.887  -6.434  -0.337 0.0000000000
52333  -45.312  -5.036  9.841 0.0000000000
52845  -44.781  -4.738  9.139 0.0000000000
53381  -45.930  -3.593  9.074 0.0000000000
53393  -46.313  -3.001  8.707 0.0000000000
53999  -46.528  -2.458  7.687 0.0000000000
55181  -51.712  -0.727  5.773 0.0000000000
54624  -50.657  -0.976  5.450 0.0000000000
54635  -51.566  -0.783  4.777 0.0000000000
54643  -50.458  -1.097  3.559 0.0000000000
54649  -48.832  -1.639  2.604 0.0000000000
54048  -47.203  -1.919  1.998 0.0000000000
87244  -48.831  -1.317  0.894 0.0000000000
54670  -47.793  -1.294  0.439 0.0000000000
87369  -46.839  -1.418  0.998 0.0000000000
72830  -45.748  -2.296  0.709 0.0000000000
74451  -46.876  -0.198  -1.556 0.0000000000
74172  -46.929  -0.107  -0.435 0.0000000000
55747  -47.188  0.385  1.112 0.0000000000
56855  -48.668  2.013  6.209 0.0000000000
56867  -48.429  1.965  4.613 0.0000000000
75986  -47.807  2.062  5.942 0.0000000000
56315  -46.333  1.552  5.304 0.0000000000
56314  -45.301  1.279  5.285 0.0000000000
55718  -43.479  0.562  4.982 0.0000000000
78929  -44.767  1.290  5.905 0.0000000000
56302  -44.019  1.161  6.182 0.0000000000
56301  -43.155  1.028  6.709 0.0000000000
49588  -48.535  -10.958  5.057 0.0000000000
78677  -48.146  -10.710  4.482 0.0000000000
49587  -47.515  -10.898  4.983 0.0000000000
49615  -46.884  -10.122  3.926 0.0000000000
49603  -46.167  -9.901  4.081 0.0000000000
50257  -44.857  -9.949  4.706 0.0000000000
50265  -45.311  -9.598  4.220 0.0000000000
50270  -45.607  -9.371  3.484 0.0000000000
50828  -45.151  -8.692  2.967 0.0000000000
50833  -44.831  -7.956  2.690 0.0000000000
76761  -45.090  -6.139  3.047 0.0000000000
53380  -50.174  -3.198  11.327 0.0000000000
53971  -49.626  -2.548  10.503 0.0000000000
53972  -50.512  -2.393  10.850 0.0000000000
54578  -51.545  -1.252  9.703 0.0000000000
87134  -51.723  -0.692  8.350 0.0000000000
55127  -54.532  -0.527  10.409 0.0000000000
55149  -54.073  -0.422  8.583 0.0000000000
55159  -53.144  -0.433  6.981 0.0000000000
55171  -54.519  -0.132  5.627 0.0000000000
55192  -54.421  0.004  4.313 0.0000000000
55732  -53.650  0.323  3.142 0.0000000000
55742  -52.563  0.717  1.849 0.0000000000
56341  -52.848  0.940  3.922 0.0000000000
56328  -51.962  1.451  4.643 0.0000000000
56316  -51.112  1.535  5.333 0.0000000000
56280  -51.841  1.211  8.280 0.0000000000
56294  -51.161  1.460  7.301 0.0000000000
56857  -50.380  1.699  6.873 0.0000000000
56848  -48.799  2.010  7.056 0.0000000000
75144  -48.225  2.132  7.555 0.0000000000
56839  -47.908  2.218  8.443 0.0000000000
79408  -41.364  -9.198  7.939 0.0000000000
50805  -41.608  -8.442  7.803 0.0000000000
50802  -41.464  -8.757  8.601 0.0000000000
51302  -42.399  -7.524  9.274 0.0000000000
51807  -43.615  -6.623  9.849 0.0000000000
50794  -43.972  -7.909  11.145 0.0000000000
87672  -44.453  -7.388  10.986 0.0000000000
51802  -45.025  -6.271  10.583 0.0000000000
52327  -46.773  -5.432  10.772 0.0000000000
52328  -47.655  -5.271  10.993 0.0000000000
52837  -48.827  -5.213  11.751 0.0000000000
51791  -47.433  -5.957  12.622 0.0000000000
52318  -48.339  -5.838  12.243 0.0000000000
52319  -48.908  -5.277  12.067 0.0000000000
52835  -50.140  -4.204  12.048 0.0000000000
53371  -50.704  -3.535  12.181 0.0000000000
53369  -51.021  -2.960  12.548 0.0000000000
54555  -51.380  -1.770  13.773 0.0000000000
49591  -51.234  -11.002  5.155 0.0000000000
48957  -50.015  -11.192  5.745 0.0000000000
48922  -52.919  -11.235  8.283 0.0000000000
89473  -52.264  -11.220  7.494 0.0000000000
49566  -51.827  -11.201  7.227 0.0000000000
89560  -50.464  -11.344  6.283 0.0000000000
48956  -49.037  -11.300  5.774 0.0000000000
48955  -48.043  -11.368  5.634 0.0000000000
48938  -46.698  -11.910  6.106 0.0000000000
48313  -47.850  -12.845  6.963 0.0000000000
48321  -46.232  -12.553  6.375 0.0000000000
48936  -44.837  -11.875  5.740 0.0000000000
81962  -43.752  -11.989  5.889 0.0000000000
78188  -48.481  -17.829  12.629 0.0000000000
45203  -46.895  -18.335  11.798 0.0000000000
88585  -48.255  -17.642  12.040 0.0000000000
45813  -48.777  -17.270  11.974 0.0000000000
45821  -49.263  -16.672  11.523 0.0000000000
77076  -49.562  -16.157  11.083 0.0000000000
46433  -48.970  -15.390  9.701 0.0000000000
46432  -48.213  -15.785  9.262 0.0000000000
46443  -46.910  -15.514  8.386 0.0000000000
47052  -45.415  -15.062  7.837 0.0000000000
83506  -41.684  -11.135  7.128 0.0000000000
49554  -40.970  -10.437  8.304 0.0000000000
49545  -40.813  -10.265  9.122 0.0000000000
49539  -41.162  -9.665  10.666 0.0000000000
49532  -41.779  -9.364  11.329 0.0000000000
49657  -52.741  -10.914  -0.837 0.0000000000
50321  -52.097  -10.285  -1.567 0.0000000000
50333  -52.170  -9.663  -2.613 0.0000000000
49617  -48.901  -10.347  3.420 0.0000000000
49629  -48.612  -10.202  2.596 0.0000000000
50293  -47.330  -9.929  1.023 0.0000000000
50306  -48.791  -9.978  0.390 0.0000000000
77619  -50.412  -9.898  0.682 0.0000000000
50318  -50.725  -9.580  -0.887 0.0000000000
50854  -51.771  -8.651  -2.324 0.0000000000
50862  -53.063  -8.177  -3.230 0.0000000000
51882  -52.933  -7.227  -3.966 0.0000000000
72762  -50.682  -6.443  -4.326 0.0000000000
72761  -48.999  -6.478  -4.406 0.0000000000
74266  -47.772  -7.306  -2.330 0.0000000000
73771  -48.446  -6.412  -3.471 0.0000000000
72763  -47.390  -6.827  -4.432 0.0000000000
84990  -47.047  -6.868  -4.011 0.0000000000
77137  -45.914  -7.724  -2.238 0.0000000000
88047  -44.826  -6.285  -1.622 0.0000000000
51308  -41.990  -7.484  7.575 0.0000000000
51821  -42.581  -6.824  6.992 0.0000000000
51831  -43.548  -6.564  5.632 0.0000000000
52852  -43.811  -4.732  7.956 0.0000000000
52349  -43.935  -5.140  6.694 0.0000000000
51832  -44.333  -5.924  5.201 0.0000000000
52362  -44.912  -5.564  4.477 0.0000000000
86379  -45.276  -5.297  3.956 0.0000000000
81788  -45.381  -5.397  3.338 0.0000000000
53978  -48.642  -2.130  9.305 0.0000000000
54587  -48.357  -1.699  8.220 0.0000000000
54610  -47.942  -1.868  6.969 0.0000000000
54622  -49.082  -1.505  5.823 0.0000000000
54015  -48.279  -1.909  5.585 0.0000000000
54013  -46.744  -2.807  5.442 0.0000000000
53422  -46.387  -3.593  4.135 0.0000000000
52884  -46.047  -4.118  3.433 0.0000000000
52887  -45.743  -4.748  2.943 0.0000000000
52379  -45.739  -4.914  1.265 0.0000000000
52395  -45.786  -5.527  -0.182 0.0000000000
54047  -46.222  -2.613  1.956 0.0000000000
52899  -45.809  -4.226  0.678 0.0000000000
75059  -45.559  -5.297  -0.564 0.0000000000
87117  -45.023  -5.804  -1.281 0.0000000000
72838  -44.465  -2.674  -0.754 0.0000000000
81521  -50.472  0.930  1.639 0.0000000000
56350  -48.436  0.930  1.568 0.0000000000
55739  -46.962  0.641  2.025 0.0000000000
56325  -47.482  1.875  3.982 0.0000000000
87010  -46.686  0.824  2.653 0.0000000000
55206  -45.025  -0.217  2.131 0.0000000000
55205  -44.320  -0.465  2.421 0.0000000000
54648  -43.046  -1.328  2.131 0.0000000000
54655  -41.672  -2.029  1.790 0.0000000000
55722  -42.929  0.080  4.708 0.0000000000
55186  -41.808  -0.919  4.740 0.0000000000
56821  -46.191  2.464  9.033 0.0000000000
80039  -45.374  2.238  8.709 0.0000000000
56278  -44.844  1.818  8.022 0.0000000000
56277  -43.933  1.726  8.137 0.0000000000
56289  -42.588  1.266  7.535 0.0000000000
50346  -52.961  -9.205  -4.055 0.0000000000
47033  -51.302  -14.363  10.695 0.0000000000
47659  -50.894  -14.049  10.122 0.0000000000
47031  -49.759  -15.028  10.137 0.0000000000
45827  -40.317  -16.833  10.043 0.0000000000
49605  -48.997  -10.600  4.322 0.0000000000
51345  -45.428  -7.687  1.448 0.0000000000
55208  -53.468  -0.125  1.701 0.0000000000
55219  -53.315  -0.070  0.549 0.0000000000
55227  -52.427  -0.341  0.070 0.0000000000
55228  -53.111  -0.044  0.040 0.0000000000
55766  -52.321  0.163  -0.596 0.0000000000
55759  -52.882  0.225  -0.024 0.0000000000
75321  -47.207  2.030  6.861 0.0000000000
78692  -45.716  -11.012  5.185 0.0000000000
50821  -43.682  -7.823  4.524 0.0000000000
53965  -52.631  -1.883  12.556 0.0000000000
53967  -52.737  -2.150  12.083 0.0000000000
54559  -53.367  -1.532  12.242 0.0000000000
56264  -54.555  0.796  9.201 0.0000000000
56265  -55.223  0.621  8.429 0.0000000000
56283  -54.584  1.008  8.316 0.0000000000
56310  -54.936  0.725  6.869 0.0000000000
56297  -54.349  1.148  7.576 0.0000000000
56282  -53.699  1.164  8.269 0.0000000000
85103  -50.377  1.781  10.471 0.0000000000
56806  -49.563  2.117  10.114 0.0000000000
88468  -48.322  -8.684  -5.337 0.0000000000
72729  -47.341  -8.428  -5.164 0.0000000000
88715  -47.001  -7.958  -5.082 0.0000000000
87685  -42.172  -8.732  10.779 0.0000000000
50238  -42.803  -8.617  11.144 0.0000000000
51294  -46.557  -7.017  12.029 0.0000000000
53958  -48.585  -2.746  14.055 0.0000000000
86776  -52.891  -11.306  7.288 0.0000000000
47063  -45.871  -14.460  7.356 0.0000000000
47686  -44.388  -13.982  6.851 0.0000000000
44579  -45.567  -19.036  12.074 0.0000000000
45225  -46.070  -17.811  10.188 0.0000000000
45831  -46.397  -17.192  9.837 0.0000000000
45832  -47.187  -17.037  10.136 0.0000000000
45843  -45.962  -16.758  9.259 0.0000000000
48311  -41.130  -12.663  8.083 0.0000000000
48304  -40.553  -12.345  8.662 0.0000000000
86242  -51.216  -9.888  0.083 0.0000000000
50272  -47.064  -9.963  2.670 0.0000000000
87557  -48.184  -9.518  -0.927 0.0000000000
74683  -49.143  -8.953  -1.424 0.0000000000
74744  -48.682  -8.309  -1.717 0.0000000000
52331  -43.465  -5.804  9.106 0.0000000000
51811  -42.715  -6.151  8.365 0.0000000000
53407  -45.563  -3.334  6.755 0.0000000000
53414  -45.599  -3.830  5.715 0.0000000000
53408  -46.233  -3.088  6.003 0.0000000000
54602  -51.023  -0.824  8.063 0.0000000000
54601  -50.223  -0.996  7.787 0.0000000000
54041  -48.126  -2.031  3.012 0.0000000000
54034  -48.184  -2.197  3.838 0.0000000000
54032  -46.926  -2.762  3.141 0.0000000000
55224  -44.994  -1.350  1.274 0.0000000000
55214  -45.232  -0.612  1.681 0.0000000000
56869  -50.154  1.712  5.049 0.0000000000
89584  -44.691  0.796  4.123 0.0000000000
56323  -45.216  0.918  3.942 0.0000000000
55729  -43.740  0.235  3.768 0.0000000000
50254  -42.765  -8.905  5.884 0.0000000000
50814  -42.890  -8.292  5.553 0.0000000000
51319  -42.718  -7.754  5.923 0.0000000000
55666  -53.616  0.203  13.556 0.0000000000
56236  -53.508  0.768  12.627 0.0000000000
56232  -53.955  0.454  12.654 0.0000000000
56240  -54.361  0.667  11.185 0.0000000000
77452  -52.456  1.234  12.019 0.0000000000
56234  -51.389  1.633  12.392 0.0000000000
50354  -51.055  -9.211  -4.713 0.0000000000
50872  -50.433  -8.087  -5.189 0.0000000000
75134  -43.450  -9.032  12.041 0.0000000000
47679  -50.316  -12.938  8.861 0.0000000000
47055  -48.241  -14.521  8.171 0.0000000000
47054  -47.380  -14.856  7.917 0.0000000000
46425  -41.706  -15.695  9.105 0.0000000000
47041  -41.342  -14.901  8.922 0.0000000000
47040  -40.543  -14.632  9.227 0.0000000000
82795  -40.236  -13.847  9.313 0.0000000000
47039  -39.799  -14.406  9.645 0.0000000000
47030  -38.955  -14.111  10.183 0.0000000000
47657  -38.572  -13.322  10.864 0.0000000000
50843  -46.011  -8.339  0.566 0.0000000000
51353  -46.187  -7.882  -0.012 0.0000000000
51861  -45.824  -6.514  0.460 0.0000000000
89285  -45.839  -5.791  0.217 0.0000000000
52334  -46.123  -4.840  10.143 0.0000000000
52846  -45.589  -4.343  9.463 0.0000000000
52847  -46.411  -4.028  9.785 0.0000000000
88691  -46.762  -2.813  8.902 0.0000000000
53988  -46.157  -2.752  8.159 0.0000000000
53989  -46.786  -2.492  8.431 0.0000000000
75022  -52.845  -0.559  4.870 0.0000000000
54651  -50.446  -0.981  2.573 0.0000000000
54642  -49.602  -1.392  3.111 0.0000000000
54650  -49.580  -1.237  2.149 0.0000000000
74646  -48.804  -1.452  1.698 0.0000000000
54660  -49.540  -1.132  1.187 0.0000000000
55225  -50.145  -0.666  -0.681 0.0000000000
54671  -48.501  -1.287  0.186 0.0000000000
73705  -48.149  -1.307  -0.709 0.0000000000
73291  -47.674  -1.172  -0.380 0.0000000000
88166  -47.835  -1.252  -1.302 0.0000000000
72841  -47.367  -0.932  -1.097 0.0000000000
74027  -48.100  -0.765  -3.179 0.0000000000
74797  -47.624  0.396  -1.306 0.0000000000
55756  -48.304  0.493  -0.302 0.0000000000
55755  -47.297  0.183  -0.192 0.0000000000
55748  -47.940  0.636  0.830 0.0000000000
56862  -48.552  1.963  5.354 0.0000000000
56313  -44.277  0.982  5.292 0.0000000000
77595  -43.929  1.350  6.855 0.0000000000
50827  -44.683  -8.293  3.308 0.0000000000
51333  -44.909  -7.037  2.810 0.0000000000
53968  -50.960  -2.979  11.603 0.0000000000
54568  -51.957  -1.629  10.641 0.0000000000
54590  -52.085  -0.822  9.023 0.0000000000
55124  -55.026  -0.179  11.516 0.0000000000
54571  -54.614  -0.595  11.601 0.0000000000
55128  -54.950  -0.382  11.057 0.0000000000
55150  -55.353  -0.143  8.368 0.0000000000
55139  -54.959  -0.269  9.402 0.0000000000
75415  -54.805  -0.278  7.744 0.0000000000
75615  -53.869  -0.389  7.643 0.0000000000
88541  -53.934  -0.322  6.253 0.0000000000
55719  -54.413  0.261  4.949 0.0000000000
75374  -54.122  0.033  3.426 0.0000000000
56307  -52.243  1.436  6.469 0.0000000000
56317  -52.063  1.458  5.590 0.0000000000
56306  -51.289  1.502  6.368 0.0000000000
74672  -52.257  1.093  8.815 0.0000000000
56842  -50.420  1.721  8.599 0.0000000000
56279  -51.170  1.395  8.093 0.0000000000
56856  -49.511  1.863  6.512 0.0000000000
56849  -49.593  1.907  7.376 0.0000000000
76245  -48.779  2.182  8.834 0.0000000000
56840  -48.822  2.054  7.898 0.0000000000
72736  -45.959  -8.258  -4.206 0.0000000000
51368  -45.658  -7.795  -2.915 0.0000000000
50244  -41.115  -9.606  8.625 0.0000000000
50799  -42.678  -7.922  10.133 0.0000000000
51303  -43.104  -7.292  9.908 0.0000000000
51301  -45.069  -6.862  11.010 0.0000000000
51801  -44.356  -6.756  10.514 0.0000000000
52326  -45.789  -5.697  10.570 0.0000000000
51804  -46.647  -6.237  11.268 0.0000000000
52322  -48.004  -6.275  11.748 0.0000000000
52321  -47.445  -5.993  11.347 0.0000000000
52329  -48.280  -5.650  11.540 0.0000000000
52842  -48.340  -4.813  11.146 0.0000000000
78605  -47.167  -4.975  13.185 0.0000000000
79389  -47.088  -5.603  12.869 0.0000000000
52315  -47.586  -5.455  12.888 0.0000000000
52316  -48.026  -5.665  12.661 0.0000000000
53367  -49.391  -3.964  12.875 0.0000000000
52833  -48.672  -5.023  12.578 0.0000000000
52834  -49.495  -4.563  12.264 0.0000000000
52838  -49.511  -4.718  11.961 0.0000000000
54554  -50.334  -2.172  13.822 0.0000000000
53963  -50.783  -2.594  13.111 0.0000000000
53964  -51.698  -2.272  12.783 0.0000000000
79714  -51.921  -11.042  5.311 0.0000000000
49576  -50.865  -11.173  5.834 0.0000000000
49590  -50.401  -10.957  5.090 0.0000000000
48921  -52.191  -11.273  8.245 0.0000000000
49555  -52.388  -11.180  7.839 0.0000000000
48929  -51.197  -11.406  7.369 0.0000000000
88242  -49.015  -11.557  6.271 0.0000000000
48323  -48.099  -12.186  6.653 0.0000000000
48939  -47.584  -11.800  6.199 0.0000000000
47697  -45.760  -13.210  6.629 0.0000000000
48937  -45.836  -11.986  5.922 0.0000000000
45199  -49.190  -17.722  13.343 0.0000000000
44593  -46.072  -18.611  11.501 0.0000000000
45226  -47.335  -17.482  10.811 0.0000000000
78511  -47.317  -17.857  11.426 0.0000000000
45820  -48.611  -16.946  11.267 0.0000000000
45833  -48.920  -16.468  10.801 0.0000000000
46416  -48.573  -16.187  10.040 0.0000000000
46417  -49.324  -15.801  10.445 0.0000000000
48312  -41.795  -12.686  7.296 0.0000000000
48926  -41.086  -11.108  7.820 0.0000000000
48294  -40.111  -12.395  9.297 0.0000000000
48907  -39.862  -11.659  9.797 0.0000000000
49531  -41.057  -9.934  11.559 0.0000000000
76257  -41.926  -9.642  11.988 0.0000000000
49000  -53.344  -11.376  -0.338 0.0000000000
81850  -52.978  -10.813  -0.166 0.0000000000
50332  -52.022  -9.398  -2.282 0.0000000000
72733  -49.019  -9.814  -0.338 0.0000000000
50307  -49.642  -9.850  0.177 0.0000000000
50308  -50.348  -9.764  -0.118 0.0000000000
50853  -51.102  -8.352  -2.227 0.0000000000
50330  -51.175  -9.220  -1.796 0.0000000000
50861  -52.356  -8.483  -2.718 0.0000000000
51370  -52.733  -7.687  -3.197 0.0000000000
51374  -53.161  -7.657  -3.683 0.0000000000
51369  -51.995  -7.050  -3.292 0.0000000000
72757  -50.176  -6.676  -3.195 0.0000000000
84699  -51.364  -6.164  -3.871 0.0000000000
74248  -49.933  -6.095  -3.934 0.0000000000
77287  -49.736  -6.553  -4.487 0.0000000000
72754  -48.973  -6.147  -3.976 0.0000000000
76481  -47.199  -7.665  -1.788 0.0000000000
51878  -47.572  -6.923  -2.963 0.0000000000
86540  -47.765  -6.455  -3.597 0.0000000000
52415  -48.139  -6.171  -3.897 0.0000000000
51881  -47.577  -6.435  -3.968 0.0000000000
50806  -42.016  -8.344  7.013 0.0000000000
51312  -42.861  -7.068  6.100 0.0000000000
51822  -43.133  -6.255  6.471 0.0000000000
52853  -44.421  -4.352  8.342 0.0000000000
52859  -44.376  -4.278  7.614 0.0000000000
51823  -43.798  -5.753  6.092 0.0000000000
52355  -44.875  -5.055  5.159 0.0000000000
52877  -45.394  -4.792  4.468 0.0000000000
52883  -45.638  -4.783  3.701 0.0000000000
53980  -50.116  -1.885  9.989 0.0000000000
87317  -49.284  -2.033  9.633 0.0000000000
54600  -49.429  -1.217  7.552 0.0000000000
88681  -48.956  -1.378  8.081 0.0000000000
54599  -48.587  -1.548  7.388 0.0000000000
54598  -47.787  -1.874  7.684 0.0000000000
76551  -49.756  -1.332  5.171 0.0000000000
54623  -49.904  -1.166  6.071 0.0000000000
54024  -48.111  -2.177  4.697 0.0000000000
54014  -47.446  -2.366  5.348 0.0000000000
54023  -46.959  -2.825  4.647 0.0000000000
53430  -46.471  -3.362  3.255 0.0000000000
52371  -45.707  -4.775  2.103 0.0000000000
83513  -45.809  -4.403  1.039 0.0000000000
52387  -45.836  -5.010  0.491 0.0000000000
53455  -45.717  -3.848  0.248 0.0000000000
52907  -45.807  -4.736  -0.018 0.0000000000
53463  -45.146  -4.133  -1.127 0.0000000000
75786  -44.625  -5.121  -1.617 0.0000000000
52920  -44.228  -4.489  -2.030 0.0000000000
84288  -45.113  -2.617  -0.023 0.0000000000
73468  -45.091  -2.086  0.665 0.0000000000
54679  -43.873  -2.287  -0.294 0.0000000000
55741  -51.441  0.938  2.094 0.0000000000
56346  -50.614  1.242  2.810 0.0000000000
56337  -48.807  1.699  3.427 0.0000000000
56345  -49.547  1.314  2.649 0.0000000000
55740  -47.716  0.894  1.815 0.0000000000
56344  -47.401  1.169  2.755 0.0000000000
56866  -47.763  1.953  4.543 0.0000000000
56873  -48.224  2.021  4.014 0.0000000000
55730  -45.341  0.630  3.237 0.0000000000
56335  -46.704  1.124  3.269 0.0000000000
55731  -46.090  0.702  2.945 0.0000000000
55737  -45.511  0.320  2.479 0.0000000000
54656  -42.431  -1.799  1.504 0.0000000000
54647  -42.287  -1.558  2.347 0.0000000000
55196  -42.698  -0.775  3.621 0.0000000000
54639  -41.477  -1.669  3.461 0.0000000000
54621  -41.034  -1.254  5.075 0.0000000000
56836  -44.373  2.166  8.762 0.0000000000
56835  -43.460  2.106  8.823 0.0000000000
56276  -43.029  1.631  8.214 0.0000000000
49575  -42.701  -10.516  6.152 0.0000000000
88707  -52.923  1.056  12.566 0.0000000000
56230  -52.733  1.082  13.343 0.0000000000
56780  -51.985  1.734  13.941 0.0000000000
57278  -51.649  2.687  14.346 0.0000000000
50355  -52.033  -9.123  -4.608 0.0000000000
77571  -48.594  -14.940  8.945 0.0000000000
46423  -40.114  -15.093  9.539 0.0000000000
49607  -50.718  -10.619  4.222 0.0000000000
52841  -47.699  -4.437  10.616 0.0000000000
52848  -47.272  -3.812  10.098 0.0000000000
53383  -47.698  -3.081  9.720 0.0000000000
53977  -48.023  -2.416  9.238 0.0000000000
85026  -53.381  -0.383  3.443 0.0000000000
55199  -52.505  -0.593  3.214 0.0000000000
55207  -52.579  -0.492  2.262 0.0000000000
75021  -51.455  -0.676  1.912 0.0000000000
55217  -51.444  -0.631  0.794 0.0000000000
55226  -51.297  -0.499  -0.340 0.0000000000
55234  -51.000  -0.219  -1.262 0.0000000000
55243  -49.975  -0.067  -1.905 0.0000000000
55244  -51.200  -0.039  -1.250 0.0000000000
55764  -50.277  0.254  -1.377 0.0000000000
75629  -50.867  0.557  0.070 0.0000000000
56292  -45.235  1.663  7.164 0.0000000000
49586  -46.525  -10.933  5.123 0.0000000000
50816  -43.832  -8.636  4.687 0.0000000000
51838  -44.566  -6.402  4.324 0.0000000000
53373  -52.149  -2.538  12.026 0.0000000000
54569  -53.008  -1.475  10.968 0.0000000000
55675  -55.204  0.067  10.225 0.0000000000
55129  -55.229  -0.099  10.230 0.0000000000
55151  -55.767  0.091  8.061 0.0000000000
55162  -55.650  0.113  7.477 0.0000000000
86045  -54.956  0.250  6.191 0.0000000000
55712  -55.149  0.201  6.368 0.0000000000
55711  -54.492  0.535  5.902 0.0000000000
56330  -53.866  0.745  5.240 0.0000000000
56319  -53.688  1.032  6.061 0.0000000000
56308  -53.069  1.313  6.660 0.0000000000
81940  -52.467  1.369  7.247 0.0000000000
56827  -51.165  1.435  9.856 0.0000000000
56825  -49.593  2.043  9.168 0.0000000000
56824  -48.784  2.304  9.766 0.0000000000
85459  -46.639  -8.344  -4.764 0.0000000000
50792  -42.384  -8.433  10.473 0.0000000000
50789  -45.105  -7.934  11.840 0.0000000000
51797  -46.529  -6.878  11.641 0.0000000000
89311  -47.791  -6.526  11.898 0.0000000000
51794  -48.038  -6.378  11.985 0.0000000000
53365  -47.794  -4.157  13.490 0.0000000000
53366  -48.575  -3.640  13.492 0.0000000000
53368  -50.342  -3.405  12.683 0.0000000000
48920  -51.129  -11.571  8.037 0.0000000000
48324  -48.897  -11.844  6.701 0.0000000000
48319  -44.338  -12.688  6.098 0.0000000000
77041  -45.200  -18.046  9.982 0.0000000000
46431  -47.364  -16.031  8.983 0.0000000000
47683  -41.759  -13.299  7.810 0.0000000000
48310  -40.725  -11.818  8.171 0.0000000000
49650  -52.636  -10.458  0.405 0.0000000000
50309  -52.053  -10.034  -0.211 0.0000000000
50319  -51.518  -9.745  -1.024 0.0000000000
49628  -47.760  -10.167  2.570 0.0000000000
50305  -47.536  -9.818  0.047 0.0000000000
74200  -48.270  -9.851  -0.409 0.0000000000
72741  -50.296  -7.997  -2.175 0.0000000000
50859  -50.957  -7.344  -2.737 0.0000000000
72746  -49.775  -7.363  -2.517 0.0000000000
72745  -49.129  -6.812  -2.991 0.0000000000
53400  -45.270  -3.329  7.574 0.0000000000
53406  -44.910  -3.833  7.197 0.0000000000
52871  -44.971  -4.509  5.836 0.0000000000
54612  -49.245  -1.339  6.706 0.0000000000
90176  -48.724  -1.896  4.235 0.0000000000
81220  -47.577  -2.520  4.176 0.0000000000
53441  -46.121  -3.295  2.098 0.0000000000
54056  -46.153  -2.297  1.652 0.0000000000
53472  -44.708  -3.758  -1.543 0.0000000000
72836  -44.625  -3.229  -1.249 0.0000000000
72833  -46.667  -0.379  0.734 0.0000000000
54669  -44.338  -1.940  0.561 0.0000000000
56339  -50.815  1.487  3.654 0.0000000000
79859  -46.726  1.485  3.925 0.0000000000
55198  -44.027  -0.047  3.076 0.0000000000
55187  -42.515  -0.561  4.383 0.0000000000
55717  -42.745  0.347  5.416 0.0000000000
55168  -41.176  -0.138  6.130 0.0000000000
54560  -53.977  -0.841  12.395 0.0000000000
55118  -53.812  -0.443  13.059 0.0000000000
88297  -54.391  -0.247  12.432 0.0000000000
55121  -54.859  0.025  12.031 0.0000000000
55667  -53.943  0.270  12.994 0.0000000000
55669  -54.522  0.162  12.287 0.0000000000
55670  -54.791  0.307  11.543 0.0000000000
55674  -54.888  0.384  10.778 0.0000000000
56250  -54.436  0.708  10.271 0.0000000000
82246  -53.916  0.929  9.763 0.0000000000
56263  -53.720  0.989  9.040 0.0000000000
56262  -52.936  1.037  9.696 0.0000000000
56247  -51.938  1.182  10.310 0.0000000000
56793  -50.563  1.808  11.588 0.0000000000
73563  -48.717  -8.297  -5.434 0.0000000000
50234  -43.102  -8.937  11.688 0.0000000000
50784  -44.546  -8.386  11.967 0.0000000000
50230  -43.921  -8.749  12.237 0.0000000000
50231  -44.491  -8.352  12.201 0.0000000000
48306  -50.465  -12.230  8.365 0.0000000000
47691  -49.236  -12.649  7.731 0.0000000000
47064  -46.831  -14.291  7.460 0.0000000000
44578  -44.698  -19.222  11.915 0.0000000000
44591  -44.260  -19.077  11.147 0.0000000000
45210  -44.754  -18.601  10.531 0.0000000000
44600  -43.798  -18.659  10.484 0.0000000000
47667  -40.613  -13.142  8.887 0.0000000000
50280  -46.463  -9.668  2.236 0.0000000000
50303  -46.163  -8.999  0.879 0.0000000000
84320  -46.940  -9.133  -0.443 0.0000000000
73449  -47.266  -8.533  -1.252 0.0000000000
87718  -46.708  -7.810  -1.299 0.0000000000
89370  -44.815  -5.153  9.609 0.0000000000
52854  -45.141  -3.956  8.713 0.0000000000
53392  -45.553  -3.221  8.291 0.0000000000
55169  -51.989  -0.625  6.638 0.0000000000
75600  -50.741  -0.913  6.312 0.0000000000
54634  -50.526  -1.079  4.519 0.0000000000
55189  -51.451  -0.831  3.869 0.0000000000
54049  -48.056  -1.782  2.166 0.0000000000
54659  -48.074  -1.526  1.233 0.0000000000
72829  -47.086  -0.637  0.105 0.0000000000
73899  -47.445  0.086  -3.188 0.0000000000
72840  -46.920  0.120  -1.591 0.0000000000
72835  -46.774  0.018  0.592 0.0000000000
55746  -46.476  0.211  1.454 0.0000000000
56863  -49.382  1.834  5.630 0.0000000000
89474  -47.983  1.997  5.094 0.0000000000
56861  -47.312  1.855  5.236 0.0000000000
56322  -44.917  1.002  4.577 0.0000000000
49604  -47.495  -10.473  4.210 0.0000000000
53969  -51.396  -2.266  11.177 0.0000000000
54567  -50.993  -1.759  10.306 0.0000000000
54577  -50.641  -1.370  9.445 0.0000000000
54589  -51.197  -1.000  8.866 0.0000000000
55147  -51.872  -0.590  7.570 0.0000000000
54563  -54.045  -1.069  11.898 0.0000000000
54570  -53.885  -1.082  11.120 0.0000000000
54580  -53.604  -0.967  10.458 0.0000000000
55138  -53.796  -0.638  9.658 0.0000000000
55137  -53.016  -0.705  9.071 0.0000000000
55148  -52.753  -0.542  8.179 0.0000000000
55170  -53.214  -0.497  5.822 0.0000000000
55182  -54.106  -0.223  4.834 0.0000000000
89057  -54.643  -0.010  4.918 0.0000000000
55191  -53.780  -0.288  4.051 0.0000000000
75005  -54.059  -0.065  3.330 0.0000000000
55733  -53.751  0.040  2.544 0.0000000000
55209  -53.562  0.032  1.418 0.0000000000
87004  -53.271  0.295  1.293 0.0000000000
82681  -53.413  0.308  2.135 0.0000000000
56348  -52.729  0.855  2.934 0.0000000000
56340  -51.864  1.382  3.746 0.0000000000
56329  -52.927  1.065  4.896 0.0000000000
56327  -50.974  1.565  4.443 0.0000000000
56281  -52.635  1.192  8.053 0.0000000000
56295  -51.866  1.326  7.669 0.0000000000
56864  -50.303  1.676  5.956 0.0000000000
56838  -46.931  2.208  8.425 0.0000000000
85823  -41.443  -10.104  7.573 0.0000000000
50246  -41.773  -9.153  7.334 0.0000000000
50803  -41.836  -7.906  8.511 0.0000000000
51808  -44.259  -6.043  9.908 0.0000000000
51296  -44.898  -7.781  11.483 0.0000000000
51300  -43.791  -7.268  10.509 0.0000000000
52325  -44.897  -5.564  10.011 0.0000000000
52843  -49.086  -4.397  11.408 0.0000000000
51793  -47.830  -6.249  12.306 0.0000000000
53374  -49.941  -4.089  11.706 0.0000000000
53375  -50.607  -3.675  11.914 0.0000000000
75333  -51.137  -3.243  12.004 0.0000000000
53372  -51.508  -2.814  12.201 0.0000000000
54556  -52.423  -1.514  13.316 0.0000000000
48942  -51.141  -11.308  6.615 0.0000000000
83758  -45.533  -11.497  5.535 0.0000000000
48935  -43.174  -11.249  5.953 0.0000000000
49574  -42.116  -10.446  6.798 0.0000000000
45803  -49.978  -17.264  14.179 0.0000000000
45808  -49.769  -17.059  13.173 0.0000000000
45204  -47.724  -18.007  12.101 0.0000000000
85778  -49.157  -17.370  12.676 0.0000000000
45814  -49.567  -16.880  12.298 0.0000000000
46409  -50.073  -16.212  11.808 0.0000000000
46418  -50.163  -15.521  10.957 0.0000000000
47062  -44.890  -14.558  7.304 0.0000000000
46428  -44.496  -16.281  8.660 0.0000000000
46441  -44.951  -15.635  8.318 0.0000000000
46440  -43.967  -15.652  8.288 0.0000000000
47051  -44.424  -15.123  7.806 0.0000000000
50241  -41.144  -9.446  9.805 0.0000000000
50237  -41.684  -9.087  10.696 0.0000000000
49527  -42.690  -9.357  12.165 0.0000000000
79790  -41.224  -10.069  12.543 0.0000000000
49526  -41.928  -9.836  12.730 0.0000000000
49520  -42.443  -9.531  12.849 0.0000000000
49666  -53.005  -11.395  -1.009 0.0000000000
49665  -52.324  -10.880  -1.814 0.0000000000
49673  -52.322  -10.061  -2.932 0.0000000000
50340  -52.822  -8.852  -3.356 0.0000000000
50294  -48.097  -10.056  0.754 0.0000000000
50295  -49.574  -9.997  1.138 0.0000000000
50331  -51.744  -9.335  -2.053 0.0000000000
50339  -52.495  -8.771  -2.926 0.0000000000
50347  -53.148  -8.712  -3.839 0.0000000000
50356  -53.272  -8.390  -4.066 0.0000000000
50868  -53.021  -7.808  -4.311 0.0000000000
51387  -52.237  -7.610  -4.666 0.0000000000
73717  -51.985  -6.326  -3.889 0.0000000000
51378  -51.753  -6.805  -4.410 0.0000000000
51386  -51.185  -7.533  -4.884 0.0000000000
72760  -50.205  -7.540  -5.038 0.0000000000
73753  -49.336  -7.496  -5.152 0.0000000000
72753  -48.575  -7.440  -5.267 0.0000000000
73881  -48.301  -6.878  -2.806 0.0000000000
77082  -48.123  -6.358  -4.363 0.0000000000
74132  -47.915  -7.400  -5.291 0.0000000000
72758  -47.236  -7.439  -4.930 0.0000000000
74062  -46.739  -7.255  -4.360 0.0000000000
51880  -46.472  -7.340  -3.593 0.0000000000
51311  -42.380  -7.622  6.615 0.0000000000
52338  -43.944  -5.011  8.669 0.0000000000
52341  -43.490  -5.193  7.422 0.0000000000
52342  -44.016  -4.758  7.303 0.0000000000
51815  -43.420  -5.615  6.802 0.0000000000
51839  -44.994  -5.918  3.790 0.0000000000
52370  -45.464  -5.500  2.570 0.0000000000
53991  -48.320  -1.972  8.814 0.0000000000
88666  -48.986  -1.671  8.794 0.0000000000
53990  -47.634  -2.108  8.491 0.0000000000
80658  -47.137  -2.140  7.894 0.0000000000
54000  -47.187  -2.215  7.073 0.0000000000
75270  -46.916  -2.504  6.154 0.0000000000
54007  -47.684  -2.049  6.252 0.0000000000
53415  -46.252  -3.333  5.097 0.0000000000
55751  -51.799  0.769  1.014 0.0000000000
55750  -49.807  0.739  0.829 0.0000000000
56351  -49.255  0.992  1.708 0.0000000000
55749  -48.884  0.693  0.790 0.0000000000
56336  -47.936  1.714  3.390 0.0000000000
79632  -47.268  1.492  3.505 0.0000000000
55738  -46.229  0.455  2.204 0.0000000000
55213  -44.580  -0.858  1.779 0.0000000000
55212  -43.816  -1.080  1.937 0.0000000000
54646  -41.568  -1.810  2.644 0.0000000000
55723  -43.473  0.320  4.363 0.0000000000
56792  -49.585  2.343  12.134 0.0000000000
75550  -48.066  2.505  10.311 0.0000000000
56822  -47.028  2.456  9.314 0.0000000000
57313  -46.109  2.928  9.925 0.0000000000
87664  -46.194  2.146  8.353 0.0000000000
56290  -43.495  1.426  7.466 0.0000000000
49694  -52.418  -9.673  -4.298 0.0000000000
50361  -49.661  -8.505  -5.169 0.0000000000
50362  -50.516  -8.648  -4.963 0.0000000000
50864  -53.303  -8.166  -3.716 0.0000000000
50867  -52.580  -8.376  -4.545 0.0000000000
51373  -52.617  -7.041  -3.734 0.0000000000
51379  -52.712  -7.233  -4.225 0.0000000000
51380  -53.326  -7.693  -3.988 0.0000000000
51887  -52.336  -6.677  -3.933 0.0000000000
54672  -49.366  -1.044  0.218 0.0000000000
54680  -48.989  -0.968  -0.764 0.0000000000
55122  -54.958  0.031  11.698 0.0000000000
55161  -55.553  -0.056  7.475 0.0000000000
55172  -55.418  0.087  6.871 0.0000000000
55173  -55.492  0.295  7.174 0.0000000000
55233  -49.640  -0.489  -1.638 0.0000000000
55236  -52.315  0.017  -0.774 0.0000000000
55242  -49.058  -0.452  -2.643 0.0000000000
55245  -51.748  -0.073  -1.077 0.0000000000
55248  -48.826  -0.368  -3.295 0.0000000000
55249  -49.038  -0.101  -2.881 0.0000000000
55671  -55.131  0.059  11.160 0.0000000000
55685  -55.209  0.320  9.201 0.0000000000
55752  -52.808  0.426  0.725 0.0000000000
55763  -48.690  0.418  -1.740 0.0000000000
55765  -51.554  0.245  -0.867 0.0000000000
55772  -48.435  0.356  -2.967 0.0000000000
55778  -48.582  -0.026  -3.675 0.0000000000
56298  -55.194  0.775  7.700 0.0000000000
72747  -47.969  -8.375  -5.503 0.0000000000
72752  -48.374  -6.888  -4.875 0.0000000000
72755  -50.508  -6.208  -3.768 0.0000000000
72759  -49.855  -6.212  -4.145 0.0000000000
72764  -50.799  -7.014  -4.686 0.0000000000
72831  -46.563  0.183  -2.481 0.0000000000
72834  -46.971  -0.561  -2.502 0.0000000000
72837  -47.666  -1.102  -2.084 0.0000000000
72842  -47.367  0.428  -2.427 0.0000000000
73354  -48.207  -7.872  -5.592 0.0000000000
73498  -51.556  -6.301  -3.808 0.0000000000
74337  -49.988  -6.968  -4.776 0.0000000000
77297  -52.793  -0.083  -0.280 0.0000000000
79709  -50.709  -6.126  -3.974 0.0000000000
86346  -52.777  0.006  -0.380 0.0000000000
87065  -49.134  -6.966  -4.828 0.0000000000
87547  -55.564  0.210  8.463 0.0000000000
87838  -46.280  -0.122  1.183 0.0000000000
89238  -47.917  -5.867  11.406 0.0000000000
89576  -51.313  -0.770  6.472 0.0000000000
89604  -51.902  0.051  -1.039 0.0000000000
89611  -48.819  -7.831  -5.441 0.0000000000
89932  -47.782  -6.937  -4.829 0.0000000000
