#!ascii label  , from subject sub-01 vox2ras=TkReg
950
73295  -39.555  -39.148  16.324 0.0000000000
37813  -52.354  -29.605  11.248 0.0000000000
35392  -44.973  -34.021  9.834 0.0000000000
71973  -18.875  -60.418  28.473 0.0000000000
27680  -42.222  -45.375  19.981 0.0000000000
21061  -33.158  -56.264  28.753 0.0000000000
23758  -41.150  -53.174  33.290 0.0000000000
26088  -44.419  -48.442  27.126 0.0000000000
84835  -45.786  -46.082  24.515 0.0000000000
73684  -28.705  -54.441  21.735 0.0000000000
71987  -30.982  -60.449  28.612 0.0000000000
84099  -31.277  -55.913  30.276 0.0000000000
23054  -37.956  -52.480  31.273 0.0000000000
84860  -42.028  -50.588  29.805 0.0000000000
74249  -43.713  -39.451  21.411 0.0000000000
72370  -43.778  -38.783  17.367 0.0000000000
87400  -48.830  -31.714  10.329 0.0000000000
32709  -40.601  -38.426  12.616 0.0000000000
39523  -51.463  -26.981  8.638 0.0000000000
74703  -17.550  -63.305  32.230 0.0000000000
29403  -45.571  -42.549  22.887 0.0000000000
29455  -41.709  -42.487  18.236 0.0000000000
23790  -34.475  -52.496  28.881 0.0000000000
23085  -37.551  -52.819  28.725 0.0000000000
32722  -44.302  -37.857  11.696 0.0000000000
40753  -57.075  -24.051  7.056 0.0000000000
84646  -42.465  -49.707  26.424 0.0000000000
26597  -43.146  -47.823  25.054 0.0000000000
86202  -29.915  -55.818  27.024 0.0000000000
84858  -41.162  -50.424  29.197 0.0000000000
84862  -41.682  -50.067  27.938 0.0000000000
84551  -42.917  -50.267  28.124 0.0000000000
72379  -42.459  -39.857  18.022 0.0000000000
84554  -43.760  -39.055  19.010 0.0000000000
72372  -42.143  -38.930  16.914 0.0000000000
88748  -50.405  -30.579  11.085 0.0000000000
82682  -50.390  -32.043  12.037 0.0000000000
38369  -54.437  -28.474  11.887 0.0000000000
18413  -16.487  -60.195  28.787 0.0000000000
71944  -17.018  -62.516  29.905 0.0000000000
78583  -43.835  -45.984  22.313 0.0000000000
72215  -46.137  -44.507  23.448 0.0000000000
28826  -44.205  -43.850  21.305 0.0000000000
29436  -42.609  -42.500  20.317 0.0000000000
28839  -41.535  -43.602  19.374 0.0000000000
19619  -32.524  -59.165  32.082 0.0000000000
76255  -32.211  -62.697  30.034 0.0000000000
88605  -33.850  -58.750  28.440 0.0000000000
21734  -33.672  -55.643  26.850 0.0000000000
72138  -32.967  -51.630  28.192 0.0000000000
73190  -35.491  -52.006  30.334 0.0000000000
74265  -39.900  -52.872  32.306 0.0000000000
23072  -37.483  -52.722  29.673 0.0000000000
23064  -39.452  -52.690  29.746 0.0000000000
23086  -38.543  -52.389  28.284 0.0000000000
19665  -24.312  -58.983  25.965 0.0000000000
71962  -25.797  -59.690  25.363 0.0000000000
71986  -24.601  -60.457  25.701 0.0000000000
33380  -42.398  -36.356  10.126 0.0000000000
79472  -42.757  -37.960  12.325 0.0000000000
33382  -44.227  -36.496  10.244 0.0000000000
90490  -58.585  -23.427  6.338 0.0000000000
83993  -18.176  -62.304  28.820 0.0000000000
26585  -45.668  -47.568  28.076 0.0000000000
73000  -46.121  -46.446  27.133 0.0000000000
26595  -44.732  -47.425  26.181 0.0000000000
86262  -43.396  -47.096  23.518 0.0000000000
20394  -27.681  -57.444  23.175 0.0000000000
73710  -29.697  -58.676  25.596 0.0000000000
20366  -29.899  -57.640  26.103 0.0000000000
73632  -31.264  -57.741  30.533 0.0000000000
84588  -32.064  -56.023  30.833 0.0000000000
72145  -37.145  -52.165  31.314 0.0000000000
83906  -39.234  -51.304  32.147 0.0000000000
73043  -40.231  -51.116  32.479 0.0000000000
83961  -41.844  -51.008  32.094 0.0000000000
85830  -43.621  -51.054  30.383 0.0000000000
86735  -44.571  -49.585  28.228 0.0000000000
72166  -23.960  -55.872  21.802 0.0000000000
90387  -45.078  -39.665  23.388 0.0000000000
32625  -48.350  -38.095  23.657 0.0000000000
84386  -45.360  -39.091  21.936 0.0000000000
72364  -45.735  -38.330  19.292 0.0000000000
36017  -46.475  -33.055  9.980 0.0000000000
34041  -46.080  -34.803  10.609 0.0000000000
36008  -48.736  -33.056  11.001 0.0000000000
82852  -19.098  -66.266  35.496 0.0000000000
32679  -39.692  -38.749  14.515 0.0000000000
34037  -40.273  -35.579  10.347 0.0000000000
80727  -44.803  -32.173  9.633 0.0000000000
80726  -46.942  -30.945  9.640 0.0000000000
80439  -49.297  -30.063  9.995 0.0000000000
38381  -51.318  -28.807  10.156 0.0000000000
38942  -52.631  -27.920  9.901 0.0000000000
38940  -50.618  -28.081  9.450 0.0000000000
84217  -18.184  -63.312  30.075 0.0000000000
73170  -20.070  -63.840  32.088 0.0000000000
84621  -21.123  -63.508  34.012 0.0000000000
83569  -47.797  -40.618  27.890 0.0000000000
84096  -46.672  -44.849  26.562 0.0000000000
74104  -46.789  -43.129  25.286 0.0000000000
30658  -46.306  -40.739  24.609 0.0000000000
30041  -43.977  -40.460  22.479 0.0000000000
30690  -42.664  -40.980  19.679 0.0000000000
30703  -40.893  -40.358  17.426 0.0000000000
74186  -31.209  -60.877  27.212 0.0000000000
23080  -32.576  -53.585  28.358 0.0000000000
22376  -33.259  -54.159  28.376 0.0000000000
23071  -36.560  -52.660  30.044 0.0000000000
23083  -35.801  -53.119  28.700 0.0000000000
23093  -34.587  -53.726  27.861 0.0000000000
82847  -36.424  -53.376  27.380 0.0000000000
75705  -20.524  -59.420  28.453 0.0000000000
71971  -23.116  -60.396  28.193 0.0000000000
74202  -22.108  -60.940  27.587 0.0000000000
32682  -42.320  -37.943  15.465 0.0000000000
76286  -43.564  -37.951  15.295 0.0000000000
32703  -44.701  -38.307  14.859 0.0000000000
33369  -45.507  -36.952  11.104 0.0000000000
38951  -53.900  -27.120  9.916 0.0000000000
39527  -55.196  -26.556  9.891 0.0000000000
74886  -56.374  -25.945  9.332 0.0000000000
40741  -55.615  -24.696  6.924 0.0000000000
40726  -58.681  -24.865  9.473 0.0000000000
73819  -41.809  -50.038  26.487 0.0000000000
72155  -42.158  -49.335  24.977 0.0000000000
84017  -41.039  -50.165  24.618 0.0000000000
84754  -41.049  -50.202  27.479 0.0000000000
84886  -41.265  -50.256  27.037 0.0000000000
72160  -42.011  -50.063  27.380 0.0000000000
72386  -40.837  -39.232  17.042 0.0000000000
73024  -42.564  -39.476  17.532 0.0000000000
83925  -40.899  -38.921  16.831 0.0000000000
37192  -51.786  -30.207  11.707 0.0000000000
37205  -51.001  -30.758  11.641 0.0000000000
37193  -52.688  -30.118  11.878 0.0000000000
37814  -53.350  -29.627  11.638 0.0000000000
37826  -53.650  -28.835  11.246 0.0000000000
71972  -18.060  -60.291  28.645 0.0000000000
74119  -16.001  -61.547  29.457 0.0000000000
71946  -17.432  -61.238  28.873 0.0000000000
87868  -42.906  -45.338  20.661 0.0000000000
85458  -44.050  -44.972  21.684 0.0000000000
28250  -42.462  -44.857  20.398 0.0000000000
28249  -42.006  -44.158  20.389 0.0000000000
27685  -41.846  -45.011  19.536 0.0000000000
71995  -26.986  -59.785  25.095 0.0000000000
78782  -33.080  -57.233  29.943 0.0000000000
19645  -33.444  -59.130  30.183 0.0000000000
77856  -33.228  -56.970  29.075 0.0000000000
77412  -33.404  -57.025  28.218 0.0000000000
21725  -33.560  -55.362  27.638 0.0000000000
23038  -40.583  -53.541  31.870 0.0000000000
23056  -39.838  -53.322  31.071 0.0000000000
22351  -40.742  -53.456  30.745 0.0000000000
22360  -40.494  -52.965  29.940 0.0000000000
83806  -26.341  -58.721  24.385 0.0000000000
74456  -26.167  -59.196  24.978 0.0000000000
77458  -26.334  -60.307  25.180 0.0000000000
31250  -49.312  -39.803  26.664 0.0000000000
75231  -43.279  -34.971  9.722 0.0000000000
33381  -43.393  -36.427  10.134 0.0000000000
75248  -43.866  -35.741  9.800 0.0000000000
26089  -45.141  -48.055  27.596 0.0000000000
26589  -44.946  -47.763  26.839 0.0000000000
26094  -44.337  -47.862  26.532 0.0000000000
26603  -43.361  -47.309  24.339 0.0000000000
77908  -42.767  -47.933  22.939 0.0000000000
27113  -43.362  -46.889  22.333 0.0000000000
20404  -28.016  -56.017  22.291 0.0000000000
20395  -29.018  -57.000  23.828 0.0000000000
72130  -29.501  -56.246  24.044 0.0000000000
73868  -30.537  -56.094  28.673 0.0000000000
74045  -30.646  -56.941  28.830 0.0000000000
73988  -31.147  -56.888  30.402 0.0000000000
88257  -31.645  -56.625  30.981 0.0000000000
83929  -31.656  -55.922  30.687 0.0000000000
83960  -41.590  -50.333  29.614 0.0000000000
84154  -40.150  -51.046  31.930 0.0000000000
84859  -41.132  -50.816  31.944 0.0000000000
87864  -41.041  -51.087  32.515 0.0000000000
84823  -42.064  -50.822  30.723 0.0000000000
24835  -42.688  -51.076  31.156 0.0000000000
84155  -42.696  -50.840  30.009 0.0000000000
25495  -43.443  -49.783  27.630 0.0000000000
25496  -43.952  -49.808  28.122 0.0000000000
25501  -44.165  -49.254  27.644 0.0000000000
85313  -44.800  -48.797  27.932 0.0000000000
73826  -26.650  -54.616  21.699 0.0000000000
73299  -44.062  -39.477  22.235 0.0000000000
84385  -45.620  -39.156  22.687 0.0000000000
84136  -44.095  -39.033  21.507 0.0000000000
74256  -43.900  -38.911  18.293 0.0000000000
73729  -44.490  -38.527  19.923 0.0000000000
74079  -44.342  -38.627  18.308 0.0000000000
32659  -45.464  -38.378  18.472 0.0000000000
32665  -44.509  -38.539  17.588 0.0000000000
36597  -47.581  -31.741  9.788 0.0000000000
35395  -47.967  -33.094  10.543 0.0000000000
36019  -48.311  -32.322  10.258 0.0000000000
36000  -51.181  -32.317  12.551 0.0000000000
80896  -45.902  -30.874  9.631 0.0000000000
37201  -46.363  -30.045  9.656 0.0000000000
37822  -47.670  -29.241  9.529 0.0000000000
81819  -49.178  -28.419  9.462 0.0000000000
79601  -49.729  -29.322  9.928 0.0000000000
38380  -50.204  -28.672  9.740 0.0000000000
71952  -16.130  -63.042  32.594 0.0000000000
71949  -17.844  -63.349  33.583 0.0000000000
17038  -18.445  -62.868  28.350 0.0000000000
73058  -17.797  -62.822  29.555 0.0000000000
71960  -18.390  -63.151  29.166 0.0000000000
73386  -19.534  -64.085  31.196 0.0000000000
84639  -20.982  -63.768  32.409 0.0000000000
84219  -21.280  -63.594  32.783 0.0000000000
71955  -21.033  -63.711  32.646 0.0000000000
15108  -20.214  -65.065  33.487 0.0000000000
84050  -46.101  -46.144  26.208 0.0000000000
84051  -46.458  -45.607  26.782 0.0000000000
73650  -46.285  -45.439  24.814 0.0000000000
28814  -45.614  -43.611  22.488 0.0000000000
87576  -46.428  -43.264  24.294 0.0000000000
29404  -46.084  -42.532  23.745 0.0000000000
30022  -46.401  -41.553  24.566 0.0000000000
30031  -45.642  -41.729  23.459 0.0000000000
30030  -45.122  -40.930  23.256 0.0000000000
30042  -44.508  -41.140  22.588 0.0000000000
29444  -41.981  -42.560  19.160 0.0000000000
30060  -42.726  -41.603  20.181 0.0000000000
30069  -42.336  -41.669  19.365 0.0000000000
30079  -42.223  -40.932  18.640 0.0000000000
30696  -41.417  -41.064  17.743 0.0000000000
71998  -30.615  -59.566  26.937 0.0000000000
75242  -30.270  -59.469  25.964 0.0000000000
71969  -31.078  -61.208  27.893 0.0000000000
72137  -33.707  -52.238  28.544 0.0000000000
23789  -32.938  -52.676  28.234 0.0000000000
23081  -33.882  -52.951  28.400 0.0000000000
22375  -32.603  -54.454  28.593 0.0000000000
85493  -33.475  -53.509  28.352 0.0000000000
84249  -36.482  -52.310  30.814 0.0000000000
23062  -37.324  -52.548  30.581 0.0000000000
23084  -36.633  -52.905  29.156 0.0000000000
82157  -34.974  -53.301  28.391 0.0000000000
23094  -35.589  -53.476  27.812 0.0000000000
22387  -34.926  -53.875  27.161 0.0000000000
85177  -36.676  -53.120  28.144 0.0000000000
24837  -44.167  -51.322  31.151 0.0000000000
19039  -24.165  -59.423  27.233 0.0000000000
18415  -23.726  -60.576  27.813 0.0000000000
73707  -22.438  -60.478  28.206 0.0000000000
74530  -24.263  -60.712  25.479 0.0000000000
83329  -40.236  -38.497  13.370 0.0000000000
76597  -40.891  -38.081  15.561 0.0000000000
87033  -41.097  -38.195  13.503 0.0000000000
32721  -43.451  -37.893  11.936 0.0000000000
79092  -42.836  -37.882  13.739 0.0000000000
80710  -43.713  -37.899  13.769 0.0000000000
32702  -44.019  -37.944  14.662 0.0000000000
83549  -44.445  -38.184  13.907 0.0000000000
34713  -46.886  -34.521  10.914 0.0000000000
34030  -45.665  -35.797  10.737 0.0000000000
34031  -46.566  -35.414  11.280 0.0000000000
38949  -52.113  -27.533  9.232 0.0000000000
38943  -53.484  -27.666  10.292 0.0000000000
38950  -53.008  -27.333  9.542 0.0000000000
39536  -53.764  -26.300  8.534 0.0000000000
40146  -54.748  -26.021  8.722 0.0000000000
40136  -55.478  -26.142  9.345 0.0000000000
40147  -55.624  -25.695  8.641 0.0000000000
40752  -56.249  -24.115  6.669 0.0000000000
40751  -55.415  -24.087  6.287 0.0000000000
40742  -56.499  -24.652  7.353 0.0000000000
40732  -56.810  -25.061  8.151 0.0000000000
40744  -58.050  -24.290  8.228 0.0000000000
41333  -58.691  -23.827  8.200 0.0000000000
41346  -59.689  -23.530  6.409 0.0000000000
75566  -43.216  -48.751  26.259 0.0000000000
26099  -43.353  -47.983  25.768 0.0000000000
26098  -42.763  -48.649  25.376 0.0000000000
26105  -42.459  -48.740  24.553 0.0000000000
84634  -29.748  -55.596  25.499 0.0000000000
84884  -40.916  -50.665  27.921 0.0000000000
83904  -41.354  -50.096  28.532 0.0000000000
84821  -41.939  -50.232  28.881 0.0000000000
73140  -42.659  -50.529  28.952 0.0000000000
84153  -42.286  -50.213  28.177 0.0000000000
74065  -42.686  -50.066  27.501 0.0000000000
73429  -43.206  -39.870  19.530 0.0000000000
72353  -43.809  -39.036  20.689 0.0000000000
73097  -43.231  -39.595  18.648 0.0000000000
73471  -43.403  -39.220  18.103 0.0000000000
72373  -42.808  -38.785  16.648 0.0000000000
37204  -49.751  -30.730  10.653 0.0000000000
36586  -49.761  -32.073  11.366 0.0000000000
36600  -50.244  -31.293  11.413 0.0000000000
36587  -51.004  -31.474  12.158 0.0000000000
87112  -54.727  -27.708  11.687 0.0000000000
71957  -16.081  -62.627  30.834 0.0000000000
74303  -16.647  -62.957  31.332 0.0000000000
73699  -45.000  -45.803  22.884 0.0000000000
85129  -46.056  -45.407  23.929 0.0000000000
28241  -45.162  -44.987  22.392 0.0000000000
28253  -45.308  -44.257  22.084 0.0000000000
77155  -44.120  -43.182  21.425 0.0000000000
29424  -43.678  -42.462  21.354 0.0000000000
29423  -43.428  -43.469  20.966 0.0000000000
29435  -41.978  -43.040  19.938 0.0000000000
82954  -41.703  -43.121  18.616 0.0000000000
82212  -31.543  -60.633  31.313 0.0000000000
73221  -31.655  -62.657  31.104 0.0000000000
18401  -32.289  -61.665  32.019 0.0000000000
18411  -33.381  -60.676  29.144 0.0000000000
21083  -33.478  -56.475  26.651 0.0000000000
74613  -34.539  -51.853  29.265 0.0000000000
73443  -35.219  -52.333  29.636 0.0000000000
23046  -39.306  -52.951  32.023 0.0000000000
23055  -38.916  -52.837  31.291 0.0000000000
23063  -38.440  -52.763  30.308 0.0000000000
22356  -39.593  -53.067  30.434 0.0000000000
23073  -38.466  -52.673  29.276 0.0000000000
23074  -39.475  -52.034  28.965 0.0000000000
19686  -23.781  -58.151  23.632 0.0000000000
19679  -25.354  -58.777  24.615 0.0000000000
87713  -24.401  -60.240  26.366 0.0000000000
71985  -24.111  -60.556  26.584 0.0000000000
71961  -25.152  -60.040  25.696 0.0000000000
33368  -41.373  -37.534  10.879 0.0000000000
32710  -41.527  -38.158  12.794 0.0000000000
32735  -42.248  -37.346  10.837 0.0000000000
32736  -43.147  -37.506  11.112 0.0000000000
77387  -43.838  -37.568  11.238 0.0000000000
39533  -51.201  -26.463  8.097 0.0000000000
39534  -52.096  -26.520  8.006 0.0000000000
39538  -51.326  -26.029  7.556 0.0000000000
41343  -56.776  -23.497  6.475 0.0000000000
41345  -58.596  -23.614  7.123 0.0000000000
41344  -57.720  -23.522  6.652 0.0000000000
41351  -58.058  -23.137  5.860 0.0000000000
71979  -20.210  -60.880  28.013 0.0000000000
75109  -18.849  -61.301  28.357 0.0000000000
84834  -46.305  -46.304  28.046 0.0000000000
81247  -45.901  -46.889  27.850 0.0000000000
84833  -45.734  -46.834  26.424 0.0000000000
83878  -45.432  -46.599  25.187 0.0000000000
26598  -43.699  -47.392  25.191 0.0000000000
27104  -44.085  -46.892  24.525 0.0000000000
88456  -44.344  -46.583  24.075 0.0000000000
27114  -43.614  -46.607  22.842 0.0000000000
27668  -43.525  -46.279  21.962 0.0000000000
19681  -27.718  -58.251  24.204 0.0000000000
73207  -28.922  -59.053  24.972 0.0000000000
19682  -28.831  -58.021  24.580 0.0000000000
20376  -29.559  -57.541  25.309 0.0000000000
19659  -30.535  -58.615  27.635 0.0000000000
21082  -29.897  -56.459  26.439 0.0000000000
74093  -30.708  -57.991  28.730 0.0000000000
88488  -31.196  -59.226  30.016 0.0000000000
19624  -31.653  -58.973  31.681 0.0000000000
74699  -32.082  -57.798  31.866 0.0000000000
21708  -32.720  -55.743  29.350 0.0000000000
84928  -37.673  -52.063  31.817 0.0000000000
23771  -38.541  -52.002  31.995 0.0000000000
84856  -39.762  -51.092  30.979 0.0000000000
84820  -39.633  -51.119  32.192 0.0000000000
83962  -39.436  -51.771  32.415 0.0000000000
84124  -40.081  -51.955  32.647 0.0000000000
84125  -40.661  -51.619  32.841 0.0000000000
73423  -41.142  -52.095  33.533 0.0000000000
87338  -42.132  -51.992  33.899 0.0000000000
24828  -42.516  -50.890  33.063 0.0000000000
24836  -43.503  -51.255  31.722 0.0000000000
24852  -43.483  -50.694  29.271 0.0000000000
25487  -44.154  -50.249  28.644 0.0000000000
24854  -45.243  -50.607  29.243 0.0000000000
25489  -45.937  -49.607  28.875 0.0000000000
20401  -25.003  -56.912  22.201 0.0000000000
83883  -46.662  -39.079  24.471 0.0000000000
72352  -46.654  -38.565  23.710 0.0000000000
73388  -47.130  -38.412  23.136 0.0000000000
73447  -46.525  -38.654  21.516 0.0000000000
84162  -44.230  -38.732  20.712 0.0000000000
85981  -45.634  -38.501  20.532 0.0000000000
79087  -45.664  -33.489  9.893 0.0000000000
85813  -45.694  -34.241  10.138 0.0000000000
35393  -46.369  -33.963  10.323 0.0000000000
35394  -47.262  -33.618  10.555 0.0000000000
34703  -48.195  -34.553  11.840 0.0000000000
36009  -49.395  -32.690  11.356 0.0000000000
35386  -49.410  -33.394  11.827 0.0000000000
84358  -39.208  -39.401  15.300 0.0000000000
72380  -39.688  -38.633  15.969 0.0000000000
73651  -39.445  -39.092  14.887 0.0000000000
75598  -39.454  -38.688  13.198 0.0000000000
32708  -39.490  -38.473  12.409 0.0000000000
33367  -40.650  -37.242  10.690 0.0000000000
34038  -41.301  -35.663  10.045 0.0000000000
34039  -42.364  -35.228  9.911 0.0000000000
34712  -43.482  -34.182  9.694 0.0000000000
79088  -44.720  -33.023  9.668 0.0000000000
36016  -45.595  -32.562  9.720 0.0000000000
36596  -46.475  -31.944  9.684 0.0000000000
37202  -47.924  -30.907  9.711 0.0000000000
37821  -46.750  -29.217  9.676 0.0000000000
80894  -48.315  -30.075  9.688 0.0000000000
37203  -48.907  -30.961  10.033 0.0000000000
80057  -50.134  -30.043  10.533 0.0000000000
37823  -50.647  -29.425  10.394 0.0000000000
37824  -51.508  -29.551  10.858 0.0000000000
37825  -52.827  -29.056  10.839 0.0000000000
38941  -51.722  -28.127  9.646 0.0000000000
38948  -51.066  -27.547  9.065 0.0000000000
39532  -50.598  -26.545  8.361 0.0000000000
73277  -17.647  -62.100  29.038 0.0000000000
71945  -17.448  -63.001  30.527 0.0000000000
86249  -18.089  -63.323  31.089 0.0000000000
71953  -18.824  -63.743  30.432 0.0000000000
83991  -18.904  -63.618  31.556 0.0000000000
84558  -19.021  -63.600  32.269 0.0000000000
73399  -19.684  -63.668  32.974 0.0000000000
71940  -21.244  -63.475  34.770 0.0000000000
73171  -22.141  -64.043  36.601 0.0000000000
15090  -19.841  -65.759  35.228 0.0000000000
31248  -47.856  -39.860  26.786 0.0000000000
83970  -46.875  -44.084  26.934 0.0000000000
73214  -46.380  -44.716  24.343 0.0000000000
74396  -46.725  -44.220  25.826 0.0000000000
30005  -47.309  -41.527  26.576 0.0000000000
30637  -47.204  -40.879  25.910 0.0000000000
84224  -46.882  -39.656  24.971 0.0000000000
85091  -45.709  -40.187  24.232 0.0000000000
72348  -44.732  -39.920  23.285 0.0000000000
72346  -43.748  -39.955  22.044 0.0000000000
30052  -43.618  -41.506  21.512 0.0000000000
72347  -43.222  -41.020  20.845 0.0000000000
72376  -43.077  -40.395  20.185 0.0000000000
72371  -42.769  -40.416  19.200 0.0000000000
74026  -41.636  -40.389  17.811 0.0000000000
84414  -40.050  -39.338  16.966 0.0000000000
74984  -42.321  -45.748  18.518 0.0000000000
28275  -42.143  -45.036  17.720 0.0000000000
85318  -42.020  -44.014  17.500 0.0000000000
28854  -41.939  -43.563  16.735 0.0000000000
30095  -41.011  -41.829  17.030 0.0000000000
30093  -39.640  -40.664  16.652 0.0000000000
30710  -39.250  -40.106  16.464 0.0000000000
31320  -39.460  -39.653  16.565 0.0000000000
74833  -31.595  -62.891  28.217 0.0000000000
72114  -31.468  -54.977  29.054 0.0000000000
23079  -31.653  -53.518  28.330 0.0000000000
84915  -31.600  -55.524  29.890 0.0000000000
74675  -32.037  -55.001  29.226 0.0000000000
21715  -32.654  -55.119  28.998 0.0000000000
80131  -33.073  -54.737  28.493 0.0000000000
73314  -35.908  -52.004  30.904 0.0000000000
84427  -35.860  -52.441  30.293 0.0000000000
74434  -35.845  -52.796  29.520 0.0000000000
23791  -35.148  -52.883  28.985 0.0000000000
23082  -34.203  -53.450  28.237 0.0000000000
22377  -33.915  -54.018  28.093 0.0000000000
22385  -33.639  -54.694  28.014 0.0000000000
22386  -34.181  -54.239  27.477 0.0000000000
22393  -34.449  -54.403  26.672 0.0000000000
71978  -18.668  -59.419  28.587 0.0000000000
71980  -19.630  -59.605  28.451 0.0000000000
19034  -23.440  -59.660  28.248 0.0000000000
19033  -22.644  -59.662  28.469 0.0000000000
19032  -21.290  -59.504  28.535 0.0000000000
86771  -20.975  -60.144  28.367 0.0000000000
71984  -20.351  -60.307  28.293 0.0000000000
73800  -21.040  -60.755  27.925 0.0000000000
17059  -23.099  -60.843  26.430 0.0000000000
72378  -40.933  -38.167  16.131 0.0000000000
32670  -41.646  -38.040  15.850 0.0000000000
32671  -42.503  -38.258  16.091 0.0000000000
79093  -41.945  -37.930  13.638 0.0000000000
89270  -42.916  -37.891  15.164 0.0000000000
75418  -43.821  -38.230  15.969 0.0000000000
32673  -44.490  -38.379  16.251 0.0000000000
34040  -44.763  -35.731  10.075 0.0000000000
33383  -44.971  -36.471  10.547 0.0000000000
32737  -44.524  -37.240  10.924 0.0000000000
38383  -53.142  -28.357  10.540 0.0000000000
38384  -53.955  -28.050  11.066 0.0000000000
87002  -54.333  -27.432  10.775 0.0000000000
39525  -53.416  -26.808  9.122 0.0000000000
39515  -54.758  -26.948  10.356 0.0000000000
39516  -55.551  -26.788  10.803 0.0000000000
39528  -55.963  -26.403  10.147 0.0000000000
40129  -56.805  -26.479  10.163 0.0000000000
40157  -54.911  -25.242  7.196 0.0000000000
81977  -56.330  -25.461  8.574 0.0000000000
40149  -57.899  -25.421  9.190 0.0000000000
41334  -59.342  -23.570  7.571 0.0000000000
84855  -40.915  -50.446  26.203 0.0000000000
73381  -41.508  -49.993  25.423 0.0000000000
83924  -40.555  -50.600  26.659 0.0000000000
84435  -40.203  -38.747  16.660 0.0000000000
78760  -42.755  -45.706  20.441 0.0000000000
77395  -43.112  -45.037  20.908 0.0000000000
28259  -41.746  -44.522  20.084 0.0000000000
84989  -28.208  -60.153  25.018 0.0000000000
73462  -27.887  -59.161  24.772 0.0000000000
87711  -40.972  -53.625  32.266 0.0000000000
22344  -40.996  -53.573  31.100 0.0000000000
86785  -41.245  -53.639  31.551 0.0000000000
22345  -41.752  -53.596  31.159 0.0000000000
86014  -44.281  -34.762  9.750 0.0000000000
26093  -43.786  -48.216  26.464 0.0000000000
78217  -42.289  -48.692  22.787 0.0000000000
26607  -42.946  -47.637  23.683 0.0000000000
72134  -29.176  -56.157  23.398 0.0000000000
84222  -29.725  -55.033  23.365 0.0000000000
73510  -30.982  -55.861  29.667 0.0000000000
72103  -30.832  -56.369  29.674 0.0000000000
74075  -31.166  -56.259  30.410 0.0000000000
72106  -31.479  -56.201  30.798 0.0000000000
84822  -41.184  -50.496  30.607 0.0000000000
83869  -41.580  -50.681  30.777 0.0000000000
26087  -43.668  -48.985  26.990 0.0000000000
72141  -27.773  -54.453  21.402 0.0000000000
21115  -26.897  -55.861  22.029 0.0000000000
36598  -48.328  -31.541  9.965 0.0000000000
77632  -50.932  -33.189  12.679 0.0000000000
37200  -45.372  -29.943  9.791 0.0000000000
71951  -16.810  -63.159  32.036 0.0000000000
74254  -17.136  -63.209  32.968 0.0000000000
17019  -17.098  -63.226  33.950 0.0000000000
15118  -19.972  -64.652  32.271 0.0000000000
83895  -46.037  -46.073  25.361 0.0000000000
30032  -46.065  -41.840  24.058 0.0000000000
30043  -45.179  -41.651  22.870 0.0000000000
29413  -44.842  -42.086  22.371 0.0000000000
30078  -41.922  -41.735  18.501 0.0000000000
76190  -41.516  -41.891  17.798 0.0000000000
71993  -30.779  -59.915  27.774 0.0000000000
24841  -44.589  -51.126  30.053 0.0000000000
87604  -23.877  -60.899  26.993 0.0000000000
32699  -40.781  -38.241  14.217 0.0000000000
32712  -43.259  -37.929  12.916 0.0000000000
32713  -44.145  -38.063  12.769 0.0000000000
34702  -47.352  -35.056  11.660 0.0000000000
39524  -52.513  -26.967  8.840 0.0000000000
75326  -54.103  -25.754  7.676 0.0000000000
75577  -55.047  -25.596  7.987 0.0000000000
40743  -57.350  -24.509  7.782 0.0000000000
41332  -57.886  -23.960  7.492 0.0000000000
72156  -42.761  -49.267  26.119 0.0000000000
25508  -41.647  -49.708  24.625 0.0000000000
26104  -42.063  -49.261  24.182 0.0000000000
83859  -40.402  -50.467  28.005 0.0000000000
86268  -42.388  -49.918  26.938 0.0000000000
73511  -42.981  -49.554  26.820 0.0000000000
84572  -42.877  -40.041  18.729 0.0000000000
84075  -41.522  -39.135  17.035 0.0000000000
84617  -43.106  -39.135  17.330 0.0000000000
36577  -51.683  -31.691  12.560 0.0000000000
36578  -52.471  -31.556  12.615 0.0000000000
38359  -55.203  -28.113  12.460 0.0000000000
17032  -16.803  -61.804  29.369 0.0000000000
71959  -16.380  -62.302  30.026 0.0000000000
71942  -16.856  -62.806  30.666 0.0000000000
27669  -44.345  -45.431  22.184 0.0000000000
28251  -43.707  -44.516  21.195 0.0000000000
28252  -44.599  -44.529  21.698 0.0000000000
28813  -44.867  -43.568  21.744 0.0000000000
28834  -41.582  -43.849  20.124 0.0000000000
18396  -31.953  -60.406  32.242 0.0000000000
78588  -31.970  -61.554  32.184 0.0000000000
18397  -32.351  -60.629  32.137 0.0000000000
19654  -33.785  -59.066  29.115 0.0000000000
19028  -33.707  -59.913  29.760 0.0000000000
21073  -33.388  -56.170  27.679 0.0000000000
75256  -33.459  -57.103  27.298 0.0000000000
22367  -40.465  -52.441  29.416 0.0000000000
19687  -24.886  -58.264  23.660 0.0000000000
19678  -24.274  -58.522  24.503 0.0000000000
71990  -25.720  -60.510  25.144 0.0000000000
33379  -41.426  -36.795  10.394 0.0000000000
76116  -41.698  -37.919  11.437 0.0000000000
32747  -42.987  -36.962  10.538 0.0000000000
32748  -43.703  -37.071  10.635 0.0000000000
41342  -55.941  -23.386  6.260 0.0000000000
41971  -56.370  -22.785  6.105 0.0000000000
17679  -19.521  -61.345  27.950 0.0000000000
17048  -18.955  -62.034  27.707 0.0000000000
26586  -46.323  -47.042  28.548 0.0000000000
73568  -45.271  -47.277  26.495 0.0000000000
73052  -45.288  -47.009  25.877 0.0000000000
26604  -44.610  -47.079  25.323 0.0000000000
27108  -43.892  -46.674  23.715 0.0000000000
73872  -44.646  -46.307  23.586 0.0000000000
27120  -43.194  -46.795  21.643 0.0000000000
84284  -28.355  -58.438  24.536 0.0000000000
20384  -28.436  -57.639  23.944 0.0000000000
19666  -30.247  -58.628  26.535 0.0000000000
84146  -30.210  -56.633  27.367 0.0000000000
75991  -30.895  -57.355  29.693 0.0000000000
20354  -30.451  -57.401  27.939 0.0000000000
19644  -31.026  -58.539  29.667 0.0000000000
19631  -31.382  -58.838  30.712 0.0000000000
75826  -31.613  -58.003  31.383 0.0000000000
21691  -31.783  -56.327  31.053 0.0000000000
20317  -31.952  -56.968  31.327 0.0000000000
21037  -32.118  -56.449  31.041 0.0000000000
21038  -32.551  -56.648  30.517 0.0000000000
21050  -32.365  -55.986  30.328 0.0000000000
73009  -41.080  -51.019  29.963 0.0000000000
73126  -41.272  -51.248  33.136 0.0000000000
84574  -41.905  -51.018  33.499 0.0000000000
73683  -43.443  -50.273  28.430 0.0000000000
24853  -44.368  -50.732  29.359 0.0000000000
25488  -44.979  -50.091  28.720 0.0000000000
26081  -45.459  -48.386  28.260 0.0000000000
21113  -24.634  -56.250  21.832 0.0000000000
73175  -46.041  -39.510  24.305 0.0000000000
83933  -46.232  -38.882  24.059 0.0000000000
74449  -46.365  -38.751  22.978 0.0000000000
72357  -46.081  -38.907  22.119 0.0000000000
74524  -46.849  -38.601  22.322 0.0000000000
74024  -43.956  -38.772  19.919 0.0000000000
72365  -44.868  -38.471  19.064 0.0000000000
74113  -45.252  -38.399  19.930 0.0000000000
72362  -46.282  -38.479  20.781 0.0000000000
74239  -46.052  -38.300  20.063 0.0000000000
31954  -46.005  -38.420  17.728 0.0000000000
35385  -48.100  -33.752  11.062 0.0000000000
35384  -47.570  -34.297  11.190 0.0000000000
36010  -49.927  -32.681  11.913 0.0000000000
14333  -19.111  -66.213  36.145 0.0000000000
14329  -19.220  -66.144  36.838 0.0000000000
14332  -18.536  -66.655  35.694 0.0000000000
32707  -38.582  -37.930  12.072 0.0000000000
32717  -39.184  -37.880  11.642 0.0000000000
32733  -39.811  -37.553  11.034 0.0000000000
86964  -40.002  -36.820  10.626 0.0000000000
33378  -40.562  -36.407  10.316 0.0000000000
34711  -42.537  -34.071  9.954 0.0000000000
35391  -43.203  -33.375  9.807 0.0000000000
85511  -43.797  -32.939  9.666 0.0000000000
79078  -48.662  -29.132  9.571 0.0000000000
16409  -17.978  -63.316  34.354 0.0000000000
83992  -17.882  -63.167  30.321 0.0000000000
71958  -18.658  -63.790  29.623 0.0000000000
84218  -19.379  -63.817  31.303 0.0000000000
87925  -21.561  -63.478  33.605 0.0000000000
73573  -21.812  -63.443  35.932 0.0000000000
74413  -21.194  -63.522  35.646 0.0000000000
71941  -22.059  -64.591  35.979 0.0000000000
71947  -21.026  -64.747  34.991 0.0000000000
15107  -19.367  -65.357  32.968 0.0000000000
31228  -47.989  -40.304  28.077 0.0000000000
31236  -48.121  -39.999  27.617 0.0000000000
30638  -47.604  -40.543  26.951 0.0000000000
86763  -46.467  -45.793  27.550 0.0000000000
73046  -46.774  -44.967  27.531 0.0000000000
84366  -46.573  -44.022  24.815 0.0000000000
72217  -46.950  -43.335  26.339 0.0000000000
29381  -47.057  -42.434  26.142 0.0000000000
30013  -46.822  -41.224  25.171 0.0000000000
30651  -46.844  -40.419  25.144 0.0000000000
73790  -46.312  -40.087  24.671 0.0000000000
30673  -44.512  -40.316  23.060 0.0000000000
73944  -44.182  -39.910  22.759 0.0000000000
72345  -43.640  -40.676  21.726 0.0000000000
30053  -44.090  -41.826  22.031 0.0000000000
30061  -43.156  -41.959  20.832 0.0000000000
89040  -42.897  -40.980  20.246 0.0000000000
74127  -40.940  -39.821  17.347 0.0000000000
30702  -39.975  -40.026  17.118 0.0000000000
27699  -42.993  -45.981  16.260 0.0000000000
28294  -42.211  -44.319  15.977 0.0000000000
28861  -41.815  -43.606  15.778 0.0000000000
29471  -40.759  -42.251  15.951 0.0000000000
30094  -40.211  -41.443  16.487 0.0000000000
86251  -39.451  -41.285  16.146 0.0000000000
71997  -30.802  -60.083  26.523 0.0000000000
71974  -31.841  -63.258  30.937 0.0000000000
71964  -31.561  -62.845  28.987 0.0000000000
77147  -31.860  -63.141  29.765 0.0000000000
88522  -32.077  -54.165  28.567 0.0000000000
88896  -34.545  -53.028  28.568 0.0000000000
23095  -37.683  -52.892  27.783 0.0000000000
24817  -42.867  -51.378  33.145 0.0000000000
19671  -24.341  -58.695  25.515 0.0000000000
76135  -24.052  -58.326  26.501 0.0000000000
19664  -24.176  -58.908  26.743 0.0000000000
19035  -24.058  -59.634  27.865 0.0000000000
87263  -21.969  -59.759  28.466 0.0000000000
73303  -21.646  -60.342  28.242 0.0000000000
77028  -23.913  -60.720  26.118 0.0000000000
71977  -23.532  -60.826  26.535 0.0000000000
32612  -48.893  -38.141  24.134 0.0000000000
73993  -40.061  -38.281  15.587 0.0000000000
72377  -40.245  -38.311  16.273 0.0000000000
32681  -41.424  -37.999  15.015 0.0000000000
79423  -42.024  -38.092  12.165 0.0000000000
32711  -42.399  -37.975  12.931 0.0000000000
32701  -43.253  -37.854  14.552 0.0000000000
74895  -43.081  -38.100  15.739 0.0000000000
32683  -44.238  -38.140  15.486 0.0000000000
75275  -45.273  -34.894  10.157 0.0000000000
38382  -52.295  -28.581  10.241 0.0000000000
39535  -52.959  -26.568  8.445 0.0000000000
39526  -54.385  -26.578  9.417 0.0000000000
40137  -57.392  -26.003  9.482 0.0000000000
86547  -55.843  -25.239  7.797 0.0000000000
40733  -57.788  -24.882  8.667 0.0000000000
40148  -57.090  -25.497  8.880 0.0000000000
40138  -58.480  -25.648  9.539 0.0000000000
72159  -42.289  -49.554  25.768 0.0000000000
84854  -40.442  -50.604  27.283 0.0000000000
72384  -41.829  -39.997  17.740 0.0000000000
74103  -41.683  -39.601  17.412 0.0000000000
73580  -41.097  -38.657  16.599 0.0000000000
37206  -50.901  -30.077  11.066 0.0000000000
37185  -53.499  -30.493  12.250 0.0000000000
37807  -54.320  -29.949  12.259 0.0000000000
37815  -54.130  -29.200  11.977 0.0000000000
18414  -17.214  -60.238  28.736 0.0000000000
71967  -16.629  -60.932  28.970 0.0000000000
85853  -17.243  -62.084  29.320 0.0000000000
27675  -43.651  -45.439  21.618 0.0000000000
28825  -42.811  -44.227  20.683 0.0000000000
85730  -41.460  -44.269  19.746 0.0000000000
18426  -27.327  -60.749  24.947 0.0000000000
19625  -32.505  -58.451  31.849 0.0000000000
90116  -33.021  -59.844  31.682 0.0000000000
19632  -33.042  -58.679  31.076 0.0000000000
85384  -33.285  -58.228  30.064 0.0000000000
20344  -33.534  -57.944  28.786 0.0000000000
20355  -33.562  -57.725  27.819 0.0000000000
23047  -40.138  -53.498  31.525 0.0000000000
22357  -40.599  -53.285  30.373 0.0000000000
21685  -41.381  -53.443  30.263 0.0000000000
85311  -43.072  -35.781  9.834 0.0000000000
26602  -42.781  -48.029  24.486 0.0000000000
27107  -43.203  -47.266  22.943 0.0000000000
82515  -28.620  -56.741  23.110 0.0000000000
89161  -29.706  -56.780  25.675 0.0000000000
72107  -30.435  -56.578  28.110 0.0000000000
72104  -31.566  -57.225  31.044 0.0000000000
25497  -45.280  -49.216  28.450 0.0000000000
21114  -25.676  -55.922  21.875 0.0000000000
84223  -44.621  -39.702  22.862 0.0000000000
72993  -45.254  -39.418  23.112 0.0000000000
73133  -44.745  -39.344  22.252 0.0000000000
73260  -44.769  -38.944  21.385 0.0000000000
72366  -44.194  -38.673  19.118 0.0000000000
32658  -44.837  -38.463  18.255 0.0000000000
32666  -45.150  -38.428  17.722 0.0000000000
78179  -44.799  -38.463  17.012 0.0000000000
36018  -47.364  -32.655  10.054 0.0000000000
35999  -50.511  -32.690  12.338 0.0000000000
39517  -56.348  -26.810  11.098 0.0000000000
34709  -40.662  -34.716  10.480 0.0000000000
79895  -44.860  -30.699  9.763 0.0000000000
36595  -45.337  -31.623  9.629 0.0000000000
73243  -18.085  -63.036  29.467 0.0000000000
71956  -18.992  -64.174  30.392 0.0000000000
84705  -20.241  -64.089  31.745 0.0000000000
73691  -21.084  -63.608  32.988 0.0000000000
73361  -21.786  -64.268  32.886 0.0000000000
85326  -20.952  -64.640  33.901 0.0000000000
71950  -20.560  -64.618  32.838 0.0000000000
72216  -46.423  -45.305  25.803 0.0000000000
28815  -45.995  -44.019  22.938 0.0000000000
88957  -46.388  -44.006  24.040 0.0000000000
28803  -46.111  -43.488  23.366 0.0000000000
29396  -46.467  -42.407  24.506 0.0000000000
29389  -46.842  -42.090  25.213 0.0000000000
30021  -45.732  -40.998  24.005 0.0000000000
29445  -42.344  -42.281  19.812 0.0000000000
85438  -30.924  -60.367  27.250 0.0000000000
17680  -32.856  -61.483  28.503 0.0000000000
71988  -32.305  -62.555  28.836 0.0000000000
19043  -24.400  -59.730  26.506 0.0000000000
18416  -24.103  -60.290  27.158 0.0000000000
71970  -23.019  -61.114  27.670 0.0000000000
32698  -39.974  -38.588  14.027 0.0000000000
32680  -40.453  -38.282  14.896 0.0000000000
90521  -41.512  -37.979  14.219 0.0000000000
90458  -54.955  -26.331  9.333 0.0000000000
41341  -55.055  -23.243  6.117 0.0000000000
40734  -58.663  -24.358  9.011 0.0000000000
26110  -42.468  -48.496  23.719 0.0000000000
21741  -29.915  -55.088  24.421 0.0000000000
72108  -30.240  -55.788  27.750 0.0000000000
87775  -30.728  -55.783  29.066 0.0000000000
84861  -40.440  -50.426  29.002 0.0000000000
84804  -40.905  -50.764  28.960 0.0000000000
74196  -43.451  -39.612  20.497 0.0000000000
84076  -43.610  -39.264  19.765 0.0000000000
88976  -43.595  -39.033  17.772 0.0000000000
36599  -49.446  -31.496  10.758 0.0000000000
37808  -54.996  -29.138  12.525 0.0000000000
38927  -55.472  -27.420  12.168 0.0000000000
17025  -15.070  -62.474  31.145 0.0000000000
71954  -15.994  -62.893  31.690 0.0000000000
73698  -17.386  -63.172  31.404 0.0000000000
72214  -45.425  -45.970  23.682 0.0000000000
73767  -45.675  -45.271  23.101 0.0000000000
73436  -45.733  -44.468  22.679 0.0000000000
89914  -45.067  -42.895  22.269 0.0000000000
29425  -44.440  -42.649  21.843 0.0000000000
85722  -43.072  -42.749  20.753 0.0000000000
28835  -42.426  -43.421  20.460 0.0000000000
18405  -31.433  -61.383  30.624 0.0000000000
18410  -31.207  -60.916  29.555 0.0000000000
71976  -31.607  -61.715  31.516 0.0000000000
71975  -31.867  -63.093  31.706 0.0000000000
17673  -32.151  -62.775  31.354 0.0000000000
18402  -32.789  -60.575  31.650 0.0000000000
18406  -33.027  -60.827  30.473 0.0000000000
17677  -32.725  -61.661  29.559 0.0000000000
89224  -34.123  -52.035  28.914 0.0000000000
19677  -23.444  -58.282  24.369 0.0000000000
19672  -25.111  -59.230  25.348 0.0000000000
81197  -24.777  -59.463  25.879 0.0000000000
32734  -40.791  -37.949  11.211 0.0000000000
32719  -41.128  -38.272  11.936 0.0000000000
32720  -42.575  -37.856  11.641 0.0000000000
41972  -57.196  -22.987  6.067 0.0000000000
76367  -19.602  -60.663  28.252 0.0000000000
71948  -18.194  -61.260  28.646 0.0000000000
17039  -18.770  -61.943  28.242 0.0000000000
26590  -45.561  -47.287  27.194 0.0000000000
87088  -45.739  -46.550  25.800 0.0000000000
26594  -44.017  -47.599  25.954 0.0000000000
84832  -44.915  -46.506  24.406 0.0000000000
73503  -44.186  -46.159  22.914 0.0000000000
27674  -43.163  -45.885  21.131 0.0000000000
74674  -29.262  -58.155  25.014 0.0000000000
76031  -28.866  -57.498  24.228 0.0000000000
19653  -30.827  -59.174  28.616 0.0000000000
20367  -30.252  -57.577  26.989 0.0000000000
85666  -31.080  -59.672  29.438 0.0000000000
19018  -31.318  -59.998  30.392 0.0000000000
19013  -31.682  -60.010  31.917 0.0000000000
19007  -31.912  -59.310  32.148 0.0000000000
72105  -31.898  -57.399  31.534 0.0000000000
20292  -31.882  -58.295  31.998 0.0000000000
20318  -32.490  -57.481  31.126 0.0000000000
21051  -32.856  -56.437  29.696 0.0000000000
84459  -38.021  -51.579  32.100 0.0000000000
23757  -40.586  -52.708  32.652 0.0000000000
24305  -41.900  -52.394  34.108 0.0000000000
83509  -41.895  -51.649  34.040 0.0000000000
24829  -43.621  -50.760  33.050 0.0000000000
76458  -42.798  -51.061  32.228 0.0000000000
85407  -45.929  -48.759  28.659 0.0000000000
84027  -23.090  -57.472  23.014 0.0000000000
20391  -24.326  -57.653  22.822 0.0000000000
20392  -25.497  -57.714  22.878 0.0000000000
20402  -26.133  -56.903  22.283 0.0000000000
19689  -26.918  -58.232  23.853 0.0000000000
31873  -47.332  -39.051  24.854 0.0000000000
84135  -45.937  -38.989  23.475 0.0000000000
79670  -47.837  -38.208  23.209 0.0000000000
32634  -47.664  -38.369  22.457 0.0000000000
73213  -44.968  -38.631  20.629 0.0000000000
74442  -45.655  -38.774  21.258 0.0000000000
89744  -46.919  -38.469  21.026 0.0000000000
32660  -46.304  -38.339  18.664 0.0000000000
36020  -49.096  -32.232  10.808 0.0000000000
78221  -48.715  -33.810  11.564 0.0000000000
15082  -20.498  -64.997  37.276 0.0000000000
32697  -39.141  -38.863  13.490 0.0000000000
32718  -40.142  -38.310  11.695 0.0000000000
75466  -44.091  -33.722  9.635 0.0000000000
80895  -47.334  -30.087  9.610 0.0000000000
81367  -52.055  -29.120  10.646 0.0000000000
39522  -50.284  -26.784  8.728 0.0000000000
84412  -17.453  -62.688  29.747 0.0000000000
73835  -18.513  -63.545  28.956 0.0000000000
74022  -18.421  -63.396  29.753 0.0000000000
72986  -18.537  -63.506  30.810 0.0000000000
71943  -18.199  -63.426  31.904 0.0000000000
74533  -18.297  -63.443  32.829 0.0000000000
73262  -18.877  -63.480  33.763 0.0000000000
84255  -20.560  -63.524  33.987 0.0000000000
15787  -21.193  -64.838  36.477 0.0000000000
15086  -19.658  -65.835  35.985 0.0000000000
15098  -19.956  -65.447  34.378 0.0000000000
31237  -48.747  -40.077  27.363 0.0000000000
31249  -48.465  -39.789  26.825 0.0000000000
83971  -47.162  -45.592  28.898 0.0000000000
73553  -46.509  -44.747  25.117 0.0000000000
84782  -47.104  -43.224  27.236 0.0000000000
84020  -47.300  -42.308  27.203 0.0000000000
86643  -47.067  -41.648  25.796 0.0000000000
30652  -47.420  -40.097  25.865 0.0000000000
30657  -45.307  -39.768  23.791 0.0000000000
30665  -45.112  -40.261  23.641 0.0000000000
74174  -43.436  -40.130  21.155 0.0000000000
87305  -43.908  -41.110  22.126 0.0000000000
72361  -42.354  -40.298  18.317 0.0000000000
27686  -42.536  -46.333  19.269 0.0000000000
28268  -41.684  -44.527  19.002 0.0000000000
28847  -41.709  -43.900  18.393 0.0000000000
78968  -41.757  -43.258  17.796 0.0000000000
29463  -41.522  -42.621  17.331 0.0000000000
29472  -41.420  -42.789  16.340 0.0000000000
30085  -40.530  -40.820  17.114 0.0000000000
71968  -31.232  -61.821  28.748 0.0000000000
74534  -31.356  -62.347  28.251 0.0000000000
73026  -31.135  -55.328  29.178 0.0000000000
21707  -32.016  -55.679  30.253 0.0000000000
86652  -32.323  -55.531  29.670 0.0000000000
21716  -33.173  -55.415  28.451 0.0000000000
21726  -33.967  -54.924  27.163 0.0000000000
74412  -23.506  -60.748  26.027 0.0000000000
74279  -41.846  -38.453  16.376 0.0000000000
32672  -43.385  -38.540  16.341 0.0000000000
32700  -42.325  -37.866  14.571 0.0000000000
75126  -44.157  -38.506  16.741 0.0000000000
39507  -55.124  -27.165  11.314 0.0000000000
39508  -55.824  -26.993  11.758 0.0000000000
40130  -57.762  -26.475  9.944 0.0000000000
75829  -60.341  -23.538  7.592 0.0000000000
15083  -20.765  -65.041  36.815 0.0000000000
15087  -20.330  -65.434  36.521 0.0000000000
15091  -20.578  -65.273  35.862 0.0000000000
17669  -32.004  -62.667  32.031 0.0000000000
17674  -32.460  -61.723  31.453 0.0000000000
18400  -31.753  -61.167  32.011 0.0000000000
19008  -32.258  -59.661  32.227 0.0000000000
19009  -32.765  -59.847  32.034 0.0000000000
19014  -32.919  -59.276  31.694 0.0000000000
19019  -31.529  -59.652  31.215 0.0000000000
19020  -33.266  -59.743  30.997 0.0000000000
19618  -32.128  -58.751  32.144 0.0000000000
20385  -29.247  -57.309  24.539 0.0000000000
21123  -24.851  -55.658  21.817 0.0000000000
23039  -41.665  -53.861  32.260 0.0000000000
24816  -42.147  -51.389  33.560 0.0000000000
32613  -49.636  -38.139  24.050 0.0000000000
71981  -31.864  -63.256  31.522 0.0000000000
71982  -31.875  -63.253  30.583 0.0000000000
71983  -31.946  -63.183  29.288 0.0000000000
71989  -31.918  -63.122  28.311 0.0000000000
73542  -31.456  -62.273  29.829 0.0000000000
73985  -31.791  -62.328  31.929 0.0000000000
75727  -29.576  -56.465  24.915 0.0000000000
83581  -32.507  -61.944  30.602 0.0000000000
84185  -21.301  -64.511  36.983 0.0000000000
84442  -45.602  -39.330  23.744 0.0000000000
86335  -47.878  -40.208  27.614 0.0000000000
89472  -32.214  -62.352  31.875 0.0000000000
89654  -31.731  -62.978  30.150 0.0000000000
