#!ascii label  , from subject sub-01 vox2ras=TkReg
573
17090  -22.649  -61.638  22.992 0.0000000000
27089  -47.434  -47.148  29.755 0.0000000000
31266  -47.661  -39.540  25.636 0.0000000000
31975  -46.685  -38.815  16.161 0.0000000000
24841  -44.589  -51.126  30.053 0.0000000000
32649  -48.300  -38.342  20.606 0.0000000000
34702  -47.352  -35.056  11.660 0.0000000000
35375  -51.721  -33.057  12.926 0.0000000000
84260  -48.843  -46.791  28.886 0.0000000000
73615  -49.862  -42.765  26.586 0.0000000000
84911  -47.391  -42.817  28.136 0.0000000000
17711  -25.626  -60.942  24.756 0.0000000000
18428  -29.374  -60.371  24.705 0.0000000000
77705  -33.372  -59.780  26.863 0.0000000000
22402  -34.651  -54.516  25.806 0.0000000000
22379  -41.147  -52.311  28.005 0.0000000000
22353  -44.789  -53.718  31.151 0.0000000000
85453  -49.056  -51.055  30.363 0.0000000000
30045  -53.142  -40.879  22.651 0.0000000000
36003  -54.091  -32.234  12.448 0.0000000000
27091  -48.401  -46.895  30.125 0.0000000000
84876  -48.222  -44.481  29.343 0.0000000000
84933  -47.591  -45.096  29.302 0.0000000000
18425  -26.695  -61.050  24.799 0.0000000000
17712  -27.694  -61.835  24.589 0.0000000000
21692  -41.443  -53.423  29.870 0.0000000000
21040  -42.798  -54.820  29.389 0.0000000000
23042  -43.463  -53.274  33.081 0.0000000000
25490  -46.817  -49.322  29.242 0.0000000000
24843  -46.230  -50.676  29.213 0.0000000000
26068  -48.187  -48.563  30.861 0.0000000000
26077  -50.039  -48.671  29.965 0.0000000000
30622  -49.695  -40.416  27.042 0.0000000000
30014  -52.018  -41.746  25.300 0.0000000000
31270  -51.976  -39.244  25.619 0.0000000000
31956  -47.732  -38.497  18.351 0.0000000000
90527  -50.199  -38.798  18.899 0.0000000000
31977  -48.683  -39.061  16.565 0.0000000000
76363  -47.586  -39.588  14.405 0.0000000000
34021  -49.380  -35.730  12.778 0.0000000000
33371  -47.030  -36.760  11.814 0.0000000000
24829  -43.621  -50.760  33.050 0.0000000000
88043  -45.402  -38.448  17.172 0.0000000000
35373  -49.816  -33.977  12.414 0.0000000000
34015  -51.988  -35.527  13.496 0.0000000000
36021  -54.676  -32.422  11.557 0.0000000000
73546  -48.732  -46.895  27.000 0.0000000000
84584  -49.071  -44.302  27.393 0.0000000000
84421  -48.495  -42.162  28.546 0.0000000000
17726  -24.254  -61.185  24.309 0.0000000000
18436  -30.593  -60.147  24.455 0.0000000000
74689  -31.772  -60.728  26.414 0.0000000000
19050  -32.253  -59.599  24.816 0.0000000000
77719  -32.849  -57.733  24.924 0.0000000000
21749  -33.809  -55.861  24.837 0.0000000000
79906  -36.092  -53.860  25.138 0.0000000000
23103  -37.782  -53.101  26.924 0.0000000000
21727  -41.584  -54.490  27.425 0.0000000000
24313  -44.893  -51.996  31.614 0.0000000000
23774  -46.267  -53.035  29.726 0.0000000000
23075  -47.164  -52.658  28.688 0.0000000000
24860  -50.047  -50.355  29.847 0.0000000000
26090  -48.873  -48.373  27.891 0.0000000000
31915  -51.308  -38.281  22.085 0.0000000000
32723  -44.803  -38.318  12.140 0.0000000000
32006  -45.656  -39.048  13.315 0.0000000000
17742  -22.602  -61.412  23.878 0.0000000000
27090  -47.915  -46.866  30.193 0.0000000000
84894  -47.913  -45.391  29.697 0.0000000000
87121  -47.521  -46.137  29.535 0.0000000000
21680  -41.475  -53.489  30.581 0.0000000000
21682  -42.524  -53.801  30.956 0.0000000000
23029  -42.443  -53.124  33.283 0.0000000000
26572  -47.352  -47.926  29.903 0.0000000000
26067  -47.506  -48.693  29.945 0.0000000000
26573  -47.863  -47.548  30.495 0.0000000000
26574  -48.285  -47.415  30.706 0.0000000000
31252  -51.501  -39.696  26.382 0.0000000000
31268  -49.786  -39.387  25.911 0.0000000000
31966  -46.862  -38.642  17.110 0.0000000000
31967  -47.929  -38.710  17.443 0.0000000000
31976  -47.707  -38.869  16.362 0.0000000000
31985  -48.488  -39.228  15.682 0.0000000000
31984  -47.480  -39.140  15.324 0.0000000000
33350  -50.032  -36.333  12.776 0.0000000000
33358  -48.884  -36.302  12.542 0.0000000000
32726  -49.346  -36.883  12.254 0.0000000000
35374  -50.185  -33.315  12.372 0.0000000000
34694  -51.347  -33.749  12.969 0.0000000000
34685  -50.679  -34.993  13.054 0.0000000000
35368  -52.030  -33.877  13.058 0.0000000000
34688  -52.981  -34.739  12.895 0.0000000000
35376  -52.693  -33.170  12.859 0.0000000000
36011  -54.564  -32.384  12.073 0.0000000000
26591  -48.873  -46.595  27.856 0.0000000000
84089  -48.878  -45.719  27.449 0.0000000000
73193  -48.802  -45.916  28.377 0.0000000000
84934  -47.903  -43.686  29.344 0.0000000000
83897  -48.419  -43.056  28.955 0.0000000000
83953  -47.983  -42.195  28.884 0.0000000000
30600  -48.010  -40.988  28.545 0.0000000000
73069  -47.609  -41.893  28.171 0.0000000000
85638  -25.068  -61.343  23.812 0.0000000000
88459  -26.360  -61.645  24.204 0.0000000000
17713  -28.244  -61.783  24.559 0.0000000000
18417  -33.519  -60.617  28.157 0.0000000000
83225  -32.692  -60.527  26.670 0.0000000000
88695  -32.235  -60.372  25.921 0.0000000000
18422  -32.748  -59.828  26.000 0.0000000000
19684  -32.670  -58.505  25.157 0.0000000000
19673  -32.953  -58.960  26.042 0.0000000000
21743  -34.193  -55.152  25.332 0.0000000000
22415  -34.800  -54.536  24.923 0.0000000000
22403  -35.369  -54.067  25.434 0.0000000000
23087  -39.798  -51.498  27.724 0.0000000000
23096  -38.636  -52.602  27.271 0.0000000000
23112  -38.678  -52.921  26.347 0.0000000000
23097  -39.642  -52.412  26.652 0.0000000000
23098  -40.427  -52.968  26.207 0.0000000000
87249  -41.359  -53.313  27.454 0.0000000000
86235  -43.323  -54.489  30.552 0.0000000000
21041  -43.115  -55.539  29.549 0.0000000000
21043  -44.327  -55.964  30.519 0.0000000000
21696  -46.201  -55.152  31.021 0.0000000000
24318  -44.397  -51.555  31.737 0.0000000000
24838  -44.799  -51.463  30.582 0.0000000000
24844  -47.458  -50.349  29.302 0.0000000000
24324  -46.186  -51.317  29.283 0.0000000000
24325  -47.165  -51.119  29.122 0.0000000000
23067  -46.969  -52.735  28.800 0.0000000000
24327  -48.959  -51.384  29.176 0.0000000000
24847  -49.636  -50.666  30.181 0.0000000000
26587  -49.177  -47.535  29.347 0.0000000000
26084  -49.971  -48.705  29.692 0.0000000000
85035  -48.926  -47.285  28.551 0.0000000000
80414  -48.881  -47.512  27.830 0.0000000000
74530  -24.263  -60.712  25.479 0.0000000000
86853  -24.636  -60.909  24.833 0.0000000000
77078  -23.237  -61.140  24.533 0.0000000000
72222  -49.999  -44.291  25.608 0.0000000000
28794  -50.618  -43.479  25.464 0.0000000000
30024  -53.119  -40.930  24.578 0.0000000000
32635  -48.618  -38.223  22.756 0.0000000000
32636  -49.738  -38.224  22.779 0.0000000000
32643  -49.354  -38.351  21.898 0.0000000000
31314  -51.129  -39.667  17.840 0.0000000000
31947  -51.681  -38.797  19.322 0.0000000000
32739  -46.291  -37.274  11.515 0.0000000000
32013  -45.513  -38.442  11.816 0.0000000000
32010  -45.243  -38.763  12.476 0.0000000000
32011  -45.772  -39.084  12.321 0.0000000000
36001  -52.148  -32.309  12.804 0.0000000000
36002  -53.139  -32.285  12.702 0.0000000000
36579  -53.554  -31.452  12.515 0.0000000000
78515  -54.530  -30.925  12.414 0.0000000000
27092  -48.778  -46.817  29.848 0.0000000000
83916  -48.347  -45.310  29.355 0.0000000000
84875  -48.158  -45.795  29.741 0.0000000000
83954  -47.913  -44.519  29.528 0.0000000000
84021  -47.584  -44.209  29.031 0.0000000000
77642  -27.032  -61.800  24.369 0.0000000000
18427  -28.797  -60.640  24.794 0.0000000000
22368  -41.263  -52.800  28.842 0.0000000000
21709  -41.912  -53.823  28.796 0.0000000000
21027  -42.476  -54.179  29.650 0.0000000000
21018  -42.975  -54.310  30.432 0.0000000000
23048  -43.584  -53.398  32.130 0.0000000000
25475  -46.164  -50.228  29.141 0.0000000000
24842  -45.312  -51.052  29.605 0.0000000000
25476  -47.347  -49.628  29.487 0.0000000000
76495  -47.974  -49.116  30.262 0.0000000000
25478  -48.899  -49.665  31.045 0.0000000000
25479  -49.201  -49.603  30.568 0.0000000000
81235  -49.090  -48.134  31.018 0.0000000000
26575  -49.080  -47.545  30.466 0.0000000000
71990  -25.720  -60.510  25.144 0.0000000000
29994  -49.985  -41.067  26.877 0.0000000000
29383  -51.221  -41.772  25.820 0.0000000000
29995  -51.161  -40.891  26.394 0.0000000000
85832  -53.432  -40.036  26.070 0.0000000000
31899  -53.196  -39.465  24.183 0.0000000000
31933  -48.201  -38.310  19.820 0.0000000000
31934  -49.039  -38.381  20.073 0.0000000000
31944  -48.885  -38.520  19.233 0.0000000000
31958  -49.787  -39.086  17.642 0.0000000000
34691  -48.796  -35.158  12.489 0.0000000000
34032  -47.096  -35.928  12.045 0.0000000000
86120  -48.527  -35.838  12.605 0.0000000000
32724  -47.648  -37.072  11.930 0.0000000000
26586  -46.323  -47.042  28.548 0.0000000000
85407  -45.929  -48.759  28.659 0.0000000000
31893  -47.769  -38.557  24.518 0.0000000000
32647  -46.916  -38.293  20.311 0.0000000000
32660  -46.304  -38.339  18.664 0.0000000000
31954  -46.005  -38.420  17.728 0.0000000000
31965  -45.962  -38.551  16.802 0.0000000000
34704  -49.105  -34.280  12.189 0.0000000000
34692  -49.801  -34.856  12.752 0.0000000000
34013  -50.348  -35.654  13.073 0.0000000000
33352  -51.783  -36.040  13.504 0.0000000000
80782  -53.529  -32.941  12.589 0.0000000000
35378  -54.070  -33.214  12.276 0.0000000000
73280  -48.812  -46.139  26.202 0.0000000000
84257  -49.078  -45.023  26.924 0.0000000000
73430  -49.376  -43.549  26.981 0.0000000000
73001  -48.490  -44.432  29.009 0.0000000000
74546  -48.935  -43.568  27.884 0.0000000000
72223  -49.196  -42.777  27.474 0.0000000000
29980  -48.715  -41.142  28.052 0.0000000000
31229  -48.339  -40.333  27.922 0.0000000000
73086  -46.715  -45.613  28.238 0.0000000000
73046  -46.774  -44.967  27.531 0.0000000000
89786  -47.097  -42.841  26.708 0.0000000000
17743  -23.440  -61.376  23.636 0.0000000000
17744  -24.300  -61.351  23.382 0.0000000000
19054  -30.741  -59.815  23.621 0.0000000000
71999  -30.105  -59.776  25.351 0.0000000000
74365  -30.505  -59.933  25.019 0.0000000000
19049  -31.790  -59.880  24.461 0.0000000000
20397  -33.015  -57.272  24.120 0.0000000000
21758  -33.901  -55.840  24.010 0.0000000000
22394  -35.199  -53.998  26.292 0.0000000000
23102  -36.912  -53.420  26.634 0.0000000000
23109  -36.196  -53.717  25.910 0.0000000000
23110  -37.140  -53.518  25.830 0.0000000000
22405  -37.782  -53.504  25.273 0.0000000000
21062  -42.212  -54.723  28.581 0.0000000000
24306  -43.097  -52.100  33.208 0.0000000000
23762  -44.203  -52.279  32.868 0.0000000000
23050  -44.861  -53.099  31.258 0.0000000000
24323  -45.350  -51.508  29.876 0.0000000000
23773  -45.718  -52.692  30.189 0.0000000000
23058  -46.038  -53.565  30.495 0.0000000000
23059  -46.812  -54.078  30.522 0.0000000000
22363  -47.106  -54.384  29.607 0.0000000000
24858  -48.565  -50.913  28.392 0.0000000000
89908  -50.131  -49.232  30.036 0.0000000000
86506  -49.057  -49.510  28.756 0.0000000000
25502  -48.538  -49.687  27.349 0.0000000000
26095  -48.607  -48.841  27.188 0.0000000000
31896  -50.470  -38.346  24.353 0.0000000000
31897  -52.076  -38.492  24.231 0.0000000000
31918  -53.154  -39.308  22.664 0.0000000000
31925  -50.919  -38.412  20.533 0.0000000000
31937  -52.634  -38.650  20.408 0.0000000000
76003  -53.415  -40.029  20.779 0.0000000000
32684  -44.926  -38.443  15.724 0.0000000000
31982  -45.455  -38.715  15.092 0.0000000000
33370  -46.352  -36.329  11.437 0.0000000000
33369  -45.507  -36.952  11.104 0.0000000000
32005  -44.886  -38.527  13.121 0.0000000000
31998  -45.172  -38.651  14.138 0.0000000000
31999  -45.986  -39.089  14.423 0.0000000000
32000  -46.831  -39.286  14.666 0.0000000000
17084  -22.020  -61.675  23.297 0.0000000000
74106  -46.974  -46.828  29.162 0.0000000000
22346  -42.360  -53.740  31.945 0.0000000000
23759  -41.899  -53.210  33.546 0.0000000000
26580  -46.796  -47.583  29.217 0.0000000000
74723  -48.155  -39.524  26.152 0.0000000000
31250  -49.312  -39.803  26.664 0.0000000000
31267  -48.812  -39.446  26.024 0.0000000000
33359  -50.942  -36.518  12.779 0.0000000000
84781  -47.641  -43.275  28.904 0.0000000000
84916  -47.943  -42.876  29.197 0.0000000000
83969  -47.770  -42.408  28.728 0.0000000000
17727  -25.383  -61.229  24.278 0.0000000000
18434  -28.752  -61.300  24.407 0.0000000000
18420  -33.194  -60.605  27.396 0.0000000000
21735  -34.096  -55.085  26.264 0.0000000000
21742  -33.683  -55.915  25.840 0.0000000000
23088  -40.744  -52.487  27.031 0.0000000000
82771  -41.616  -53.580  28.161 0.0000000000
21694  -44.477  -54.737  30.881 0.0000000000
21031  -44.062  -55.090  30.565 0.0000000000
21032  -45.105  -55.549  31.010 0.0000000000
21695  -45.369  -54.645  31.059 0.0000000000
24845  -48.558  -50.305  30.155 0.0000000000
24326  -47.935  -50.907  29.214 0.0000000000
24328  -49.889  -51.208  30.151 0.0000000000
84587  -49.895  -43.579  26.174 0.0000000000
89128  -50.242  -43.112  26.042 0.0000000000
30034  -53.128  -41.037  23.657 0.0000000000
30033  -52.775  -41.726  23.146 0.0000000000
30044  -52.675  -41.422  22.198 0.0000000000
32642  -48.267  -38.364  21.609 0.0000000000
31923  -49.149  -38.416  20.958 0.0000000000
32740  -47.103  -37.784  11.620 0.0000000000
90004  -48.456  -46.231  29.646 0.0000000000
84780  -47.155  -44.890  28.551 0.0000000000
22361  -41.327  -53.154  29.430 0.0000000000
22378  -40.563  -51.868  28.741 0.0000000000
21700  -41.927  -53.812  29.317 0.0000000000
81056  -42.068  -53.855  29.629 0.0000000000
22347  -42.797  -53.798  32.060 0.0000000000
21683  -42.760  -53.929  30.998 0.0000000000
22348  -43.092  -54.072  32.811 0.0000000000
22352  -43.338  -53.915  31.433 0.0000000000
25489  -45.937  -49.607  28.875 0.0000000000
25477  -48.271  -49.642  30.243 0.0000000000
26069  -48.543  -49.118  30.975 0.0000000000
25468  -48.927  -48.918  31.059 0.0000000000
26059  -48.765  -48.349  31.103 0.0000000000
26567  -48.720  -47.835  30.966 0.0000000000
87974  -49.607  -40.686  27.140 0.0000000000
79233  -50.491  -40.429  26.803 0.0000000000
31240  -52.047  -39.903  26.629 0.0000000000
31858  -53.023  -39.450  25.755 0.0000000000
31271  -53.611  -39.810  25.696 0.0000000000
77557  -52.562  -39.039  24.958 0.0000000000
31943  -47.995  -38.411  19.047 0.0000000000
31968  -48.942  -38.939  17.324 0.0000000000
31326  -49.351  -39.470  15.946 0.0000000000
26082  -46.124  -47.981  28.671 0.0000000000
32653  -46.581  -38.255  19.490 0.0000000000
32666  -45.150  -38.428  17.722 0.0000000000
34686  -51.455  -34.662  13.168 0.0000000000
34014  -51.235  -35.578  13.295 0.0000000000
33353  -52.329  -35.950  13.504 0.0000000000
73178  -48.564  -47.067  26.219 0.0000000000
84259  -48.886  -45.059  27.869 0.0000000000
86924  -49.444  -44.313  26.465 0.0000000000
84420  -48.650  -45.196  28.742 0.0000000000
84258  -48.618  -43.657  28.721 0.0000000000
73281  -48.772  -42.852  28.351 0.0000000000
73624  -48.945  -42.069  27.901 0.0000000000
90300  -48.802  -41.721  28.026 0.0000000000
30609  -47.956  -40.773  28.433 0.0000000000
30610  -48.166  -40.659  28.311 0.0000000000
74685  -26.104  -61.718  23.863 0.0000000000
17729  -27.794  -62.668  24.203 0.0000000000
18446  -29.522  -60.812  23.768 0.0000000000
18447  -30.314  -60.374  23.957 0.0000000000
18458  -30.024  -60.197  23.332 0.0000000000
18448  -31.102  -60.039  24.222 0.0000000000
71997  -30.802  -60.083  26.523 0.0000000000
71996  -31.371  -60.212  25.635 0.0000000000
18429  -31.759  -60.294  25.558 0.0000000000
19046  -32.393  -59.888  25.381 0.0000000000
18438  -32.040  -60.140  25.095 0.0000000000
19056  -32.110  -59.256  24.168 0.0000000000
19692  -32.645  -58.076  24.407 0.0000000000
21091  -33.417  -56.592  25.194 0.0000000000
21097  -33.468  -56.545  24.374 0.0000000000
21750  -34.308  -55.156  24.438 0.0000000000
22416  -35.582  -54.107  24.646 0.0000000000
22404  -36.883  -53.701  25.214 0.0000000000
23111  -37.832  -53.274  26.077 0.0000000000
22388  -41.155  -53.636  26.686 0.0000000000
21052  -42.262  -54.294  28.929 0.0000000000
21053  -42.478  -54.923  28.874 0.0000000000
24818  -43.740  -51.397  33.052 0.0000000000
24312  -44.304  -51.843  32.454 0.0000000000
23766  -44.554  -52.492  32.051 0.0000000000
23767  -44.967  -52.484  31.238 0.0000000000
23778  -46.106  -52.102  29.407 0.0000000000
24320  -45.523  -51.994  30.100 0.0000000000
23066  -46.717  -53.563  29.197 0.0000000000
22364  -46.842  -53.701  28.854 0.0000000000
24339  -49.263  -51.637  29.157 0.0000000000
24859  -49.129  -50.210  29.011 0.0000000000
26070  -49.321  -48.904  30.338 0.0000000000
86603  -49.641  -49.742  30.178 0.0000000000
26083  -49.154  -48.042  28.879 0.0000000000
86620  -49.180  -48.840  28.848 0.0000000000
25498  -48.829  -49.207  27.983 0.0000000000
26096  -48.638  -47.890  26.941 0.0000000000
29390  -51.363  -42.686  25.258 0.0000000000
29391  -52.107  -42.726  24.676 0.0000000000
32611  -48.197  -38.198  24.189 0.0000000000
31895  -49.470  -38.472  24.585 0.0000000000
32637  -50.773  -38.193  22.847 0.0000000000
31905  -51.308  -38.168  23.661 0.0000000000
76254  -51.601  -38.199  22.837 0.0000000000
31906  -52.226  -38.458  23.287 0.0000000000
31916  -52.113  -38.347  22.199 0.0000000000
31945  -49.843  -38.569  19.466 0.0000000000
31935  -49.921  -38.421  20.342 0.0000000000
86492  -50.530  -38.498  19.853 0.0000000000
31948  -52.422  -38.861  19.572 0.0000000000
31309  -53.047  -39.288  19.838 0.0000000000
31305  -53.257  -39.317  20.789 0.0000000000
30687  -53.327  -39.831  20.138 0.0000000000
87494  -45.701  -37.730  11.436 0.0000000000
32738  -45.027  -37.796  11.461 0.0000000000
73690  -47.966  -46.169  29.958 0.0000000000
83971  -47.162  -45.592  28.898 0.0000000000
21686  -41.992  -53.640  30.185 0.0000000000
21681  -42.064  -53.621  30.576 0.0000000000
23041  -42.997  -53.935  33.144 0.0000000000
26076  -46.686  -48.541  29.192 0.0000000000
83382  -47.831  -48.083  30.608 0.0000000000
26058  -48.398  -47.921  30.973 0.0000000000
31238  -49.652  -40.193  26.997 0.0000000000
31239  -50.849  -40.071  26.902 0.0000000000
31251  -50.377  -39.775  26.522 0.0000000000
31269  -50.840  -39.304  25.794 0.0000000000
31955  -46.977  -38.464  18.046 0.0000000000
77632  -50.932  -33.189  12.679 0.0000000000
34693  -50.589  -34.090  12.827 0.0000000000
34687  -52.312  -34.748  13.183 0.0000000000
35369  -52.694  -34.064  12.924 0.0000000000
35377  -53.375  -33.818  12.629 0.0000000000
88963  -54.324  -31.607  12.448 0.0000000000
36580  -54.880  -31.518  12.336 0.0000000000
73104  -48.814  -46.202  27.035 0.0000000000
84874  -48.070  -44.104  29.430 0.0000000000
73015  -48.305  -43.828  29.183 0.0000000000
73038  -48.102  -43.343  29.278 0.0000000000
84893  -48.170  -42.549  28.977 0.0000000000
29965  -48.159  -41.669  28.641 0.0000000000
73906  -47.936  -41.496  28.657 0.0000000000
29992  -47.549  -41.321  27.521 0.0000000000
17728  -27.184  -62.290  24.034 0.0000000000
19051  -32.553  -59.295  25.330 0.0000000000
77089  -32.886  -58.144  25.611 0.0000000000
23104  -39.621  -52.915  25.877 0.0000000000
21019  -43.198  -54.837  29.977 0.0000000000
21030  -43.296  -55.453  29.802 0.0000000000
21042  -43.606  -55.973  29.999 0.0000000000
21045  -45.960  -56.035  31.109 0.0000000000
21701  -46.578  -55.599  30.339 0.0000000000
74955  -44.147  -51.057  32.399 0.0000000000
24319  -45.047  -51.834  30.862 0.0000000000
23779  -46.771  -52.171  28.909 0.0000000000
86666  -47.970  -51.573  28.912 0.0000000000
23780  -48.651  -52.245  29.089 0.0000000000
23781  -49.377  -51.707  29.417 0.0000000000
24334  -50.049  -51.045  29.957 0.0000000000
26582  -49.770  -47.687  30.005 0.0000000000
85588  -49.772  -48.100  29.674 0.0000000000
75032  -23.715  -60.895  25.240 0.0000000000
30015  -52.649  -41.592  24.790 0.0000000000
29397  -52.517  -42.734  24.174 0.0000000000
30023  -52.905  -41.869  23.999 0.0000000000
32626  -49.220  -38.103  23.520 0.0000000000
31914  -50.356  -38.335  22.044 0.0000000000
74974  -50.545  -39.118  18.298 0.0000000000
31946  -50.779  -38.794  19.171 0.0000000000
83898  -48.622  -46.246  29.250 0.0000000000
83934  -48.096  -44.897  29.580 0.0000000000
21039  -42.394  -54.291  29.281 0.0000000000
21028  -42.823  -54.500  29.715 0.0000000000
21016  -42.474  -54.037  30.022 0.0000000000
21017  -42.869  -54.415  30.016 0.0000000000
21029  -43.075  -54.939  29.659 0.0000000000
21688  -43.812  -54.413  30.850 0.0000000000
86092  -44.195  -53.987  31.309 0.0000000000
24854  -45.243  -50.607  29.243 0.0000000000
24846  -48.984  -50.378  31.043 0.0000000000
26576  -49.327  -48.250  30.267 0.0000000000
26581  -49.019  -47.143  29.716 0.0000000000
29377  -49.519  -41.924  27.120 0.0000000000
29382  -50.589  -42.599  25.911 0.0000000000
76683  -50.352  -41.803  26.421 0.0000000000
30006  -51.930  -41.092  25.898 0.0000000000
30623  -51.668  -40.226  26.645 0.0000000000
87056  -52.412  -40.476  26.371 0.0000000000
30007  -52.674  -40.880  25.645 0.0000000000
30016  -53.232  -40.604  25.349 0.0000000000
30659  -53.361  -40.387  24.295 0.0000000000
30666  -53.368  -40.365  23.259 0.0000000000
32648  -47.663  -38.267  20.260 0.0000000000
31957  -48.698  -38.666  18.245 0.0000000000
78818  -49.657  -38.760  18.631 0.0000000000
34020  -47.906  -35.540  12.363 0.0000000000
33357  -47.843  -36.328  12.381 0.0000000000
31873  -47.332  -39.051  24.854 0.0000000000
31874  -48.175  -39.071  25.298 0.0000000000
73968  -46.971  -38.618  24.274 0.0000000000
74147  -47.507  -38.225  23.869 0.0000000000
86842  -47.300  -38.482  21.641 0.0000000000
74921  -47.557  -38.385  20.905 0.0000000000
32654  -47.403  -38.244  19.646 0.0000000000
31942  -47.148  -38.330  18.888 0.0000000000
31974  -45.728  -38.734  15.976 0.0000000000
34703  -48.195  -34.553  11.840 0.0000000000
33351  -51.030  -36.104  13.152 0.0000000000
33360  -51.602  -36.441  13.070 0.0000000000
34016  -52.629  -35.496  13.250 0.0000000000
84091  -48.940  -45.630  26.666 0.0000000000
72224  -49.325  -45.152  25.828 0.0000000000
72225  -48.777  -44.347  28.314 0.0000000000
29993  -49.151  -41.266  27.546 0.0000000000
30621  -49.026  -40.744  27.540 0.0000000000
30601  -48.341  -41.064  28.411 0.0000000000
30611  -48.559  -40.716  28.035 0.0000000000
30612  -48.944  -40.443  27.502 0.0000000000
83896  -46.803  -46.243  28.752 0.0000000000
84912  -47.133  -43.904  28.120 0.0000000000
84782  -47.104  -43.224  27.236 0.0000000000
84020  -47.300  -42.308  27.203 0.0000000000
19683  -32.417  -58.868  24.627 0.0000000000
20377  -33.109  -57.387  25.591 0.0000000000
80961  -33.129  -57.095  24.808 0.0000000000
22393  -34.449  -54.403  26.672 0.0000000000
77587  -37.090  -53.187  27.377 0.0000000000
23101  -35.851  -53.631  26.866 0.0000000000
21717  -41.885  -54.612  28.197 0.0000000000
21054  -42.718  -55.636  29.135 0.0000000000
21063  -42.297  -55.462  28.641 0.0000000000
21718  -41.754  -55.458  27.856 0.0000000000
24297  -42.124  -52.475  33.911 0.0000000000
85612  -42.528  -52.412  33.462 0.0000000000
23761  -43.855  -52.514  33.143 0.0000000000
24819  -44.056  -51.061  32.990 0.0000000000
24307  -43.913  -51.735  33.265 0.0000000000
23043  -44.190  -52.877  33.022 0.0000000000
23049  -44.346  -53.191  31.785 0.0000000000
23772  -45.236  -52.279  30.791 0.0000000000
23051  -45.337  -52.991  30.730 0.0000000000
23057  -45.468  -53.765  30.881 0.0000000000
22358  -46.396  -54.476  30.964 0.0000000000
21697  -47.004  -54.800  30.917 0.0000000000
23065  -46.635  -53.244  29.327 0.0000000000
80359  -46.903  -53.997  29.792 0.0000000000
24855  -49.944  -50.398  30.034 0.0000000000
25491  -49.933  -49.834  30.017 0.0000000000
25499  -50.075  -49.461  29.525 0.0000000000
84996  -48.400  -48.589  26.552 0.0000000000
31875  -49.151  -38.964  25.255 0.0000000000
79845  -50.135  -38.869  25.145 0.0000000000
31876  -51.129  -38.771  25.028 0.0000000000
32627  -50.189  -38.141  23.546 0.0000000000
78107  -51.392  -38.424  24.405 0.0000000000
31877  -51.878  -38.730  24.829 0.0000000000
31898  -52.717  -38.949  24.203 0.0000000000
31908  -53.226  -39.474  23.382 0.0000000000
30674  -53.441  -40.191  22.307 0.0000000000
31924  -50.091  -38.415  21.197 0.0000000000
31926  -51.860  -38.312  21.127 0.0000000000
31936  -51.864  -38.405  20.064 0.0000000000
31927  -52.658  -38.705  21.430 0.0000000000
78085  -53.451  -39.842  21.524 0.0000000000
30681  -53.205  -40.574  21.522 0.0000000000
32674  -45.185  -38.493  16.518 0.0000000000
83549  -44.445  -38.184  13.907 0.0000000000
31983  -46.364  -39.001  15.293 0.0000000000
31348  -46.556  -39.449  13.893 0.0000000000
21005  -42.444  -53.961  30.246 0.0000000000
21006  -42.677  -54.073  30.469 0.0000000000
21687  -43.041  -53.942  31.392 0.0000000000
21693  -41.972  -53.719  29.860 0.0000000000
22345  -41.752  -53.596  31.159 0.0000000000
22362  -47.155  -54.818  30.312 0.0000000000
23040  -42.423  -53.795  33.092 0.0000000000
23760  -43.109  -52.866  33.205 0.0000000000
29966  -48.482  -41.496  28.396 0.0000000000
30008  -53.221  -40.427  26.008 0.0000000000
30624  -52.456  -40.113  26.728 0.0000000000
30625  -52.689  -39.876  26.685 0.0000000000
30639  -53.009  -40.215  26.542 0.0000000000
30653  -53.641  -40.152  25.604 0.0000000000
31253  -52.496  -39.671  26.356 0.0000000000
31254  -53.138  -39.842  26.215 0.0000000000
31279  -53.596  -39.944  24.994 0.0000000000
31287  -53.426  -39.902  23.852 0.0000000000
31294  -53.419  -39.806  22.918 0.0000000000
31300  -53.402  -39.668  22.214 0.0000000000
31878  -53.232  -39.505  25.059 0.0000000000
31894  -48.594  -38.539  24.653 0.0000000000
31907  -52.879  -39.011  23.362 0.0000000000
31917  -52.693  -38.806  22.445 0.0000000000
31928  -53.156  -39.248  21.812 0.0000000000
76291  -42.705  -53.939  33.069 0.0000000000
76888  -43.581  -55.342  30.148 0.0000000000
87221  -50.912  -38.365  21.397 0.0000000000
87474  -53.469  -40.285  25.126 0.0000000000
88676  -45.700  -55.468  31.006 0.0000000000
88767  -47.748  -41.163  28.214 0.0000000000
88875  -41.989  -53.555  31.095 0.0000000000
88923  -42.025  -55.298  28.309 0.0000000000
89068  -47.430  -51.430  28.924 0.0000000000
