#!ascii label  , from subject sub-01 vox2ras=TkReg
1921
17645  -14.303  -61.005  38.198 0.6250000000
18375  -14.047  -60.562  38.783 0.6250000000
18379  -13.886  -60.196  38.224 0.6250000000
18382  -13.801  -60.416  37.050 0.6250000000
18384  -13.725  -59.866  36.831 0.6250000000
18378  -13.753  -59.988  37.580 0.5000000000
18987  -14.112  -59.718  38.093 0.5000000000
18385  -13.657  -60.371  36.150 0.6250000000
18994  -14.198  -59.389  36.490 0.6250000000
18991  -14.134  -59.549  37.355 0.5000000000
80182  -13.448  -59.871  35.437 0.5000000000
18992  -14.987  -58.914  37.033 0.5000000000
18988  -14.787  -59.192  37.952 0.5000000000
19602  -14.858  -58.769  36.065 0.5000000000
79801  -15.755  -58.468  36.377 0.5000000000
20272  -16.402  -58.015  35.703 0.6250000000
20279  -16.512  -57.634  34.867 0.6250000000
20273  -17.479  -57.671  35.895 0.1250000000
90187  -16.980  -57.685  35.332 0.3750000000
20280  -17.479  -57.399  34.818 0.6250000000
20286  -18.580  -56.846  33.317 0.6250000000
20291  -18.741  -56.650  32.191 0.6250000000
20267  -17.660  -57.513  36.894 0.1250000000
25963  -33.180  -48.034  37.829 0.3750000000
20274  -18.447  -57.264  35.451 0.1250000000
86925  -33.442  -48.226  37.573 0.3750000000
25973  -34.124  -48.019  37.297 0.3750000000
20281  -18.491  -57.057  34.415 0.3750000000
26508  -34.789  -47.618  36.979 0.3750000000
25407  -33.320  -48.807  36.648 0.7500000000
77392  -33.832  -48.383  37.145 0.5000000000
25974  -35.236  -47.951  36.925 0.5000000000
26509  -35.752  -47.504  36.784 0.5000000000
75311  -36.051  -45.933  36.542 0.3750000000
86622  -19.591  -56.481  32.038 0.7500000000
75920  -34.658  -48.261  36.881 0.7500000000
26501  -36.590  -46.365  36.385 0.5000000000
27017  -36.659  -45.279  36.421 0.3750000000
27006  -38.312  -45.111  36.976 0.3750000000
76992  -39.102  -44.944  37.866 0.3750000000
21022  -20.907  -56.491  31.389 0.7500000000
25986  -34.210  -48.649  36.363 0.8750000000
25987  -35.453  -48.336  36.485 0.8750000000
25975  -36.206  -47.939  36.667 0.7500000000
26510  -36.393  -47.237  36.543 0.5000000000
25965  -37.167  -46.026  36.130 0.5000000000
27577  -39.059  -45.548  37.503 0.3750000000
27578  -39.964  -45.016  36.963 0.3750000000
28690  -40.088  -43.674  37.918 0.3750000000
89929  -34.854  -48.475  36.454 0.8750000000
25964  -36.845  -46.625  36.283 0.5000000000
26512  -37.972  -45.370  35.772 0.6250000000
27019  -38.501  -45.118  36.682 0.6250000000
27020  -39.123  -44.826  36.589 0.5000000000
27593  -39.491  -44.316  36.289 0.3750000000
25988  -36.191  -48.273  36.213 1.0000000000
25976  -36.754  -47.376  36.300 0.7500000000
26521  -37.543  -46.150  35.571 0.8750000000
27025  -38.502  -45.026  35.850 0.6250000000
27592  -39.042  -44.624  35.751 0.5000000000
25998  -35.776  -48.481  35.800 1.0000000000
26530  -37.425  -46.918  34.927 1.0000000000
27023  -37.631  -46.434  35.161 0.8750000000
27591  -38.668  -45.316  35.209 0.7500000000
27598  -39.355  -44.906  35.044 0.6250000000
28144  -39.636  -44.260  35.534 0.5000000000
26000  -36.982  -47.689  35.230 1.0000000000
27597  -38.927  -45.676  34.541 0.7500000000
27608  -39.697  -45.325  34.322 0.6250000000
27599  -40.067  -44.555  34.781 0.6250000000
25999  -36.397  -48.278  35.376 1.0000000000
26531  -37.793  -46.737  34.370 1.0000000000
27046  -38.478  -46.394  34.104 1.0000000000
27047  -39.288  -46.112  33.878 0.8750000000
27048  -40.005  -45.855  33.601 0.8750000000
26539  -37.336  -47.340  34.395 1.0000000000
26540  -38.872  -46.800  33.405 1.0000000000
89775  -40.263  -46.001  33.003 0.8750000000
26012  -36.916  -47.997  34.454 1.0000000000
88566  -37.994  -47.000  33.707 1.0000000000
27061  -40.069  -46.486  33.031 1.0000000000
27071  -40.367  -46.691  32.339 1.0000000000
26013  -37.460  -47.630  33.451 1.0000000000
85100  -39.396  -47.339  32.795 1.0000000000
26544  -39.930  -47.167  32.704 1.0000000000
27085  -40.488  -46.704  31.356 1.0000000000
88189  -28.962  -53.350  27.597 0.1250000000
84302  -29.262  -53.331  28.029 0.1250000000
26551  -40.159  -47.786  32.138 1.0000000000
26571  -40.454  -47.303  30.793 1.0000000000
25439  -39.001  -48.682  32.352 1.0000000000
26027  -39.831  -48.046  32.337 1.0000000000
26066  -40.390  -48.071  30.967 1.0000000000
84985  -40.473  -47.765  30.270 1.0000000000
72121  -29.917  -53.009  28.429 0.1250000000
72122  -30.299  -52.488  28.371 0.1250000000
73330  -31.352  -51.245  28.042 0.1250000000
26042  -40.173  -48.807  32.131 1.0000000000
26057  -40.387  -48.950  31.042 1.0000000000
25451  -37.651  -49.391  32.241 0.8750000000
77224  -39.425  -49.474  32.369 1.0000000000
25467  -40.394  -49.213  31.876 1.0000000000
73199  -40.488  -48.838  29.803 1.0000000000
25486  -34.323  -49.528  29.632 0.3750000000
83576  -38.161  -50.195  32.243 0.8750000000
73064  -40.400  -49.499  30.458 0.8750000000
84010  -40.598  -49.271  29.065 0.8750000000
24833  -35.548  -49.952  30.613 0.6250000000
25466  -35.907  -49.539  31.167 0.6250000000
20282  -19.460  -56.772  34.025 0.5000000000
25397  -32.328  -48.721  37.449 0.5000000000
25406  -32.503  -48.964  36.839 0.5000000000
25398  -33.090  -48.555  37.339 0.5000000000
20287  -19.369  -56.665  32.939 0.6250000000
21009  -20.404  -56.482  32.354 0.7500000000
27556  -38.237  -44.913  37.440 0.3750000000
28125  -40.430  -44.025  36.713 0.3750000000
20301  -22.247  -56.753  30.928 0.8750000000
25416  -32.646  -49.150  36.098 0.6250000000
25417  -33.443  -48.916  35.801 0.8750000000
28145  -39.657  -43.972  35.996 0.3750000000
81558  -23.633  -57.113  30.817 0.8750000000
76717  -39.705  -43.864  35.651 0.2500000000
20315  -24.113  -57.201  30.418 0.7500000000
25426  -32.724  -48.984  35.209 0.8750000000
25427  -33.453  -48.812  35.000 0.8750000000
25997  -34.975  -48.599  35.795 1.0000000000
28163  -40.138  -43.959  35.126 0.3750000000
21048  -25.075  -56.408  29.456 0.7500000000
88168  -34.707  -48.665  34.931 0.8750000000
27609  -40.284  -44.938  34.049 0.5000000000
21713  -25.401  -55.605  28.270 0.5000000000
21724  -26.577  -54.034  27.811 0.6250000000
81128  -40.415  -45.286  33.337 0.7500000000
27629  -40.595  -45.928  31.755 1.0000000000
27621  -40.530  -45.628  32.581 0.8750000000
72133  -27.508  -52.973  27.350 0.5000000000
26011  -36.363  -48.331  34.383 1.0000000000
88662  -27.840  -53.394  27.951 0.3750000000
73830  -28.199  -53.232  28.877 0.5000000000
26026  -36.848  -48.210  33.304 1.0000000000
85284  -38.535  -47.616  32.822 1.0000000000
27095  -40.545  -46.314  30.118 1.0000000000
78070  -40.537  -46.078  30.901 1.0000000000
84537  -28.496  -53.357  28.070 0.5000000000
25436  -35.813  -48.593  32.793 1.0000000000
25437  -36.461  -48.662  32.643 1.0000000000
25438  -37.872  -48.418  32.515 1.0000000000
26579  -40.543  -47.136  29.915 1.0000000000
83568  -29.301  -53.088  28.401 0.1250000000
88053  -37.121  -48.711  32.426 1.0000000000
74320  -29.804  -51.814  28.802 0.1250000000
72127  -30.510  -51.569  28.413 0.2500000000
84246  -31.466  -50.251  28.165 0.1250000000
84529  -32.294  -49.806  28.120 0.1250000000
25494  -33.071  -49.453  28.545 0.1250000000
72148  -40.924  -47.983  27.699 0.8750000000
73108  -40.963  -48.086  28.376 1.0000000000
25452  -38.583  -49.401  32.299 1.0000000000
83974  -40.063  -48.232  27.104 0.8750000000
84917  -40.735  -48.691  27.666 0.7500000000
25473  -34.016  -48.836  30.009 0.6250000000
25474  -34.828  -49.282  30.239 0.7500000000
24825  -36.271  -49.847  31.398 0.6250000000
24826  -36.692  -50.100  31.635 0.7500000000
83643  -36.891  -49.327  32.051 0.7500000000
84761  -40.205  -48.967  27.305 0.7500000000
84953  -39.873  -49.424  27.260 0.7500000000
25405  -31.672  -49.186  36.942 0.5000000000
25415  -31.837  -49.411  36.303 0.6250000000
24783  -30.572  -50.499  36.160 0.6250000000
21023  -21.764  -56.640  31.604 0.8750000000
24793  -31.206  -49.964  35.908 0.6250000000
24792  -30.556  -50.415  35.447 0.7500000000
24806  -31.028  -49.808  35.193 0.7500000000
77090  -31.822  -49.370  35.452 0.7500000000
21035  -25.234  -56.367  30.353 0.7500000000
81165  -40.487  -43.577  34.410 0.3750000000
83295  -40.481  -44.194  34.347 0.3750000000
26007  -32.919  -48.714  34.217 0.8750000000
28173  -40.700  -43.764  33.815 0.3750000000
21705  -25.526  -55.720  29.069 0.7500000000
21714  -26.085  -54.754  28.608 0.7500000000
26008  -34.012  -48.676  34.387 1.0000000000
27622  -40.697  -44.781  32.852 0.3750000000
28187  -40.609  -44.487  33.635 0.3750000000
21723  -25.768  -54.673  27.736 0.7500000000
26009  -34.808  -48.615  34.262 1.0000000000
26010  -35.578  -48.556  34.769 1.0000000000
73643  -27.119  -53.935  28.384 0.6250000000
76482  -35.298  -48.556  33.657 1.0000000000
27643  -40.640  -45.299  31.170 1.0000000000
73392  -27.714  -53.536  28.550 0.6250000000
26025  -36.072  -48.528  33.635 1.0000000000
85707  -40.563  -45.877  29.557 1.0000000000
27649  -40.574  -45.560  30.342 1.0000000000
23070  -28.427  -53.117  29.535 0.5000000000
25448  -35.067  -48.425  32.794 1.0000000000
87146  -40.616  -46.599  29.400 1.0000000000
23787  -28.798  -52.817  29.123 0.5000000000
73948  -29.282  -52.440  28.970 0.3750000000
86976  -34.860  -48.427  32.033 1.0000000000
73770  -40.773  -47.302  28.907 1.0000000000
74750  -30.681  -50.672  28.528 0.2500000000
25449  -35.729  -48.729  31.860 1.0000000000
25450  -36.314  -49.047  31.926 0.8750000000
85718  -40.939  -47.411  28.184 1.0000000000
25484  -32.870  -48.700  28.889 0.6250000000
25485  -33.675  -49.079  29.190 0.7500000000
25465  -35.181  -48.779  31.096 0.7500000000
83831  -38.583  -48.898  26.161 0.7500000000
20996  -20.057  -56.582  33.295 0.6250000000
21010  -21.365  -56.500  32.441 0.6250000000
22343  -28.685  -54.758  33.879 0.8750000000
20302  -23.099  -56.917  31.282 0.8750000000
73687  -28.817  -54.675  32.821 1.0000000000
23037  -28.805  -53.747  33.512 1.0000000000
23748  -29.211  -52.327  34.774 0.8750000000
24296  -29.930  -50.894  34.842 0.8750000000
74185  -29.014  -55.466  32.184 1.0000000000
23755  -28.749  -52.642  33.064 0.8750000000
24295  -29.342  -51.447  34.331 0.8750000000
28707  -39.516  -43.916  35.852 0.2500000000
74453  -29.015  -55.843  31.818 1.0000000000
23756  -28.931  -51.993  33.827 0.8750000000
24805  -30.406  -49.960  34.335 0.8750000000
72124  -28.871  -55.053  31.687 1.0000000000
74486  -28.834  -54.542  32.009 1.0000000000
24304  -29.086  -51.259  33.537 0.8750000000
24804  -29.567  -50.559  33.747 0.8750000000
88436  -29.989  -49.949  33.541 0.8750000000
25425  -31.207  -49.385  34.531 0.8750000000
28719  -40.103  -43.369  34.981 0.2500000000
21049  -25.762  -55.842  29.960 1.0000000000
23045  -28.716  -53.657  32.552 1.0000000000
24303  -28.788  -51.630  32.991 1.0000000000
88720  -30.819  -49.426  33.967 0.8750000000
26006  -31.977  -48.909  34.512 0.8750000000
21706  -26.176  -55.137  29.585 0.8750000000
24311  -29.012  -50.803  32.775 0.8750000000
76836  -30.456  -49.437  33.345 0.8750000000
25435  -31.286  -48.974  33.710 0.8750000000
87355  -32.084  -48.674  33.760 0.8750000000
28195  -40.913  -44.238  32.283 0.3750000000
72128  -26.685  -54.473  29.172 0.7500000000
72129  -27.592  -54.474  30.310 0.7500000000
26022  -32.660  -48.550  33.189 1.0000000000
28203  -40.809  -44.473  31.451 0.5000000000
84545  -27.394  -53.983  29.330 0.6250000000
74482  -27.939  -53.760  29.967 0.7500000000
26023  -33.601  -48.566  33.420 1.0000000000
26040  -33.334  -48.426  32.482 1.0000000000
26024  -34.486  -48.545  33.542 1.0000000000
28212  -40.663  -44.704  30.509 0.8750000000
76089  -28.479  -53.016  30.223 0.7500000000
23784  -28.694  -52.665  29.684 0.8750000000
78580  -34.222  -48.447  32.672 1.0000000000
85027  -40.587  -45.177  29.836 1.0000000000
24331  -28.860  -52.103  29.742 0.6250000000
80007  -33.121  -48.359  31.661 1.0000000000
72158  -40.694  -46.340  28.565 1.0000000000
27652  -40.545  -45.270  29.122 1.0000000000
24332  -29.301  -51.561  29.422 0.7500000000
87822  -34.089  -48.377  31.634 1.0000000000
27096  -40.597  -45.914  27.594 1.0000000000
24333  -29.941  -51.042  28.999 0.5000000000
24851  -30.207  -50.168  29.147 0.5000000000
25464  -34.364  -48.601  30.707 0.7500000000
73228  -39.285  -46.565  25.903 0.8750000000
73061  -39.993  -46.764  26.524 0.8750000000
25492  -31.554  -49.252  28.509 0.5000000000
26080  -32.081  -48.619  28.898 0.6250000000
26074  -32.529  -48.482  29.416 0.7500000000
73047  -39.411  -47.397  26.539 0.8750000000
21024  -22.618  -56.783  31.860 0.7500000000
21025  -23.361  -56.858  32.034 0.8750000000
74521  -28.742  -55.449  33.043 1.0000000000
85919  -24.204  -57.050  31.106 0.8750000000
20316  -24.672  -56.798  30.806 1.0000000000
74902  -25.393  -56.417  31.242 1.0000000000
21036  -26.078  -56.056  30.847 1.0000000000
72110  -28.641  -55.891  31.652 1.0000000000
74390  -27.075  -55.983  31.329 1.0000000000
21699  -26.672  -55.466  30.560 1.0000000000
72115  -27.773  -55.582  31.241 1.0000000000
73769  -28.557  -55.465  31.454 1.0000000000
84444  -27.926  -55.029  30.928 1.0000000000
23765  -28.572  -52.840  32.212 1.0000000000
24310  -28.515  -51.940  32.203 1.0000000000
72120  -26.927  -54.741  29.936 1.0000000000
73735  -28.256  -54.557  30.916 1.0000000000
72123  -28.577  -53.518  31.746 1.0000000000
88498  -28.721  -51.336  32.479 1.0000000000
76015  -28.509  -54.165  31.315 1.0000000000
87970  -28.455  -53.234  30.959 1.0000000000
79373  -28.725  -51.081  31.923 1.0000000000
24815  -29.648  -49.887  32.773 1.0000000000
25447  -30.977  -48.849  32.782 1.0000000000
26021  -31.773  -48.604  33.004 1.0000000000
29355  -40.701  -43.338  30.420 0.5000000000
28775  -41.001  -43.649  31.732 0.3750000000
23770  -28.485  -52.594  31.471 1.0000000000
24316  -28.584  -51.681  31.218 1.0000000000
24824  -29.109  -50.236  31.843 1.0000000000
25462  -29.725  -49.510  31.703 1.0000000000
25446  -30.274  -49.186  32.348 1.0000000000
26038  -31.478  -48.565  32.299 1.0000000000
28213  -40.812  -43.887  30.925 0.7500000000
84265  -28.234  -53.625  30.518 1.0000000000
24317  -28.959  -50.792  30.982 1.0000000000
25463  -30.322  -49.046  31.549 1.0000000000
26037  -30.876  -48.756  31.915 1.0000000000
28216  -40.581  -44.555  29.680 0.8750000000
23777  -28.568  -52.400  30.491 1.0000000000
26054  -31.592  -48.483  31.532 1.0000000000
26039  -32.333  -48.410  32.212 1.0000000000
75158  -40.440  -44.316  27.957 1.0000000000
28218  -40.497  -44.453  28.843 1.0000000000
24322  -28.881  -51.493  30.268 1.0000000000
24832  -29.485  -49.953  30.850 1.0000000000
26062  -30.883  -48.757  30.933 1.0000000000
26055  -32.447  -48.351  31.169 1.0000000000
76365  -40.374  -44.127  27.073 1.0000000000
28220  -40.451  -44.950  27.363 1.0000000000
27654  -40.559  -45.204  28.238 1.0000000000
24850  -29.460  -50.616  29.902 1.0000000000
24840  -30.056  -49.705  29.961 1.0000000000
25471  -30.683  -49.064  30.030 1.0000000000
26063  -31.743  -48.459  30.603 1.0000000000
73607  -40.233  -45.307  26.033 1.0000000000
28226  -40.025  -45.196  25.355 1.0000000000
72152  -40.381  -45.559  26.792 1.0000000000
25482  -30.733  -49.428  29.212 0.6250000000
25483  -31.330  -48.817  29.324 0.7500000000
26064  -32.547  -48.396  30.202 0.7500000000
26065  -33.413  -48.428  30.728 1.0000000000
84301  -39.276  -45.862  25.223 1.0000000000
84035  -40.453  -46.445  26.971 1.0000000000
24857  -30.889  -49.911  28.665 0.5000000000
20303  -23.871  -57.010  31.631 0.8750000000
74774  -24.691  -56.754  31.702 1.0000000000
79879  -40.253  -43.064  29.099 0.6250000000
28786  -40.183  -43.591  27.718 1.0000000000
75957  -40.350  -43.683  28.580 0.8750000000
78593  -40.507  -43.690  29.528 0.7500000000
28789  -40.322  -43.979  26.198 1.0000000000
72147  -40.231  -44.541  25.067 1.0000000000
28227  -40.304  -44.533  25.706 1.0000000000
28223  -40.355  -44.695  26.518 1.0000000000
29376  -39.969  -42.994  28.399 0.7500000000
29373  -39.416  -42.309  28.350 0.6250000000
28792  -39.919  -43.511  26.046 1.0000000000
28788  -40.050  -43.532  26.852 1.0000000000
29375  -39.573  -42.973  27.553 0.7500000000
85036  -40.128  -44.241  24.618 1.0000000000
28793  -40.226  -43.910  25.208 1.0000000000
72149  -40.039  -43.957  24.265 1.0000000000
28797  -39.696  -43.581  24.724 1.0000000000
29374  -40.030  -42.233  29.093 0.6250000000
88789  -39.174  -42.690  27.150 0.8750000000
77236  -39.713  -43.440  25.441 1.0000000000
29380  -39.480  -43.061  26.714 1.0000000000
29978  -38.876  -41.527  28.353 0.6250000000
29979  -39.435  -41.658  28.854 0.3750000000
87050  -38.882  -42.218  27.606 0.6250000000
29387  -38.585  -42.566  25.951 0.8750000000
29388  -39.284  -43.029  26.024 1.0000000000
29379  -38.769  -42.443  26.737 0.7500000000
29395  -39.100  -43.070  25.309 1.0000000000
29394  -38.918  -43.163  24.516 1.0000000000
78552  -39.323  -43.714  23.037 1.0000000000
30597  -38.890  -40.214  28.998 0.3750000000
88567  -38.497  -41.931  27.214 0.7500000000
29991  -38.329  -41.345  27.650 0.6250000000
30607  -38.473  -40.577  28.388 0.5000000000
30012  -37.873  -41.954  25.998 0.8750000000
30004  -38.110  -41.694  26.836 0.7500000000
30620  -38.017  -40.532  27.702 0.6250000000
29386  -38.277  -42.609  25.240 0.8750000000
29990  -37.825  -40.933  27.219 0.5000000000
30003  -37.438  -40.990  26.523 0.6250000000
29393  -37.970  -42.665  24.430 0.7500000000
30011  -37.462  -42.018  25.167 0.7500000000
29401  -37.704  -42.673  23.556 1.0000000000
29411  -37.412  -42.600  22.711 1.0000000000
30020  -37.098  -42.039  24.324 0.8750000000
82605  -37.232  -41.361  25.755 0.7500000000
30650  -36.837  -40.603  25.907 0.6250000000
30636  -37.050  -40.176  26.508 0.6250000000
30010  -36.632  -41.230  25.108 0.6250000000
30040  -36.690  -42.081  22.691 0.8750000000
30029  -36.838  -42.054  23.427 0.8750000000
30028  -35.990  -41.507  23.110 0.8750000000
29410  -36.998  -42.391  21.899 0.8750000000
30649  -36.172  -40.302  25.404 0.6250000000
30635  -36.645  -39.853  25.985 0.6250000000
31265  -36.936  -39.036  25.809 0.3750000000
30018  -35.508  -40.841  23.899 0.8750000000
30656  -35.841  -40.658  24.700 0.7500000000
31264  -36.162  -39.543  25.294 0.6250000000
30655  -35.345  -40.280  24.379 0.8750000000
31278  -35.658  -39.548  24.721 0.8750000000
30654  -34.973  -40.202  23.705 0.8750000000
31277  -35.237  -39.821  24.346 0.8750000000
31292  -34.778  -39.796  23.150 0.8750000000
77730  -37.196  -38.377  25.266 0.5000000000
31891  -36.851  -38.227  24.440 0.6250000000
31892  -37.741  -37.834  24.734 0.6250000000
72349  -44.226  -37.458  24.325 0.1250000000
31889  -35.564  -39.207  24.124 0.8750000000
32607  -37.588  -37.626  23.864 0.6250000000
75552  -36.129  -38.511  23.722 0.8750000000
31904  -36.882  -37.932  23.561 0.8750000000
32623  -38.231  -37.180  23.262 0.7500000000
33305  -39.749  -36.642  23.227 0.3750000000
33296  -40.884  -36.619  23.201 0.2500000000
73261  -42.305  -36.811  23.493 0.2500000000
31903  -35.464  -38.970  23.493 0.8750000000
31913  -36.491  -37.971  22.778 1.0000000000
32622  -37.390  -37.488  23.001 0.7500000000
32633  -38.961  -36.807  22.612 0.7500000000
83990  -39.925  -36.494  22.406 0.3750000000
84389  -41.759  -36.438  22.651 0.2500000000
90172  -35.288  -38.709  22.566 0.8750000000
31922  -35.659  -38.272  22.294 1.0000000000
80239  -37.778  -37.109  21.767 0.8750000000
32641  -38.542  -36.832  21.661 0.8750000000
82930  -39.332  -36.596  21.857 0.7500000000
72363  -40.793  -36.391  22.062 0.6250000000
32640  -37.202  -37.218  21.461 0.8750000000
75843  -37.848  -36.932  21.138 0.8750000000
72360  -39.288  -36.555  21.119 0.8750000000
84547  -37.198  -36.356  18.599 0.8750000000
72375  -36.584  -36.132  17.747 0.8750000000
33277  -44.362  -36.603  24.750 0.1250000000
34603  -44.475  -34.543  24.630 0.1250000000
72351  -44.600  -38.003  23.974 0.1250000000
72350  -44.885  -37.374  24.138 0.1250000000
72354  -43.515  -37.301  23.608 0.2500000000
72355  -44.256  -37.723  23.649 0.1250000000
73410  -42.866  -36.676  23.055 0.2500000000
72359  -40.015  -36.423  21.512 0.5000000000
72368  -41.532  -36.156  21.643 0.5000000000
73517  -40.789  -36.258  21.043 0.8750000000
72367  -38.545  -36.670  20.748 0.8750000000
72374  -39.247  -36.403  20.294 0.8750000000
32646  -37.733  -36.799  20.272 1.0000000000
82294  -38.560  -36.470  19.913 0.8750000000
90633  -39.165  -36.189  19.589 0.8750000000
84030  -37.023  -36.790  19.508 0.8750000000
84576  -37.900  -36.448  19.326 0.8750000000
73513  -38.663  -36.102  19.147 0.8750000000
89941  -44.929  -36.404  24.335 0.1250000000
33920  -45.010  -35.517  24.240 0.1250000000
74101  -44.822  -37.524  23.712 0.1250000000
89523  -43.751  -37.221  23.214 0.1250000000
75855  -42.377  -36.118  22.227 0.2500000000
33307  -43.339  -36.456  22.624 0.2500000000
72358  -42.950  -35.714  21.792 0.3750000000
33309  -42.229  -35.755  21.259 0.5000000000
72356  -41.558  -35.875  20.650 0.6250000000
33311  -40.788  -35.941  19.941 0.8750000000
73442  -40.007  -36.314  20.602 0.8750000000
33943  -41.714  -35.575  19.730 0.8750000000
72369  -39.846  -36.102  19.692 0.8750000000
33315  -40.285  -35.677  19.003 0.8750000000
89713  -39.964  -35.535  18.496 1.0000000000
33314  -39.406  -35.764  18.825 0.8750000000
33955  -40.472  -35.318  18.165 1.0000000000
89339  -38.755  -35.787  18.617 0.8750000000
33319  -38.764  -35.493  17.972 0.8750000000
33297  -44.822  -36.611  23.358 0.1250000000
75123  -45.209  -36.494  23.863 0.1250000000
74100  -44.251  -36.982  23.015 0.2500000000
33936  -44.482  -35.763  22.575 0.1250000000
33312  -41.123  -35.508  19.003 0.8750000000
33965  -41.024  -35.024  17.517 1.0000000000
33929  -44.944  -35.584  23.277 0.1250000000
73396  -43.734  -35.873  22.231 0.2500000000
75512  -44.108  -35.443  21.764 0.2500000000
89821  -42.299  -35.507  20.370 0.5000000000
77549  -42.879  -35.413  20.920 0.5000000000
33939  -43.533  -35.453  21.355 0.3750000000
90621  -42.901  -35.276  20.220 0.5000000000
33949  -42.524  -35.279  19.512 0.8750000000
33948  -41.883  -35.371  18.989 0.8750000000
33956  -41.491  -35.253  18.288 0.8750000000
33980  -40.499  -34.758  16.678 0.8750000000
33981  -41.464  -34.847  16.845 1.0000000000
80183  -44.085  -35.285  21.153 0.3750000000
33944  -43.568  -35.216  20.563 0.5000000000
33940  -44.625  -34.963  21.663 0.2500000000
33951  -44.077  -35.018  19.930 0.5000000000
81409  -43.076  -35.088  19.095 0.6250000000
33950  -43.297  -35.127  19.749 0.5000000000
83572  -43.762  -35.007  19.188 0.7500000000
34636  -44.609  -34.750  19.265 0.6250000000
33957  -42.471  -35.168  18.507 0.8750000000
33958  -43.394  -35.046  18.485 0.8750000000
33959  -44.217  -34.872  18.586 0.7500000000
34641  -44.791  -34.461  18.058 0.7500000000
33966  -41.928  -35.088  17.617 0.8750000000
33967  -42.931  -35.046  17.592 0.8750000000
33968  -43.974  -35.009  17.809 0.7500000000
82285  -45.730  -33.804  18.083 0.7500000000
33982  -42.230  -34.930  16.995 0.8750000000
33984  -43.740  -34.991  16.926 0.8750000000
34649  -44.493  -34.600  17.166 0.7500000000
33983  -42.872  -34.918  16.585 1.0000000000
86670  -43.602  -34.822  16.138 1.0000000000
34660  -44.275  -34.612  16.340 0.8750000000
34659  -43.951  -34.344  15.635 0.8750000000
33945  -44.393  -34.974  20.731 0.3750000000
34632  -44.879  -34.728  20.147 0.3750000000
34628  -45.106  -34.556  20.996 0.3750000000
88764  -44.715  -34.626  18.670 0.7500000000
34637  -45.402  -34.354  19.595 0.6250000000
80203  -45.206  -34.335  18.783 0.6250000000
34642  -45.957  -33.877  19.086 0.5000000000
34661  -44.800  -34.176  16.616 0.7500000000
34650  -45.189  -33.989  17.231 0.7500000000
35351  -45.270  -33.599  16.411 0.7500000000
35350  -44.661  -33.982  15.949 1.0000000000
35352  -45.965  -33.276  17.044 0.6250000000
87735  -46.413  -33.246  17.825 0.6250000000
35344  -47.049  -32.913  18.139 0.5000000000
35357  -44.316  -33.503  15.355 0.8750000000
35358  -45.060  -33.210  15.678 0.8750000000
35979  -47.497  -32.458  17.591 0.3750000000
35984  -46.504  -32.562  16.468 0.7500000000
35343  -46.778  -32.773  17.297 0.6250000000
35983  -45.770  -32.903  16.095 0.7500000000
35987  -45.453  -32.474  15.487 0.7500000000
35988  -46.168  -32.209  15.762 0.8750000000
35363  -43.821  -32.911  14.909 0.8750000000
35992  -44.647  -32.580  15.114 0.8750000000
35993  -45.184  -32.001  15.150 0.7500000000
36564  -45.728  -31.881  15.368 0.6250000000
36569  -45.345  -31.239  15.124 0.7500000000
78761  -44.601  -30.914  14.724 0.8750000000
38901  -47.389  -27.598  15.571 0.8750000000
38902  -48.346  -27.304  15.686 0.7500000000
38903  -49.213  -27.086  15.918 0.6250000000
39466  -50.002  -26.770  16.182 0.6250000000
35985  -47.238  -32.241  16.808 0.5000000000
36558  -48.194  -31.527  17.384 0.5000000000
36553  -48.771  -31.686  18.230 0.2500000000
36560  -46.949  -31.920  16.037 0.5000000000
36561  -47.579  -31.512  16.629 0.5000000000
36565  -46.296  -31.338  15.526 0.7500000000
37172  -45.886  -30.409  15.214 0.7500000000
37799  -46.266  -29.538  15.373 0.7500000000
37794  -46.850  -29.648  15.730 0.7500000000
38342  -47.593  -28.454  16.150 0.7500000000
37798  -45.501  -29.473  14.991 0.7500000000
38897  -48.677  -27.654  16.429 0.6250000000
38349  -45.914  -28.546  15.111 0.8750000000
38896  -48.035  -27.855  16.104 0.7500000000
38898  -49.484  -27.331  16.847 0.5000000000
87090  -47.548  -30.732  16.374 0.6250000000
36562  -48.046  -30.765  16.900 0.3750000000
37158  -48.667  -30.689  17.764 0.1250000000
37168  -47.231  -30.221  15.993 0.7500000000
37165  -48.296  -29.895  17.072 0.2500000000
37167  -46.618  -30.390  15.603 0.7500000000
37164  -47.763  -30.040  16.469 0.3750000000
37795  -47.345  -29.365  16.112 0.6250000000
37791  -47.957  -29.183  16.593 0.6250000000
38893  -48.871  -28.139  17.226 0.5000000000
38343  -48.266  -28.354  16.616 0.7500000000
38894  -49.454  -27.757  17.587 0.2500000000
39462  -50.795  -26.654  17.239 0.2500000000
38899  -50.213  -26.872  16.871 0.5000000000
37162  -48.814  -29.634  17.699 0.1250000000
37159  -49.283  -30.121  18.425 0.1250000000
37788  -48.932  -28.869  17.643 0.1250000000
38337  -49.678  -28.646  18.625 0.1250000000
38340  -49.306  -28.404  17.915 0.2500000000
38338  -50.001  -27.989  18.957 0.1250000000
75779  -50.443  -27.458  19.139 0.1250000000
38887  -50.874  -27.112  19.737 0.1250000000
38889  -49.732  -27.863  18.221 0.2500000000
38890  -50.301  -27.365  18.474 0.1250000000
38895  -50.105  -27.223  17.613 0.2500000000
39458  -50.833  -26.825  18.046 0.2500000000
39456  -51.524  -26.555  19.287 0.1250000000
39453  -52.526  -26.129  20.413 0.1250000000
87721  -52.687  -25.932  19.179 0.1250000000
40080  -52.982  -25.788  19.792 0.1250000000
40082  -54.350  -25.132  20.500 0.1250000000
40086  -53.848  -25.427  19.802 0.1250000000
18997  -13.741  -59.712  36.108 0.6250000000
18391  -13.214  -60.203  34.651 0.3750000000
19603  -15.509  -58.327  35.691 0.6250000000
20285  -17.665  -57.085  33.697 0.6250000000
86176  -36.436  -45.999  36.441 0.3750000000
89439  -19.843  -56.543  32.673 0.6250000000
26502  -37.046  -45.832  36.246 0.3750000000
27555  -37.490  -44.696  36.586 0.3750000000
27018  -37.881  -45.113  36.083 0.5000000000
25977  -37.146  -46.538  35.971 0.6250000000
25989  -36.704  -47.930  36.091 0.8750000000
26520  -37.130  -47.064  35.631 0.8750000000
27024  -38.064  -45.716  35.333 0.7500000000
27033  -38.108  -46.155  34.767 1.0000000000
27060  -39.611  -46.596  33.222 1.0000000000
26566  -40.366  -47.515  31.586 1.0000000000
88802  -39.373  -48.117  32.412 1.0000000000
72161  -40.449  -48.349  30.295 1.0000000000
26056  -40.323  -48.449  31.689 1.0000000000
26041  -39.885  -49.022  32.328 1.0000000000
25453  -40.299  -49.435  32.138 1.0000000000
85993  -40.402  -49.757  31.746 1.0000000000
89733  -40.791  -48.961  28.321 1.0000000000
84897  -40.036  -49.848  32.349 0.8750000000
72153  -40.671  -49.265  27.981 0.8750000000
20275  -19.326  -56.936  35.096 0.2500000000
25996  -34.141  -48.735  35.389 0.8750000000
20334  -24.564  -56.914  29.941 0.7500000000
21060  -25.026  -56.437  28.612 0.6250000000
27630  -40.761  -45.063  32.044 1.0000000000
27088  -40.500  -46.695  30.625 1.0000000000
73267  -40.634  -48.040  29.415 1.0000000000
25493  -32.381  -49.009  28.412 0.5000000000
83998  -40.432  -47.317  27.037 0.8750000000
84333  -40.767  -48.694  28.697 1.0000000000
72150  -40.931  -48.669  28.052 0.7500000000
83651  -37.292  -50.197  32.025 0.7500000000
84957  -39.392  -48.870  26.839 0.7500000000
84881  -39.249  -49.445  26.638 0.7500000000
24784  -31.060  -49.791  36.460 0.6250000000
28188  -40.860  -43.992  33.086 0.3750000000
72162  -40.773  -46.957  27.663 1.0000000000
26073  -31.899  -48.473  29.704 0.7500000000
26075  -33.208  -48.562  29.696 0.7500000000
74461  -27.357  -55.077  30.598 1.0000000000
28780  -40.667  -44.037  30.214 0.7500000000
25470  -30.137  -49.297  30.827 1.0000000000
25472  -31.281  -48.677  30.096 0.7500000000
73426  -39.854  -45.835  25.707 1.0000000000
73078  -40.102  -46.089  26.284 1.0000000000
83115  -40.482  -42.653  29.883 0.6250000000
28801  -39.612  -43.761  23.770 1.0000000000
29402  -38.684  -43.238  23.665 1.0000000000
29412  -38.479  -43.276  22.707 1.0000000000
30019  -36.256  -41.418  24.134 0.8750000000
30039  -36.248  -41.867  22.286 0.8750000000
31871  -36.603  -38.805  25.129 0.7500000000
31286  -35.081  -39.516  23.663 0.8750000000
32608  -38.471  -37.301  24.166 0.6250000000
32624  -39.023  -36.950  23.550 0.5000000000
31912  -35.649  -38.559  22.977 0.8750000000
32631  -37.211  -37.390  22.193 0.8750000000
32632  -38.023  -37.137  22.396 0.8750000000
32630  -36.361  -37.666  21.762 0.8750000000
73286  -38.080  -35.927  18.443 0.8750000000
84425  -37.319  -35.868  17.857 0.8750000000
72381  -36.233  -36.812  18.646 0.8750000000
72383  -36.049  -35.758  16.938 0.8750000000
33912  -44.458  -35.562  24.867 0.1250000000
35974  -47.837  -32.660  18.449 0.3750000000
36557  -47.828  -32.047  17.164 0.3750000000
83352  -46.775  -28.643  15.663 0.8750000000
36566  -47.065  -31.050  15.990 0.7500000000
37792  -48.497  -29.002  17.151 0.3750000000
37789  -49.270  -29.201  18.211 0.1250000000
38891  -50.889  -26.950  18.862 0.1250000000
39459  -51.480  -26.475  18.468 0.2500000000
39457  -52.247  -26.198  19.613 0.2500000000
39460  -52.148  -26.204  18.860 0.2500000000
20312  -21.137  -56.400  29.631 0.6250000000
20313  -21.928  -56.825  30.015 0.6250000000
20332  -22.571  -57.355  29.608 0.5000000000
77069  -23.478  -57.319  29.954 0.5000000000
20333  -24.038  -57.538  29.627 0.5000000000
21072  -24.911  -56.265  27.882 0.2500000000
21732  -23.861  -54.868  26.526 0.3750000000
28688  -38.288  -43.950  37.809 0.2500000000
20300  -21.392  -56.522  30.604 0.7500000000
28099  -38.888  -44.083  38.693 0.2500000000
20314  -22.841  -56.971  30.379 0.6250000000
20343  -24.503  -57.214  29.011 0.6250000000
87809  -25.102  -55.387  27.673 0.3750000000
21733  -25.112  -54.401  26.944 0.3750000000
84363  -27.090  -51.513  26.490 0.3750000000
22384  -26.310  -53.461  27.077 0.6250000000
79335  -36.508  -51.042  31.394 0.5000000000
84757  -40.249  -49.867  27.840 0.7500000000
84947  -38.949  -49.773  25.816 0.1250000000
72951  -38.812  -49.791  25.140 0.1250000000
83475  -37.019  -50.869  31.755 0.5000000000
84001  -37.677  -50.964  32.086 0.6250000000
84221  -39.368  -50.594  32.299 0.7500000000
83935  -40.324  -50.163  32.194 0.7500000000
84417  -40.362  -49.948  30.460 0.7500000000
83922  -40.448  -49.698  28.771 0.7500000000
84944  -38.492  -49.299  25.610 0.3750000000
84896  -40.382  -49.648  29.696 0.7500000000
84758  -38.054  -48.790  25.527 0.2500000000
84955  -37.477  -48.495  25.140 0.2500000000
72950  -37.409  -48.804  24.198 0.2500000000
22341  -24.356  -54.519  33.198 0.3750000000
21676  -23.623  -55.162  33.093 0.3750000000
21013  -25.100  -56.382  32.475 0.7500000000
76071  -25.506  -56.463  31.954 0.8750000000
28762  -41.028  -43.417  32.482 0.2500000000
24834  -35.989  -50.618  31.148 0.5000000000
24827  -39.023  -49.972  32.381 0.7500000000
85706  -40.410  -50.000  31.121 0.7500000000
84880  -38.761  -48.173  26.518 0.7500000000
84756  -37.384  -47.910  25.376 0.6250000000
83923  -36.814  -48.025  24.721 0.3750000000
89373  -36.701  -48.155  23.814 0.2500000000
84735  -37.186  -48.631  23.087 0.2500000000
20999  -23.018  -55.804  33.135 0.3750000000
77793  -23.842  -55.986  33.020 0.5000000000
21677  -24.506  -55.383  33.162 0.5000000000
77905  -23.110  -56.443  32.634 0.5000000000
21000  -24.745  -56.075  32.972 0.5000000000
21012  -24.104  -56.598  32.441 0.5000000000
21001  -25.652  -56.033  33.108 0.7500000000
21014  -26.032  -56.187  32.522 0.7500000000
21026  -26.358  -56.213  31.767 0.8750000000
83972  -38.338  -46.633  25.179 0.7500000000
83821  -38.223  -47.456  25.821 0.7500000000
84798  -36.965  -47.379  23.972 0.5000000000
84727  -36.521  -47.940  22.848 0.3750000000
84952  -37.082  -48.567  22.047 0.3750000000
89139  -27.339  -56.141  31.931 0.8750000000
83075  -39.597  -44.984  24.671 0.8750000000
84104  -38.929  -45.113  23.859 0.8750000000
72151  -38.582  -45.920  24.530 0.8750000000
72954  -36.809  -47.457  22.030 0.5000000000
21002  -26.613  -55.842  33.253 0.7500000000
21015  -27.112  -56.081  32.605 0.7500000000
75377  -27.847  -56.072  31.780 0.8750000000
29340  -41.234  -42.808  31.957 0.2500000000
90094  -41.604  -41.563  31.956 0.2500000000
29356  -40.932  -43.074  31.243 0.3750000000
28240  -39.466  -44.315  23.066 0.7500000000
73005  -38.976  -44.436  21.295 0.6250000000
73765  -39.779  -44.265  24.004 0.8750000000
73010  -38.030  -45.552  21.296 0.6250000000
24283  -30.169  -51.184  35.807 0.5000000000
85846  -27.878  -56.069  33.021 0.7500000000
82879  -29.658  -51.764  35.296 0.6250000000
74423  -27.973  -56.117  32.320 0.8750000000
88338  -40.792  -42.613  30.723 0.3750000000
28823  -39.137  -43.838  21.442 0.7500000000
28812  -39.410  -44.059  22.130 0.6250000000
28802  -39.718  -44.021  22.941 0.8750000000
28258  -38.957  -44.169  20.601 0.6250000000
28824  -39.318  -44.010  21.353 0.6250000000
28267  -38.674  -43.825  19.912 0.5000000000
28846  -38.013  -44.089  18.472 0.5000000000
28853  -37.522  -44.364  17.325 0.2500000000
72109  -28.432  -56.008  32.786 0.8750000000
72113  -28.727  -56.038  32.004 0.8750000000
78122  -38.762  -43.532  21.873 0.7500000000
28811  -39.371  -43.918  22.161 0.8750000000
29434  -38.259  -43.438  20.526 0.6250000000
29443  -37.986  -43.422  19.771 0.6250000000
77369  -38.273  -43.814  19.297 0.5000000000
29442  -37.247  -42.988  19.497 0.6250000000
72119  -28.462  -55.759  33.390 0.8750000000
23747  -28.982  -52.961  34.166 0.7500000000
29420  -36.810  -42.481  20.952 0.6250000000
29432  -36.668  -42.509  20.065 0.6250000000
29441  -36.492  -42.571  19.157 0.6250000000
28845  -37.539  -43.565  17.956 0.3750000000
29452  -36.347  -42.553  18.136 0.3750000000
29462  -36.976  -42.996  17.455 0.3750000000
29461  -36.163  -42.450  16.911 0.3750000000
29470  -37.048  -42.934  16.354 0.3750000000
29468  -35.828  -41.936  15.464 0.5000000000
30100  -35.311  -41.240  15.187 0.5000000000
31330  -34.948  -39.387  14.734 0.5000000000
30051  -36.159  -41.952  21.523 0.7500000000
30059  -36.048  -42.028  20.634 0.6250000000
30068  -35.884  -42.108  19.753 0.6250000000
30077  -35.714  -42.139  18.831 0.5000000000
29451  -35.561  -42.051  17.851 0.5000000000
83685  -35.022  -41.503  17.766 0.5000000000
30084  -35.230  -41.790  16.904 0.5000000000
30092  -35.173  -41.616  15.960 0.5000000000
30709  -34.684  -40.855  15.805 0.5000000000
30714  -34.841  -40.319  15.020 0.5000000000
31980  -34.755  -38.556  15.334 0.5000000000
72392  -35.103  -37.588  15.242 0.5000000000
72393  -35.428  -37.025  14.824 0.3750000000
30619  -37.527  -40.148  27.196 0.3750000000
30038  -35.490  -41.326  22.148 0.7500000000
30027  -35.159  -40.807  23.055 0.7500000000
30671  -34.752  -40.231  22.951 0.7500000000
30058  -35.295  -41.624  20.309 0.7500000000
30679  -34.513  -40.252  21.670 0.7500000000
30066  -34.630  -41.023  19.135 0.6250000000
30075  -34.645  -40.969  18.212 0.6250000000
30083  -34.669  -41.045  17.295 0.6250000000
30091  -34.756  -41.182  16.514 0.5000000000
82926  -34.464  -38.749  15.947 0.6250000000
31973  -34.748  -37.882  16.033 0.5000000000
33998  -42.046  -34.759  16.187 0.8750000000
75331  -35.090  -37.089  15.904 0.5000000000
86780  -35.560  -35.737  16.052 0.5000000000
33976  -36.113  -35.146  15.508 0.5000000000
33996  -40.249  -34.326  15.720 0.6250000000
33997  -41.165  -34.498  15.983 0.7500000000
34671  -42.910  -34.405  15.641 0.8750000000
74371  -35.315  -36.599  15.532 0.5000000000
33977  -36.899  -34.657  15.993 0.5000000000
33994  -37.625  -34.441  15.539 0.5000000000
33995  -39.308  -34.243  15.453 0.6250000000
34669  -40.956  -33.945  15.209 0.6250000000
34670  -41.883  -34.156  15.423 0.6250000000
34678  -42.553  -33.637  15.000 0.7500000000
33975  -35.658  -36.204  14.846 0.2500000000
33993  -36.819  -34.841  15.010 0.3750000000
80535  -38.400  -34.306  15.054 0.5000000000
82295  -39.078  -34.137  14.703 0.3750000000
77025  -40.760  -33.587  14.398 0.6250000000
35362  -43.023  -33.011  14.748 0.6250000000
31298  -34.610  -39.792  22.366 0.7500000000
31293  -35.034  -39.181  22.910 0.7500000000
30683  -34.402  -40.463  20.771 0.6250000000
78841  -34.217  -39.693  20.239 0.6250000000
30689  -34.250  -40.412  19.728 0.6250000000
30695  -34.260  -40.355  18.748 0.6250000000
31313  -34.265  -39.603  18.310 0.6250000000
30701  -34.305  -40.333  17.740 0.6250000000
31324  -34.288  -39.470  16.268 0.6250000000
31963  -34.609  -38.573  16.750 0.6250000000
88854  -34.903  -37.852  16.637 0.6250000000
72391  -35.159  -37.193  16.525 0.6250000000
74853  -35.305  -36.523  16.130 0.5000000000
33979  -39.513  -34.532  16.261 0.7500000000
33323  -36.344  -35.101  16.425 0.6250000000
33978  -37.869  -34.552  16.382 0.5000000000
35356  -43.475  -33.679  15.160 0.7500000000
35361  -42.183  -32.997  14.413 0.6250000000
35367  -41.707  -32.431  13.647 0.5000000000
35366  -40.872  -32.730  13.021 0.3750000000
35995  -41.229  -32.058  12.545 0.2500000000
36575  -41.452  -31.778  11.708 0.1250000000
31303  -34.473  -39.558  21.273 0.6250000000
31304  -34.899  -38.773  21.196 0.8750000000
31932  -35.173  -38.233  20.670 0.7500000000
32644  -36.650  -37.308  20.989 0.8750000000
31940  -34.495  -38.923  18.914 0.6250000000
83456  -34.400  -39.115  19.733 0.7500000000
32651  -35.587  -37.655  20.137 0.8750000000
87329  -36.217  -37.341  20.452 0.8750000000
35324  -46.806  -33.568  19.486 0.2500000000
35335  -47.361  -33.120  19.013 0.2500000000
32652  -36.194  -37.170  19.734 0.7500000000
35334  -46.536  -33.410  18.615 0.2500000000
31952  -34.592  -38.753  17.853 0.6250000000
31319  -34.326  -39.530  17.249 0.6250000000
31964  -35.039  -37.820  17.359 0.7500000000
72382  -35.877  -36.535  17.538 0.7500000000
86527  -35.446  -37.035  17.211 0.7500000000
33318  -36.857  -35.459  17.163 0.7500000000
79312  -37.772  -35.392  17.530 0.7500000000
33963  -39.180  -35.065  17.428 0.7500000000
33964  -40.318  -35.042  17.405 0.7500000000
72387  -35.565  -36.404  16.693 0.6250000000
33962  -38.276  -34.940  17.141 0.7500000000
33324  -37.296  -34.932  16.755 0.7500000000
80793  -38.831  -34.666  16.724 0.7500000000
89748  -43.297  -32.444  14.590 0.7500000000
35990  -42.574  -32.383  14.244 0.6250000000
35997  -43.013  -31.805  14.212 0.6250000000
35996  -42.034  -31.714  13.439 0.3750000000
36570  -41.981  -30.973  12.893 0.5000000000
36576  -41.587  -31.303  12.367 0.2500000000
37180  -41.868  -31.046  11.740 0.2500000000
35325  -47.726  -33.338  19.818 0.2500000000
90502  -39.866  -35.169  17.607 0.8750000000
79432  -44.577  -31.688  14.847 0.7500000000
36571  -42.651  -31.078  13.578 0.5000000000
37175  -42.420  -30.430  12.891 0.5000000000
37182  -42.408  -29.818  12.285 0.5000000000
37181  -41.964  -30.565  12.238 0.3750000000
38935  -45.640  -27.583  10.488 0.2500000000
38926  -47.018  -26.738  10.579 0.1250000000
39512  -47.858  -26.478  10.336 0.1250000000
39513  -48.373  -25.848  10.580 0.1250000000
40127  -48.796  -25.579  10.026 0.1250000000
37170  -44.273  -30.162  14.381 0.7500000000
36568  -43.674  -31.048  14.267 0.7500000000
37177  -43.498  -29.959  13.753 0.5000000000
36572  -42.996  -30.462  13.531 0.5000000000
37806  -42.892  -28.987  12.362 0.5000000000
38358  -43.513  -27.697  12.458 0.5000000000
38356  -42.936  -28.722  11.896 0.3750000000
38916  -43.436  -27.546  11.930 0.5000000000
38368  -44.082  -27.143  11.608 0.3750000000
38377  -44.581  -27.838  10.800 0.2500000000
38925  -46.057  -26.801  10.859 0.2500000000
77538  -47.344  -26.145  11.146 0.2500000000
39506  -47.904  -25.814  11.343 0.2500000000
40125  -48.918  -25.177  11.431 0.3750000000
40128  -49.212  -25.036  9.819 0.2500000000
37171  -45.065  -30.287  14.872 0.7500000000
37803  -43.962  -29.214  13.979 0.6250000000
37802  -43.315  -29.047  13.198 0.5000000000
38352  -43.278  -28.367  12.639 0.5000000000
38353  -43.832  -28.233  13.346 0.5000000000
38917  -43.944  -27.015  12.237 0.3750000000
39492  -44.651  -26.498  11.952 0.3750000000
39504  -45.593  -26.308  11.640 0.3750000000
39505  -46.555  -26.187  11.385 0.3750000000
40119  -48.428  -25.468  11.619 0.3750000000
77612  -49.618  -25.095  12.225 0.3750000000
40121  -50.355  -24.720  12.189 0.5000000000
40713  -50.583  -24.237  11.500 0.3750000000
40126  -49.642  -24.722  11.262 0.3750000000
90332  -50.495  -23.918  10.922 0.3750000000
41311  -50.937  -23.114  10.415 0.3750000000
41310  -50.325  -23.589  10.286 0.2500000000
41317  -49.955  -23.415  9.197 0.2500000000
41955  -50.327  -22.816  8.795 0.2500000000
41960  -50.611  -22.248  8.280 0.1250000000
38347  -44.444  -28.586  14.132 0.6250000000
37797  -44.736  -29.394  14.537 0.7500000000
38911  -44.104  -27.413  12.936 0.6250000000
38354  -44.683  -27.647  13.843 0.6250000000
38918  -44.790  -26.762  12.889 0.6250000000
41303  -54.225  -23.192  13.978 0.5000000000
41939  -54.585  -22.520  13.639 0.1250000000
41933  -54.993  -22.910  14.291 0.1250000000
41934  -55.728  -22.550  14.650 0.1250000000
42640  -56.123  -21.895  14.210 0.1250000000
39493  -45.363  -26.251  12.337 0.3750000000
39494  -46.172  -25.940  12.215 0.3750000000
41306  -53.275  -23.161  12.745 0.6250000000
41938  -53.919  -22.801  13.232 0.2500000000
41940  -55.307  -22.200  13.937 0.1250000000
39495  -47.175  -25.709  12.030 0.3750000000
39496  -48.103  -25.595  12.295 0.3750000000
40120  -48.893  -25.429  12.343 0.5000000000
41305  -52.532  -23.553  12.206 0.7500000000
41944  -54.300  -22.220  13.039 0.2500000000
42645  -54.900  -21.899  13.272 0.3750000000
40709  -50.982  -24.513  12.137 0.5000000000
40714  -51.333  -24.106  11.779 0.5000000000
41308  -51.823  -23.565  11.534 0.6250000000
41946  -52.440  -22.830  11.385 0.7500000000
41947  -53.119  -22.347  11.650 0.7500000000
42649  -54.492  -21.702  12.634 0.3750000000
40720  -50.998  -23.623  11.072 0.3750000000
41951  -52.082  -22.336  10.496 0.6250000000
41952  -52.833  -22.020  10.980 0.7500000000
41943  -53.714  -22.266  12.361 0.5000000000
41318  -50.599  -22.932  9.678 0.2500000000
41957  -51.721  -21.862  9.619 0.3750000000
39468  -51.457  -26.263  16.803 0.3750000000
39469  -52.190  -25.987  17.209 0.2500000000
39467  -50.746  -26.515  16.449 0.3750000000
39474  -51.387  -26.160  15.964 0.5000000000
40097  -52.156  -25.909  16.320 0.3750000000
75576  -52.746  -25.558  15.891 0.2500000000
40098  -53.451  -25.228  15.950 0.1250000000
38348  -45.113  -28.527  14.614 0.7500000000
39472  -49.788  -26.555  15.348 0.6250000000
39473  -50.610  -26.364  15.646 0.5000000000
40685  -54.113  -24.884  16.025 0.2500000000
39471  -48.899  -26.726  15.104 0.7500000000
39480  -51.207  -26.012  15.240 0.5000000000
40100  -52.059  -25.747  15.366 0.3750000000
40101  -52.995  -25.239  15.130 0.2500000000
40690  -53.841  -24.805  15.389 0.3750000000
40691  -54.608  -24.516  15.709 0.1250000000
43917  -56.930  -19.215  17.195 0.1250000000
77636  -45.383  -26.996  13.827 0.7500000000
39478  -49.507  -26.263  14.514 0.7500000000
40106  -52.286  -25.367  14.624 0.7500000000
40107  -52.782  -24.901  14.261 0.6250000000
40696  -53.537  -24.614  14.623 0.2500000000
40697  -54.305  -24.294  14.971 0.1250000000
41288  -55.099  -23.992  15.353 0.1250000000
41289  -55.900  -23.590  15.816 0.1250000000
42604  -57.355  -20.859  16.570 0.1250000000
43271  -57.488  -19.996  16.837 0.1250000000
38912  -45.901  -26.391  13.191 0.5000000000
39479  -50.481  -26.075  14.735 0.7500000000
40105  -51.445  -25.629  14.501 0.7500000000
40114  -52.048  -25.173  13.901 0.7500000000
41296  -54.661  -23.626  14.641 0.1250000000
41297  -55.399  -23.254  15.036 0.1250000000
41925  -56.121  -22.886  15.392 0.1250000000
41935  -56.499  -22.193  15.039 0.1250000000
42620  -57.145  -21.667  15.503 0.1250000000
42621  -57.689  -21.035  15.887 0.1250000000
43281  -58.043  -20.336  16.177 0.1250000000
80967  -58.102  -19.707  16.281 0.1250000000
39487  -50.005  -25.834  13.921 0.7500000000
40104  -50.729  -25.655  14.029 0.7500000000
40113  -51.250  -25.304  13.607 0.7500000000
40705  -53.227  -24.287  13.855 0.6250000000
41295  -53.949  -23.980  14.238 0.5000000000
42641  -56.894  -21.495  14.596 0.1250000000
42642  -57.540  -21.004  15.076 0.1250000000
43289  -58.025  -20.413  15.474 0.1250000000
43929  -58.307  -19.741  15.789 0.1250000000
39484  -47.601  -25.891  13.173 0.5000000000
40711  -52.239  -24.296  12.687 0.7500000000
41301  -52.907  -23.927  13.072 0.6250000000
41302  -53.562  -23.549  13.538 0.3750000000
43309  -57.207  -20.765  14.169 0.1250000000
40111  -49.587  -25.561  13.083 0.5000000000
40122  -50.965  -24.960  12.781 0.7500000000
40710  -51.559  -24.497  12.405 0.7500000000
40715  -51.950  -24.084  12.058 0.7500000000
42650  -55.183  -21.318  12.833 0.3750000000
42646  -55.654  -21.561  13.491 0.3750000000
77864  -50.213  -25.179  12.726 0.5000000000
42653  -54.227  -21.472  11.923 0.5000000000
42656  -52.552  -21.621  10.133 0.6250000000
42652  -53.545  -21.749  11.458 0.6250000000
42661  -52.327  -21.280  9.190 0.3750000000
82736  -52.036  -21.093  7.809 0.2500000000
38905  -45.571  -27.644  14.553 0.7500000000
38345  -46.418  -27.626  15.091 0.7500000000
38908  -47.990  -26.877  14.897 0.7500000000
38906  -46.144  -26.902  14.295 0.7500000000
38907  -47.031  -26.883  14.716 0.7500000000
39477  -48.583  -26.282  14.209 0.7500000000
38913  -46.824  -26.323  13.789 0.7500000000
39476  -47.680  -26.339  14.129 0.7500000000
44555  -58.171  -19.081  16.047 0.1250000000
39483  -46.713  -25.918  12.881 0.5000000000
89684  -48.120  -26.066  13.707 0.7500000000
39486  -49.261  -25.969  13.793 0.7500000000
43310  -57.699  -20.392  14.694 0.1250000000
78947  -58.120  -18.949  15.331 0.1250000000
44547  -57.737  -18.544  16.374 0.1250000000
39485  -48.603  -25.827  13.236 0.5000000000
40112  -50.466  -25.440  13.349 0.7500000000
42647  -56.495  -21.207  13.729 0.1250000000
43324  -57.460  -19.913  13.919 0.1250000000
43941  -57.976  -19.735  14.923 0.1250000000
43325  -54.791  -21.197  12.283 0.3750000000
43322  -55.976  -20.922  12.966 0.3750000000
42662  -53.097  -21.010  9.734 0.5000000000
42664  -52.270  -21.015  8.386 0.2500000000
42665  -52.891  -20.720  8.810 0.5000000000
28750  -40.846  -43.199  33.230 0.2500000000
72118  -28.835  -55.789  32.365 0.8750000000
76861  -37.936  -43.070  21.954 0.6250000000
29421  -37.632  -42.980  21.171 0.6250000000
31299  -34.960  -38.926  22.035 0.7500000000
31921  -35.432  -38.199  21.514 0.8750000000
32645  -37.276  -37.065  20.845 0.8750000000
33954  -39.632  -35.416  18.059 0.8750000000
77099  -39.695  -34.872  17.029 0.7500000000
83820  -39.729  -49.880  27.102 0.6250000000
84954  -37.926  -48.266  25.832 0.7500000000
74364  -39.873  -43.992  23.556 0.8750000000
32664  -35.498  -37.290  18.088 0.7500000000
20299  -20.606  -56.224  30.359 0.6250000000
72135  -25.770  -52.643  26.207 0.3750000000
84451  -38.558  -50.867  32.259 0.6250000000
84710  -38.059  -49.123  24.977 0.1250000000
83854  -37.439  -47.360  24.948 0.6250000000
72157  -37.732  -46.696  24.487 0.6250000000
84943  -36.588  -48.115  21.764 0.3750000000
86631  -41.197  -42.048  31.490 0.2500000000
82720  -38.721  -44.852  22.156 0.6250000000
29422  -38.509  -43.477  21.282 0.7500000000
89892  -38.863  -44.092  20.049 0.5000000000
28833  -39.027  -43.923  20.696 0.5000000000
75273  -38.299  -44.313  19.254 0.5000000000
29454  -37.742  -43.469  18.956 0.6250000000
28274  -37.375  -45.147  17.831 0.2500000000
29433  -37.430  -42.969  20.344 0.6250000000
29453  -37.083  -43.021  18.552 0.5000000000
28852  -37.389  -43.684  16.811 0.2500000000
31981  -35.215  -38.584  14.560 0.3750000000
31329  -34.484  -39.423  15.466 0.5000000000
30050  -35.453  -41.507  21.151 0.7500000000
30067  -35.160  -41.644  19.450 0.5000000000
30076  -35.091  -41.580  18.550 0.6250000000
29460  -35.690  -42.152  16.152 0.5000000000
30713  -34.332  -40.122  15.769 0.6250000000
30672  -34.816  -40.565  22.301 0.7500000000
30684  -34.899  -41.141  20.763 0.7500000000
30057  -34.666  -41.110  20.046 0.6250000000
31308  -34.194  -39.685  19.297 0.6250000000
30708  -34.342  -40.391  16.636 0.6250000000
74869  -38.559  -34.346  15.960 0.5000000000
34668  -39.964  -33.924  14.839 0.6250000000
34677  -41.643  -33.541  14.737 0.6250000000
34006  -37.522  -34.613  14.458 0.3750000000
34675  -39.280  -33.956  14.025 0.5000000000
35360  -41.268  -32.999  14.004 0.6250000000
31931  -34.613  -38.948  20.471 0.6250000000
34684  -40.452  -33.341  13.531 0.5000000000
32639  -35.876  -37.681  20.953 0.8750000000
31941  -34.898  -38.320  19.679 0.7500000000
31953  -34.980  -38.093  18.519 0.7500000000
32657  -35.499  -37.504  19.164 0.7500000000
35991  -43.882  -32.121  14.640 0.7500000000
37190  -42.395  -30.146  11.641 0.2500000000
37176  -42.864  -29.763  12.990 0.5000000000
37805  -42.611  -29.343  11.950 0.3750000000
38936  -46.594  -27.502  10.148 0.1250000000
38357  -43.100  -28.136  12.122 0.5000000000
38366  -43.203  -28.128  11.806 0.2500000000
37812  -43.327  -28.781  11.374 0.3750000000
38924  -45.053  -26.947  11.203 0.3750000000
40719  -49.963  -24.218  10.679 0.2500000000
41956  -50.943  -22.274  9.167 0.2500000000
87513  -50.996  -21.992  7.691 0.1250000000
41942  -53.016  -22.833  12.072 0.7500000000
41312  -51.603  -23.023  10.819 0.6250000000
41950  -51.284  -22.565  10.054 0.6250000000
43924  -57.639  -19.184  16.608 0.1250000000
40704  -52.519  -24.601  13.469 0.7500000000
40703  -51.781  -24.836  13.125 0.7500000000
42657  -53.329  -21.362  10.628 0.6250000000
45166  -57.409  -17.848  16.531 0.1250000000
80141  -14.024  -65.900  38.850 0.1250000000
15766  -14.256  -64.381  39.683 0.2500000000
15058  -14.104  -65.169  39.367 0.2500000000
15767  -14.880  -64.394  40.371 0.2500000000
15067  -13.406  -65.094  38.442 0.2500000000
15059  -14.553  -65.276  40.301 0.2500000000
15060  -15.181  -65.268  41.035 0.2500000000
15075  -13.275  -65.961  38.257 0.1250000000
80315  -17.124  -63.332  40.583 0.2500000000
79943  -11.483  -66.312  38.031 0.1250000000
15781  -13.165  -64.263  38.344 0.3750000000
15775  -13.730  -64.336  38.913 0.2500000000
16372  -14.456  -63.546  39.900 0.2500000000
15768  -15.450  -64.421  40.910 0.2500000000
15074  -12.424  -65.549  37.950 0.3750000000
16374  -16.237  -63.252  40.664 0.2500000000
76185  -10.724  -65.575  38.183 0.3750000000
16982  -17.053  -62.989  39.850 0.2500000000
16371  -13.874  -63.558  39.191 0.3750000000
15780  -12.617  -64.586  37.925 0.3750000000
16390  -12.636  -63.774  38.004 0.3750000000
16397  -12.111  -64.114  37.662 0.3750000000
16373  -15.342  -63.522  40.488 0.2500000000
16980  -15.474  -62.522  40.213 0.3750000000
15080  -11.906  -64.772  37.723 0.3750000000
15779  -11.136  -64.820  38.100 0.3750000000
16981  -16.262  -62.534  40.236 0.2500000000
76550  -9.682  -65.622  38.496 0.3750000000
16988  -16.252  -62.085  39.585 0.2500000000
16995  -16.160  -61.951  38.829 0.2500000000
82337  -15.944  -62.031  38.004 0.2500000000
17002  -15.122  -62.340  36.398 0.2500000000
17652  -14.842  -61.747  37.070 0.2500000000
17006  -14.380  -62.067  35.718 0.2500000000
17654  -13.879  -61.239  35.760 0.2500000000
17656  -13.466  -61.103  34.429 0.2500000000
17664  -13.400  -61.110  32.416 0.1250000000
19638  -19.487  -57.502  28.305 0.1250000000
16382  -13.268  -63.586  38.552 0.3750000000
16993  -12.566  -62.986  38.366 0.3750000000
76870  -13.952  -62.795  39.395 0.3750000000
16389  -11.786  -63.445  38.010 0.3750000000
16979  -14.655  -62.716  39.869 0.3750000000
15774  -9.844  -64.329  39.080 0.3750000000
16380  -10.286  -63.497  39.180 0.2500000000
16994  -15.276  -61.622  38.513 0.3750000000
19003  -13.107  -59.774  33.913 0.2500000000
18394  -13.053  -60.325  33.061 0.1250000000
19006  -13.026  -59.563  32.439 0.2500000000
19616  -13.348  -58.738  32.800 0.2500000000
80355  -16.140  -57.502  30.211 0.1250000000
20326  -17.371  -57.558  29.710 0.1250000000
20327  -18.061  -57.339  29.506 0.1250000000
20328  -18.871  -57.038  28.986 0.1250000000
19639  -20.412  -57.447  28.382 0.1250000000
16381  -11.097  -63.018  38.698 0.2500000000
16986  -12.401  -62.163  38.969 0.2500000000
80689  -13.928  -62.138  39.445 0.3750000000
17639  -15.299  -61.823  39.574 0.3750000000
17646  -15.329  -61.697  39.174 0.3750000000
17648  -14.274  -61.070  37.386 0.5000000000
18388  -13.486  -60.714  35.275 0.2500000000
19611  -13.583  -58.813  33.758 0.3750000000
86256  -14.072  -57.532  31.843 0.2500000000
20307  -15.386  -57.381  30.807 0.2500000000
82519  -16.885  -57.326  30.227 0.1250000000
20309  -18.516  -56.760  30.107 0.2500000000
20329  -19.794  -56.365  28.424 0.1250000000
20330  -20.855  -56.651  28.761 0.1250000000
19641  -22.243  -57.974  29.072 0.1250000000
19652  -23.896  -58.759  28.534 0.1250000000
20365  -24.113  -57.510  26.909 0.1250000000
75012  -21.245  -57.219  25.439 0.1250000000
19642  -23.371  -58.003  29.208 0.1250000000
20353  -24.429  -57.709  27.638 0.1250000000
21081  -23.745  -56.634  26.998 0.1250000000
21080  -22.423  -56.442  26.901 0.1250000000
87811  -12.580  -61.537  39.743 0.1250000000
17636  -13.278  -61.399  39.795 0.1250000000
17637  -13.794  -61.281  39.580 0.2500000000
17635  -11.759  -61.678  39.654 0.1250000000
18372  -13.810  -60.468  39.982 0.3750000000
23707  -27.363  -51.499  37.737 0.1250000000
76091  -27.037  -50.791  38.164 0.1250000000
24252  -27.661  -51.227  38.239 0.1250000000
16978  -13.283  -62.081  39.296 0.1250000000
17638  -14.087  -61.191  39.218 0.2500000000
16984  -10.624  -62.680  39.453 0.2500000000
17642  -14.162  -61.058  39.076 0.5000000000
16992  -11.841  -62.667  38.509 0.2500000000
80200  -14.597  -61.927  39.584 0.3750000000
17641  -14.531  -61.287  38.767 0.5000000000
90438  -14.380  -57.713  33.278 0.5000000000
19612  -13.866  -58.040  33.116 0.3750000000
20289  -14.387  -57.465  32.643 0.2500000000
20296  -16.383  -57.069  30.939 0.2500000000
20308  -17.679  -57.071  30.292 0.1250000000
19643  -24.098  -58.004  29.017 0.1250000000
20342  -24.354  -57.948  28.371 0.1250000000
21071  -24.389  -56.852  27.492 0.1250000000
18371  -13.368  -60.647  40.290 0.1250000000
24243  -27.163  -50.556  38.693 0.1250000000
24741  -28.805  -49.361  39.673 0.2500000000
24753  -29.269  -49.359  39.007 0.2500000000
18373  -13.933  -60.199  39.589 0.2500000000
23717  -27.297  -52.069  37.146 0.1250000000
24260  -26.822  -51.214  37.316 0.1250000000
24244  -27.999  -50.694  38.791 0.1250000000
25370  -29.759  -48.857  39.450 0.2500000000
23730  -27.020  -52.564  36.541 0.1250000000
23718  -27.790  -52.461  37.452 0.1250000000
23708  -27.963  -52.031  37.918 0.1250000000
24245  -28.531  -50.906  38.343 0.1250000000
88712  -29.100  -49.947  38.438 0.2500000000
24763  -29.532  -49.754  38.048 0.2500000000
25384  -31.067  -48.769  38.123 0.2500000000
25385  -32.059  -48.554  37.961 0.2500000000
24253  -28.222  -51.475  38.153 0.1250000000
24762  -29.049  -50.541  38.010 0.2500000000
24764  -30.371  -49.426  37.542 0.2500000000
23008  -27.261  -53.676  36.320 0.1250000000
23002  -27.969  -53.171  37.180 0.1250000000
23719  -28.229  -52.704  37.395 0.1250000000
23709  -28.511  -52.017  37.728 0.1250000000
89872  -28.982  -51.759  37.480 0.1250000000
24261  -29.253  -51.108  37.417 0.2500000000
24772  -30.134  -50.025  37.017 0.2500000000
25396  -31.443  -48.992  37.495 0.2500000000
23009  -27.925  -54.005  36.727 0.2500000000
79454  -28.131  -53.458  36.995 0.2500000000
24271  -29.404  -51.662  36.916 0.2500000000
24262  -29.746  -50.744  36.940 0.2500000000
75252  -14.839  -58.403  35.241 0.3750000000
23010  -28.217  -54.206  36.511 0.3750000000
23011  -28.531  -53.120  36.891 0.2500000000
81538  -30.337  -50.254  36.635 0.3750000000
24773  -30.833  -49.561  36.985 0.3750000000
19607  -14.164  -58.565  34.598 0.5000000000
19608  -14.941  -57.926  34.430 0.5000000000
77855  -14.299  -58.029  33.812 0.5000000000
20290  -15.354  -57.098  32.598 0.5000000000
79800  -15.829  -56.927  31.743 0.5000000000
86416  -18.001  -56.729  31.291 0.5000000000
88203  -17.180  -56.957  30.926 0.3750000000
20311  -20.303  -55.924  29.367 0.2500000000
20331  -21.623  -57.112  29.261 0.1250000000
21059  -24.681  -57.118  28.139 0.1250000000
21722  -24.408  -55.781  27.227 0.1250000000
84009  -39.429  -51.202  32.194 0.2500000000
18367  -12.984  -60.170  41.163 0.1250000000
18370  -12.613  -60.827  40.494 0.1250000000
18980  -13.571  -59.894  40.719 0.1250000000
17634  -11.259  -61.380  40.340 0.1250000000
23739  -26.051  -52.272  35.162 0.1250000000
23729  -26.371  -51.895  36.112 0.1250000000
24269  -26.327  -51.123  36.842 0.1250000000
24728  -28.877  -49.113  40.193 0.2500000000
24730  -29.727  -48.878  39.868 0.2500000000
24270  -26.839  -51.727  36.776 0.1250000000
24751  -28.294  -49.829  39.504 0.2500000000
25376  -30.615  -48.486  39.066 0.2500000000
18376  -14.088  -59.986  39.311 0.3750000000
18984  -14.146  -59.836  38.754 0.3750000000
23017  -26.162  -53.099  34.964 0.1250000000
23740  -26.603  -52.850  35.782 0.1250000000
25375  -30.021  -49.036  38.475 0.2500000000
25961  -31.634  -48.368  38.456 0.2500000000
23026  -26.401  -53.915  34.856 0.2500000000
23018  -26.705  -53.623  35.562 0.1250000000
22335  -26.687  -54.728  34.730 0.3750000000
22328  -27.128  -54.578  35.700 0.2500000000
20986  -27.520  -55.803  35.041 0.3750000000
21667  -27.363  -55.432  35.393 0.3750000000
21661  -27.699  -55.517  36.103 0.3750000000
22322  -27.660  -54.732  36.292 0.3750000000
20278  -15.656  -57.919  35.049 0.5000000000
75251  -15.801  -57.532  34.217 0.5000000000
20987  -27.823  -56.014  35.352 0.3750000000
21668  -27.769  -56.000  35.826 0.3750000000
23020  -28.868  -53.400  36.267 0.2500000000
23731  -29.166  -52.537  36.586 0.2500000000
24282  -29.750  -51.905  36.182 0.3750000000
24272  -29.991  -51.069  36.418 0.3750000000
75491  -16.885  -56.970  33.009 0.5000000000
20993  -27.747  -55.999  34.553 0.3750000000
21674  -28.233  -55.847  35.381 0.5000000000
22336  -28.523  -55.040  35.078 0.3750000000
23019  -28.657  -54.304  35.812 0.5000000000
23741  -29.402  -52.617  35.786 0.3750000000
19613  -15.001  -57.476  33.503 0.5000000000
88613  -16.190  -56.937  32.515 0.5000000000
23027  -28.789  -54.000  34.640 0.6250000000
23028  -29.036  -53.292  35.288 0.3750000000
79197  -16.891  -56.825  31.866 0.5000000000
77750  -17.791  -56.802  32.569 0.5000000000
20297  -19.178  -56.475  30.952 0.5000000000
84895  -39.999  -50.930  30.751 0.3750000000
73020  -39.843  -50.809  30.665 0.3750000000
84759  -40.003  -50.151  29.510 0.1250000000
18366  -12.237  -60.340  41.669 0.1250000000
18981  -14.037  -59.550  40.288 0.1250000000
18982  -14.561  -59.168  39.878 0.1250000000
23746  -25.538  -52.659  34.262 0.1250000000
24281  -25.767  -51.507  35.461 0.1250000000
18985  -14.620  -59.236  39.260 0.2500000000
89171  -14.556  -59.367  38.596 0.3750000000
23024  -25.122  -53.279  33.699 0.1250000000
23025  -25.705  -53.471  34.214 0.1250000000
21672  -26.143  -54.974  33.857 0.2500000000
21673  -26.957  -55.327  34.446 0.2500000000
75001  -16.733  -57.312  33.996 0.5000000000
20992  -27.188  -55.656  34.087 0.3750000000
21003  -27.489  -55.934  33.582 0.5000000000
21004  -28.104  -56.052  33.838 0.3750000000
78072  -28.269  -55.895  34.411 0.7500000000
21021  -20.091  -56.311  31.184 0.5000000000
84879  -40.348  -49.944  29.640 0.6250000000
23754  -24.816  -52.821  33.463 0.1250000000
23036  -25.106  -53.944  33.570 0.2500000000
22342  -25.220  -54.746  33.442 0.2500000000
21678  -25.425  -55.513  33.295 0.1250000000
83814  -39.979  -50.358  27.681 0.1250000000
19578  -14.579  -58.695  40.577 0.1250000000
19584  -15.493  -58.694  39.665 0.1250000000
19589  -15.401  -58.803  38.756 0.1250000000
19590  -16.327  -58.228  38.420 0.1250000000
23034  -23.352  -53.651  33.008 0.1250000000
23753  -24.058  -53.095  33.018 0.1250000000
24293  -25.097  -51.984  33.911 0.1250000000
24294  -25.565  -51.866  34.668 0.1250000000
76182  -15.667  -58.638  37.815 0.1250000000
21671  -22.605  -55.016  33.226 0.1250000000
22340  -23.475  -54.336  33.054 0.2500000000
19598  -15.942  -58.475  37.094 0.2500000000
85241  -38.904  -49.469  26.116 0.3750000000
83823  -38.973  -49.746  22.120 0.1250000000
83816  -38.107  -49.308  21.470 0.1250000000
19585  -16.224  -58.219  39.289 0.1250000000
19594  -16.496  -58.173  37.582 0.2500000000
22333  -21.881  -54.478  33.555 0.1250000000
19599  -16.724  -58.067  36.698 0.2500000000
21675  -22.179  -55.796  33.419 0.3750000000
20998  -21.836  -56.238  33.215 0.3750000000
86021  -22.513  -56.175  33.045 0.3750000000
21011  -22.212  -56.518  32.502 0.3750000000
83815  -37.114  -48.604  20.773 0.1250000000
84742  -38.508  -49.538  20.468 0.1250000000
84956  -38.983  -49.591  19.558 0.1250000000
20997  -20.932  -56.335  33.487 0.3750000000
84739  -37.926  -49.152  19.889 0.1250000000
84730  -36.774  -48.596  18.811 0.1250000000
84949  -38.263  -48.932  18.037 0.1250000000
83813  -36.393  -48.152  19.803 0.1250000000
84729  -36.267  -48.425  17.811 0.1250000000
85107  -35.941  -48.090  17.157 0.1250000000
27135  -37.350  -48.338  17.041 0.1250000000
27690  -39.316  -47.744  16.554 0.1250000000
83900  -38.396  -45.391  23.012 0.5000000000
90203  -37.755  -46.146  22.995 0.5000000000
83973  -37.121  -46.879  21.231 0.3750000000
83822  -36.441  -47.584  19.422 0.2500000000
83910  -37.163  -46.182  19.232 0.2500000000
84106  -38.200  -45.087  20.461 0.5000000000
84714  -37.557  -45.284  18.794 0.3750000000
84713  -38.319  -44.655  19.781 0.3750000000
29469  -36.387  -42.409  15.890 0.3750000000
31346  -35.492  -39.425  14.150 0.2500000000
30729  -35.436  -40.166  14.250 0.3750000000
31246  -37.239  -39.512  26.561 0.3750000000
31855  -37.706  -38.615  26.311 0.3750000000
89592  -37.399  -38.510  25.757 0.2500000000
31872  -37.844  -38.089  25.557 0.5000000000
81853  -39.180  -37.123  24.606 0.3750000000
35980  -48.171  -32.160  17.870 0.2500000000
43979  -55.065  -19.361  7.318 0.1250000000
43980  -54.865  -20.035  6.659 0.1250000000
43978  -54.287  -19.902  7.402 0.2500000000
43338  -53.641  -20.447  9.304 0.3750000000
43343  -54.200  -19.885  8.803 0.3750000000
81117  -54.763  -19.404  8.700 0.3750000000
43974  -53.893  -19.845  7.997 0.1250000000
43976  -55.101  -19.056  8.217 0.2500000000
44610  -55.667  -18.778  7.737 0.2500000000
43334  -53.878  -20.744  10.242 0.5000000000
43339  -54.345  -20.109  9.824 0.3750000000
43971  -54.837  -19.567  9.453 0.3750000000
44608  -55.795  -18.690  8.594 0.2500000000
44611  -56.241  -18.220  8.096 0.2500000000
45240  -56.767  -17.739  7.547 0.2500000000
77178  -56.254  -18.432  7.232 0.2500000000
45241  -57.403  -17.143  6.964 0.2500000000
45858  -58.258  -16.555  5.117 0.2500000000
42658  -54.064  -21.073  11.137 0.5000000000
43335  -54.698  -20.343  10.813 0.5000000000
43968  -54.950  -19.756  10.224 0.5000000000
43969  -55.499  -19.174  10.064 0.5000000000
44605  -55.957  -18.690  9.480 0.5000000000
43972  -55.310  -19.069  9.092 0.5000000000
44609  -56.346  -18.169  9.004 0.3750000000
45238  -56.754  -17.614  8.496 0.3750000000
45239  -57.322  -17.100  7.976 0.3750000000
45855  -58.179  -16.400  6.324 0.3750000000
45243  -57.531  -17.199  5.866 0.2500000000
81578  -57.557  -16.420  9.196 0.2500000000
45852  -57.919  -16.506  7.466 0.3750000000
83704  -58.375  -16.043  7.070 0.3750000000
81722  -13.897  -60.470  37.711 0.5000000000
18998  -14.065  -59.158  35.521 0.3750000000
32593  -38.523  -37.558  25.100 0.3750000000
32609  -39.671  -36.785  24.016 0.3750000000
17651  -14.207  -61.329  36.511 0.2500000000
19000  -13.501  -59.357  34.680 0.5000000000
84736  -40.308  -49.966  28.752 0.3750000000
84726  -39.497  -50.071  26.514 0.1250000000
84950  -37.910  -49.174  22.360 0.1250000000
21679  -26.363  -55.512  33.596 0.5000000000
85671  -37.233  -46.935  22.969 0.3750000000
83855  -37.668  -46.144  22.245 0.3750000000
72978  -37.238  -46.425  20.364 0.3750000000
74326  -28.475  -55.547  34.208 0.6250000000
30101  -36.230  -41.450  14.800 0.2500000000
84458  -37.865  -46.215  23.716 0.5000000000
84760  -36.490  -47.861  21.030 0.2500000000
15073  -11.547  -65.414  37.924 0.2500000000
15778  -10.820  -64.003  38.439 0.3750000000
15072  -10.218  -64.898  38.561 0.3750000000
16998  -15.656  -62.148  37.196 0.2500000000
17649  -15.047  -61.651  37.768 0.2500000000
17657  -13.890  -61.665  35.046 0.2500000000
17660  -13.524  -61.328  33.415 0.2500000000
19637  -18.364  -57.736  28.952 0.1250000000
16987  -13.301  -62.788  38.860 0.3750000000
86885  -8.592  -64.999  39.439 0.3750000000
88335  -13.117  -59.436  33.208 0.1250000000
19617  -13.631  -57.976  32.300 0.2500000000
19623  -13.699  -58.132  31.472 0.2500000000
19629  -14.777  -58.084  30.337 0.1250000000
19640  -21.247  -57.722  28.819 0.1250000000
16370  -9.904  -63.099  39.823 0.1250000000
20295  -14.845  -57.198  31.775 0.3750000000
19651  -22.952  -58.830  28.723 0.1250000000
19658  -24.254  -58.644  27.706 0.1250000000
20364  -23.108  -57.298  26.545 0.1250000000
82749  -23.436  -55.855  27.016 0.1250000000
88153  -11.996  -61.222  40.188 0.1250000000
16985  -11.412  -62.247  39.102 0.2500000000
20310  -19.358  -56.293  29.629 0.1250000000
24752  -28.709  -50.087  38.866 0.2500000000
24742  -29.276  -49.088  39.751 0.2500000000
24251  -26.593  -50.657  37.898 0.1250000000
24750  -27.528  -50.160  39.337 0.2500000000
23001  -27.594  -53.037  36.960 0.1250000000
23710  -28.763  -51.375  37.868 0.1250000000
24771  -29.625  -50.274  37.396 0.2500000000
23720  -28.824  -52.336  37.241 0.2500000000
22323  -27.992  -55.306  36.326 0.3750000000
20298  -19.890  -56.126  30.251 0.5000000000
82451  -25.936  -51.165  36.274 0.1250000000
75154  -28.075  -49.603  39.907 0.2500000000
22334  -25.883  -54.242  34.074 0.3750000000
21662  -27.975  -55.937  36.152 0.3750000000
76841  -15.998  -57.180  33.323 0.5000000000
20994  -28.074  -56.016  34.987 0.3750000000
20981  -27.997  -56.066  35.843 0.3750000000
22329  -28.284  -55.297  36.047 0.3750000000
21663  -28.069  -55.880  36.107 0.3750000000
23035  -24.333  -53.655  33.187 0.2500000000
24280  -25.402  -50.802  35.920 0.1250000000
22339  -22.703  -54.203  33.119 0.1250000000
23033  -22.391  -53.702  33.186 0.1250000000
24302  -24.356  -52.304  33.055 0.1250000000
76147  -25.152  -51.161  34.728 0.1250000000
21670  -21.517  -55.350  33.936 0.2500000000
84946  -37.143  -48.674  19.646 0.1250000000
73227  -39.452  -49.340  18.758 0.1250000000
84994  -36.244  -48.278  18.722 0.2500000000
84728  -36.964  -48.523  18.047 0.2500000000
84797  -36.573  -47.495  20.384 0.3750000000
30730  -36.201  -40.726  14.231 0.2500000000
32594  -39.361  -37.340  25.434 0.2500000000
43348  -54.113  -20.544  6.915 0.1250000000
43975  -54.442  -19.459  8.031 0.1250000000
43342  -53.460  -20.265  8.372 0.2500000000
44612  -55.786  -18.991  7.027 0.2500000000
44614  -56.803  -17.962  6.473 0.2500000000
43336  -55.454  -19.668  10.905 0.5000000000
45234  -56.718  -17.483  9.439 0.3750000000
45235  -57.180  -16.940  8.904 0.3750000000
45848  -57.772  -16.489  8.411 0.3750000000
45859  -58.734  -16.040  5.279 0.3750000000
45228  -57.059  -16.747  9.869 0.2500000000
72143  -34.903  -50.380  29.851 0.2500000000
72146  -37.156  -51.638  31.763 0.1250000000
73172  -38.821  -51.318  32.190 0.1250000000
29901  -39.711  -41.809  35.362 0.1250000000
30529  -39.455  -40.953  35.389 0.1250000000
82649  -39.796  -42.849  35.303 0.1250000000
29908  -40.291  -41.683  34.863 0.1250000000
29909  -40.698  -41.563  34.162 0.1250000000
29293  -40.643  -42.335  33.920 0.1250000000
28731  -40.643  -43.056  33.841 0.1250000000
29900  -38.884  -41.767  35.513 0.1250000000
80114  -41.508  -40.899  32.879 0.1250000000
29270  -38.680  -43.517  36.265 0.1250000000
29921  -40.997  -41.590  33.442 0.1250000000
29272  -40.153  -43.687  36.917 0.1250000000
29310  -40.875  -42.399  33.313 0.1250000000
29324  -41.118  -42.574  32.639 0.1250000000
82580  -37.674  -40.828  35.525 0.1250000000
29282  -37.446  -42.297  35.943 0.1250000000
29268  -36.922  -42.804  36.340 0.1250000000
90385  -38.286  -43.421  36.282 0.1250000000
28705  -36.433  -43.321  36.529 0.1250000000
28706  -37.279  -43.577  36.616 0.1250000000
27574  -35.550  -45.548  36.550 0.1250000000
27575  -36.275  -45.052  36.527 0.1250000000
28122  -36.572  -44.313  36.624 0.1250000000
87064  -41.453  -41.968  32.169 0.1250000000
27015  -35.341  -46.690  36.674 0.1250000000
29281  -36.632  -42.012  36.064 0.1250000000
29897  -36.317  -41.224  35.768 0.1250000000
29896  -35.592  -41.539  35.580 0.1250000000
28704  -35.633  -43.216  36.340 0.1250000000
27590  -35.041  -44.811  36.449 0.1250000000
28142  -34.195  -44.400  36.170 0.1250000000
28702  -34.203  -43.641  35.831 0.1250000000
29952  -40.718  -41.863  30.562 0.2500000000
80746  -40.307  -41.768  29.847 0.2500000000
29964  -39.818  -41.286  29.430 0.2500000000
30608  -39.134  -40.918  28.945 0.2500000000
84358  -39.208  -39.401  15.300 0.1250000000
30717  -38.909  -40.835  15.853 0.1250000000
30716  -38.712  -40.248  15.591 0.1250000000
31347  -36.154  -40.052  13.851 0.1250000000
31331  -37.169  -40.030  14.005 0.1250000000
31332  -38.246  -40.156  14.649 0.1250000000
72389  -38.406  -39.881  14.437 0.1250000000
33332  -37.412  -38.561  12.994 0.1250000000
31235  -38.088  -39.876  27.937 0.2500000000
31247  -37.977  -39.168  27.235 0.2500000000
31997  -36.009  -39.151  13.710 0.1250000000
72388  -36.326  -38.532  13.504 0.1250000000
72390  -36.235  -37.291  13.572 0.1250000000
87530  -37.523  -39.458  13.622 0.1250000000
74811  -35.734  -37.282  14.164 0.1250000000
34005  -36.815  -35.316  13.827 0.1250000000
34683  -39.604  -33.761  13.244 0.3750000000
35372  -40.704  -32.663  12.079 0.1250000000
85616  -42.857  -29.326  11.663 0.1250000000
37191  -43.131  -29.776  11.055 0.1250000000
43323  -56.798  -20.366  13.234 0.1250000000
43326  -55.382  -20.773  12.295 0.2500000000
88509  -57.084  -19.785  13.233 0.1250000000
43327  -56.165  -20.271  12.343 0.2500000000
43329  -54.763  -20.837  11.682 0.3750000000
43330  -55.459  -20.253  11.607 0.2500000000
43331  -56.084  -19.584  11.686 0.2500000000
44601  -56.071  -18.647  10.250 0.3750000000
44606  -56.363  -18.109  9.911 0.3750000000
43966  -56.055  -19.029  10.911 0.3750000000
44602  -56.275  -18.202  10.830 0.3750000000
29907  -35.379  -41.017  35.022 0.1250000000
27016  -36.118  -46.696  36.590 0.3750000000
29251  -39.488  -43.360  38.018 0.1250000000
85416  -40.461  -42.979  34.313 0.1250000000
85665  -38.704  -43.741  38.293 0.1250000000
28123  -37.533  -44.048  36.961 0.1250000000
27576  -37.092  -44.457  36.586 0.1250000000
33340  -36.259  -35.688  14.347 0.2500000000
34007  -38.325  -34.317  13.958 0.2500000000
34676  -40.032  -33.727  14.039 0.3750000000
35365  -40.086  -33.337  12.473 0.2500000000
74345  -35.519  -37.915  14.311 0.1250000000
45869  -58.843  -16.213  4.293 0.2500000000
89344  -36.911  -40.494  14.197 0.1250000000
30528  -38.570  -40.893  35.479 0.1250000000
29271  -39.116  -43.700  36.361 0.1250000000
29284  -39.035  -42.783  35.576 0.1250000000
29292  -40.354  -42.457  34.557 0.1250000000
29283  -38.284  -42.689  35.801 0.1250000000
29899  -38.021  -41.625  35.658 0.1250000000
88386  -36.928  -40.801  35.571 0.1250000000
29898  -37.163  -41.456  35.745 0.1250000000
29269  -37.815  -43.293  36.360 0.1250000000
28697  -36.756  -43.869  36.668 0.1250000000
29267  -36.147  -42.565  36.322 0.1250000000
28143  -35.904  -44.008  36.621 0.1250000000
27573  -34.661  -45.940  36.530 0.1250000000
28121  -35.862  -44.742  36.578 0.1250000000
78238  -35.993  -41.903  36.037 0.1250000000
28703  -34.986  -43.863  36.263 0.1250000000
29279  -34.669  -42.851  35.519 0.1250000000
29278  -33.913  -43.186  35.222 0.1250000000
72385  -38.409  -39.516  13.854 0.1250000000
75662  -38.096  -40.978  15.007 0.1250000000
76882  -37.809  -40.525  14.606 0.1250000000
73630  -37.328  -39.678  13.805 0.1250000000
31325  -39.005  -39.756  15.731 0.1250000000
74108  -37.155  -38.815  13.227 0.1250000000
33341  -36.562  -36.715  13.207 0.1250000000
74576  -37.398  -37.774  12.605 0.1250000000
34012  -37.448  -35.047  13.210 0.2500000000
34682  -38.775  -34.211  13.169 0.2500000000
43963  -56.728  -19.546  12.587 0.1250000000
83059  -33.567  -44.808  36.105 0.1250000000
19012  -13.138  -59.695  31.600 0.1250000000
87352  -14.041  -58.433  30.693 0.1250000000
19635  -15.047  -58.670  29.730 0.1250000000
20306  -14.395  -57.679  31.104 0.1250000000
72139  -24.202  -52.856  24.084 0.1250000000
22391  -23.804  -53.973  25.695 0.1250000000
74331  -24.492  -52.955  24.899 0.1250000000
72125  -26.220  -50.531  25.392 0.1250000000
79980  -24.682  -53.524  25.971 0.1250000000
72136  -25.298  -52.147  25.255 0.1250000000
73646  -28.602  -51.044  26.846 0.1250000000
32582  -38.604  -37.868  26.082 0.2500000000
88419  -39.083  -37.030  24.076 0.2500000000
34633  -45.587  -34.273  20.431 0.2500000000
31856  -38.396  -38.407  26.825 0.2500000000
18403  -13.483  -59.974  30.830 0.1250000000
22401  -23.251  -53.611  25.008 0.1250000000
22414  -22.762  -53.653  24.259 0.1250000000
84334  -25.375  -51.147  24.079 0.1250000000
26507  -33.822  -47.715  37.385 0.2500000000
26499  -32.382  -47.888  38.366 0.1250000000
26500  -32.943  -47.625  37.784 0.1250000000
25947  -30.971  -48.336  40.603 0.1250000000
25955  -30.708  -48.089  39.842 0.1250000000
25958  -31.504  -48.028  38.910 0.1250000000
25362  -29.896  -48.872  40.193 0.1250000000
25962  -32.378  -48.156  38.248 0.1250000000
25972  -32.822  -48.332  37.779 0.1250000000
27003  -32.131  -47.437  38.141 0.1250000000
27013  -33.340  -47.016  37.113 0.2500000000
26498  -31.551  -47.794  38.801 0.1250000000
26482  -30.597  -47.793  40.574 0.1250000000
26495  -30.812  -47.910  39.527 0.1250000000
26476  -29.668  -48.269  41.351 0.1250000000
25369  -27.780  -49.292  40.213 0.1250000000
90343  -29.234  -48.048  41.167 0.1250000000
26480  -29.543  -47.752  41.011 0.1250000000
25954  -27.441  -48.865  40.437 0.1250000000
27014  -34.299  -46.980  36.877 0.2500000000
26491  -30.370  -47.800  40.007 0.1250000000
25944  -27.557  -48.380  40.561 0.1250000000
26479  -29.086  -47.882  40.814 0.1250000000
25953  -26.738  -48.529  40.599 0.1250000000
83817  -40.169  -50.283  28.980 0.1250000000
76298  -41.127  -41.262  31.100 0.1250000000
30590  -41.546  -40.416  31.278 0.1250000000
30599  -40.491  -40.811  30.281 0.1250000000
31216  -41.590  -39.618  31.121 0.1250000000
30589  -40.897  -39.885  30.627 0.1250000000
31817  -41.954  -39.047  31.251 0.1250000000
32536  -42.738  -37.808  31.463 0.1250000000
32543  -42.097  -37.455  30.695 0.1250000000
31215  -41.085  -39.028  30.517 0.1250000000
31222  -40.105  -39.639  29.868 0.1250000000
32544  -42.733  -37.173  31.190 0.1250000000
30598  -39.524  -40.385  29.487 0.1250000000
31827  -41.270  -38.052  30.143 0.1250000000
83124  -41.899  -38.322  31.011 0.1250000000
31825  -39.666  -39.075  29.234 0.1250000000
31826  -40.410  -38.648  29.620 0.1250000000
31221  -39.200  -39.680  29.194 0.1250000000
32552  -42.396  -36.608  30.399 0.1250000000
33236  -42.336  -36.281  29.233 0.1250000000
32551  -41.736  -37.121  29.761 0.1250000000
32550  -40.888  -37.784  29.192 0.1250000000
31227  -38.588  -39.745  28.629 0.1250000000
31837  -39.056  -39.046  28.627 0.1250000000
31838  -39.984  -38.409  28.661 0.1250000000
32561  -41.595  -36.989  28.729 0.1250000000
32560  -40.745  -37.631  28.233 0.1250000000
75030  -38.761  -38.581  27.519 0.1250000000
89888  -38.854  -38.822  28.097 0.1250000000
31836  -38.469  -39.201  28.077 0.1250000000
33253  -42.242  -36.358  28.181 0.1250000000
32571  -40.640  -37.475  27.352 0.1250000000
32572  -41.459  -36.983  27.776 0.1250000000
32570  -39.864  -37.753  27.027 0.1250000000
90528  -39.400  -38.160  27.438 0.1250000000
31846  -39.994  -38.013  27.771 0.1250000000
33266  -42.137  -36.481  27.278 0.1250000000
32585  -41.330  -36.993  26.880 0.1250000000
31857  -39.095  -38.027  26.863 0.1250000000
32584  -40.487  -37.354  26.519 0.1250000000
32583  -39.607  -37.569  26.268 0.1250000000
33254  -42.685  -36.049  27.625 0.1250000000
33267  -42.679  -36.201  26.714 0.1250000000
32595  -40.304  -37.191  25.675 0.1250000000
32596  -41.233  -37.008  25.978 0.1250000000
34011  -37.275  -35.834  12.325 0.1250000000
85920  -38.107  -34.636  13.009 0.1250000000
33274  -42.078  -36.656  26.341 0.1250000000
33275  -42.790  -36.434  25.642 0.1250000000
32610  -40.029  -36.965  24.817 0.1250000000
33285  -41.157  -36.928  24.972 0.1250000000
35937  -47.589  -32.123  21.912 0.1250000000
74767  -42.108  -36.801  25.356 0.1250000000
33286  -43.169  -36.920  24.572 0.1250000000
79647  -42.219  -36.915  24.578 0.1250000000
75150  -40.590  -36.755  24.132 0.1250000000
35310  -47.694  -32.645  21.357 0.1250000000
35953  -48.399  -32.268  21.369 0.1250000000
35311  -48.541  -32.735  20.745 0.1250000000
35955  -49.769  -32.016  20.806 0.1250000000
35317  -47.791  -33.148  20.575 0.1250000000
35961  -49.792  -32.380  20.338 0.1250000000
35326  -48.291  -32.935  19.338 0.1250000000
35319  -49.502  -32.673  20.019 0.1250000000
73711  -41.696  -36.869  24.079 0.1250000000
75173  -42.893  -37.065  24.005 0.1250000000
88452  -40.201  -36.642  23.644 0.1250000000
35316  -46.975  -33.579  20.296 0.1250000000
34638  -46.193  -33.976  19.944 0.1250000000
35966  -49.201  -32.648  19.580 0.1250000000
35976  -49.452  -32.012  19.090 0.1250000000
35975  -48.652  -32.397  18.747 0.1250000000
35309  -46.822  -33.168  21.274 0.1250000000
34634  -46.208  -33.782  20.793 0.1250000000
35967  -50.060  -32.241  19.855 0.1250000000
34629  -45.670  -34.092  21.158 0.1250000000
36554  -49.379  -31.103  18.703 0.1250000000
43982  -56.338  -19.137  5.627 0.1250000000
44613  -56.269  -18.791  6.434 0.1250000000
45214  -56.397  -17.624  11.414 0.2500000000
45215  -56.678  -16.904  10.881 0.2500000000
45227  -56.580  -17.449  10.414 0.2500000000
78933  -56.619  -18.501  5.791 0.1250000000
44594  -56.390  -18.629  11.846 0.2500000000
45834  -57.105  -16.319  10.405 0.2500000000
46434  -57.639  -15.691  9.828 0.1250000000
44618  -57.050  -17.929  5.404 0.1250000000
44624  -57.100  -17.916  4.491 0.1250000000
45853  -58.309  -15.997  7.905 0.1250000000
45245  -57.633  -17.238  4.825 0.1250000000
46449  -58.399  -15.446  7.214 0.1250000000
45252  -57.659  -17.126  4.075 0.1250000000
35318  -48.733  -33.075  20.060 0.1250000000
24740  -28.562  -49.300  40.016 0.1250000000
24726  -28.877  -48.932  40.512 0.1250000000
24727  -29.079  -49.039  40.440 0.1250000000
45868  -58.257  -16.655  4.339 0.1250000000
45846  -57.545  -16.203  9.669 0.1250000000
45856  -58.484  -15.910  6.368 0.1250000000
25361  -28.542  -49.053  40.326 0.1250000000
45849  -58.060  -15.923  8.912 0.1250000000
83325  -30.598  -48.083  41.071 0.1250000000
26976  -29.902  -47.646  40.995 0.1250000000
25360  -28.039  -48.513  40.506 0.1250000000
25945  -28.934  -48.083  40.854 0.1250000000
25368  -26.850  -49.283  40.275 0.1250000000
26478  -28.143  -47.927  40.575 0.1250000000
31845  -39.316  -38.502  28.030 0.1250000000
35312  -49.170  -32.345  20.814 0.1250000000
87991  -49.209  -32.688  20.357 0.1250000000
43983  -56.117  -19.764  5.513 0.1250000000
43981  -55.721  -19.503  6.348 0.1250000000
86263  -56.341  -17.128  11.742 0.2500000000
44617  -56.729  -18.630  4.995 0.1250000000
46445  -58.454  -15.244  8.161 0.1250000000
15071  -8.627  -65.550  38.829 0.2500000000
15079  -7.573  -65.872  37.531 0.1250000000
15783  -7.243  -64.471  37.016 0.1250000000
15064  -7.874  -64.944  39.445 0.1250000000
16396  -7.335  -64.033  38.352 0.1250000000
16395  -7.239  -63.913  37.477 0.1250000000
16405  -7.130  -63.805  35.743 0.1250000000
17001  -7.184  -63.016  36.171 0.1250000000
15772  -8.317  -64.649  40.081 0.1250000000
86626  -7.414  -64.019  39.105 0.1250000000
15765  -8.798  -64.131  40.110 0.1250000000
16378  -7.433  -63.576  39.570 0.1250000000
16369  -9.039  -63.387  40.171 0.1250000000
83856  -36.495  -46.960  17.389 0.1250000000
28860  -37.507  -44.601  16.215 0.1250000000
82784  -37.661  -43.781  15.828 0.1250000000
28292  -37.730  -45.485  15.784 0.1250000000
29478  -38.393  -42.460  15.342 0.1250000000
28867  -38.228  -44.380  15.302 0.1250000000
29477  -37.395  -42.617  15.680 0.1250000000
30102  -37.350  -41.707  15.131 0.1250000000
29476  -36.571  -42.046  15.348 0.1250000000
15773  -9.028  -64.570  39.592 0.1250000000
16379  -9.516  -63.886  39.691 0.1250000000
15065  -8.124  -65.067  39.577 0.1250000000
15070  -8.099  -65.536  38.825 0.1250000000
15784  -7.412  -64.822  37.845 0.1250000000
15069  -7.773  -65.387  38.531 0.1250000000
15771  -7.604  -64.334  39.714 0.1250000000
16367  -7.694  -63.784  40.133 0.1250000000
16973  -7.901  -62.910  40.433 0.1250000000
82215  -38.270  -43.497  15.259 0.1250000000
28868  -38.790  -44.152  14.761 0.1250000000
17000  -17.320  -62.807  37.488 0.1250000000
16375  -18.251  -63.461  40.686 0.1250000000
16391  -17.550  -62.946  38.347 0.1250000000
16364  -17.020  -63.904  40.983 0.1250000000
16989  -16.903  -62.590  39.025 0.1250000000
16996  -16.738  -62.439  38.166 0.1250000000
16999  -16.518  -62.452  37.329 0.1250000000
17007  -15.109  -62.606  35.544 0.1250000000
17003  -16.234  -62.630  36.533 0.1250000000
17011  -14.686  -62.453  34.760 0.1250000000
17661  -13.954  -61.966  34.135 0.1250000000
88075  -14.095  -62.083  33.329 0.1250000000
17665  -13.904  -61.886  32.588 0.1250000000
72140  -34.488  -51.073  29.341 0.1250000000
84250  -35.615  -51.211  30.576 0.1250000000
20985  -21.065  -55.758  34.704 0.1250000000
84457  -36.078  -51.471  31.178 0.1250000000
20990  -20.783  -56.235  34.639 0.1250000000
88674  -20.478  -56.385  35.399 0.1250000000
20991  -21.462  -56.011  33.992 0.1250000000
20989  -20.101  -56.645  34.863 0.1250000000
86808  -20.293  -56.551  34.102 0.1250000000
38367  -43.667  -27.904  11.413 0.1250000000
39464  -52.142  -26.072  18.074 0.1250000000
40092  -52.900  -25.720  17.703 0.1250000000
40093  -53.700  -25.289  17.423 0.1250000000
74779  -53.021  -25.584  16.722 0.1250000000
41959  -50.168  -22.807  8.111 0.1250000000
43341  -52.796  -20.698  7.848 0.1250000000
42660  -51.454  -21.517  8.442 0.1250000000
44583  -57.247  -18.326  13.350 0.1250000000
45205  -56.708  -17.819  12.465 0.1250000000
45200  -57.221  -17.382  13.381 0.1250000000
79238  -56.481  -16.960  12.426 0.1250000000
83751  -56.504  -16.550  11.331 0.1250000000
45822  -56.185  -16.228  11.961 0.1250000000
83232  -56.899  -15.952  10.834 0.1250000000
46419  -57.291  -15.187  10.424 0.1250000000
46420  -57.891  -14.792  9.613 0.1250000000
46412  -56.621  -15.465  11.390 0.1250000000
45815  -56.869  -16.600  13.120 0.1250000000
46435  -58.229  -15.080  8.931 0.1250000000
75785  -33.946  -50.183  29.053 0.1250000000
39463  -51.468  -26.355  17.644 0.1250000000
86747  -45.396  -28.354  10.223 0.1250000000
81811  -49.840  -23.299  8.300 0.1250000000
15769  -16.175  -64.053  41.082 0.1250000000
43345  -53.602  -20.319  7.578 0.1250000000
44582  -56.880  -18.717  12.711 0.1250000000
16383  -17.798  -63.255  39.344 0.1250000000
76594  -14.681  -62.491  33.711 0.1250000000
37819  -43.976  -28.534  10.851 0.1250000000
78840  -44.785  -29.007  10.280 0.1250000000
15057  -7.971  -64.571  40.127 0.1250000000
15066  -9.258  -64.997  38.981 0.3750000000
15777  -7.580  -64.607  38.913 0.1250000000
16368  -8.186  -63.881  40.352 0.1250000000
16401  -7.190  -63.787  36.620 0.1250000000
19016  -13.498  -59.025  31.111 0.1250000000
19622  -13.241  -58.787  31.937 0.2500000000
20363  -21.994  -57.113  26.238 0.1250000000
24729  -29.178  -49.084  39.977 0.1250000000
25358  -29.177  -48.890  40.663 0.1250000000
25359  -29.449  -48.959  40.592 0.1250000000
25363  -30.183  -48.659  40.158 0.1250000000
25371  -30.158  -48.534  39.903 0.1250000000
25939  -28.810  -48.658  40.616 0.1250000000
25940  -29.035  -48.333  40.960 0.1250000000
25941  -29.470  -48.881  40.879 0.1250000000
25946  -30.541  -48.857  40.945 0.1250000000
26481  -30.105  -47.775  41.267 0.1250000000
26503  -37.408  -45.476  36.078 0.5000000000
26511  -37.510  -45.745  35.871 0.6250000000
26984  -29.326  -47.720  40.575 0.1250000000
26985  -29.905  -47.679  40.192 0.1250000000
27004  -36.905  -45.505  36.289 0.3750000000
27005  -37.631  -45.050  36.428 0.3750000000
27557  -38.988  -44.983  37.547 0.3750000000
28098  -38.562  -44.057  38.409 0.2500000000
28108  -38.088  -44.321  37.515 0.2500000000
28109  -38.735  -44.583  38.135 0.3750000000
28110  -39.119  -44.304  38.041 0.3750000000
28111  -39.483  -44.376  37.519 0.3750000000
28124  -40.451  -44.631  36.911 0.3750000000
28310  -39.167  -44.847  14.515 0.1250000000
28689  -39.280  -43.774  38.203 0.2500000000
28691  -40.143  -43.796  37.580 0.1250000000
28698  -38.156  -43.782  37.272 0.1250000000
28699  -40.189  -44.081  37.268 0.3750000000
29261  -38.705  -43.627  37.272 0.1250000000
29262  -39.310  -43.497  37.289 0.1250000000
29263  -40.115  -43.437  37.630 0.1250000000
30648  -35.586  -40.031  24.913 0.7500000000
30680  -34.887  -40.902  21.483 0.7500000000
31890  -36.121  -38.947  24.608 0.8750000000
74206  -36.873  -37.095  20.313 1.0000000000
77244  -15.753  -58.579  29.435 0.1250000000
78766  -13.197  -60.554  33.913 0.1250000000
79749  -30.347  -47.601  40.798 0.1250000000
80712  -11.575  -64.208  37.848 0.3750000000
86473  -35.561  -40.833  14.581 0.5000000000
87205  -38.663  -44.832  14.972 0.1250000000
88617  -38.320  -42.169  26.381 0.7500000000
