#!ascii label  , from subject sub-01 vox2ras=TkReg
921
72221  -47.822  -47.125  24.975 0.0000000000
22418  -37.424  -53.767  24.562 0.0000000000
30139  -47.737  -41.929  11.279 0.0000000000
26642  -42.608  -47.586  17.539 0.0000000000
86023  -48.562  -42.484  18.579 0.0000000000
21719  -46.754  -55.354  28.695 0.0000000000
21797  -40.059  -55.198  19.098 0.0000000000
23148  -44.088  -53.347  19.319 0.0000000000
19060  -31.013  -58.956  23.257 0.0000000000
33359  -50.942  -36.518  12.779 0.0000000000
22497  -30.991  -54.839  15.011 0.0000000000
26619  -45.505  -47.312  21.650 0.0000000000
27693  -45.434  -45.540  18.538 0.0000000000
28242  -48.942  -44.973  22.494 0.0000000000
24866  -48.211  -50.322  26.788 0.0000000000
81466  -46.106  -53.801  23.385 0.0000000000
24878  -45.095  -50.399  22.498 0.0000000000
24906  -43.379  -50.530  18.363 0.0000000000
34705  -54.024  -34.356  11.379 0.0000000000
21106  -33.376  -56.429  23.485 0.0000000000
20414  -31.265  -56.968  19.979 0.0000000000
22457  -34.390  -54.018  20.856 0.0000000000
30111  -47.191  -41.779  14.836 0.0000000000
21084  -41.956  -56.102  26.687 0.0000000000
22443  -39.567  -54.287  22.313 0.0000000000
21108  -43.853  -56.961  23.141 0.0000000000
21801  -42.978  -54.437  19.545 0.0000000000
17759  -27.539  -61.560  22.902 0.0000000000
31321  -50.621  -39.893  17.043 0.0000000000
81588  -46.632  -40.209  12.775 0.0000000000
77085  -46.269  -38.174  11.590 0.0000000000
32022  -49.149  -38.766  10.425 0.0000000000
32755  -52.547  -37.061  9.224 0.0000000000
18487  -27.736  -60.083  18.830 0.0000000000
75272  -36.657  -53.110  16.676 0.0000000000
84003  -46.757  -46.650  23.762 0.0000000000
73210  -47.296  -45.633  22.289 0.0000000000
86285  -48.361  -45.883  23.599 0.0000000000
26101  -48.085  -48.910  26.028 0.0000000000
24873  -46.917  -50.593  24.942 0.0000000000
73183  -46.580  -48.212  24.488 0.0000000000
75790  -45.255  -48.806  22.236 0.0000000000
29530  -49.489  -42.104  10.643 0.0000000000
30155  -49.778  -40.929  9.711 0.0000000000
22427  -35.000  -54.507  24.019 0.0000000000
76610  -33.676  -55.124  22.114 0.0000000000
22429  -36.245  -53.834  23.121 0.0000000000
27162  -42.583  -46.484  15.556 0.0000000000
28278  -47.249  -44.029  18.885 0.0000000000
28285  -45.387  -44.606  17.150 0.0000000000
28856  -46.468  -43.241  17.352 0.0000000000
28871  -46.178  -42.951  15.478 0.0000000000
29474  -47.703  -41.829  16.471 0.0000000000
20359  -44.994  -56.690  27.911 0.0000000000
21093  -42.866  -56.607  25.296 0.0000000000
21094  -45.569  -56.370  25.519 0.0000000000
23132  -44.564  -52.898  21.114 0.0000000000
22454  -44.326  -54.433  21.650 0.0000000000
77465  -44.034  -53.741  20.062 0.0000000000
76628  -42.091  -49.189  17.474 0.0000000000
30733  -49.153  -39.938  15.123 0.0000000000
32016  -47.751  -38.473  11.243 0.0000000000
32742  -50.381  -37.539  11.029 0.0000000000
76328  -51.376  -37.699  9.719 0.0000000000
32750  -52.054  -37.163  11.038 0.0000000000
34718  -54.183  -34.598  9.718 0.0000000000
18457  -29.321  -60.527  23.022 0.0000000000
18477  -27.445  -60.485  20.385 0.0000000000
19081  -29.016  -59.044  20.842 0.0000000000
21158  -30.694  -55.640  17.753 0.0000000000
20434  -29.097  -57.120  16.819 0.0000000000
21183  -29.601  -56.464  15.549 0.0000000000
22459  -39.633  -54.582  20.507 0.0000000000
23147  -37.985  -53.648  19.547 0.0000000000
22481  -38.811  -54.105  18.199 0.0000000000
26627  -44.767  -48.036  19.246 0.0000000000
27139  -44.627  -46.814  18.321 0.0000000000
27126  -45.985  -46.046  20.295 0.0000000000
28260  -47.129  -45.027  20.130 0.0000000000
28836  -48.839  -43.843  20.347 0.0000000000
23797  -47.680  -52.641  27.503 0.0000000000
22409  -47.060  -54.221  25.202 0.0000000000
23803  -47.324  -52.464  25.419 0.0000000000
24357  -45.554  -51.595  23.112 0.0000000000
87605  -44.752  -51.601  20.699 0.0000000000
24373  -44.003  -51.795  18.823 0.0000000000
24899  -44.650  -50.560  19.740 0.0000000000
25544  -44.876  -49.170  20.009 0.0000000000
33362  -53.376  -36.016  12.480 0.0000000000
35377  -53.375  -33.818  12.629 0.0000000000
19695  -32.235  -57.858  23.129 0.0000000000
20409  -30.678  -57.579  21.311 0.0000000000
21124  -32.697  -56.532  21.663 0.0000000000
21784  -32.992  -55.575  20.365 0.0000000000
22478  -32.822  -54.441  18.269 0.0000000000
27710  -44.319  -45.606  16.191 0.0000000000
28885  -46.743  -43.370  13.089 0.0000000000
30137  -47.012  -41.784  12.186 0.0000000000
22396  -40.889  -53.664  25.761 0.0000000000
22431  -38.809  -53.873  23.660 0.0000000000
21751  -41.380  -54.612  24.661 0.0000000000
21761  -41.953  -55.244  23.502 0.0000000000
21778  -41.800  -54.903  21.856 0.0000000000
21110  -45.252  -56.230  23.463 0.0000000000
21126  -43.832  -55.948  22.230 0.0000000000
21799  -41.525  -55.024  19.236 0.0000000000
72224  -49.325  -45.152  25.828 0.0000000000
23104  -39.621  -52.915  25.877 0.0000000000
20319  -43.894  -56.427  29.644 0.0000000000
20323  -47.159  -56.207  29.977 0.0000000000
28229  -51.522  -44.520  24.208 0.0000000000
28829  -51.401  -43.081  22.495 0.0000000000
30062  -51.026  -41.567  20.260 0.0000000000
30691  -52.860  -39.934  19.464 0.0000000000
30080  -49.735  -41.337  17.849 0.0000000000
30108  -49.547  -40.543  15.745 0.0000000000
30124  -47.379  -40.781  13.695 0.0000000000
81784  -46.903  -41.079  11.824 0.0000000000
32014  -46.194  -39.000  11.822 0.0000000000
31361  -47.252  -39.738  11.192 0.0000000000
30754  -48.373  -40.435  10.452 0.0000000000
31371  -50.541  -39.514  8.905 0.0000000000
34042  -53.366  -36.236  10.800 0.0000000000
17765  -25.122  -61.177  21.381 0.0000000000
82102  -26.299  -60.966  17.570 0.0000000000
83176  -29.292  -58.190  19.560 0.0000000000
19099  -27.366  -58.818  16.464 0.0000000000
23130  -36.469  -53.517  21.542 0.0000000000
23144  -35.634  -53.250  19.439 0.0000000000
23180  -34.190  -53.294  16.278 0.0000000000
22540  -36.045  -54.549  13.603 0.0000000000
84927  -47.023  -47.228  24.507 0.0000000000
84188  -47.477  -46.022  23.291 0.0000000000
72219  -47.817  -46.447  24.206 0.0000000000
85101  -47.922  -47.715  25.425 0.0000000000
26106  -47.145  -48.765  25.060 0.0000000000
26599  -47.319  -47.882  25.064 0.0000000000
86358  -46.382  -47.436  23.980 0.0000000000
29529  -48.567  -42.006  10.917 0.0000000000
30145  -49.847  -41.603  10.119 0.0000000000
30144  -49.022  -41.230  10.335 0.0000000000
75339  -35.938  -54.046  23.943 0.0000000000
22428  -35.404  -54.111  23.385 0.0000000000
75208  -36.888  -53.930  23.889 0.0000000000
26156  -41.824  -47.931  15.218 0.0000000000
26655  -42.213  -46.525  16.008 0.0000000000
28840  -47.884  -43.734  19.049 0.0000000000
28848  -46.811  -43.639  18.177 0.0000000000
28857  -47.223  -42.897  17.820 0.0000000000
29464  -47.001  -42.504  16.991 0.0000000000
29456  -47.995  -42.657  18.198 0.0000000000
75245  -46.443  -55.915  28.489 0.0000000000
20372  -44.978  -56.742  26.970 0.0000000000
21087  -46.272  -55.761  26.569 0.0000000000
23140  -44.357  -53.082  20.249 0.0000000000
74954  -44.287  -53.692  20.965 0.0000000000
21802  -43.538  -54.531  18.466 0.0000000000
26147  -41.726  -48.303  17.140 0.0000000000
25573  -41.744  -49.886  15.996 0.0000000000
25574  -41.872  -49.127  15.484 0.0000000000
88853  -49.681  -37.322  11.622 0.0000000000
32727  -50.437  -36.975  12.182 0.0000000000
32743  -51.301  -37.207  11.611 0.0000000000
32744  -52.115  -37.010  12.090 0.0000000000
18458  -30.024  -60.197  23.332 0.0000000000
18469  -29.040  -60.168  22.135 0.0000000000
19070  -29.862  -58.820  22.177 0.0000000000
21838  -30.677  -54.647  16.352 0.0000000000
21170  -29.576  -55.909  16.133 0.0000000000
21836  -29.811  -55.797  15.418 0.0000000000
20453  -30.721  -57.580  14.838 0.0000000000
21195  -30.875  -56.048  14.184 0.0000000000
21785  -40.067  -55.061  19.995 0.0000000000
22468  -39.560  -54.659  19.637 0.0000000000
22482  -39.511  -54.675  18.699 0.0000000000
26628  -45.170  -47.512  19.945 0.0000000000
26636  -44.917  -47.169  19.101 0.0000000000
76019  -45.511  -46.790  20.379 0.0000000000
27677  -48.141  -45.166  21.999 0.0000000000
27676  -47.535  -45.276  21.557 0.0000000000
28254  -48.016  -44.906  21.179 0.0000000000
28262  -48.508  -44.445  20.747 0.0000000000
28263  -49.095  -44.042  21.183 0.0000000000
24341  -48.243  -51.126  27.391 0.0000000000
23800  -47.482  -52.628  26.210 0.0000000000
24347  -47.553  -51.698  25.989 0.0000000000
24875  -45.912  -50.506  23.770 0.0000000000
24350  -46.441  -51.029  24.333 0.0000000000
24879  -45.442  -50.866  23.161 0.0000000000
24356  -45.087  -51.293  22.392 0.0000000000
83305  -44.870  -50.651  21.695 0.0000000000
78467  -44.751  -50.802  20.695 0.0000000000
90199  -44.957  -50.010  21.919 0.0000000000
82120  -45.397  -48.039  21.924 0.0000000000
87943  -44.956  -48.708  20.500 0.0000000000
88076  -45.126  -48.080  20.608 0.0000000000
26129  -44.958  -48.418  19.912 0.0000000000
20407  -32.814  -57.176  23.237 0.0000000000
20406  -32.456  -57.138  22.360 0.0000000000
21116  -33.012  -56.524  22.553 0.0000000000
22448  -33.984  -54.528  21.469 0.0000000000
21776  -33.361  -55.251  21.266 0.0000000000
22456  -33.641  -54.611  20.505 0.0000000000
21814  -33.023  -54.705  19.107 0.0000000000
22465  -33.630  -54.353  19.588 0.0000000000
27146  -44.841  -45.995  18.020 0.0000000000
27153  -44.004  -46.195  16.685 0.0000000000
82902  -45.141  -45.269  17.688 0.0000000000
28295  -45.232  -44.252  16.102 0.0000000000
27711  -44.827  -45.004  16.361 0.0000000000
82800  -46.661  -42.355  15.571 0.0000000000
85615  -46.598  -42.652  14.598 0.0000000000
29487  -46.896  -42.654  13.483 0.0000000000
29500  -47.080  -42.605  12.645 0.0000000000
79989  -47.163  -41.709  13.746 0.0000000000
21744  -41.410  -54.610  25.541 0.0000000000
22408  -40.754  -53.819  24.919 0.0000000000
21745  -41.794  -55.395  25.281 0.0000000000
21100  -43.635  -57.114  23.826 0.0000000000
21753  -42.435  -55.965  23.843 0.0000000000
21762  -42.556  -55.809  23.126 0.0000000000
21771  -41.920  -55.069  22.727 0.0000000000
21772  -42.512  -55.480  22.517 0.0000000000
22422  -46.867  -54.480  24.452 0.0000000000
21755  -46.635  -55.241  24.246 0.0000000000
88443  -46.178  -55.221  23.609 0.0000000000
21789  -43.370  -54.461  20.530 0.0000000000
21781  -43.923  -55.092  21.591 0.0000000000
21788  -42.582  -54.622  20.273 0.0000000000
76518  -42.171  -54.806  21.107 0.0000000000
24372  -43.219  -51.474  18.255 0.0000000000
20321  -45.315  -56.615  30.029 0.0000000000
23794  -48.756  -52.075  29.033 0.0000000000
88427  -50.053  -44.865  25.043 0.0000000000
28805  -52.373  -43.593  23.881 0.0000000000
29415  -52.342  -42.346  22.761 0.0000000000
29428  -51.368  -42.448  21.890 0.0000000000
30055  -52.519  -41.198  21.214 0.0000000000
31315  -51.802  -39.791  18.287 0.0000000000
30082  -51.338  -40.686  18.467 0.0000000000
30704  -50.640  -40.177  17.061 0.0000000000
30088  -50.086  -40.737  17.011 0.0000000000
30711  -50.114  -40.343  16.263 0.0000000000
83633  -47.769  -39.966  14.052 0.0000000000
30731  -48.038  -40.255  14.201 0.0000000000
30745  -47.224  -40.297  13.572 0.0000000000
30744  -46.961  -40.941  13.012 0.0000000000
30747  -46.722  -40.857  12.250 0.0000000000
32021  -48.281  -39.004  10.774 0.0000000000
32020  -47.606  -39.180  11.036 0.0000000000
31363  -47.935  -39.743  10.736 0.0000000000
31364  -48.670  -39.625  10.281 0.0000000000
30763  -49.895  -40.098  9.334 0.0000000000
31370  -49.964  -39.361  9.459 0.0000000000
74499  -51.953  -37.299  9.929 0.0000000000
32039  -51.459  -38.428  8.520 0.0000000000
32754  -51.802  -37.669  8.915 0.0000000000
34022  -53.587  -35.299  12.190 0.0000000000
34033  -53.630  -35.851  11.658 0.0000000000
34034  -53.788  -35.050  11.435 0.0000000000
18483  -28.020  -60.176  19.773 0.0000000000
18476  -26.796  -60.595  19.987 0.0000000000
18481  -26.592  -60.669  19.243 0.0000000000
17787  -25.911  -61.293  18.110 0.0000000000
18486  -27.049  -60.385  18.521 0.0000000000
20413  -30.556  -57.399  20.470 0.0000000000
19722  -29.887  -57.773  20.028 0.0000000000
20427  -30.380  -57.236  19.559 0.0000000000
19733  -28.693  -57.877  17.026 0.0000000000
18514  -28.993  -60.018  14.995 0.0000000000
82645  -39.037  -54.022  22.985 0.0000000000
22441  -37.810  -53.905  22.510 0.0000000000
22450  -38.231  -53.984  21.921 0.0000000000
23159  -37.304  -53.354  18.096 0.0000000000
23145  -36.406  -53.199  19.264 0.0000000000
23157  -35.818  -53.113  18.014 0.0000000000
23166  -35.090  -53.218  17.534 0.0000000000
23181  -35.099  -53.151  16.602 0.0000000000
87639  -34.388  -55.436  13.411 0.0000000000
84238  -45.879  -46.721  22.210 0.0000000000
84002  -46.411  -46.029  21.868 0.0000000000
73062  -46.488  -46.202  22.857 0.0000000000
74122  -48.282  -45.552  22.845 0.0000000000
74391  -49.205  -45.383  23.453 0.0000000000
25505  -48.329  -49.355  26.630 0.0000000000
24869  -47.746  -50.720  26.064 0.0000000000
80178  -47.615  -49.306  25.519 0.0000000000
78948  -46.659  -49.141  24.605 0.0000000000
25515  -45.614  -49.088  23.160 0.0000000000
25520  -45.149  -49.609  22.481 0.0000000000
26111  -46.036  -48.188  23.602 0.0000000000
26117  -45.628  -48.138  22.744 0.0000000000
30765  -51.090  -40.918  8.830 0.0000000000
21759  -34.279  -55.117  23.662 0.0000000000
21117  -33.480  -55.782  22.727 0.0000000000
22438  -34.685  -54.489  23.154 0.0000000000
22437  -34.335  -54.447  22.330 0.0000000000
22449  -34.742  -53.973  21.659 0.0000000000
28269  -46.983  -44.727  19.381 0.0000000000
28276  -45.746  -44.808  18.147 0.0000000000
28277  -46.497  -44.392  18.569 0.0000000000
28286  -46.080  -44.049  17.733 0.0000000000
28855  -45.811  -43.735  16.778 0.0000000000
28862  -45.693  -43.496  15.816 0.0000000000
28863  -46.285  -42.873  16.358 0.0000000000
29473  -46.922  -42.239  16.267 0.0000000000
30096  -47.340  -41.797  15.729 0.0000000000
20345  -43.226  -56.864  27.509 0.0000000000
21085  -42.605  -56.526  26.257 0.0000000000
20370  -43.752  -57.169  26.152 0.0000000000
20379  -44.302  -57.151  25.463 0.0000000000
20388  -44.593  -56.992  24.625 0.0000000000
23125  -45.386  -53.240  22.692 0.0000000000
22445  -45.357  -54.148  22.776 0.0000000000
23133  -44.724  -53.653  21.980 0.0000000000
22462  -43.929  -54.276  20.746 0.0000000000
22461  -43.526  -54.082  19.846 0.0000000000
21819  -43.039  -54.933  18.809 0.0000000000
89458  -43.305  -54.310  19.064 0.0000000000
25549  -42.652  -49.930  17.875 0.0000000000
24917  -41.856  -50.665  16.402 0.0000000000
31969  -50.216  -39.547  16.978 0.0000000000
31335  -49.676  -39.895  15.657 0.0000000000
31326  -49.351  -39.470  15.946 0.0000000000
31333  -48.304  -39.487  15.003 0.0000000000
31354  -46.988  -39.863  13.598 0.0000000000
32740  -47.103  -37.784  11.620 0.0000000000
32741  -48.031  -37.687  11.640 0.0000000000
78704  -49.427  -37.878  10.971 0.0000000000
32023  -49.958  -38.262  10.299 0.0000000000
32024  -50.745  -37.953  10.058 0.0000000000
32749  -51.293  -37.478  10.556 0.0000000000
33384  -52.655  -36.780  10.307 0.0000000000
36023  -54.213  -33.169  9.970 0.0000000000
75832  -54.228  -34.025  10.052 0.0000000000
35398  -54.117  -33.984  9.146 0.0000000000
17760  -28.107  -61.311  22.663 0.0000000000
17766  -27.579  -60.833  21.608 0.0000000000
18468  -28.366  -60.542  21.842 0.0000000000
18478  -28.144  -60.311  20.807 0.0000000000
19080  -28.543  -59.667  20.270 0.0000000000
21147  -31.265  -56.115  18.582 0.0000000000
20432  -30.050  -57.035  18.594 0.0000000000
21157  -29.945  -56.057  17.163 0.0000000000
20441  -29.166  -56.872  16.049 0.0000000000
19745  -28.950  -58.360  15.469 0.0000000000
77398  -29.188  -59.240  15.233 0.0000000000
19746  -29.911  -57.825  15.363 0.0000000000
22452  -39.663  -54.466  21.356 0.0000000000
23139  -38.239  -53.927  21.118 0.0000000000
22458  -38.804  -54.076  20.191 0.0000000000
23160  -38.045  -53.674  18.619 0.0000000000
23169  -38.072  -53.658  17.691 0.0000000000
26142  -44.066  -48.106  18.020 0.0000000000
26643  -43.942  -46.850  17.231 0.0000000000
26635  -44.480  -47.650  18.508 0.0000000000
27140  -45.128  -46.315  18.859 0.0000000000
27131  -45.773  -45.830  19.351 0.0000000000
27121  -46.347  -45.909  21.087 0.0000000000
27681  -46.682  -45.484  20.608 0.0000000000
27687  -46.458  -45.360  19.791 0.0000000000
88717  -47.472  -44.736  19.816 0.0000000000
28270  -47.815  -44.342  19.529 0.0000000000
28842  -49.098  -43.074  19.940 0.0000000000
22389  -46.911  -53.973  27.809 0.0000000000
21088  -46.593  -55.045  26.650 0.0000000000
23105  -47.365  -53.494  26.524 0.0000000000
23113  -47.302  -53.363  25.528 0.0000000000
76975  -46.988  -52.965  24.347 0.0000000000
24351  -46.980  -51.504  24.800 0.0000000000
23810  -46.701  -52.061  24.106 0.0000000000
86375  -45.883  -52.881  23.205 0.0000000000
23813  -45.363  -52.257  22.705 0.0000000000
23818  -44.766  -52.129  21.221 0.0000000000
23817  -44.644  -52.251  20.319 0.0000000000
23829  -44.128  -52.599  19.008 0.0000000000
78734  -44.483  -51.993  19.498 0.0000000000
24367  -44.381  -51.182  19.276 0.0000000000
24898  -44.219  -50.293  18.904 0.0000000000
25530  -44.959  -49.381  21.675 0.0000000000
25543  -44.623  -49.701  19.485 0.0000000000
25551  -44.305  -49.329  18.789 0.0000000000
78661  -43.910  -48.894  18.333 0.0000000000
78897  -52.252  -36.327  13.218 0.0000000000
34016  -52.629  -35.496  13.250 0.0000000000
34695  -53.460  -34.654  12.452 0.0000000000
85975  -53.831  -33.992  12.251 0.0000000000
35387  -54.444  -33.148  11.721 0.0000000000
82389  -54.369  -32.190  10.463 0.0000000000
19690  -31.828  -58.718  23.546 0.0000000000
19693  -30.544  -58.444  22.559 0.0000000000
20405  -31.767  -57.565  22.234 0.0000000000
89911  -31.323  -57.404  21.592 0.0000000000
20415  -31.824  -56.873  20.586 0.0000000000
21125  -33.209  -55.899  21.899 0.0000000000
21130  -32.449  -56.444  20.692 0.0000000000
21139  -32.414  -56.175  19.751 0.0000000000
21148  -32.101  -55.880  18.945 0.0000000000
21825  -32.021  -54.709  17.756 0.0000000000
22485  -31.681  -54.254  16.746 0.0000000000
27144  -43.918  -46.767  17.243 0.0000000000
27709  -43.663  -45.927  16.000 0.0000000000
88632  -44.981  -45.117  17.077 0.0000000000
29515  -47.175  -42.540  12.101 0.0000000000
30138  -47.213  -41.840  11.755 0.0000000000
22419  -38.521  -53.638  24.506 0.0000000000
22430  -37.872  -53.873  23.863 0.0000000000
22420  -39.654  -53.509  24.643 0.0000000000
22421  -40.478  -54.016  24.062 0.0000000000
22433  -40.715  -54.285  23.338 0.0000000000
21098  -42.262  -56.003  24.911 0.0000000000
21760  -41.350  -54.656  23.823 0.0000000000
22444  -40.483  -54.374  22.632 0.0000000000
22453  -40.306  -54.540  21.760 0.0000000000
21777  -40.824  -54.701  21.314 0.0000000000
21786  -40.543  -54.933  20.396 0.0000000000
21746  -46.481  -55.408  25.773 0.0000000000
21102  -45.954  -56.199  24.163 0.0000000000
21109  -44.386  -56.892  23.425 0.0000000000
77989  -45.219  -55.007  22.785 0.0000000000
75139  -44.124  -56.039  22.311 0.0000000000
21119  -44.018  -56.651  22.672 0.0000000000
21779  -42.838  -55.341  22.040 0.0000000000
21787  -41.280  -54.824  20.811 0.0000000000
23836  -43.213  -53.004  17.723 0.0000000000
73178  -48.564  -47.067  26.219 0.0000000000
73071  -48.681  -46.363  25.492 0.0000000000
18445  -28.879  -61.296  23.525 0.0000000000
19055  -31.484  -59.515  23.880 0.0000000000
19683  -32.417  -58.868  24.627 0.0000000000
19692  -32.645  -58.076  24.407 0.0000000000
21750  -34.308  -55.156  24.438 0.0000000000
22416  -35.582  -54.107  24.646 0.0000000000
22404  -36.883  -53.701  25.214 0.0000000000
22406  -38.833  -53.224  25.406 0.0000000000
22395  -40.274  -53.088  25.692 0.0000000000
21728  -41.686  -55.445  27.061 0.0000000000
88300  -41.950  -55.947  28.285 0.0000000000
21064  -42.576  -56.474  28.094 0.0000000000
20347  -44.274  -56.918  28.410 0.0000000000
20349  -45.985  -56.542  29.240 0.0000000000
21068  -47.685  -55.703  29.375 0.0000000000
21711  -46.883  -54.564  28.782 0.0000000000
23090  -47.369  -52.757  28.268 0.0000000000
24338  -48.342  -51.680  29.003 0.0000000000
73601  -48.218  -47.950  26.057 0.0000000000
72220  -49.069  -45.869  24.818 0.0000000000
73407  -49.650  -45.471  24.213 0.0000000000
27670  -49.833  -44.723  22.926 0.0000000000
28795  -51.633  -43.736  24.653 0.0000000000
28244  -51.650  -44.269  23.523 0.0000000000
28816  -50.259  -44.019  22.448 0.0000000000
28827  -49.762  -43.587  21.606 0.0000000000
29437  -49.697  -42.546  20.291 0.0000000000
29447  -49.509  -42.254  19.459 0.0000000000
30072  -51.667  -40.906  19.386 0.0000000000
30071  -50.922  -41.316  19.289 0.0000000000
29458  -49.221  -41.999  18.650 0.0000000000
30087  -49.376  -41.310  17.180 0.0000000000
30097  -48.695  -41.211  15.895 0.0000000000
30106  -47.996  -41.119  15.201 0.0000000000
30718  -49.411  -40.159  15.370 0.0000000000
30113  -48.376  -40.530  14.684 0.0000000000
30112  -47.647  -40.929  14.315 0.0000000000
30135  -47.065  -41.788  12.783 0.0000000000
30142  -47.361  -41.159  11.354 0.0000000000
31353  -46.248  -39.562  12.925 0.0000000000
31357  -46.353  -39.793  12.151 0.0000000000
32015  -46.953  -38.873  11.442 0.0000000000
31360  -46.673  -39.713  11.656 0.0000000000
30749  -46.647  -40.386  11.858 0.0000000000
30750  -47.005  -40.427  11.477 0.0000000000
30753  -47.615  -40.456  10.970 0.0000000000
30143  -48.057  -41.214  10.817 0.0000000000
30764  -50.542  -40.277  8.855 0.0000000000
30776  -51.092  -40.080  8.337 0.0000000000
32029  -50.409  -38.697  9.521 0.0000000000
31379  -51.237  -39.232  8.325 0.0000000000
31380  -51.727  -39.738  7.751 0.0000000000
33361  -52.723  -36.491  12.508 0.0000000000
33372  -52.732  -36.690  11.481 0.0000000000
74776  -53.988  -35.266  9.819 0.0000000000
33389  -53.789  -35.922  9.830 0.0000000000
33388  -53.275  -36.452  9.446 0.0000000000
17773  -26.718  -60.743  20.834 0.0000000000
19698  -29.561  -58.513  21.347 0.0000000000
19087  -28.892  -58.880  19.892 0.0000000000
19720  -28.370  -59.486  19.153 0.0000000000
78528  -29.251  -57.487  18.019 0.0000000000
19726  -28.336  -58.991  18.124 0.0000000000
19090  -27.320  -59.871  17.866 0.0000000000
90160  -26.501  -60.045  16.729 0.0000000000
81361  -37.325  -53.878  23.191 0.0000000000
23124  -36.072  -53.620  22.292 0.0000000000
74857  -35.797  -53.427  21.042 0.0000000000
23138  -37.224  -53.591  20.889 0.0000000000
76389  -36.192  -53.237  19.924 0.0000000000
23143  -34.874  -53.533  19.682 0.0000000000
76713  -34.088  -53.744  18.462 0.0000000000
22499  -33.150  -53.810  17.062 0.0000000000
23178  -32.726  -53.667  15.836 0.0000000000
22500  -38.773  -53.982  16.266 0.0000000000
23196  -37.276  -53.416  15.540 0.0000000000
23210  -36.542  -53.306  15.257 0.0000000000
23208  -34.768  -53.631  14.882 0.0000000000
22527  -33.501  -54.396  14.347 0.0000000000
21857  -32.174  -55.254  14.023 0.0000000000
84022  -48.469  -46.475  24.878 0.0000000000
84488  -48.293  -47.108  25.532 0.0000000000
26150  -41.595  -48.005  16.061 0.0000000000
88106  -41.919  -47.170  15.612 0.0000000000
26648  -42.026  -47.135  16.731 0.0000000000
28850  -48.201  -43.115  18.861 0.0000000000
28849  -47.541  -43.340  18.521 0.0000000000
21077  -46.032  -56.030  27.475 0.0000000000
21078  -46.371  -55.436  27.586 0.0000000000
23821  -44.410  -52.655  19.691 0.0000000000
25565  -41.659  -49.057  16.492 0.0000000000
79348  -41.722  -48.544  15.664 0.0000000000
32728  -51.435  -36.841  12.493 0.0000000000
19059  -30.254  -59.263  22.952 0.0000000000
19058  -29.636  -59.716  22.541 0.0000000000
87143  -30.564  -54.768  15.585 0.0000000000
21837  -30.025  -55.174  15.864 0.0000000000
21184  -30.403  -55.417  14.928 0.0000000000
26622  -45.342  -47.332  20.848 0.0000000000
28255  -48.709  -44.670  21.596 0.0000000000
24344  -47.980  -51.183  26.605 0.0000000000
25521  -45.443  -50.022  23.178 0.0000000000
89092  -45.280  -47.875  21.265 0.0000000000
22466  -34.217  -53.944  20.057 0.0000000000
21737  -41.678  -55.460  26.164 0.0000000000
21107  -43.132  -56.554  23.443 0.0000000000
21118  -43.309  -56.233  22.703 0.0000000000
23121  -46.816  -53.798  24.026 0.0000000000
21765  -46.529  -54.775  23.829 0.0000000000
21800  -42.386  -54.865  19.261 0.0000000000
24378  -42.535  -51.467  17.501 0.0000000000
29429  -52.106  -41.979  21.939 0.0000000000
31314  -51.129  -39.667  17.840 0.0000000000
30705  -51.265  -40.025  17.709 0.0000000000
30697  -51.245  -40.256  17.778 0.0000000000
31328  -50.267  -40.025  16.257 0.0000000000
32011  -45.772  -39.084  12.321 0.0000000000
31365  -49.375  -39.517  9.807 0.0000000000
32028  -49.759  -38.931  9.901 0.0000000000
17758  -26.850  -61.621  23.124 0.0000000000
18482  -27.288  -60.402  19.453 0.0000000000
18513  -28.157  -60.193  14.760 0.0000000000
22442  -38.656  -54.067  22.447 0.0000000000
75647  -36.595  -53.140  17.586 0.0000000000
23158  -36.530  -53.178  18.461 0.0000000000
23167  -35.870  -53.024  17.060 0.0000000000
23195  -35.951  -53.013  16.004 0.0000000000
84081  -45.966  -47.168  23.159 0.0000000000
25509  -47.963  -49.809  26.052 0.0000000000
77798  -46.190  -49.068  23.994 0.0000000000
81522  -45.638  -47.473  22.346 0.0000000000
76885  -50.345  -40.763  9.230 0.0000000000
22439  -35.255  -53.918  22.549 0.0000000000
27170  -42.664  -46.919  15.136 0.0000000000
29465  -47.837  -42.201  17.406 0.0000000000
90122  -43.807  -57.097  27.751 0.0000000000
20357  -43.792  -57.139  27.015 0.0000000000
20358  -44.343  -57.049  27.441 0.0000000000
76468  -44.956  -56.734  26.041 0.0000000000
20380  -44.946  -56.758  25.275 0.0000000000
82496  -45.390  -56.492  24.733 0.0000000000
25558  -41.924  -49.907  17.003 0.0000000000
31978  -49.562  -39.331  16.754 0.0000000000
76363  -47.586  -39.588  14.405 0.0000000000
32725  -48.378  -36.938  12.167 0.0000000000
33358  -48.884  -36.302  12.542 0.0000000000
77952  -48.886  -37.475  11.628 0.0000000000
18456  -28.681  -60.882  22.753 0.0000000000
19069  -29.269  -59.300  21.724 0.0000000000
19068  -28.760  -59.895  21.231 0.0000000000
21146  -30.403  -56.379  18.153 0.0000000000
20451  -29.309  -57.301  15.598 0.0000000000
20452  -29.925  -57.061  15.207 0.0000000000
79779  -39.133  -54.189  20.981 0.0000000000
22467  -38.826  -54.117  19.159 0.0000000000
27130  -45.405  -46.607  19.652 0.0000000000
27682  -47.357  -45.170  20.863 0.0000000000
85835  -48.373  -44.296  20.032 0.0000000000
28841  -48.462  -43.646  19.547 0.0000000000
23099  -47.331  -53.345  27.313 0.0000000000
89281  -47.128  -53.943  27.186 0.0000000000
23106  -47.551  -52.806  26.896 0.0000000000
77904  -47.232  -52.959  24.907 0.0000000000
78383  -47.439  -50.205  25.518 0.0000000000
24868  -47.309  -51.098  25.437 0.0000000000
24354  -46.005  -51.379  23.677 0.0000000000
23809  -46.000  -52.186  23.448 0.0000000000
24359  -44.824  -51.402  21.426 0.0000000000
75981  -44.902  -51.943  21.962 0.0000000000
24361  -44.719  -51.404  20.001 0.0000000000
25538  -44.848  -49.296  20.820 0.0000000000
26143  -44.390  -48.496  18.664 0.0000000000
34688  -52.981  -34.739  12.895 0.0000000000
86000  -54.424  -32.959  10.979 0.0000000000
36021  -54.676  -32.422  11.557 0.0000000000
19691  -32.358  -58.431  23.936 0.0000000000
19694  -31.366  -58.173  22.839 0.0000000000
20410  -32.016  -57.048  21.405 0.0000000000
21769  -34.014  -55.076  22.904 0.0000000000
21131  -32.955  -55.971  21.164 0.0000000000
21795  -32.696  -55.407  19.441 0.0000000000
21813  -32.382  -55.095  18.627 0.0000000000
22486  -32.609  -54.168  17.380 0.0000000000
27152  -42.931  -46.650  16.902 0.0000000000
27700  -44.649  -45.638  17.056 0.0000000000
27719  -44.946  -44.907  15.206 0.0000000000
28895  -47.118  -43.249  12.399 0.0000000000
22407  -40.033  -53.192  25.274 0.0000000000
22432  -39.793  -54.063  23.282 0.0000000000
20369  -43.224  -56.871  25.929 0.0000000000
21092  -42.069  -56.089  25.783 0.0000000000
77887  -42.338  -55.986  24.358 0.0000000000
21770  -41.309  -54.637  23.026 0.0000000000
75907  -41.119  -54.636  22.211 0.0000000000
21738  -46.827  -54.671  25.836 0.0000000000
21764  -46.318  -55.683  23.858 0.0000000000
21754  -46.443  -55.722  24.426 0.0000000000
21101  -44.998  -56.686  24.032 0.0000000000
88556  -44.817  -54.486  22.307 0.0000000000
21773  -44.518  -55.191  22.236 0.0000000000
85163  -43.972  -56.488  22.458 0.0000000000
76918  -41.768  -54.814  20.097 0.0000000000
87393  -41.065  -54.993  20.000 0.0000000000
23828  -43.507  -52.403  18.345 0.0000000000
81004  -28.439  -61.650  23.312 0.0000000000
21736  -41.457  -54.624  26.440 0.0000000000
21718  -41.754  -55.458  27.856 0.0000000000
21055  -43.284  -56.162  29.446 0.0000000000
21054  -42.718  -55.636  29.135 0.0000000000
21065  -42.983  -56.364  28.833 0.0000000000
20346  -43.420  -56.810  28.301 0.0000000000
20335  -43.728  -56.631  29.049 0.0000000000
86998  -46.476  -56.141  30.208 0.0000000000
20338  -46.269  -56.855  29.722 0.0000000000
20339  -46.890  -57.003  29.956 0.0000000000
20350  -46.824  -56.753  29.549 0.0000000000
21046  -47.979  -55.854  29.762 0.0000000000
22369  -47.087  -54.637  29.157 0.0000000000
22370  -46.790  -53.764  28.623 0.0000000000
22381  -46.868  -53.736  28.318 0.0000000000
22371  -47.084  -52.951  28.422 0.0000000000
83447  -48.974  -50.955  29.035 0.0000000000
24858  -48.565  -50.913  28.392 0.0000000000
73049  -49.099  -45.760  25.381 0.0000000000
84565  -49.637  -45.374  24.874 0.0000000000
73681  -50.526  -44.989  24.320 0.0000000000
27663  -50.300  -45.046  23.699 0.0000000000
28233  -51.252  -44.742  23.847 0.0000000000
28818  -52.023  -43.401  23.201 0.0000000000
28804  -52.183  -44.130  23.818 0.0000000000
28817  -51.136  -43.752  22.830 0.0000000000
28243  -50.796  -44.502  23.253 0.0000000000
28828  -50.618  -43.100  21.977 0.0000000000
29427  -50.763  -42.254  21.192 0.0000000000
29426  -50.045  -42.821  21.078 0.0000000000
29438  -50.283  -42.158  20.556 0.0000000000
29448  -50.221  -41.840  19.795 0.0000000000
83590  -52.597  -39.461  19.298 0.0000000000
30686  -53.022  -40.449  20.324 0.0000000000
30685  -52.427  -40.454  19.446 0.0000000000
30081  -50.667  -40.711  17.720 0.0000000000
30070  -50.261  -41.460  18.715 0.0000000000
29457  -48.736  -41.920  17.850 0.0000000000
30098  -49.513  -40.954  16.420 0.0000000000
30719  -49.879  -40.160  15.793 0.0000000000
30755  -49.134  -40.309  9.904 0.0000000000
32030  -51.127  -38.199  9.269 0.0000000000
32051  -51.800  -38.823  7.857 0.0000000000
86521  -52.866  -36.041  13.149 0.0000000000
33373  -53.278  -36.293  11.868 0.0000000000
34714  -54.019  -34.659  10.580 0.0000000000
75892  -26.734  -61.097  21.963 0.0000000000
17772  -26.004  -60.790  20.013 0.0000000000
17786  -25.377  -61.471  18.586 0.0000000000
17794  -26.050  -61.676  17.336 0.0000000000
19700  -30.944  -57.821  22.079 0.0000000000
19699  -30.199  -58.097  21.775 0.0000000000
19709  -29.402  -58.343  20.456 0.0000000000
19721  -28.797  -58.639  18.937 0.0000000000
20435  -29.634  -56.723  17.581 0.0000000000
19732  -28.114  -58.529  17.131 0.0000000000
19094  -27.613  -59.183  17.396 0.0000000000
19093  -26.874  -59.564  16.804 0.0000000000
18515  -29.854  -59.810  15.451 0.0000000000
23131  -37.473  -53.739  21.749 0.0000000000
22440  -36.888  -53.703  22.423 0.0000000000
23129  -35.563  -53.612  21.692 0.0000000000
87420  -37.866  -53.675  20.345 0.0000000000
88558  -35.869  -53.137  18.773 0.0000000000
23136  -35.528  -53.378  20.308 0.0000000000
23156  -34.975  -53.377  18.625 0.0000000000
89637  -34.494  -53.315  17.066 0.0000000000
23165  -33.805  -53.519  17.086 0.0000000000
23179  -33.311  -53.554  16.403 0.0000000000
23193  -33.548  -53.535  15.661 0.0000000000
22515  -38.587  -54.091  15.337 0.0000000000
23197  -38.021  -53.617  15.861 0.0000000000
22514  -37.762  -53.847  15.068 0.0000000000
22530  -36.429  -53.818  14.363 0.0000000000
23209  -35.680  -53.360  15.007 0.0000000000
22529  -35.384  -53.979  14.178 0.0000000000
21869  -33.665  -55.633  13.475 0.0000000000
21859  -33.999  -54.929  13.771 0.0000000000
21858  -33.108  -55.105  13.909 0.0000000000
22526  -32.596  -54.520  14.504 0.0000000000
21208  -32.783  -55.839  13.585 0.0000000000
72218  -48.804  -45.934  24.202 0.0000000000
26100  -47.766  -48.432  25.506 0.0000000000
29516  -47.490  -42.575  11.678 0.0000000000
29517  -48.131  -42.698  11.345 0.0000000000
21066  -45.782  -56.330  28.369 0.0000000000
21076  -45.491  -56.409  27.428 0.0000000000
21086  -45.667  -56.302  26.505 0.0000000000
22469  -43.660  -53.905  19.216 0.0000000000
22483  -43.668  -53.937  18.572 0.0000000000
32726  -49.346  -36.883  12.254 0.0000000000
21824  -31.058  -54.892  17.314 0.0000000000
21823  -30.222  -55.311  16.778 0.0000000000
82939  -30.242  -56.475  14.771 0.0000000000
20463  -31.247  -56.952  14.220 0.0000000000
22460  -40.167  -54.757  20.862 0.0000000000
73720  -46.921  -45.563  21.396 0.0000000000
28261  -47.860  -44.754  20.290 0.0000000000
24337  -48.159  -51.905  28.032 0.0000000000
23801  -47.841  -51.999  26.940 0.0000000000
24872  -46.405  -49.974  24.373 0.0000000000
24883  -44.793  -50.014  21.181 0.0000000000
26125  -45.074  -48.586  21.292 0.0000000000
26136  -44.697  -48.876  19.327 0.0000000000
20396  -32.643  -57.759  23.767 0.0000000000
21796  -33.210  -54.934  19.806 0.0000000000
22479  -33.521  -54.149  18.768 0.0000000000
27145  -44.360  -46.448  17.529 0.0000000000
80667  -43.451  -57.025  24.575 0.0000000000
21099  -42.870  -56.508  24.297 0.0000000000
21747  -46.599  -55.043  24.968 0.0000000000
21780  -43.175  -54.876  21.397 0.0000000000
23098  -40.427  -52.968  26.207 0.0000000000
20320  -44.406  -56.369  30.048 0.0000000000
89350  -44.806  -56.383  30.373 0.0000000000
86711  -48.434  -52.188  28.928 0.0000000000
72222  -49.999  -44.291  25.608 0.0000000000
28228  -50.761  -44.376  24.857 0.0000000000
29405  -52.528  -42.680  23.545 0.0000000000
29414  -51.882  -42.669  22.475 0.0000000000
30054  -51.612  -41.708  21.157 0.0000000000
31959  -51.411  -39.267  18.598 0.0000000000
30699  -52.315  -39.848  18.810 0.0000000000
79304  -52.033  -40.408  18.804 0.0000000000
30698  -51.890  -40.111  18.276 0.0000000000
31349  -48.483  -39.854  14.678 0.0000000000
30732  -48.811  -40.155  14.840 0.0000000000
32017  -48.587  -38.209  11.087 0.0000000000
32758  -51.927  -38.061  8.112 0.0000000000
34043  -53.798  -35.558  10.721 0.0000000000
76177  -54.235  -34.924  9.028 0.0000000000
75077  -25.923  -61.041  21.107 0.0000000000
17778  -25.967  -61.045  18.987 0.0000000000
18485  -26.428  -60.782  18.332 0.0000000000
18492  -26.683  -60.325  17.466 0.0000000000
19710  -30.021  -57.915  20.913 0.0000000000
20426  -29.661  -57.605  19.119 0.0000000000
88351  -28.714  -57.554  16.266 0.0000000000
19739  -28.018  -58.191  16.184 0.0000000000
19098  -26.793  -59.153  16.015 0.0000000000
18512  -27.223  -60.178  15.060 0.0000000000
17812  -27.907  -61.035  15.055 0.0000000000
17813  -28.760  -60.893  15.190 0.0000000000
78418  -38.255  -53.957  23.153 0.0000000000
23146  -37.213  -53.371  18.993 0.0000000000
76456  -37.037  -53.365  19.948 0.0000000000
23194  -34.986  -53.231  15.693 0.0000000000
21871  -35.746  -55.428  13.172 0.0000000000
22539  -34.986  -54.848  13.582 0.0000000000
25513  -47.015  -49.669  25.034 0.0000000000
25516  -45.885  -49.735  23.717 0.0000000000
21758  -33.901  -55.840  24.010 0.0000000000
74986  -33.784  -55.644  23.374 0.0000000000
23128  -35.129  -53.644  20.995 0.0000000000
27694  -46.140  -45.098  18.985 0.0000000000
21075  -42.536  -56.525  27.149 0.0000000000
20356  -43.196  -56.878  26.672 0.0000000000
20371  -44.342  -57.081  26.516 0.0000000000
20378  -43.638  -57.122  25.287 0.0000000000
20386  -43.983  -57.371  24.389 0.0000000000
20398  -44.010  -57.265  23.544 0.0000000000
24905  -42.760  -50.812  17.899 0.0000000000
24912  -42.254  -50.707  17.245 0.0000000000
24385  -41.784  -51.323  15.995 0.0000000000
24925  -41.916  -50.666  15.646 0.0000000000
31970  -50.547  -39.499  17.500 0.0000000000
31327  -50.072  -39.724  16.323 0.0000000000
31334  -48.999  -39.653  15.275 0.0000000000
31985  -48.488  -39.228  15.682 0.0000000000
35396  -54.242  -33.730  10.934 0.0000000000
20428  -30.847  -56.681  19.066 0.0000000000
21156  -29.417  -56.491  16.649 0.0000000000
19110  -30.033  -58.822  15.393 0.0000000000
87591  -30.631  -58.287  15.265 0.0000000000
22451  -38.939  -54.177  21.701 0.0000000000
23168  -37.358  -53.327  17.191 0.0000000000
26644  -44.181  -47.187  17.830 0.0000000000
27125  -45.786  -46.529  21.210 0.0000000000
29446  -48.797  -42.741  19.212 0.0000000000
22380  -46.710  -54.640  28.282 0.0000000000
21729  -46.691  -54.629  27.571 0.0000000000
22397  -47.024  -54.301  26.619 0.0000000000
76796  -47.216  -54.034  25.924 0.0000000000
23117  -47.128  -53.651  24.696 0.0000000000
24346  -47.269  -51.819  25.261 0.0000000000
23806  -47.142  -52.305  24.761 0.0000000000
23120  -46.478  -52.957  23.749 0.0000000000
23815  -44.862  -52.682  21.983 0.0000000000
77489  -43.903  -51.058  18.700 0.0000000000
24890  -44.770  -49.934  20.295 0.0000000000
25550  -43.618  -49.643  18.378 0.0000000000
25559  -43.055  -48.923  18.082 0.0000000000
33360  -51.602  -36.441  13.070 0.0000000000
33353  -52.329  -35.950  13.504 0.0000000000
34017  -53.205  -35.452  12.807 0.0000000000
34023  -53.834  -34.527  11.974 0.0000000000
35378  -54.070  -33.214  12.276 0.0000000000
82129  -54.172  -33.834  11.850 0.0000000000
36605  -54.254  -31.598  9.627 0.0000000000
78382  -31.257  -57.183  20.900 0.0000000000
21129  -32.008  -56.666  20.031 0.0000000000
21138  -31.715  -56.481  19.364 0.0000000000
21812  -31.575  -55.373  18.193 0.0000000000
90266  -31.281  -54.247  15.677 0.0000000000
21815  -40.056  -55.212  18.177 0.0000000000
27708  -42.903  -46.101  16.092 0.0000000000
27163  -43.252  -46.316  15.509 0.0000000000
75230  -46.321  -43.404  13.968 0.0000000000
86382  -39.429  -53.775  24.025 0.0000000000
21752  -41.935  -55.413  24.366 0.0000000000
79115  -46.205  -55.997  25.696 0.0000000000
21095  -46.095  -56.089  24.897 0.0000000000
20399  -44.012  -57.003  23.042 0.0000000000
86683  -45.881  -54.745  23.319 0.0000000000
21763  -45.669  -55.494  23.329 0.0000000000
21121  -44.848  -55.836  22.777 0.0000000000
21120  -44.217  -56.587  22.769 0.0000000000
21798  -40.623  -55.138  19.359 0.0000000000
75587  -28.093  -62.264  23.522 0.0000000000
18446  -29.522  -60.812  23.768 0.0000000000
19054  -30.741  -59.815  23.621 0.0000000000
20397  -33.015  -57.272  24.120 0.0000000000
21097  -33.468  -56.545  24.374 0.0000000000
22417  -36.474  -53.898  24.555 0.0000000000
22405  -37.782  -53.504  25.273 0.0000000000
21074  -41.898  -56.108  27.579 0.0000000000
20336  -44.623  -56.626  29.400 0.0000000000
20348  -45.170  -56.645  28.861 0.0000000000
80089  -46.456  -56.304  29.059 0.0000000000
21067  -47.233  -56.143  29.355 0.0000000000
21703  -47.928  -55.103  29.846 0.0000000000
21710  -47.718  -55.387  29.435 0.0000000000
21720  -47.022  -55.075  28.899 0.0000000000
83682  -46.780  -54.237  28.349 0.0000000000
23089  -47.203  -53.302  27.897 0.0000000000
23792  -47.903  -52.452  27.789 0.0000000000
23793  -47.797  -52.093  28.659 0.0000000000
24862  -48.501  -50.413  27.587 0.0000000000
24863  -48.776  -49.992  28.134 0.0000000000
25502  -48.538  -49.687  27.349 0.0000000000
28798  -52.241  -43.532  24.252 0.0000000000
28230  -52.185  -44.183  24.082 0.0000000000
78200  -49.435  -44.353  22.042 0.0000000000
28837  -49.380  -43.308  20.760 0.0000000000
30063  -52.075  -41.041  20.285 0.0000000000
30086  -48.647  -41.578  16.873 0.0000000000
89998  -47.909  -41.504  15.835 0.0000000000
30107  -48.913  -40.584  15.219 0.0000000000
32038  -50.941  -38.805  8.896 0.0000000000
32729  -52.059  -36.696  12.771 0.0000000000
17123  -24.973  -62.108  18.210 0.0000000000
17793  -25.515  -61.824  17.938 0.0000000000
87835  -29.139  -58.020  18.763 0.0000000000
19727  -28.745  -58.260  18.009 0.0000000000
86351  -27.918  -59.563  18.261 0.0000000000
18500  -26.420  -60.707  16.663 0.0000000000
23137  -36.366  -53.362  20.616 0.0000000000
23135  -34.807  -53.664  20.388 0.0000000000
22480  -34.201  -53.830  19.211 0.0000000000
23155  -34.311  -53.493  17.787 0.0000000000
22487  -33.467  -53.902  17.846 0.0000000000
22498  -32.559  -53.848  16.579 0.0000000000
88661  -32.001  -53.826  16.030 0.0000000000
86010  -32.179  -54.028  15.293 0.0000000000
22489  -39.452  -54.634  17.733 0.0000000000
22488  -38.771  -54.080  17.239 0.0000000000
23183  -38.081  -53.615  16.762 0.0000000000
23182  -37.383  -53.298  16.318 0.0000000000
23211  -37.080  -53.645  14.889 0.0000000000
74952  -36.772  -53.134  15.940 0.0000000000
85806  -34.267  -53.443  15.476 0.0000000000
22528  -34.411  -54.216  14.209 0.0000000000
22513  -33.912  -53.812  14.916 0.0000000000
22512  -33.062  -53.954  15.080 0.0000000000
22525  -31.697  -54.639  14.722 0.0000000000
21856  -31.261  -55.381  14.309 0.0000000000
21196  -31.826  -56.154  13.788 0.0000000000
20322  -46.036  -56.377  30.162 0.0000000000
20337  -45.532  -56.648  29.533 0.0000000000
20387  -44.278  -57.192  23.959 0.0000000000
21044  -45.232  -56.250  30.607 0.0000000000
21056  -47.204  -56.437  29.790 0.0000000000
21702  -47.187  -55.435  30.145 0.0000000000
23076  -47.531  -52.233  28.813 0.0000000000
28234  -51.924  -44.478  23.926 0.0000000000
31316  -52.124  -39.321  18.916 0.0000000000
75542  -52.349  -40.121  18.897 0.0000000000
79919  -42.411  -56.082  28.675 0.0000000000
89826  -46.368  -55.664  25.089 0.0000000000
