#!ascii label  , from subject sub-01 vox2ras=TkReg
1253
27578  -39.964  -45.016  36.963 0.0000000000
39440  -52.042  -26.587  21.020 0.0000000000
33286  -43.169  -36.920  24.572 0.0000000000
19005  -8.127  -59.311  32.148 0.0000000000
22336  -28.523  -55.040  35.078 0.0000000000
23782  -7.546  -52.067  29.563 0.0000000000
22991  -8.459  -53.029  38.515 0.0000000000
35310  -47.694  -32.645  21.357 0.0000000000
26108  -5.451  -48.037  23.399 0.0000000000
17634  -11.259  -61.380  40.340 0.0000000000
29355  -40.701  -43.338  30.420 0.0000000000
25988  -36.191  -48.273  36.213 0.0000000000
25406  -32.503  -48.964  36.839 0.0000000000
40087  -54.222  -25.213  19.000 0.0000000000
33937  -44.753  -34.668  22.574 0.0000000000
21026  -26.358  -56.213  31.767 0.0000000000
27656  -6.840  -45.141  25.898 0.0000000000
76697  -11.198  -55.684  30.456 0.0000000000
77326  -9.820  -54.698  25.759 0.0000000000
19663  -9.216  -58.123  26.904 0.0000000000
20247  -17.325  -56.864  40.054 0.0000000000
20230  -13.022  -57.434  42.742 0.0000000000
32572  -41.459  -36.983  27.776 0.0000000000
24261  -29.253  -51.108  37.417 0.0000000000
24295  -29.342  -51.447  34.331 0.0000000000
23750  -7.880  -52.892  33.920 0.0000000000
88188  -10.666  -56.474  35.488 0.0000000000
37777  -50.010  -29.417  20.588 0.0000000000
20269  -19.335  -57.038  36.025 0.0000000000
21011  -22.212  -56.518  32.502 0.0000000000
24864  -6.987  -50.562  25.781 0.0000000000
23122  -6.733  -52.699  21.542 0.0000000000
23686  -11.315  -52.259  42.302 0.0000000000
20238  -9.836  -57.935  40.983 0.0000000000
18380  -7.234  -60.919  37.443 0.0000000000
28719  -40.103  -43.369  34.981 0.0000000000
27599  -40.067  -44.555  34.781 0.0000000000
28173  -40.700  -43.764  33.815 0.0000000000
25977  -37.146  -46.538  35.971 0.0000000000
27033  -38.108  -46.155  34.767 0.0000000000
26509  -35.752  -47.504  36.784 0.0000000000
40080  -52.982  -25.788  19.792 0.0000000000
38337  -49.678  -28.646  18.625 0.0000000000
39458  -50.833  -26.825  18.046 0.0000000000
39469  -52.190  -25.987  17.209 0.0000000000
74101  -44.822  -37.524  23.712 0.0000000000
32594  -39.361  -37.340  25.434 0.0000000000
73711  -41.696  -36.869  24.079 0.0000000000
75855  -42.377  -36.118  22.227 0.0000000000
20293  -10.247  -57.761  31.105 0.0000000000
20341  -10.654  -57.126  28.257 0.0000000000
19634  -8.590  -58.770  29.202 0.0000000000
81054  -7.343  -59.602  27.645 0.0000000000
81891  -7.547  -59.755  30.293 0.0000000000
19590  -16.327  -58.228  38.420 0.0000000000
19579  -15.422  -58.426  40.290 0.0000000000
31827  -41.270  -38.052  30.143 0.0000000000
76298  -41.127  -41.262  31.100 0.0000000000
29374  -40.030  -42.233  29.093 0.0000000000
30598  -39.524  -40.385  29.487 0.0000000000
31837  -39.056  -39.046  28.627 0.0000000000
25376  -30.615  -48.486  39.066 0.0000000000
25426  -32.724  -48.984  35.209 0.0000000000
24793  -31.206  -49.964  35.908 0.0000000000
40691  -54.608  -24.516  15.709 0.0000000000
41297  -55.399  -23.254  15.036 0.0000000000
23004  -8.298  -53.297  36.515 0.0000000000
22331  -10.307  -54.988  34.873 0.0000000000
21658  -10.438  -55.356  37.179 0.0000000000
35955  -49.769  -32.016  20.806 0.0000000000
34632  -44.879  -34.728  20.147 0.0000000000
35324  -46.806  -33.568  19.486 0.0000000000
35975  -48.652  -32.397  18.747 0.0000000000
20977  -20.247  -56.065  37.627 0.0000000000
20984  -20.872  -56.014  35.478 0.0000000000
24848  -7.506  -50.066  29.804 0.0000000000
88022  -8.488  -49.111  28.230 0.0000000000
24335  -7.528  -51.653  28.057 0.0000000000
21756  -9.037  -55.260  23.418 0.0000000000
23114  -7.934  -52.905  24.068 0.0000000000
22447  -6.853  -54.733  20.895 0.0000000000
23692  -13.822  -52.108  41.729 0.0000000000
75969  -11.745  -60.261  42.579 0.0000000000
20227  -11.374  -57.967  43.063 0.0000000000
18356  -8.282  -59.944  42.738 0.0000000000
19581  -7.802  -58.942  39.183 0.0000000000
75876  -7.764  -62.055  40.413 0.0000000000
29340  -41.234  -42.808  31.957 0.0000000000
25962  -32.378  -48.156  38.248 0.0000000000
25973  -34.124  -48.019  37.297 0.0000000000
25986  -34.210  -48.649  36.363 0.0000000000
40678  -56.211  -24.290  18.701 0.0000000000
74779  -53.021  -25.584  16.722 0.0000000000
34630  -45.968  -33.622  21.642 0.0000000000
80183  -44.085  -35.285  21.153 0.0000000000
73687  -28.817  -54.675  32.821 0.0000000000
72109  -28.432  -56.008  32.786 0.0000000000
83274  -5.548  -46.864  24.677 0.0000000000
23061  -9.739  -53.662  30.675 0.0000000000
23091  -8.853  -53.022  27.528 0.0000000000
22373  -10.770  -54.807  28.113 0.0000000000
21089  -10.170  -56.757  25.917 0.0000000000
20389  -8.241  -57.560  23.429 0.0000000000
22305  -17.045  -55.326  40.737 0.0000000000
21645  -15.738  -55.553  43.214 0.0000000000
20241  -15.711  -57.256  41.622 0.0000000000
19571  -13.532  -58.690  41.773 0.0000000000
33274  -42.078  -36.656  26.341 0.0000000000
31857  -39.095  -38.027  26.863 0.0000000000
23011  -28.531  -53.120  36.891 0.0000000000
24773  -30.833  -49.561  36.985 0.0000000000
24272  -29.991  -51.069  36.418 0.0000000000
23747  -28.982  -52.961  34.166 0.0000000000
24314  -7.017  -50.979  31.675 0.0000000000
24299  -6.635  -51.349  33.851 0.0000000000
23764  -8.225  -52.733  32.137 0.0000000000
22349  -9.884  -54.104  32.471 0.0000000000
20995  -10.946  -56.340  32.964 0.0000000000
19606  -9.619  -58.054  34.111 0.0000000000
38880  -50.530  -27.638  20.369 0.0000000000
36554  -49.379  -31.103  18.703 0.0000000000
20967  -19.079  -56.008  39.571 0.0000000000
20258  -18.458  -56.735  38.266 0.0000000000
20273  -17.479  -57.671  35.895 0.0000000000
21002  -26.613  -55.842  33.253 0.0000000000
21677  -24.506  -55.383  33.162 0.0000000000
21675  -22.179  -55.796  33.419 0.0000000000
86808  -20.293  -56.551  34.102 0.0000000000
20281  -18.491  -57.057  34.415 0.0000000000
83495  -8.507  -46.568  28.011 0.0000000000
76753  -7.517  -48.008  26.427 0.0000000000
25511  -4.883  -49.885  24.122 0.0000000000
23799  -7.959  -52.516  26.179 0.0000000000
24349  -6.182  -51.366  24.100 0.0000000000
24877  -6.064  -50.767  23.190 0.0000000000
23695  -9.275  -52.393  40.449 0.0000000000
89811  -12.440  -54.751  42.785 0.0000000000
22299  -11.213  -54.988  41.829 0.0000000000
21652  -10.306  -55.273  39.435 0.0000000000
20261  -10.251  -57.029  37.944 0.0000000000
19597  -8.527  -58.476  36.694 0.0000000000
18996  -7.497  -59.693  35.149 0.0000000000
16380  -10.286  -63.497  39.180 0.0000000000
86626  -7.414  -64.019  39.105 0.0000000000
17663  -7.402  -61.243  32.375 0.0000000000
28707  -39.516  -43.916  35.852 0.0000000000
29251  -39.488  -43.360  38.018 0.0000000000
27593  -39.491  -44.316  36.289 0.0000000000
28163  -40.138  -43.959  35.126 0.0000000000
27019  -38.501  -45.118  36.682 0.0000000000
27025  -38.502  -45.026  35.850 0.0000000000
27556  -38.237  -44.913  37.440 0.0000000000
26502  -37.046  -45.832  36.246 0.0000000000
39453  -52.526  -26.129  20.413 0.0000000000
75779  -50.443  -27.458  19.139 0.0000000000
38889  -49.732  -27.863  18.221 0.0000000000
38891  -50.889  -26.950  18.862 0.0000000000
39457  -52.247  -26.198  19.613 0.0000000000
72349  -44.226  -37.458  24.325 0.0000000000
89941  -44.929  -36.404  24.335 0.0000000000
33277  -44.362  -36.603  24.750 0.0000000000
75150  -40.590  -36.755  24.132 0.0000000000
75173  -42.893  -37.065  24.005 0.0000000000
72354  -43.515  -37.301  23.608 0.0000000000
89740  -9.125  -58.707  31.793 0.0000000000
83203  -9.666  -58.232  30.609 0.0000000000
19015  -8.225  -59.091  30.689 0.0000000000
19626  -8.028  -59.082  29.748 0.0000000000
19010  -7.779  -59.618  31.416 0.0000000000
19598  -15.942  -58.475  37.094 0.0000000000
19589  -15.401  -58.803  38.756 0.0000000000
30590  -41.546  -40.416  31.278 0.0000000000
30599  -40.491  -40.811  30.281 0.0000000000
30589  -40.897  -39.885  30.627 0.0000000000
31222  -40.105  -39.639  29.868 0.0000000000
41284  -56.003  -23.895  16.697 0.0000000000
41288  -55.099  -23.992  15.353 0.0000000000
41925  -56.121  -22.886  15.392 0.0000000000
22996  -8.377  -53.185  37.525 0.0000000000
23005  -9.079  -53.821  36.913 0.0000000000
22997  -9.103  -53.706  37.953 0.0000000000
35312  -49.170  -32.345  20.814 0.0000000000
36527  -48.891  -31.100  21.529 0.0000000000
35316  -46.975  -33.579  20.296 0.0000000000
34637  -45.402  -34.354  19.595 0.0000000000
35317  -47.791  -33.148  20.575 0.0000000000
35318  -48.733  -33.075  20.060 0.0000000000
22326  -20.573  -54.627  35.950 0.0000000000
22332  -21.052  -54.668  34.444 0.0000000000
23010  -28.217  -54.206  36.511 0.0000000000
20981  -27.997  -56.066  35.843 0.0000000000
26606  -5.718  -47.147  23.356 0.0000000000
24330  -7.490  -51.499  29.713 0.0000000000
24856  -7.665  -50.968  28.500 0.0000000000
23785  -7.538  -52.093  28.540 0.0000000000
21111  -8.202  -56.124  22.081 0.0000000000
21767  -8.315  -55.100  22.560 0.0000000000
21766  -7.512  -55.413  21.555 0.0000000000
89153  -14.715  -51.783  40.589 0.0000000000
22987  -15.347  -53.017  41.074 0.0000000000
18365  -11.354  -60.522  41.717 0.0000000000
18358  -10.298  -60.112  42.941 0.0000000000
17628  -9.529  -60.812  41.484 0.0000000000
17626  -7.949  -60.675  41.552 0.0000000000
17632  -8.973  -61.610  40.763 0.0000000000
29310  -40.875  -42.399  33.313 0.0000000000
28750  -40.846  -43.199  33.230 0.0000000000
29932  -41.267  -41.719  32.747 0.0000000000
75141  -41.731  -41.097  32.217 0.0000000000
25975  -36.206  -47.939  36.667 0.0000000000
25974  -35.236  -47.951  36.925 0.0000000000
25987  -35.453  -48.336  36.485 0.0000000000
25996  -34.141  -48.735  35.389 0.0000000000
40088  -55.362  -24.750  19.023 0.0000000000
40091  -53.554  -25.426  18.294 0.0000000000
40092  -52.900  -25.720  17.703 0.0000000000
40093  -53.700  -25.289  17.423 0.0000000000
40094  -54.386  -24.932  17.189 0.0000000000
33941  -45.301  -34.225  21.793 0.0000000000
82725  -46.229  -32.417  22.439 0.0000000000
35299  -45.631  -32.821  22.681 0.0000000000
73396  -43.734  -35.873  22.231 0.0000000000
72358  -42.950  -35.714  21.792 0.0000000000
75512  -44.108  -35.443  21.764 0.0000000000
34628  -45.106  -34.556  20.996 0.0000000000
28225  -6.332  -44.298  25.254 0.0000000000
27660  -5.447  -45.424  24.309 0.0000000000
27659  -6.469  -45.799  25.343 0.0000000000
22359  -10.481  -54.429  30.590 0.0000000000
22365  -10.228  -54.029  29.323 0.0000000000
21704  -11.126  -55.352  29.541 0.0000000000
20351  -9.995  -57.589  27.282 0.0000000000
20352  -10.644  -56.825  27.366 0.0000000000
20361  -9.736  -57.504  26.306 0.0000000000
20373  -9.481  -57.228  25.253 0.0000000000
20382  -8.553  -57.894  25.069 0.0000000000
19669  -8.067  -58.369  25.745 0.0000000000
20965  -17.670  -56.301  40.324 0.0000000000
20962  -16.553  -56.183  41.894 0.0000000000
20242  -16.444  -56.834  41.218 0.0000000000
18982  -14.561  -59.168  39.878 0.0000000000
19578  -14.579  -58.695  40.577 0.0000000000
18981  -14.037  -59.550  40.288 0.0000000000
18367  -12.984  -60.170  41.163 0.0000000000
32585  -41.330  -36.993  26.880 0.0000000000
31838  -39.984  -38.409  28.661 0.0000000000
75030  -38.761  -38.581  27.519 0.0000000000
32571  -40.640  -37.475  27.352 0.0000000000
32584  -40.487  -37.354  26.519 0.0000000000
23710  -28.763  -51.375  37.868 0.0000000000
23709  -28.511  -52.017  37.728 0.0000000000
89872  -28.982  -51.759  37.480 0.0000000000
25972  -32.822  -48.332  37.779 0.0000000000
25385  -32.059  -48.554  37.961 0.0000000000
25405  -31.672  -49.186  36.942 0.0000000000
24792  -30.556  -50.415  35.447 0.0000000000
24783  -30.572  -50.499  36.160 0.0000000000
82879  -29.658  -51.764  35.296 0.0000000000
23741  -29.402  -52.617  35.786 0.0000000000
23748  -29.211  -52.327  34.774 0.0000000000
23755  -28.749  -52.642  33.064 0.0000000000
23012  -7.427  -52.722  35.019 0.0000000000
23743  -7.120  -52.314  34.163 0.0000000000
23763  -7.568  -52.305  32.629 0.0000000000
78485  -8.158  -52.841  33.018 0.0000000000
23044  -8.993  -53.282  32.535 0.0000000000
81513  -9.371  -53.744  33.206 0.0000000000
21664  -10.671  -55.585  35.318 0.0000000000
21669  -10.735  -55.619  34.449 0.0000000000
20988  -10.765  -56.439  34.037 0.0000000000
20284  -10.579  -57.014  33.352 0.0000000000
20270  -9.949  -57.579  34.936 0.0000000000
37783  -50.338  -29.799  19.994 0.0000000000
38846  -50.759  -27.453  21.816 0.0000000000
38309  -49.745  -28.678  21.287 0.0000000000
36549  -50.094  -31.483  19.524 0.0000000000
36553  -48.771  -31.686  18.230 0.0000000000
37156  -50.377  -30.886  19.867 0.0000000000
37782  -50.168  -29.966  19.590 0.0000000000
22314  -19.788  -55.561  38.354 0.0000000000
20976  -20.016  -56.370  37.387 0.0000000000
20259  -19.415  -56.436  37.978 0.0000000000
20264  -19.333  -56.788  36.942 0.0000000000
20267  -17.660  -57.513  36.894 0.0000000000
20268  -18.477  -57.258  36.412 0.0000000000
89139  -27.339  -56.141  31.931 0.0000000000
21003  -27.489  -55.934  33.582 0.0000000000
21014  -26.032  -56.187  32.522 0.0000000000
21012  -24.104  -56.598  32.441 0.0000000000
21000  -24.745  -56.075  32.972 0.0000000000
77793  -23.842  -55.986  33.020 0.0000000000
20999  -23.018  -55.804  33.135 0.0000000000
86021  -22.513  -56.175  33.045 0.0000000000
20991  -21.462  -56.011  33.992 0.0000000000
20998  -21.836  -56.238  33.215 0.0000000000
20287  -19.369  -56.665  32.939 0.0000000000
27094  -7.930  -46.368  28.908 0.0000000000
87903  -7.904  -49.722  27.251 0.0000000000
26092  -7.715  -48.811  26.775 0.0000000000
25503  -7.129  -49.606  26.111 0.0000000000
77689  -6.159  -49.005  25.263 0.0000000000
25507  -6.399  -49.970  25.333 0.0000000000
23092  -9.533  -53.703  27.112 0.0000000000
23796  -8.014  -52.549  27.093 0.0000000000
23108  -8.459  -53.035  25.695 0.0000000000
23812  -6.846  -52.482  22.577 0.0000000000
23805  -7.154  -52.139  24.366 0.0000000000
79425  -6.375  -51.985  23.147 0.0000000000
24353  -6.152  -51.414  23.429 0.0000000000
24355  -6.315  -51.393  22.872 0.0000000000
24884  -6.683  -51.549  21.427 0.0000000000
23691  -10.664  -52.511  41.605 0.0000000000
20954  -14.463  -56.180  43.117 0.0000000000
21641  -13.678  -55.727  42.904 0.0000000000
20950  -12.769  -56.672  42.732 0.0000000000
19570  -10.262  -58.346  41.797 0.0000000000
20957  -11.108  -56.829  41.984 0.0000000000
20960  -10.807  -56.484  41.093 0.0000000000
21650  -10.361  -55.355  40.025 0.0000000000
20964  -10.547  -56.186  40.258 0.0000000000
77890  -10.409  -56.348  39.044 0.0000000000
20249  -9.655  -57.541  39.321 0.0000000000
18986  -7.490  -59.533  38.567 0.0000000000
19586  -7.913  -58.849  38.076 0.0000000000
18990  -7.519  -59.490  37.530 0.0000000000
19600  -7.883  -58.981  35.436 0.0000000000
18995  -7.292  -59.925  36.006 0.0000000000
15072  -10.218  -64.898  38.561 0.0000000000
15772  -8.317  -64.649  40.081 0.0000000000
29293  -40.643  -42.335  33.920 0.0000000000
27609  -40.284  -44.938  34.049 0.0000000000
28187  -40.609  -44.487  33.635 0.0000000000
83295  -40.481  -44.194  34.347 0.0000000000
81165  -40.487  -43.577  34.410 0.0000000000
25976  -36.754  -47.376  36.300 0.0000000000
27023  -37.631  -46.434  35.161 0.0000000000
27597  -38.927  -45.676  34.541 0.0000000000
26510  -36.393  -47.237  36.543 0.0000000000
40086  -53.848  -25.427  19.802 0.0000000000
38894  -49.454  -27.757  17.587 0.0000000000
38899  -50.213  -26.872  16.871 0.0000000000
39467  -50.746  -26.515  16.449 0.0000000000
39463  -51.468  -26.355  17.644 0.0000000000
87721  -52.687  -25.932  19.179 0.0000000000
33929  -44.944  -35.584  23.277 0.0000000000
34614  -44.788  -34.374  23.231 0.0000000000
33921  -45.086  -35.348  23.786 0.0000000000
35271  -44.412  -33.627  24.177 0.0000000000
31872  -37.844  -38.089  25.557 0.0000000000
81853  -39.180  -37.123  24.606 0.0000000000
32609  -39.671  -36.785  24.016 0.0000000000
33305  -39.749  -36.642  23.227 0.0000000000
72363  -40.793  -36.391  22.062 0.0000000000
73261  -42.305  -36.811  23.493 0.0000000000
89523  -43.751  -37.221  23.214 0.0000000000
20305  -10.649  -57.223  30.713 0.0000000000
21047  -11.241  -56.222  29.756 0.0000000000
20304  -10.265  -57.689  30.227 0.0000000000
85371  -9.412  -58.307  28.953 0.0000000000
19647  -8.642  -58.692  28.406 0.0000000000
19655  -7.802  -59.001  27.169 0.0000000000
19633  -7.964  -59.093  28.878 0.0000000000
19029  -7.449  -59.625  28.487 0.0000000000
20256  -16.884  -57.611  38.905 0.0000000000
19580  -16.175  -58.130  40.049 0.0000000000
19585  -16.224  -58.219  39.289 0.0000000000
32550  -40.888  -37.784  29.192 0.0000000000
88338  -40.792  -42.613  30.723 0.0000000000
83115  -40.482  -42.653  29.883 0.0000000000
80746  -40.307  -41.768  29.847 0.0000000000
29964  -39.818  -41.286  29.430 0.0000000000
30608  -39.134  -40.918  28.945 0.0000000000
31221  -39.200  -39.680  29.194 0.0000000000
24763  -29.532  -49.754  38.048 0.0000000000
25416  -32.646  -49.150  36.098 0.0000000000
25415  -31.837  -49.411  36.303 0.0000000000
77090  -31.822  -49.370  35.452 0.0000000000
24806  -31.028  -49.808  35.193 0.0000000000
40696  -53.537  -24.614  14.623 0.0000000000
41295  -53.949  -23.980  14.238 0.0000000000
41303  -54.225  -23.192  13.978 0.0000000000
41939  -54.585  -22.520  13.639 0.0000000000
23013  -8.309  -53.308  35.503 0.0000000000
23031  -9.263  -53.791  34.009 0.0000000000
23014  -9.064  -53.839  35.914 0.0000000000
22325  -10.221  -55.002  35.762 0.0000000000
21659  -10.631  -55.611  36.230 0.0000000000
36545  -50.398  -31.463  20.120 0.0000000000
37145  -49.193  -30.453  21.420 0.0000000000
80203  -45.206  -34.335  18.783 0.0000000000
82285  -45.730  -33.804  18.083 0.0000000000
35344  -47.049  -32.913  18.139 0.0000000000
35335  -47.361  -33.120  19.013 0.0000000000
35966  -49.201  -32.648  19.580 0.0000000000
22318  -19.926  -55.301  37.569 0.0000000000
22321  -20.186  -54.976  36.701 0.0000000000
21665  -20.626  -55.629  36.292 0.0000000000
85898  -20.497  -56.314  36.091 0.0000000000
20303  -23.871  -57.010  31.631 0.0000000000
21010  -21.365  -56.500  32.441 0.0000000000
26072  -7.528  -48.290  29.761 0.0000000000
26078  -8.331  -48.225  28.873 0.0000000000
75782  -7.806  -50.064  28.843 0.0000000000
25500  -7.986  -50.187  28.083 0.0000000000
24340  -7.480  -51.619  27.127 0.0000000000
22410  -9.223  -54.398  24.796 0.0000000000
76745  -8.569  -53.374  24.916 0.0000000000
22424  -8.570  -54.411  23.381 0.0000000000
22423  -7.901  -53.994  22.769 0.0000000000
23127  -6.820  -53.699  21.174 0.0000000000
24735  -13.756  -50.927  39.811 0.0000000000
24233  -13.531  -51.137  40.538 0.0000000000
24223  -12.157  -52.109  42.880 0.0000000000
18967  -12.207  -59.735  43.831 0.0000000000
20225  -12.060  -58.007  43.750 0.0000000000
18349  -11.181  -59.818  43.789 0.0000000000
18969  -10.404  -59.419  42.887 0.0000000000
19569  -9.352  -58.868  41.611 0.0000000000
19577  -8.969  -58.425  40.626 0.0000000000
18979  -7.819  -59.502  41.348 0.0000000000
18374  -7.397  -60.455  40.094 0.0000000000
17644  -7.323  -61.147  39.402 0.0000000000
28213  -40.812  -43.887  30.925 0.0000000000
28188  -40.860  -43.992  33.086 0.0000000000
28775  -41.001  -43.649  31.732 0.0000000000
29356  -40.932  -43.074  31.243 0.0000000000
86631  -41.197  -42.048  31.490 0.0000000000
29953  -41.617  -41.125  31.754 0.0000000000
86925  -33.442  -48.226  37.573 0.0000000000
26508  -34.789  -47.618  36.979 0.0000000000
77392  -33.832  -48.383  37.145 0.0000000000
25407  -33.320  -48.807  36.648 0.0000000000
25417  -33.443  -48.916  35.801 0.0000000000
40097  -52.156  -25.909  16.320 0.0000000000
40685  -54.113  -24.884  16.025 0.0000000000
87754  -55.500  -24.334  16.842 0.0000000000
35309  -46.822  -33.168  21.274 0.0000000000
35937  -47.589  -32.123  21.912 0.0000000000
35300  -46.878  -32.494  21.989 0.0000000000
72368  -41.532  -36.156  21.643 0.0000000000
33945  -44.393  -34.974  20.731 0.0000000000
34629  -45.670  -34.092  21.158 0.0000000000
22343  -28.685  -54.758  33.879 0.0000000000
78072  -28.269  -55.895  34.411 0.0000000000
72118  -28.835  -55.789  32.365 0.0000000000
75377  -27.847  -56.072  31.780 0.0000000000
27105  -5.107  -46.097  23.948 0.0000000000
26600  -4.428  -47.607  23.980 0.0000000000
83639  -8.998  -53.048  30.215 0.0000000000
23783  -8.083  -52.542  28.969 0.0000000000
23069  -9.623  -53.470  28.884 0.0000000000
23078  -9.609  -53.522  27.992 0.0000000000
22390  -10.062  -54.504  26.735 0.0000000000
21069  -11.196  -56.314  28.077 0.0000000000
76443  -10.917  -55.938  27.209 0.0000000000
21739  -10.189  -55.532  25.581 0.0000000000
85247  -9.729  -55.872  24.429 0.0000000000
22983  -15.828  -53.868  41.372 0.0000000000
21648  -16.406  -55.682  42.203 0.0000000000
20958  -15.811  -56.253  43.180 0.0000000000
20235  -14.448  -57.097  42.481 0.0000000000
19574  -15.986  -57.737  40.780 0.0000000000
20240  -14.835  -57.495  41.786 0.0000000000
19566  -13.158  -58.418  42.522 0.0000000000
18975  -12.661  -59.837  42.163 0.0000000000
18366  -12.237  -60.340  41.669 0.0000000000
88153  -11.996  -61.222  40.188 0.0000000000
33275  -42.790  -36.434  25.642 0.0000000000
33276  -43.589  -36.544  25.096 0.0000000000
33267  -42.679  -36.201  26.714 0.0000000000
75957  -40.350  -43.683  28.580 0.0000000000
31855  -37.706  -38.615  26.311 0.0000000000
32596  -41.233  -37.008  25.978 0.0000000000
79454  -28.131  -53.458  36.995 0.0000000000
23020  -28.868  -53.400  36.267 0.0000000000
25961  -31.634  -48.368  38.456 0.0000000000
25384  -31.067  -48.769  38.123 0.0000000000
24772  -30.134  -50.025  37.017 0.0000000000
24784  -31.060  -49.791  36.460 0.0000000000
81538  -30.337  -50.254  36.635 0.0000000000
24262  -29.746  -50.744  36.940 0.0000000000
23731  -29.166  -52.537  36.586 0.0000000000
23027  -28.789  -54.000  34.640 0.0000000000
23037  -28.805  -53.747  33.512 0.0000000000
42645  -54.900  -21.899  13.272 0.0000000000
42650  -55.183  -21.318  12.833 0.0000000000
43326  -55.382  -20.773  12.295 0.0000000000
24329  -7.372  -50.877  30.339 0.0000000000
24321  -7.429  -51.599  30.367 0.0000000000
86498  -6.755  -50.820  32.437 0.0000000000
23768  -7.660  -52.184  31.679 0.0000000000
23775  -7.744  -52.211  30.628 0.0000000000
23060  -8.970  -53.079  31.025 0.0000000000
22354  -10.201  -54.253  31.445 0.0000000000
21689  -10.868  -55.150  31.231 0.0000000000
22337  -9.897  -54.314  33.495 0.0000000000
87079  -10.971  -55.654  32.774 0.0000000000
21008  -11.193  -55.987  32.242 0.0000000000
20288  -10.642  -57.113  32.544 0.0000000000
19615  -9.549  -58.378  32.365 0.0000000000
19614  -8.731  -58.892  32.477 0.0000000000
38881  -51.211  -27.037  20.658 0.0000000000
35979  -47.497  -32.458  17.591 0.0000000000
36558  -48.194  -31.527  17.384 0.0000000000
37158  -48.667  -30.689  17.764 0.0000000000
37159  -49.283  -30.121  18.425 0.0000000000
38334  -50.110  -28.928  19.473 0.0000000000
21654  -18.433  -55.855  40.002 0.0000000000
20969  -18.837  -56.147  39.519 0.0000000000
20974  -20.087  -55.866  38.219 0.0000000000
20972  -19.123  -56.243  38.868 0.0000000000
20253  -18.319  -56.545  39.119 0.0000000000
19595  -17.126  -57.780  37.388 0.0000000000
20993  -27.747  -55.999  34.553 0.0000000000
20992  -27.188  -55.656  34.087 0.0000000000
21672  -26.143  -54.974  33.857 0.0000000000
21013  -25.100  -56.382  32.475 0.0000000000
22342  -25.220  -54.746  33.442 0.0000000000
22341  -24.356  -54.519  33.198 0.0000000000
21671  -22.605  -55.016  33.226 0.0000000000
22333  -21.881  -54.478  33.555 0.0000000000
20985  -21.065  -55.758  34.704 0.0000000000
20990  -20.783  -56.235  34.639 0.0000000000
20989  -20.101  -56.645  34.863 0.0000000000
20996  -20.057  -56.582  33.295 0.0000000000
20282  -19.460  -56.772  34.025 0.0000000000
20275  -19.326  -56.936  35.096 0.0000000000
20280  -17.479  -57.399  34.818 0.0000000000
27655  -7.814  -45.339  27.413 0.0000000000
26584  -8.687  -47.530  27.746 0.0000000000
26593  -7.946  -47.348  26.964 0.0000000000
26592  -7.072  -47.117  26.073 0.0000000000
26596  -6.255  -47.286  25.257 0.0000000000
26103  -4.401  -48.115  24.097 0.0000000000
25510  -4.524  -48.985  23.959 0.0000000000
23786  -8.068  -52.514  28.035 0.0000000000
23798  -7.460  -51.976  26.613 0.0000000000
87118  -7.420  -51.533  26.341 0.0000000000
23107  -7.849  -52.471  25.175 0.0000000000
23802  -7.191  -51.773  25.064 0.0000000000
24345  -6.676  -51.293  24.815 0.0000000000
24871  -5.995  -51.034  24.336 0.0000000000
24874  -5.236  -50.496  23.914 0.0000000000
25517  -5.590  -49.854  23.499 0.0000000000
24880  -6.683  -50.848  22.380 0.0000000000
22979  -14.876  -53.995  42.204 0.0000000000
23685  -12.882  -53.098  42.551 0.0000000000
22973  -12.111  -53.008  42.896 0.0000000000
20953  -12.029  -56.404  43.118 0.0000000000
22294  -11.689  -54.688  42.590 0.0000000000
22293  -11.237  -54.004  42.016 0.0000000000
22986  -10.155  -53.700  40.576 0.0000000000
22302  -9.749  -53.911  39.934 0.0000000000
22306  -9.658  -54.042  39.355 0.0000000000
22316  -10.219  -55.052  38.111 0.0000000000
83720  -10.642  -55.780  37.852 0.0000000000
20266  -10.384  -56.912  36.921 0.0000000000
19583  -9.061  -58.065  39.052 0.0000000000
20260  -9.675  -57.745  37.457 0.0000000000
88235  -9.653  -57.728  35.665 0.0000000000
79411  -9.163  -58.223  35.101 0.0000000000
19605  -8.709  -58.658  34.154 0.0000000000
19609  -7.971  -59.134  33.713 0.0000000000
17635  -11.759  -61.678  39.654 0.0000000000
16992  -11.841  -62.667  38.509 0.0000000000
16984  -10.624  -62.680  39.453 0.0000000000
16369  -9.039  -63.387  40.171 0.0000000000
16983  -7.538  -62.907  40.042 0.0000000000
16990  -7.262  -62.590  38.105 0.0000000000
16997  -7.242  -63.009  37.143 0.0000000000
17647  -7.248  -61.576  36.968 0.0000000000
18389  -7.340  -61.096  34.971 0.0000000000
18393  -7.449  -60.428  33.713 0.0000000000
19004  -7.733  -59.753  32.383 0.0000000000
18398  -7.513  -60.510  31.817 0.0000000000
80644  -7.345  -60.839  30.218 0.0000000000
28125  -40.430  -44.025  36.713 0.0000000000
29272  -40.153  -43.687  36.917 0.0000000000
28690  -40.088  -43.674  37.918 0.0000000000
28145  -39.657  -43.972  35.996 0.0000000000
27577  -39.059  -45.548  37.503 0.0000000000
27020  -39.123  -44.826  36.589 0.0000000000
76992  -39.102  -44.944  37.866 0.0000000000
27006  -38.312  -45.111  36.976 0.0000000000
28099  -38.888  -44.083  38.693 0.0000000000
39452  -51.684  -26.544  20.131 0.0000000000
39442  -52.801  -26.056  21.325 0.0000000000
38887  -50.874  -27.112  19.737 0.0000000000
79647  -42.219  -36.915  24.578 0.0000000000
81048  -43.941  -37.719  23.956 0.0000000000
19620  -9.015  -58.678  31.031 0.0000000000
19011  -8.499  -59.063  31.594 0.0000000000
18992  -14.987  -58.914  37.033 0.0000000000
35311  -48.541  -32.735  20.745 0.0000000000
35954  -48.971  -31.950  21.269 0.0000000000
35953  -48.399  -32.268  21.369 0.0000000000
23023  -21.371  -53.981  33.801 0.0000000000
22329  -28.284  -55.297  36.047 0.0000000000
21663  -28.069  -55.880  36.107 0.0000000000
21674  -28.233  -55.847  35.381 0.0000000000
23697  -15.925  -52.768  40.249 0.0000000000
17629  -10.776  -60.958  41.102 0.0000000000
17633  -10.210  -61.630  40.491 0.0000000000
29921  -40.997  -41.590  33.442 0.0000000000
75637  -54.538  -24.977  18.048 0.0000000000
34624  -45.354  -33.624  22.431 0.0000000000
33936  -44.482  -35.763  22.575 0.0000000000
33940  -44.625  -34.963  21.663 0.0000000000
28221  -6.910  -44.180  26.212 0.0000000000
21698  -10.887  -55.056  30.324 0.0000000000
20360  -8.990  -58.022  25.947 0.0000000000
19662  -8.379  -58.501  26.601 0.0000000000
20243  -17.031  -56.679  40.579 0.0000000000
33266  -42.137  -36.481  27.278 0.0000000000
28780  -40.667  -44.037  30.214 0.0000000000
31846  -39.994  -38.013  27.771 0.0000000000
24762  -29.049  -50.541  38.010 0.0000000000
25397  -32.328  -48.721  37.449 0.0000000000
24296  -29.930  -50.894  34.842 0.0000000000
23756  -28.931  -51.993  33.827 0.0000000000
24304  -29.086  -51.259  33.537 0.0000000000
80215  -7.521  -52.465  33.404 0.0000000000
23030  -8.716  -53.302  33.524 0.0000000000
20982  -10.850  -56.160  34.973 0.0000000000
20277  -10.482  -56.852  34.880 0.0000000000
38861  -50.164  -28.055  20.974 0.0000000000
20979  -20.008  -56.616  36.522 0.0000000000
21015  -27.112  -56.081  32.605 0.0000000000
77905  -23.110  -56.443  32.634 0.0000000000
26578  -7.833  -47.372  29.340 0.0000000000
25504  -7.466  -50.462  26.586 0.0000000000
86114  -9.490  -53.953  26.347 0.0000000000
23100  -8.795  -53.183  26.511 0.0000000000
22398  -9.099  -53.747  25.661 0.0000000000
23811  -6.442  -51.915  22.317 0.0000000000
24358  -6.506  -51.905  21.755 0.0000000000
23814  -6.512  -52.289  21.075 0.0000000000
24226  -11.450  -51.406  41.498 0.0000000000
24225  -10.798  -51.889  41.681 0.0000000000
20231  -13.996  -56.779  42.804 0.0000000000
20951  -13.506  -56.602  42.747 0.0000000000
20226  -12.533  -57.396  42.961 0.0000000000
20239  -10.559  -57.388  41.398 0.0000000000
20245  -10.252  -57.043  40.566 0.0000000000
20250  -10.145  -56.794  39.662 0.0000000000
20244  -9.673  -57.641  40.129 0.0000000000
18381  -7.261  -60.204  37.967 0.0000000000
18993  -7.540  -59.442  36.618 0.0000000000
18989  -7.261  -60.201  36.902 0.0000000000
76185  -10.724  -65.575  38.183 0.0000000000
76550  -9.682  -65.622  38.496 0.0000000000
29292  -40.354  -42.457  34.557 0.0000000000
85416  -40.461  -42.979  34.313 0.0000000000
26520  -37.130  -47.064  35.631 0.0000000000
26521  -37.543  -46.150  35.571 0.0000000000
27598  -39.355  -44.906  35.044 0.0000000000
27591  -38.668  -45.316  35.209 0.0000000000
27608  -39.697  -45.325  34.322 0.0000000000
25965  -37.167  -46.026  36.130 0.0000000000
26501  -36.590  -46.365  36.385 0.0000000000
25964  -36.845  -46.625  36.283 0.0000000000
40082  -54.350  -25.132  20.500 0.0000000000
40081  -53.424  -25.605  20.646 0.0000000000
37789  -49.270  -29.201  18.211 0.0000000000
37788  -48.932  -28.869  17.643 0.0000000000
38890  -50.301  -27.365  18.474 0.0000000000
38895  -50.105  -27.223  17.613 0.0000000000
39462  -50.795  -26.654  17.239 0.0000000000
39460  -52.148  -26.204  18.860 0.0000000000
79698  -53.325  -25.600  19.097 0.0000000000
33297  -44.822  -36.611  23.358 0.0000000000
75123  -45.209  -36.494  23.863 0.0000000000
34603  -44.475  -34.543  24.630 0.0000000000
33920  -45.010  -35.517  24.240 0.0000000000
88452  -40.201  -36.642  23.644 0.0000000000
33296  -40.884  -36.619  23.201 0.0000000000
72355  -44.256  -37.723  23.649 0.0000000000
74100  -44.251  -36.982  23.015 0.0000000000
19627  -8.964  -58.641  30.005 0.0000000000
19628  -9.743  -58.127  29.798 0.0000000000
19021  -7.506  -59.640  29.322 0.0000000000
18407  -7.284  -60.243  29.608 0.0000000000
18412  -7.204  -60.256  28.881 0.0000000000
29952  -40.718  -41.863  30.562 0.0000000000
30597  -38.890  -40.214  28.998 0.0000000000
31826  -40.410  -38.648  29.620 0.0000000000
25370  -29.759  -48.857  39.450 0.0000000000
25375  -30.021  -49.036  38.475 0.0000000000
40690  -53.841  -24.805  15.389 0.0000000000
40697  -54.305  -24.294  14.971 0.0000000000
41296  -54.661  -23.626  14.641 0.0000000000
41933  -54.993  -22.910  14.291 0.0000000000
22319  -9.691  -54.426  36.297 0.0000000000
22320  -10.192  -54.981  36.555 0.0000000000
36541  -50.054  -31.420  20.652 0.0000000000
37146  -49.794  -30.516  20.844 0.0000000000
36540  -49.495  -31.074  21.145 0.0000000000
34636  -44.609  -34.750  19.265 0.0000000000
34642  -45.957  -33.877  19.086 0.0000000000
35334  -46.536  -33.410  18.615 0.0000000000
35961  -49.792  -32.380  20.338 0.0000000000
35319  -49.502  -32.673  20.019 0.0000000000
35968  -50.319  -31.969  20.262 0.0000000000
21666  -20.812  -55.219  35.270 0.0000000000
21025  -23.361  -56.858  32.034 0.0000000000
20302  -23.099  -56.917  31.282 0.0000000000
25481  -7.823  -49.171  29.275 0.0000000000
24861  -7.629  -50.932  27.467 0.0000000000
22411  -9.407  -55.243  24.210 0.0000000000
85899  -9.006  -54.636  23.983 0.0000000000
22434  -7.429  -54.381  21.859 0.0000000000
23123  -7.215  -53.359  22.152 0.0000000000
23693  -14.657  -52.259  41.150 0.0000000000
24229  -14.072  -51.665  40.933 0.0000000000
24228  -13.210  -51.473  41.331 0.0000000000
24224  -12.774  -51.905  42.249 0.0000000000
18360  -11.993  -60.120  43.560 0.0000000000
18351  -11.953  -59.891  44.058 0.0000000000
18354  -11.510  -60.036  43.888 0.0000000000
18357  -9.254  -59.985  42.925 0.0000000000
18352  -10.156  -59.824  43.103 0.0000000000
18968  -9.440  -59.802  42.877 0.0000000000
19564  -9.804  -59.251  42.395 0.0000000000
18974  -8.707  -59.637  42.452 0.0000000000
19568  -8.430  -59.241  41.570 0.0000000000
18973  -7.872  -59.832  42.327 0.0000000000
17630  -7.829  -61.253  40.898 0.0000000000
18368  -7.656  -60.504  41.165 0.0000000000
77209  -7.542  -61.272  40.352 0.0000000000
28203  -40.809  -44.473  31.451 0.0000000000
29324  -41.118  -42.574  32.639 0.0000000000
28762  -41.028  -43.417  32.482 0.0000000000
87064  -41.453  -41.968  32.169 0.0000000000
26531  -37.793  -46.737  34.370 0.0000000000
25963  -33.180  -48.034  37.829 0.0000000000
75920  -34.658  -48.261  36.881 0.0000000000
40687  -56.014  -24.179  17.651 0.0000000000
39468  -51.457  -26.263  16.803 0.0000000000
75576  -52.746  -25.558  15.891 0.0000000000
40098  -53.451  -25.228  15.950 0.0000000000
81242  -53.895  -25.105  16.630 0.0000000000
40677  -55.500  -24.586  18.134 0.0000000000
40681  -55.140  -24.623  17.375 0.0000000000
35272  -44.709  -33.566  23.458 0.0000000000
85320  -45.025  -33.347  22.919 0.0000000000
84389  -41.759  -36.438  22.651 0.0000000000
33939  -43.533  -35.453  21.355 0.0000000000
33944  -43.568  -35.216  20.563 0.0000000000
34634  -46.208  -33.782  20.793 0.0000000000
74521  -28.742  -55.449  33.043 0.0000000000
72110  -28.641  -55.891  31.652 0.0000000000
28224  -5.642  -44.496  24.351 0.0000000000
27100  -5.797  -45.991  24.706 0.0000000000
27103  -5.029  -46.253  24.094 0.0000000000
27102  -4.765  -46.999  24.083 0.0000000000
26601  -4.680  -47.270  24.180 0.0000000000
23068  -8.927  -52.969  29.356 0.0000000000
82234  -9.646  -53.491  29.752 0.0000000000
22366  -10.783  -54.662  28.970 0.0000000000
22372  -10.246  -54.089  28.466 0.0000000000
22382  -10.183  -54.250  27.603 0.0000000000
22383  -10.640  -55.083  27.298 0.0000000000
21057  -10.975  -56.723  29.007 0.0000000000
20362  -10.270  -57.024  26.659 0.0000000000
21079  -10.596  -56.336  26.519 0.0000000000
21730  -10.443  -55.460  26.394 0.0000000000
21090  -10.423  -56.052  25.850 0.0000000000
77486  -9.838  -55.305  24.941 0.0000000000
21748  -10.078  -56.213  25.110 0.0000000000
20390  -8.872  -57.346  24.261 0.0000000000
21096  -9.515  -56.569  24.341 0.0000000000
19661  -7.612  -58.945  26.311 0.0000000000
19038  -7.189  -59.515  26.828 0.0000000000
22301  -16.480  -55.157  41.495 0.0000000000
21649  -16.894  -55.818  41.308 0.0000000000
20237  -16.114  -56.567  42.336 0.0000000000
20232  -14.960  -56.441  43.015 0.0000000000
20236  -15.380  -56.808  42.463 0.0000000000
18977  -13.886  -59.080  41.007 0.0000000000
19572  -14.322  -58.265  41.318 0.0000000000
19567  -13.985  -57.910  42.081 0.0000000000
18971  -12.938  -59.247  42.474 0.0000000000
18976  -13.244  -59.474  41.535 0.0000000000
18370  -12.613  -60.827  40.494 0.0000000000
79879  -40.253  -43.064  29.099 0.0000000000
90528  -39.400  -38.160  27.438 0.0000000000
31856  -38.396  -38.407  26.825 0.0000000000
23720  -28.824  -52.336  37.241 0.0000000000
23719  -28.229  -52.704  37.395 0.0000000000
25396  -31.443  -48.992  37.495 0.0000000000
24764  -30.371  -49.426  37.542 0.0000000000
24283  -30.169  -51.184  35.807 0.0000000000
24271  -29.404  -51.662  36.916 0.0000000000
24282  -29.750  -51.905  36.182 0.0000000000
23028  -29.036  -53.292  35.288 0.0000000000
41940  -55.307  -22.200  13.937 0.0000000000
43322  -55.976  -20.922  12.966 0.0000000000
24830  -7.016  -50.537  31.254 0.0000000000
78721  -7.252  -51.140  30.958 0.0000000000
24308  -6.806  -51.261  33.035 0.0000000000
24309  -7.150  -51.554  32.286 0.0000000000
23769  -8.257  -52.676  31.287 0.0000000000
23052  -8.806  -53.040  31.725 0.0000000000
23053  -9.472  -53.531  31.648 0.0000000000
22355  -10.534  -54.759  32.047 0.0000000000
22330  -9.806  -54.370  34.431 0.0000000000
82032  -10.846  -55.631  33.530 0.0000000000
21007  -10.983  -56.532  32.190 0.0000000000
20283  -10.067  -57.783  33.112 0.0000000000
78345  -9.231  -58.477  33.257 0.0000000000
38862  -51.537  -27.042  21.698 0.0000000000
87847  -50.788  -27.406  21.062 0.0000000000
33911  -43.704  -35.704  25.565 0.0000000000
35974  -47.837  -32.660  18.449 0.0000000000
38326  -50.267  -28.609  20.176 0.0000000000
38886  -50.304  -27.920  19.662 0.0000000000
20966  -18.380  -56.073  40.027 0.0000000000
21660  -20.295  -55.740  37.267 0.0000000000
20257  -17.618  -57.098  38.567 0.0000000000
20262  -17.710  -57.294  37.736 0.0000000000
19599  -16.724  -58.067  36.698 0.0000000000
72119  -28.462  -55.759  33.390 0.0000000000
21004  -28.104  -56.052  33.838 0.0000000000
21679  -26.363  -55.512  33.596 0.0000000000
76071  -25.506  -56.463  31.954 0.0000000000
21678  -25.425  -55.513  33.295 0.0000000000
21676  -23.623  -55.162  33.093 0.0000000000
21670  -21.517  -55.350  33.936 0.0000000000
88674  -20.478  -56.385  35.399 0.0000000000
21009  -20.404  -56.482  32.354 0.0000000000
20286  -18.580  -56.846  33.317 0.0000000000
20274  -18.447  -57.264  35.451 0.0000000000
27653  -8.076  -45.566  28.177 0.0000000000
27097  -7.979  -46.077  27.431 0.0000000000
26079  -8.868  -48.105  28.194 0.0000000000
26086  -8.749  -48.309  27.800 0.0000000000
26588  -8.279  -48.122  27.223 0.0000000000
27099  -7.658  -46.518  26.767 0.0000000000
77374  -6.630  -48.000  25.610 0.0000000000
25506  -5.598  -49.899  24.711 0.0000000000
26097  -5.462  -47.918  24.759 0.0000000000
78271  -5.008  -48.981  24.412 0.0000000000
23077  -8.893  -52.956  28.451 0.0000000000
76923  -7.465  -52.043  25.819 0.0000000000
23115  -8.639  -53.860  24.096 0.0000000000
23807  -6.461  -51.810  23.841 0.0000000000
23804  -6.684  -51.624  24.420 0.0000000000
24352  -5.748  -50.908  23.613 0.0000000000
24876  -5.415  -50.444  23.730 0.0000000000
25518  -6.448  -49.961  22.893 0.0000000000
22984  -8.771  -52.648  39.958 0.0000000000
22297  -15.726  -55.073  42.718 0.0000000000
22295  -14.690  -54.580  42.622 0.0000000000
22287  -12.889  -55.243  42.735 0.0000000000
22290  -13.469  -54.942  42.718 0.0000000000
22289  -12.733  -54.384  42.670 0.0000000000
22974  -12.485  -53.451  42.714 0.0000000000
79321  -12.262  -53.943  42.793 0.0000000000
19562  -11.749  -58.034  43.656 0.0000000000
80196  -11.980  -57.262  43.335 0.0000000000
20228  -11.782  -57.197  43.238 0.0000000000
20961  -11.271  -55.937  41.762 0.0000000000
86151  -11.583  -55.474  42.438 0.0000000000
22980  -10.682  -53.382  41.390 0.0000000000
22298  -10.736  -54.354  41.135 0.0000000000
22303  -10.283  -54.589  40.331 0.0000000000
22307  -10.073  -54.640  39.698 0.0000000000
22312  -10.101  -54.800  39.003 0.0000000000
22311  -9.672  -54.266  38.466 0.0000000000
20255  -10.106  -56.949  38.802 0.0000000000
20971  -10.539  -56.351  38.360 0.0000000000
88035  -10.643  -56.391  37.624 0.0000000000
19582  -8.360  -58.460  39.772 0.0000000000
77629  -8.409  -58.465  38.714 0.0000000000
19593  -8.294  -58.601  37.454 0.0000000000
19587  -8.502  -58.483  37.973 0.0000000000
86834  -8.903  -58.304  37.428 0.0000000000
77640  -9.200  -58.074  36.813 0.0000000000
77639  -9.104  -58.093  36.074 0.0000000000
19601  -8.466  -58.538  35.756 0.0000000000
19604  -7.913  -59.076  34.594 0.0000000000
18999  -7.592  -59.703  34.166 0.0000000000
16986  -12.401  -62.163  38.969 0.0000000000
15778  -10.820  -64.003  38.439 0.0000000000
16389  -11.786  -63.445  38.010 0.0000000000
16381  -11.097  -63.018  38.698 0.0000000000
16370  -9.904  -63.099  39.823 0.0000000000
16379  -9.516  -63.886  39.691 0.0000000000
15771  -7.604  -64.334  39.714 0.0000000000
16367  -7.694  -63.784  40.133 0.0000000000
16378  -7.433  -63.576  39.570 0.0000000000
16991  -7.351  -62.720  39.176 0.0000000000
16388  -7.326  -63.386  38.713 0.0000000000
79696  -7.235  -62.255  36.552 0.0000000000
17650  -7.250  -61.495  36.124 0.0000000000
81100  -7.300  -61.086  35.594 0.0000000000
17653  -7.282  -61.677  35.347 0.0000000000
18392  -7.352  -61.148  34.164 0.0000000000
17659  -7.506  -60.455  32.804 0.0000000000
82649  -39.796  -42.849  35.303 0.0000000000
29271  -39.116  -43.700  36.361 0.0000000000
28144  -39.636  -44.260  35.534 0.0000000000
76717  -39.705  -43.864  35.651 0.0000000000
26512  -37.972  -45.370  35.772 0.0000000000
27592  -39.042  -44.624  35.751 0.0000000000
27017  -36.659  -45.279  36.421 0.0000000000
27555  -37.490  -44.696  36.586 0.0000000000
27018  -37.881  -45.113  36.083 0.0000000000
28688  -38.288  -43.950  37.809 0.0000000000
38338  -50.001  -27.989  18.957 0.0000000000
39459  -51.480  -26.475  18.468 0.0000000000
39456  -51.524  -26.555  19.287 0.0000000000
72351  -44.600  -38.003  23.974 0.0000000000
72350  -44.885  -37.374  24.138 0.0000000000
33912  -44.458  -35.562  24.867 0.0000000000
32610  -40.029  -36.965  24.817 0.0000000000
33285  -41.157  -36.928  24.972 0.0000000000
19621  -9.662  -58.295  31.489 0.0000000000
19594  -16.496  -58.173  37.582 0.0000000000
76182  -15.667  -58.638  37.815 0.0000000000
18988  -14.787  -59.192  37.952 0.0000000000
31215  -41.085  -39.028  30.517 0.0000000000
25955  -30.708  -48.089  39.842 0.0000000000
40692  -55.396  -24.254  16.114 0.0000000000
41289  -55.900  -23.590  15.816 0.0000000000
41290  -56.296  -23.079  15.899 0.0000000000
22315  -9.816  -54.499  37.347 0.0000000000
83433  -49.364  -31.572  21.192 0.0000000000
35939  -48.718  -31.555  21.564 0.0000000000
34633  -45.587  -34.273  20.431 0.0000000000
34638  -46.193  -33.976  19.944 0.0000000000
35325  -47.726  -33.338  19.818 0.0000000000
87991  -49.209  -32.688  20.357 0.0000000000
22327  -20.715  -54.426  35.223 0.0000000000
23009  -27.925  -54.005  36.727 0.0000000000
79250  -5.151  -46.763  23.703 0.0000000000
27106  -5.829  -46.139  23.419 0.0000000000
24849  -7.567  -50.917  29.372 0.0000000000
80266  -7.497  -51.634  28.970 0.0000000000
21112  -8.931  -56.012  22.895 0.0000000000
88024  -11.008  -60.279  42.470 0.0000000000
18364  -10.407  -60.459  41.972 0.0000000000
79947  -9.551  -60.275  42.422 0.0000000000
18363  -8.643  -60.261  42.417 0.0000000000
18362  -7.934  -60.226  42.324 0.0000000000
17627  -8.400  -60.774  41.574 0.0000000000
17631  -8.114  -61.717  40.855 0.0000000000
28731  -40.643  -43.056  33.841 0.0000000000
89929  -34.854  -48.475  36.454 0.0000000000
34625  -46.158  -32.959  22.121 0.0000000000
74486  -28.834  -54.542  32.009 0.0000000000
27658  -6.086  -45.195  24.894 0.0000000000
89730  -10.161  -54.040  30.032 0.0000000000
86575  -10.671  -54.572  29.804 0.0000000000
21712  -11.141  -55.370  28.605 0.0000000000
20340  -10.066  -57.761  28.212 0.0000000000
88433  -10.375  -57.354  27.766 0.0000000000
19676  -7.814  -58.361  24.996 0.0000000000
21651  -17.685  -55.912  40.515 0.0000000000
20963  -17.094  -56.215  40.982 0.0000000000
18980  -13.571  -59.894  40.719 0.0000000000
31845  -39.316  -38.502  28.030 0.0000000000
32570  -39.864  -37.753  27.027 0.0000000000
40705  -53.227  -24.287  13.855 0.0000000000
23749  -6.946  -51.906  33.360 0.0000000000
22338  -10.372  -54.982  33.946 0.0000000000
20276  -10.302  -57.336  34.078 0.0000000000
35976  -49.452  -32.012  19.090 0.0000000000
37155  -49.910  -30.530  19.220 0.0000000000
21657  -19.749  -56.001  39.097 0.0000000000
20980  -20.366  -56.152  36.915 0.0000000000
80126  -20.075  -56.107  38.092 0.0000000000
20263  -18.513  -57.001  37.356 0.0000000000
74423  -27.973  -56.117  32.320 0.0000000000
85846  -27.878  -56.069  33.021 0.0000000000
20997  -20.932  -56.335  33.487 0.0000000000
89439  -19.843  -56.543  32.673 0.0000000000
20285  -17.665  -57.085  33.697 0.0000000000
26085  -8.319  -48.785  27.493 0.0000000000
26091  -7.046  -48.674  26.033 0.0000000000
23118  -7.543  -53.082  23.086 0.0000000000
23808  -7.024  -52.365  23.508 0.0000000000
90475  -6.473  -51.457  22.393 0.0000000000
20955  -15.327  -56.037  43.372 0.0000000000
22291  -14.732  -55.179  42.897 0.0000000000
21643  -14.587  -55.922  43.210 0.0000000000
76490  -13.418  -56.204  42.783 0.0000000000
21640  -12.883  -56.001  42.755 0.0000000000
20233  -10.964  -57.749  42.208 0.0000000000
85512  -11.410  -57.200  42.686 0.0000000000
21647  -10.764  -55.432  40.879 0.0000000000
20968  -10.473  -55.927  39.531 0.0000000000
21655  -10.461  -55.636  38.774 0.0000000000
18983  -7.480  -59.666  39.659 0.0000000000
19592  -7.883  -58.897  37.099 0.0000000000
19596  -7.887  -58.867  36.246 0.0000000000
85693  -7.588  -59.366  35.890 0.0000000000
15779  -11.136  -64.820  38.100 0.0000000000
15774  -9.844  -64.329  39.080 0.0000000000
15773  -9.028  -64.570  39.592 0.0000000000
86885  -8.592  -64.999  39.439 0.0000000000
15065  -8.124  -65.067  39.577 0.0000000000
15064  -7.874  -64.944  39.445 0.0000000000
17655  -7.293  -61.767  34.617 0.0000000000
81128  -40.415  -45.286  33.337 0.0000000000
25989  -36.704  -47.930  36.091 0.0000000000
27024  -38.064  -45.716  35.333 0.0000000000
27016  -36.118  -46.696  36.590 0.0000000000
86176  -36.436  -45.999  36.441 0.0000000000
87565  -54.817  -25.027  19.794 0.0000000000
38340  -49.306  -28.404  17.915 0.0000000000
38893  -48.871  -28.139  17.226 0.0000000000
38898  -49.484  -27.331  16.847 0.0000000000
39464  -52.142  -26.072  18.074 0.0000000000
40090  -52.782  -25.829  18.533 0.0000000000
34604  -44.860  -34.515  23.956 0.0000000000
88419  -39.083  -37.030  24.076 0.0000000000
32633  -38.961  -36.807  22.612 0.0000000000
83990  -39.925  -36.494  22.406 0.0000000000
73410  -42.866  -36.676  23.055 0.0000000000
28222  -7.385  -44.727  26.917 0.0000000000
21033  -11.075  -56.485  30.738 0.0000000000
20325  -10.772  -56.990  29.938 0.0000000000
20324  -10.316  -57.584  29.196 0.0000000000
19657  -9.364  -58.238  27.868 0.0000000000
19656  -8.569  -58.616  27.498 0.0000000000
19646  -7.928  -59.075  28.022 0.0000000000
18419  -7.165  -60.260  28.063 0.0000000000
20252  -17.494  -56.952  39.384 0.0000000000
20251  -16.767  -57.524  39.674 0.0000000000
19584  -15.493  -58.694  39.665 0.0000000000
32560  -40.745  -37.631  28.233 0.0000000000
32561  -41.595  -36.989  28.729 0.0000000000
29979  -39.435  -41.658  28.854 0.0000000000
29978  -38.876  -41.527  28.353 0.0000000000
31825  -39.666  -39.075  29.234 0.0000000000
88712  -29.100  -49.947  38.438 0.0000000000
24805  -30.406  -49.960  34.335 0.0000000000
24804  -29.567  -50.559  33.747 0.0000000000
23021  -8.488  -53.289  34.484 0.0000000000
23022  -9.167  -53.782  34.947 0.0000000000
22324  -9.728  -54.393  35.361 0.0000000000
89021  -10.841  -56.028  35.636 0.0000000000
20978  -10.698  -56.353  36.179 0.0000000000
37152  -50.231  -30.692  20.249 0.0000000000
88764  -44.715  -34.626  18.670 0.0000000000
87735  -46.413  -33.246  17.825 0.0000000000
35326  -48.291  -32.935  19.338 0.0000000000
35967  -50.060  -32.241  19.855 0.0000000000
36550  -50.456  -31.716  19.960 0.0000000000
20983  -20.029  -56.725  35.692 0.0000000000
21036  -26.078  -56.056  30.847 0.0000000000
74902  -25.393  -56.417  31.242 0.0000000000
74774  -24.691  -56.754  31.702 0.0000000000
21024  -22.618  -56.783  31.860 0.0000000000
21023  -21.764  -56.640  31.604 0.0000000000
24865  -7.399  -51.158  26.478 0.0000000000
86141  -8.154  -53.638  23.489 0.0000000000
24734  -12.967  -50.667  40.119 0.0000000000
24232  -12.733  -50.940  40.802 0.0000000000
24227  -12.344  -51.309  41.593 0.0000000000
24222  -11.830  -52.070  42.809 0.0000000000
20229  -12.416  -58.247  43.414 0.0000000000
19560  -12.104  -59.158  43.978 0.0000000000
19559  -11.706  -58.879  43.903 0.0000000000
19561  -11.252  -58.927  43.387 0.0000000000
18353  -10.899  -59.964  43.535 0.0000000000
87927  -10.308  -59.730  43.112 0.0000000000
19565  -10.746  -58.667  42.570 0.0000000000
19576  -8.200  -58.914  40.728 0.0000000000
19575  -7.776  -59.153  40.274 0.0000000000
18972  -7.598  -59.969  41.903 0.0000000000
18978  -7.541  -59.843  40.817 0.0000000000
79814  -7.297  -60.313  39.008 0.0000000000
18377  -7.240  -61.000  38.389 0.0000000000
28212  -40.663  -44.704  30.509 0.0000000000
27622  -40.697  -44.781  32.852 0.0000000000
28195  -40.913  -44.238  32.283 0.0000000000
90094  -41.604  -41.563  31.956 0.0000000000
25398  -33.090  -48.555  37.339 0.0000000000
39474  -51.387  -26.160  15.964 0.0000000000
40686  -54.730  -24.675  16.533 0.0000000000
74326  -28.475  -55.547  34.208 0.0000000000
74453  -29.015  -55.843  31.818 0.0000000000
72113  -28.727  -56.038  32.004 0.0000000000
74390  -27.075  -55.983  31.329 0.0000000000
26605  -4.849  -47.513  23.710 0.0000000000
89984  -4.823  -48.131  23.653 0.0000000000
23776  -8.208  -52.590  29.879 0.0000000000
21058  -11.349  -55.997  28.862 0.0000000000
21721  -11.127  -55.567  27.892 0.0000000000
21105  -9.422  -55.971  23.713 0.0000000000
80357  -16.136  -55.035  42.251 0.0000000000
21646  -16.079  -55.581  42.948 0.0000000000
20959  -16.201  -56.075  42.876 0.0000000000
20956  -15.907  -55.916  43.473 0.0000000000
20234  -13.529  -57.579  42.571 0.0000000000
20246  -16.609  -57.313  40.371 0.0000000000
19573  -15.196  -58.003  41.044 0.0000000000
85443  -12.867  -58.157  42.939 0.0000000000
19563  -12.548  -59.036  43.327 0.0000000000
18970  -12.428  -59.765  43.160 0.0000000000
80940  -12.241  -60.086  42.736 0.0000000000
18369  -11.719  -60.835  40.855 0.0000000000
33268  -43.079  -36.026  26.052 0.0000000000
78593  -40.507  -43.690  29.528 0.0000000000
29376  -39.969  -42.994  28.399 0.0000000000
32582  -38.604  -37.868  26.082 0.0000000000
32583  -39.607  -37.569  26.268 0.0000000000
32595  -40.304  -37.191  25.675 0.0000000000
74767  -42.108  -36.801  25.356 0.0000000000
23019  -28.657  -54.304  35.812 0.0000000000
24771  -29.625  -50.274  37.396 0.0000000000
41944  -54.300  -22.220  13.039 0.0000000000
43327  -56.165  -20.271  12.343 0.0000000000
24839  -7.079  -49.970  30.787 0.0000000000
24315  -7.354  -51.598  31.231 0.0000000000
87060  -8.396  -52.725  30.599 0.0000000000
22350  -10.557  -54.949  32.922 0.0000000000
21684  -10.928  -55.395  32.153 0.0000000000
21690  -11.157  -55.734  31.682 0.0000000000
21034  -11.218  -55.860  31.145 0.0000000000
21020  -11.153  -56.261  31.600 0.0000000000
20294  -10.746  -57.047  31.561 0.0000000000
77992  -10.209  -57.788  32.033 0.0000000000
35938  -48.229  -31.820  21.756 0.0000000000
35343  -46.778  -32.773  17.297 0.0000000000
35985  -47.238  -32.241  16.808 0.0000000000
35980  -48.171  -32.160  17.870 0.0000000000
36557  -47.828  -32.047  17.164 0.0000000000
36561  -47.579  -31.512  16.629 0.0000000000
36562  -48.046  -30.765  16.900 0.0000000000
37162  -48.814  -29.634  17.699 0.0000000000
37786  -49.755  -29.563  18.944 0.0000000000
20248  -18.097  -56.428  39.803 0.0000000000
20973  -19.698  -55.694  38.615 0.0000000000
20970  -19.446  -55.969  39.285 0.0000000000
19591  -17.019  -57.702  38.086 0.0000000000
79801  -15.755  -58.468  36.377 0.0000000000
20994  -28.074  -56.016  34.987 0.0000000000
20987  -27.823  -56.014  35.352 0.0000000000
20986  -27.520  -55.803  35.041 0.0000000000
21001  -25.652  -56.033  33.108 0.0000000000
22340  -23.475  -54.336  33.054 0.0000000000
22339  -22.703  -54.203  33.119 0.0000000000
88934  -21.041  -55.281  34.617 0.0000000000
90187  -16.980  -57.685  35.332 0.0000000000
27657  -7.491  -45.655  26.730 0.0000000000
26583  -8.538  -47.361  28.453 0.0000000000
88903  -8.232  -46.804  27.401 0.0000000000
27098  -7.074  -46.123  25.984 0.0000000000
27101  -6.400  -46.531  25.316 0.0000000000
26102  -4.463  -48.175  23.891 0.0000000000
26107  -4.995  -48.863  23.678 0.0000000000
23795  -7.513  -52.065  27.599 0.0000000000
24342  -7.088  -51.171  25.615 0.0000000000
24343  -7.308  -51.566  25.708 0.0000000000
24867  -6.272  -50.694  24.927 0.0000000000
24870  -5.489  -50.584  24.273 0.0000000000
24348  -5.680  -50.998  23.906 0.0000000000
25514  -4.918  -49.834  23.908 0.0000000000
25522  -7.050  -50.044  22.252 0.0000000000
24881  -7.219  -50.595  21.644 0.0000000000
22989  -8.608  -52.829  39.355 0.0000000000
22982  -15.225  -53.651  41.707 0.0000000000
22981  -14.482  -53.004  41.841 0.0000000000
77358  -14.055  -54.671  42.718 0.0000000000
22978  -13.931  -53.716  42.415 0.0000000000
23689  -13.380  -52.666  42.272 0.0000000000
23688  -12.593  -52.403  42.683 0.0000000000
23683  -12.042  -52.371  42.959 0.0000000000
23687  -11.802  -52.631  42.769 0.0000000000
76172  -12.220  -57.196  43.119 0.0000000000
20949  -12.294  -56.535  42.907 0.0000000000
21639  -12.358  -55.588  42.877 0.0000000000
79625  -11.650  -56.346  42.673 0.0000000000
21642  -11.935  -55.499  42.959 0.0000000000
22288  -12.100  -54.649  42.968 0.0000000000
22977  -11.818  -53.663  42.701 0.0000000000
22976  -11.264  -53.026  42.189 0.0000000000
22985  -9.449  -53.139  40.201 0.0000000000
22990  -9.189  -53.320  39.661 0.0000000000
22992  -9.101  -53.513  38.942 0.0000000000
20975  -10.816  -56.025  37.015 0.0000000000
20271  -10.245  -57.074  35.786 0.0000000000
80191  -9.076  -57.973  39.784 0.0000000000
20254  -9.705  -57.645  38.468 0.0000000000
19588  -9.082  -58.167  38.186 0.0000000000
20265  -9.730  -57.623  36.448 0.0000000000
80417  -8.410  -58.697  35.006 0.0000000000
19610  -8.509  -58.879  33.294 0.0000000000
19002  -8.029  -59.213  32.875 0.0000000000
16993  -12.566  -62.986  38.366 0.0000000000
16985  -11.412  -62.247  39.102 0.0000000000
16977  -10.973  -62.046  39.904 0.0000000000
16976  -10.284  -62.410  40.004 0.0000000000
16975  -9.492  -62.473  40.261 0.0000000000
16974  -8.527  -62.671  40.457 0.0000000000
15765  -8.798  -64.131  40.110 0.0000000000
16973  -7.901  -62.910  40.433 0.0000000000
17640  -7.447  -62.010  39.747 0.0000000000
80792  -7.282  -61.844  38.765 0.0000000000
17643  -7.237  -61.675  37.811 0.0000000000
16396  -7.335  -64.033  38.352 0.0000000000
16387  -7.263  -63.377  37.939 0.0000000000
80189  -7.247  -62.210  37.294 0.0000000000
18383  -7.242  -60.960  36.695 0.0000000000
18387  -7.318  -60.474  35.406 0.0000000000
18390  -7.385  -60.409  34.603 0.0000000000
19001  -7.666  -59.739  33.273 0.0000000000
83630  -7.457  -60.311  30.974 0.0000000000
79876  -7.299  -61.021  29.262 0.0000000000
15057  -7.971  -64.571  40.127 0.0000000000
15066  -9.258  -64.997  38.981 0.0000000000
15777  -7.580  -64.607  38.913 0.0000000000
16368  -8.186  -63.881  40.352 0.0000000000
18348  -10.746  -59.817  43.368 0.0000000000
18350  -11.634  -59.618  44.025 0.0000000000
18355  -7.770  -60.017  42.422 0.0000000000
18359  -11.241  -60.111  43.211 0.0000000000
18361  -7.720  -60.149  42.059 0.0000000000
18386  -7.261  -60.681  36.108 0.0000000000
18966  -10.897  -59.605  43.440 0.0000000000
19558  -11.338  -59.425  43.815 0.0000000000
20952  -14.009  -56.097  43.040 0.0000000000
21070  -11.309  -55.846  28.333 0.0000000000
21644  -15.249  -55.722  43.259 0.0000000000
22292  -15.262  -55.170  42.905 0.0000000000
22296  -15.261  -54.642  42.524 0.0000000000
22300  -15.630  -54.374  42.092 0.0000000000
22975  -13.212  -54.044  42.562 0.0000000000
23684  -12.250  -52.615  42.860 0.0000000000
24221  -11.474  -51.855  42.217 0.0000000000
26503  -37.408  -45.476  36.078 0.0000000000
26511  -37.510  -45.745  35.871 0.0000000000
27004  -36.905  -45.505  36.289 0.0000000000
27005  -37.631  -45.050  36.428 0.0000000000
27557  -38.988  -44.983  37.547 0.0000000000
28098  -38.562  -44.057  38.409 0.0000000000
28108  -38.088  -44.321  37.515 0.0000000000
28109  -38.735  -44.583  38.135 0.0000000000
28110  -39.119  -44.304  38.041 0.0000000000
28111  -39.483  -44.376  37.519 0.0000000000
28124  -40.451  -44.631  36.911 0.0000000000
28689  -39.280  -43.774  38.203 0.0000000000
28691  -40.143  -43.796  37.580 0.0000000000
28699  -40.189  -44.081  37.268 0.0000000000
29262  -39.310  -43.497  37.289 0.0000000000
29263  -40.115  -43.437  37.630 0.0000000000
77873  -11.977  -51.699  42.436 0.0000000000
78340  -14.326  -55.436  42.958 0.0000000000
85665  -38.704  -43.741  38.293 0.0000000000
90090  -16.132  -54.524  41.638 0.0000000000
