#!ascii label  , from subject sub-01 vox2ras=TkReg
752
19602  -14.858  -58.769  36.065 0.0000000000
84985  -40.473  -47.765  30.270 0.0000000000
28802  -39.718  -44.021  22.941 0.0000000000
26022  -32.660  -48.550  33.189 0.0000000000
35361  -42.183  -32.997  14.413 0.0000000000
31953  -34.980  -38.093  18.519 0.0000000000
81128  -40.415  -45.286  33.337 0.0000000000
26013  -37.460  -47.630  33.451 0.0000000000
87090  -47.548  -30.732  16.374 0.0000000000
39466  -50.002  -26.770  16.182 0.0000000000
40106  -52.286  -25.367  14.624 0.0000000000
31265  -36.936  -39.036  25.809 0.0000000000
30059  -36.048  -42.028  20.634 0.0000000000
32633  -38.961  -36.807  22.612 0.0000000000
33949  -42.524  -35.279  19.512 0.0000000000
76015  -28.509  -54.165  31.315 0.0000000000
18373  -13.933  -60.199  39.589 0.0000000000
73607  -40.233  -45.307  26.033 0.0000000000
29978  -38.876  -41.527  28.353 0.0000000000
24850  -29.460  -50.616  29.902 0.0000000000
25465  -35.181  -48.779  31.096 0.0000000000
40126  -49.642  -24.722  11.262 0.0000000000
41938  -53.919  -22.801  13.232 0.0000000000
80793  -38.831  -34.666  16.724 0.0000000000
34650  -45.189  -33.989  17.231 0.0000000000
20291  -18.741  -56.650  32.191 0.0000000000
15768  -15.450  -64.421  40.910 0.0000000000
38343  -48.266  -28.354  16.616 0.0000000000
32607  -37.588  -37.626  23.864 0.0000000000
73643  -27.119  -53.935  28.384 0.0000000000
89171  -14.556  -59.367  38.596 0.0000000000
73047  -39.411  -47.397  26.539 0.0000000000
72162  -40.773  -46.957  27.663 0.0000000000
26037  -30.876  -48.756  31.915 0.0000000000
26073  -31.899  -48.473  29.704 0.0000000000
26040  -33.334  -48.426  32.482 0.0000000000
26027  -39.831  -48.046  32.337 0.0000000000
25439  -39.001  -48.682  32.352 0.0000000000
26057  -40.387  -48.950  31.042 0.0000000000
88720  -30.819  -49.426  33.967 0.0000000000
24824  -29.109  -50.236  31.843 0.0000000000
38912  -45.901  -26.391  13.191 0.0000000000
77612  -49.618  -25.095  12.225 0.0000000000
40705  -53.227  -24.287  13.855 0.0000000000
30689  -34.250  -40.412  19.728 0.0000000000
33318  -36.857  -35.459  17.163 0.0000000000
33958  -43.394  -35.046  18.485 0.0000000000
21035  -25.234  -56.367  30.353 0.0000000000
20302  -23.099  -56.917  31.282 0.0000000000
21009  -20.404  -56.482  32.354 0.0000000000
20312  -21.137  -56.400  29.631 0.0000000000
16989  -16.903  -62.590  39.025 0.0000000000
27085  -40.488  -46.704  31.356 0.0000000000
27649  -40.574  -45.560  30.342 0.0000000000
28203  -40.809  -44.473  31.451 0.0000000000
88168  -34.707  -48.665  34.931 0.0000000000
76482  -35.298  -48.556  33.657 0.0000000000
26012  -36.916  -47.997  34.454 0.0000000000
26540  -38.872  -46.800  33.405 0.0000000000
35993  -45.184  -32.001  15.150 0.0000000000
37798  -45.501  -29.473  14.991 0.0000000000
38345  -46.418  -27.626  15.091 0.0000000000
39477  -48.583  -26.282  14.209 0.0000000000
39487  -50.005  -25.834  13.921 0.0000000000
39480  -51.207  -26.012  15.240 0.0000000000
30020  -37.098  -42.039  24.324 0.0000000000
76861  -37.936  -43.070  21.954 0.0000000000
30654  -34.973  -40.202  23.705 0.0000000000
90172  -35.288  -38.709  22.566 0.0000000000
32645  -37.276  -37.065  20.845 0.0000000000
73513  -38.663  -36.102  19.147 0.0000000000
73517  -40.789  -36.258  21.043 0.0000000000
72115  -27.773  -55.582  31.241 0.0000000000
21705  -25.526  -55.720  29.069 0.0000000000
42656  -52.552  -21.621  10.133 0.0000000000
18370  -12.613  -60.827  40.494 0.0000000000
83972  -38.338  -46.633  25.179 0.0000000000
85036  -40.128  -44.241  24.618 0.0000000000
75158  -40.440  -44.316  27.957 0.0000000000
28788  -40.050  -43.532  26.852 0.0000000000
29387  -38.585  -42.566  25.951 0.0000000000
30619  -37.527  -40.148  27.196 0.0000000000
25436  -35.813  -48.593  32.793 0.0000000000
23765  -28.572  -52.840  32.212 0.0000000000
23777  -28.568  -52.400  30.491 0.0000000000
40122  -50.965  -24.960  12.781 0.0000000000
40715  -51.950  -24.084  12.058 0.0000000000
41946  -52.440  -22.830  11.385 0.0000000000
42649  -54.492  -21.702  12.634 0.0000000000
19611  -13.583  -58.813  33.758 0.0000000000
18385  -13.657  -60.371  36.150 0.0000000000
34669  -40.956  -33.945  15.209 0.0000000000
33955  -40.472  -35.318  18.165 0.0000000000
33982  -42.230  -34.930  16.995 0.0000000000
34659  -43.951  -34.344  15.635 0.0000000000
35984  -46.504  -32.562  16.468 0.0000000000
75251  -15.801  -57.532  34.217 0.0000000000
17641  -14.531  -61.287  38.767 0.0000000000
80200  -14.597  -61.927  39.584 0.0000000000
16987  -13.301  -62.788  38.860 0.0000000000
18992  -14.987  -58.914  37.033 0.0000000000
73108  -40.963  -48.086  28.376 0.0000000000
72148  -40.924  -47.983  27.699 0.0000000000
73770  -40.773  -47.302  28.907 0.0000000000
26038  -31.478  -48.565  32.299 0.0000000000
26039  -32.333  -48.410  32.212 0.0000000000
26566  -40.366  -47.515  31.586 0.0000000000
26042  -40.173  -48.807  32.131 0.0000000000
72161  -40.449  -48.349  30.295 0.0000000000
73199  -40.488  -48.838  29.803 0.0000000000
26006  -31.977  -48.909  34.512 0.0000000000
25425  -31.207  -49.385  34.531 0.0000000000
25435  -31.286  -48.974  33.710 0.0000000000
25447  -30.977  -48.849  32.782 0.0000000000
40120  -48.893  -25.429  12.343 0.0000000000
28240  -39.466  -44.315  23.066 0.0000000000
73005  -38.976  -44.436  21.295 0.0000000000
31940  -34.495  -38.923  18.914 0.0000000000
30701  -34.305  -40.333  17.740 0.0000000000
72382  -35.877  -36.535  17.538 0.0000000000
20334  -24.564  -56.914  29.941 0.0000000000
20315  -24.113  -57.201  30.418 0.0000000000
20314  -22.841  -56.971  30.379 0.0000000000
20332  -22.571  -57.355  29.608 0.0000000000
89775  -40.263  -46.001  33.003 0.0000000000
27629  -40.595  -45.928  31.755 0.0000000000
27622  -40.697  -44.781  32.852 0.0000000000
25997  -34.975  -48.599  35.795 0.0000000000
26010  -35.578  -48.556  34.769 0.0000000000
25999  -36.397  -48.278  35.376 0.0000000000
27047  -39.288  -46.112  33.878 0.0000000000
27046  -38.478  -46.394  34.104 0.0000000000
27048  -40.005  -45.855  33.601 0.0000000000
27061  -40.069  -46.486  33.031 0.0000000000
36565  -46.296  -31.338  15.526 0.0000000000
36569  -45.345  -31.239  15.124 0.0000000000
37167  -46.618  -30.390  15.603 0.0000000000
38897  -48.677  -27.654  16.429 0.0000000000
38896  -48.035  -27.855  16.104 0.0000000000
38902  -48.346  -27.304  15.686 0.0000000000
38908  -47.990  -26.877  14.897 0.0000000000
39471  -48.899  -26.726  15.104 0.0000000000
39478  -49.507  -26.263  14.514 0.0000000000
39473  -50.610  -26.364  15.646 0.0000000000
30649  -36.172  -40.302  25.404 0.0000000000
30019  -36.256  -41.418  24.134 0.0000000000
31264  -36.162  -39.543  25.294 0.0000000000
32623  -38.231  -37.180  23.262 0.0000000000
31904  -36.882  -37.932  23.561 0.0000000000
32631  -37.211  -37.390  22.193 0.0000000000
32630  -36.361  -37.666  21.762 0.0000000000
80239  -37.778  -37.109  21.767 0.0000000000
72367  -38.545  -36.670  20.748 0.0000000000
72359  -40.015  -36.423  21.512 0.0000000000
74486  -28.834  -54.542  32.009 0.0000000000
74453  -29.015  -55.843  31.818 0.0000000000
84444  -27.926  -55.029  30.928 0.0000000000
21714  -26.085  -54.754  28.608 0.0000000000
42658  -54.064  -21.073  11.137 0.0000000000
43334  -53.878  -20.744  10.242 0.0000000000
18372  -13.810  -60.468  39.982 0.0000000000
73061  -39.993  -46.764  26.524 0.0000000000
83821  -38.223  -47.456  25.821 0.0000000000
84301  -39.276  -45.862  25.223 0.0000000000
72151  -38.582  -45.920  24.530 0.0000000000
28226  -40.025  -45.196  25.355 0.0000000000
28212  -40.663  -44.704  30.509 0.0000000000
27652  -40.545  -45.270  29.122 0.0000000000
78593  -40.507  -43.690  29.528 0.0000000000
29373  -39.416  -42.309  28.350 0.0000000000
29376  -39.969  -42.994  28.399 0.0000000000
88789  -39.174  -42.690  27.150 0.0000000000
29388  -39.284  -43.029  26.024 0.0000000000
88567  -38.497  -41.931  27.214 0.0000000000
30012  -37.873  -41.954  25.998 0.0000000000
30620  -38.017  -40.532  27.702 0.0000000000
26065  -33.413  -48.428  30.728 0.0000000000
26025  -36.072  -48.528  33.635 0.0000000000
26026  -36.848  -48.210  33.304 0.0000000000
25451  -37.651  -49.391  32.241 0.0000000000
24304  -29.086  -51.259  33.537 0.0000000000
24317  -28.959  -50.792  30.982 0.0000000000
24316  -28.584  -51.681  31.218 0.0000000000
24322  -28.881  -51.493  30.268 0.0000000000
24331  -28.860  -52.103  29.742 0.0000000000
40104  -50.729  -25.655  14.029 0.0000000000
40112  -50.466  -25.440  13.349 0.0000000000
40114  -52.048  -25.173  13.901 0.0000000000
41302  -53.562  -23.549  13.538 0.0000000000
40711  -52.239  -24.296  12.687 0.0000000000
41305  -52.532  -23.553  12.206 0.0000000000
41308  -51.823  -23.565  11.534 0.0000000000
41942  -53.016  -22.833  12.072 0.0000000000
41947  -53.119  -22.347  11.650 0.0000000000
41944  -54.300  -22.220  13.039 0.0000000000
29420  -36.810  -42.481  20.952 0.0000000000
29434  -38.259  -43.438  20.526 0.0000000000
33995  -39.308  -34.243  15.453 0.0000000000
33979  -39.513  -34.532  16.261 0.0000000000
33315  -40.285  -35.677  19.003 0.0000000000
33314  -39.406  -35.764  18.825 0.0000000000
33312  -41.123  -35.508  19.003 0.0000000000
34641  -44.791  -34.461  18.058 0.0000000000
33967  -42.931  -35.046  17.592 0.0000000000
33984  -43.740  -34.991  16.926 0.0000000000
86670  -43.602  -34.822  16.138 0.0000000000
34661  -44.800  -34.176  16.616 0.0000000000
35358  -45.060  -33.210  15.678 0.0000000000
35352  -45.965  -33.276  17.044 0.0000000000
86622  -19.591  -56.481  32.038 0.0000000000
20286  -18.580  -56.846  33.317 0.0000000000
20285  -17.665  -57.085  33.697 0.0000000000
75491  -16.885  -56.970  33.009 0.0000000000
88613  -16.190  -56.937  32.515 0.0000000000
79197  -16.891  -56.825  31.866 0.0000000000
17651  -14.207  -61.329  36.511 0.0000000000
81722  -13.897  -60.470  37.711 0.0000000000
17649  -15.047  -61.651  37.768 0.0000000000
16374  -16.237  -63.252  40.664 0.0000000000
16981  -16.262  -62.534  40.236 0.0000000000
16980  -15.474  -62.522  40.213 0.0000000000
80689  -13.928  -62.138  39.445 0.0000000000
16372  -14.456  -63.546  39.900 0.0000000000
26530  -37.425  -46.918  34.927 0.0000000000
37162  -48.814  -29.634  17.699 0.0000000000
37791  -47.957  -29.183  16.593 0.0000000000
37788  -48.932  -28.869  17.643 0.0000000000
77730  -37.196  -38.377  25.266 0.0000000000
74482  -27.939  -53.760  29.967 0.0000000000
72129  -27.592  -54.474  30.310 0.0000000000
19584  -15.493  -58.694  39.665 0.0000000000
18376  -14.088  -59.986  39.311 0.0000000000
83974  -40.063  -48.232  27.104 0.0000000000
83998  -40.432  -47.317  27.037 0.0000000000
84035  -40.453  -46.445  26.971 0.0000000000
30607  -38.473  -40.577  28.388 0.0000000000
25470  -30.137  -49.297  30.827 0.0000000000
25471  -30.683  -49.064  30.030 0.0000000000
26062  -30.883  -48.757  30.933 0.0000000000
26055  -32.447  -48.351  31.169 0.0000000000
87822  -34.089  -48.377  31.634 0.0000000000
85284  -38.535  -47.616  32.822 0.0000000000
25438  -37.872  -48.418  32.515 0.0000000000
88802  -39.373  -48.117  32.412 0.0000000000
26041  -39.885  -49.022  32.328 0.0000000000
73064  -40.400  -49.499  30.458 0.0000000000
24805  -30.406  -49.960  34.335 0.0000000000
24311  -29.012  -50.803  32.775 0.0000000000
24815  -29.648  -49.887  32.773 0.0000000000
25462  -29.725  -49.510  31.703 0.0000000000
38911  -44.104  -27.413  12.936 0.0000000000
40690  -53.841  -24.805  15.389 0.0000000000
40107  -52.782  -24.901  14.261 0.0000000000
30058  -35.295  -41.624  20.309 0.0000000000
33323  -36.344  -35.101  16.425 0.0000000000
33324  -37.296  -34.932  16.755 0.0000000000
33950  -43.297  -35.127  19.749 0.0000000000
81409  -43.076  -35.088  19.095 0.0000000000
34636  -44.609  -34.750  19.265 0.0000000000
20316  -24.672  -56.798  30.806 0.0000000000
21024  -22.618  -56.783  31.860 0.0000000000
21023  -21.764  -56.640  31.604 0.0000000000
21021  -20.091  -56.311  31.184 0.0000000000
20298  -19.890  -56.126  30.251 0.0000000000
20309  -18.516  -56.760  30.107 0.0000000000
20311  -20.303  -55.924  29.367 0.0000000000
26571  -40.454  -47.303  30.793 0.0000000000
27095  -40.545  -46.314  30.118 0.0000000000
78070  -40.537  -46.078  30.901 0.0000000000
27643  -40.640  -45.299  31.170 0.0000000000
26007  -32.919  -48.714  34.217 0.0000000000
26023  -33.601  -48.566  33.420 0.0000000000
26009  -34.808  -48.615  34.262 0.0000000000
26011  -36.363  -48.331  34.383 0.0000000000
26531  -37.793  -46.737  34.370 0.0000000000
88566  -37.994  -47.000  33.707 0.0000000000
85100  -39.396  -47.339  32.795 0.0000000000
26551  -40.159  -47.786  32.138 0.0000000000
25427  -33.453  -48.812  35.000 0.0000000000
35363  -43.821  -32.911  14.909 0.0000000000
35990  -42.574  -32.383  14.244 0.0000000000
79432  -44.577  -31.688  14.847 0.0000000000
37170  -44.273  -30.162  14.381 0.0000000000
37797  -44.736  -29.394  14.537 0.0000000000
37794  -46.850  -29.648  15.730 0.0000000000
38349  -45.914  -28.546  15.111 0.0000000000
38905  -45.571  -27.644  14.553 0.0000000000
38906  -46.144  -26.902  14.295 0.0000000000
38913  -46.824  -26.323  13.789 0.0000000000
89684  -48.120  -26.066  13.707 0.0000000000
39485  -48.603  -25.827  13.236 0.0000000000
39486  -49.261  -25.969  13.793 0.0000000000
39479  -50.481  -26.075  14.735 0.0000000000
40100  -52.059  -25.747  15.366 0.0000000000
39468  -51.457  -26.263  16.803 0.0000000000
75576  -52.746  -25.558  15.891 0.0000000000
29402  -38.684  -43.238  23.665 0.0000000000
78122  -38.762  -43.532  21.873 0.0000000000
29411  -37.412  -42.600  22.711 0.0000000000
30040  -36.690  -42.081  22.691 0.0000000000
30038  -35.490  -41.326  22.148 0.0000000000
31889  -35.564  -39.207  24.124 0.0000000000
31292  -34.778  -39.796  23.150 0.0000000000
30679  -34.513  -40.252  21.670 0.0000000000
31303  -34.473  -39.558  21.273 0.0000000000
31932  -35.173  -38.233  20.670 0.0000000000
32652  -36.194  -37.170  19.734 0.0000000000
84030  -37.023  -36.790  19.508 0.0000000000
32646  -37.733  -36.799  20.272 0.0000000000
72374  -39.247  -36.403  20.294 0.0000000000
33311  -40.788  -35.941  19.941 0.0000000000
33309  -42.229  -35.755  21.259 0.0000000000
90621  -42.901  -35.276  20.220 0.0000000000
74390  -27.075  -55.983  31.329 0.0000000000
72120  -26.927  -54.741  29.936 0.0000000000
21706  -26.176  -55.137  29.585 0.0000000000
21049  -25.762  -55.842  29.960 0.0000000000
84104  -38.929  -45.113  23.859 0.0000000000
74364  -39.873  -43.992  23.556 0.0000000000
72158  -40.694  -46.340  28.565 0.0000000000
27654  -40.559  -45.204  28.238 0.0000000000
28220  -40.451  -44.950  27.363 0.0000000000
76365  -40.374  -44.127  27.073 0.0000000000
28789  -40.322  -43.979  26.198 0.0000000000
28793  -40.226  -43.910  25.208 0.0000000000
28797  -39.696  -43.581  24.724 0.0000000000
29394  -38.918  -43.163  24.516 0.0000000000
30011  -37.462  -42.018  25.167 0.0000000000
82605  -37.232  -41.361  25.755 0.0000000000
31246  -37.239  -39.512  26.561 0.0000000000
31235  -38.088  -39.876  27.937 0.0000000000
31247  -37.977  -39.168  27.235 0.0000000000
26024  -34.486  -48.545  33.542 0.0000000000
25448  -35.067  -48.425  32.794 0.0000000000
86976  -34.860  -48.427  32.033 0.0000000000
88053  -37.121  -48.711  32.426 0.0000000000
25450  -36.314  -49.047  31.926 0.0000000000
23045  -28.716  -53.657  32.552 0.0000000000
72123  -28.577  -53.518  31.746 0.0000000000
88498  -28.721  -51.336  32.479 0.0000000000
23770  -28.485  -52.594  31.471 0.0000000000
87970  -28.455  -53.234  30.959 0.0000000000
76089  -28.479  -53.016  30.223 0.0000000000
40111  -49.587  -25.561  13.083 0.0000000000
77864  -50.213  -25.179  12.726 0.0000000000
40121  -50.355  -24.720  12.189 0.0000000000
40704  -52.519  -24.601  13.469 0.0000000000
40710  -51.559  -24.497  12.405 0.0000000000
40714  -51.333  -24.106  11.779 0.0000000000
40720  -50.998  -23.623  11.072 0.0000000000
41311  -50.937  -23.114  10.415 0.0000000000
41950  -51.284  -22.565  10.054 0.0000000000
41952  -52.833  -22.020  10.980 0.0000000000
42652  -53.545  -21.749  11.458 0.0000000000
75252  -14.839  -58.403  35.241 0.0000000000
18994  -14.198  -59.389  36.490 0.0000000000
80182  -13.448  -59.871  35.437 0.0000000000
28258  -38.957  -44.169  20.601 0.0000000000
34677  -41.643  -33.541  14.737 0.0000000000
73286  -38.080  -35.927  18.443 0.0000000000
33319  -38.764  -35.493  17.972 0.0000000000
77099  -39.695  -34.872  17.029 0.0000000000
33956  -41.491  -35.253  18.288 0.0000000000
33965  -41.024  -35.024  17.517 0.0000000000
33980  -40.499  -34.758  16.678 0.0000000000
33997  -41.165  -34.498  15.983 0.0000000000
34670  -41.883  -34.156  15.423 0.0000000000
34678  -42.553  -33.637  15.000 0.0000000000
35357  -44.316  -33.503  15.355 0.0000000000
35988  -46.168  -32.209  15.762 0.0000000000
36561  -47.579  -31.512  16.629 0.0000000000
20272  -16.402  -58.015  35.703 0.0000000000
90187  -16.980  -57.685  35.332 0.0000000000
20278  -15.656  -57.919  35.049 0.0000000000
19608  -14.941  -57.926  34.430 0.0000000000
20289  -14.387  -57.465  32.643 0.0000000000
18378  -13.753  -59.988  37.580 0.0000000000
18379  -13.886  -60.196  38.224 0.0000000000
17642  -14.162  -61.058  39.076 0.0000000000
17646  -15.329  -61.697  39.174 0.0000000000
17639  -15.299  -61.823  39.574 0.0000000000
17638  -14.087  -61.191  39.218 0.0000000000
17637  -13.794  -61.281  39.580 0.0000000000
16978  -13.283  -62.081  39.296 0.0000000000
15766  -14.256  -64.381  39.683 0.0000000000
16382  -13.268  -63.586  38.552 0.0000000000
79801  -15.755  -58.468  36.377 0.0000000000
73267  -40.634  -48.040  29.415 0.0000000000
26021  -31.773  -48.604  33.004 0.0000000000
26066  -40.390  -48.071  30.967 0.0000000000
87355  -32.084  -48.674  33.760 0.0000000000
39496  -48.103  -25.595  12.295 0.0000000000
28812  -39.410  -44.059  22.130 0.0000000000
31313  -34.265  -39.603  18.310 0.0000000000
31952  -34.592  -38.753  17.853 0.0000000000
31964  -35.039  -37.820  17.359 0.0000000000
32664  -35.498  -37.290  18.088 0.0000000000
20333  -24.038  -57.538  29.627 0.0000000000
77069  -23.478  -57.319  29.954 0.0000000000
27621  -40.530  -45.628  32.581 0.0000000000
25998  -35.776  -48.481  35.800 0.0000000000
36566  -47.065  -31.050  15.990 0.0000000000
37168  -47.231  -30.221  15.993 0.0000000000
38898  -49.484  -27.331  16.847 0.0000000000
38903  -49.213  -27.086  15.918 0.0000000000
39472  -49.788  -26.555  15.348 0.0000000000
30635  -36.645  -39.853  25.985 0.0000000000
32622  -37.390  -37.488  23.001 0.0000000000
32632  -38.023  -37.137  22.396 0.0000000000
32641  -38.542  -36.832  21.661 0.0000000000
82930  -39.332  -36.596  21.857 0.0000000000
72124  -28.871  -55.053  31.687 0.0000000000
73735  -28.256  -54.557  30.916 0.0000000000
43335  -54.698  -20.343  10.813 0.0000000000
18982  -14.561  -59.168  39.878 0.0000000000
18981  -14.037  -59.550  40.288 0.0000000000
18980  -13.571  -59.894  40.719 0.0000000000
73078  -40.102  -46.089  26.284 0.0000000000
73228  -39.285  -46.565  25.903 0.0000000000
73426  -39.854  -45.835  25.707 0.0000000000
28216  -40.581  -44.555  29.680 0.0000000000
87050  -38.882  -42.218  27.606 0.0000000000
29379  -38.769  -42.443  26.737 0.0000000000
30004  -38.110  -41.694  26.836 0.0000000000
29991  -38.329  -41.345  27.650 0.0000000000
24832  -29.485  -49.953  30.850 0.0000000000
40713  -50.583  -24.237  11.500 0.0000000000
40105  -51.445  -25.629  14.501 0.0000000000
40113  -51.250  -25.304  13.607 0.0000000000
41301  -52.907  -23.927  13.072 0.0000000000
41306  -53.275  -23.161  12.745 0.0000000000
41943  -53.714  -22.266  12.361 0.0000000000
29433  -37.430  -42.969  20.344 0.0000000000
29432  -36.668  -42.509  20.065 0.0000000000
33978  -37.869  -34.552  16.382 0.0000000000
33977  -36.899  -34.657  15.993 0.0000000000
74869  -38.559  -34.346  15.960 0.0000000000
33943  -41.714  -35.575  19.730 0.0000000000
33948  -41.883  -35.371  18.989 0.0000000000
34649  -44.493  -34.600  17.166 0.0000000000
34660  -44.275  -34.612  16.340 0.0000000000
35351  -45.270  -33.599  16.411 0.0000000000
77750  -17.791  -56.802  32.569 0.0000000000
86416  -18.001  -56.729  31.291 0.0000000000
17652  -14.842  -61.747  37.070 0.0000000000
16373  -15.342  -63.522  40.488 0.0000000000
32593  -38.523  -37.558  25.100 0.0000000000
18988  -14.787  -59.192  37.952 0.0000000000
19589  -15.401  -58.803  38.756 0.0000000000
18985  -14.620  -59.236  39.260 0.0000000000
84917  -40.735  -48.691  27.666 0.0000000000
85718  -40.939  -47.411  28.184 0.0000000000
27096  -40.597  -45.914  27.594 0.0000000000
25463  -30.322  -49.046  31.549 0.0000000000
80007  -33.121  -48.359  31.661 0.0000000000
25467  -40.394  -49.213  31.876 0.0000000000
25453  -40.299  -49.435  32.138 0.0000000000
89733  -40.791  -48.961  28.321 0.0000000000
88436  -29.989  -49.949  33.541 0.0000000000
76836  -30.456  -49.437  33.345 0.0000000000
25446  -30.274  -49.186  32.348 0.0000000000
38918  -44.790  -26.762  12.889 0.0000000000
30057  -34.666  -41.110  20.046 0.0000000000
30067  -35.160  -41.644  19.450 0.0000000000
30066  -34.630  -41.023  19.135 0.0000000000
72383  -36.049  -35.758  16.938 0.0000000000
33951  -44.077  -35.018  19.930 0.0000000000
83572  -43.762  -35.007  19.188 0.0000000000
82285  -45.730  -33.804  18.083 0.0000000000
74902  -25.393  -56.417  31.242 0.0000000000
81558  -23.633  -57.113  30.817 0.0000000000
85919  -24.204  -57.050  31.106 0.0000000000
20301  -22.247  -56.753  30.928 0.0000000000
20313  -21.928  -56.825  30.015 0.0000000000
20300  -21.392  -56.522  30.604 0.0000000000
20299  -20.606  -56.224  30.359 0.0000000000
27088  -40.500  -46.695  30.625 0.0000000000
27630  -40.761  -45.063  32.044 0.0000000000
26008  -34.012  -48.676  34.387 0.0000000000
27071  -40.367  -46.691  32.339 0.0000000000
26544  -39.930  -47.167  32.704 0.0000000000
25996  -34.141  -48.735  35.389 0.0000000000
35992  -44.647  -32.580  15.114 0.0000000000
35991  -43.882  -32.121  14.640 0.0000000000
37172  -45.886  -30.409  15.214 0.0000000000
78761  -44.601  -30.914  14.724 0.0000000000
37171  -45.065  -30.287  14.872 0.0000000000
37795  -47.345  -29.365  16.112 0.0000000000
38342  -47.593  -28.454  16.150 0.0000000000
38901  -47.389  -27.598  15.571 0.0000000000
83352  -46.775  -28.643  15.663 0.0000000000
38907  -47.031  -26.883  14.716 0.0000000000
39476  -47.680  -26.339  14.129 0.0000000000
29401  -37.704  -42.673  23.556 0.0000000000
30018  -35.508  -40.841  23.899 0.0000000000
30028  -35.990  -41.507  23.110 0.0000000000
30039  -36.248  -41.867  22.286 0.0000000000
30027  -35.159  -40.807  23.055 0.0000000000
31892  -37.741  -37.834  24.734 0.0000000000
31891  -36.851  -38.227  24.440 0.0000000000
31912  -35.649  -38.559  22.977 0.0000000000
31903  -35.464  -38.970  23.493 0.0000000000
31293  -35.034  -39.181  22.910 0.0000000000
31298  -34.610  -39.792  22.366 0.0000000000
31299  -34.960  -38.926  22.035 0.0000000000
32644  -36.650  -37.308  20.989 0.0000000000
32639  -35.876  -37.681  20.953 0.0000000000
32651  -35.587  -37.655  20.137 0.0000000000
87329  -36.217  -37.341  20.452 0.0000000000
73442  -40.007  -36.314  20.602 0.0000000000
72356  -41.558  -35.875  20.650 0.0000000000
77549  -42.879  -35.413  20.920 0.0000000000
89821  -42.299  -35.507  20.370 0.0000000000
33944  -43.568  -35.216  20.563 0.0000000000
73769  -28.557  -55.465  31.454 0.0000000000
72110  -28.641  -55.891  31.652 0.0000000000
75377  -27.847  -56.072  31.780 0.0000000000
84545  -27.394  -53.983  29.330 0.0000000000
72128  -26.685  -54.473  29.172 0.0000000000
21699  -26.672  -55.466  30.560 0.0000000000
72157  -37.732  -46.696  24.487 0.0000000000
83075  -39.597  -44.984  24.671 0.0000000000
73765  -39.779  -44.265  24.004 0.0000000000
72149  -40.039  -43.957  24.265 0.0000000000
87146  -40.616  -46.599  29.400 0.0000000000
85707  -40.563  -45.877  29.557 0.0000000000
28218  -40.497  -44.453  28.843 0.0000000000
28786  -40.183  -43.591  27.718 0.0000000000
28792  -39.919  -43.511  26.046 0.0000000000
77236  -39.713  -43.440  25.441 0.0000000000
29395  -39.100  -43.070  25.309 0.0000000000
29386  -38.277  -42.609  25.240 0.0000000000
30003  -37.438  -40.990  26.523 0.0000000000
30636  -37.050  -40.176  26.508 0.0000000000
31227  -38.588  -39.745  28.629 0.0000000000
31836  -38.469  -39.201  28.077 0.0000000000
31856  -38.396  -38.407  26.825 0.0000000000
25472  -31.281  -48.677  30.096 0.0000000000
25483  -31.330  -48.817  29.324 0.0000000000
79373  -28.725  -51.081  31.923 0.0000000000
40709  -50.982  -24.513  12.137 0.0000000000
41312  -51.603  -23.023  10.819 0.0000000000
41951  -52.082  -22.336  10.496 0.0000000000
42653  -54.227  -21.472  11.923 0.0000000000
19607  -14.164  -58.565  34.598 0.0000000000
18998  -14.065  -59.158  35.521 0.0000000000
19000  -13.501  -59.357  34.680 0.0000000000
28823  -39.137  -43.838  21.442 0.0000000000
29422  -38.509  -43.477  21.282 0.0000000000
34668  -39.964  -33.924  14.839 0.0000000000
77025  -40.760  -33.587  14.398 0.0000000000
84576  -37.900  -36.448  19.326 0.0000000000
84547  -37.198  -36.356  18.599 0.0000000000
89713  -39.964  -35.535  18.496 0.0000000000
33954  -39.632  -35.416  18.059 0.0000000000
33963  -39.180  -35.065  17.428 0.0000000000
90502  -39.866  -35.169  17.607 0.0000000000
33957  -42.471  -35.168  18.507 0.0000000000
33966  -41.928  -35.088  17.617 0.0000000000
33981  -41.464  -34.847  16.845 0.0000000000
33998  -42.046  -34.759  16.187 0.0000000000
34671  -42.910  -34.405  15.641 0.0000000000
35356  -43.475  -33.679  15.160 0.0000000000
35983  -45.770  -32.903  16.095 0.0000000000
36560  -46.949  -31.920  16.037 0.0000000000
75001  -16.733  -57.312  33.996 0.0000000000
20280  -17.479  -57.399  34.818 0.0000000000
20279  -16.512  -57.634  34.867 0.0000000000
79800  -15.829  -56.927  31.743 0.0000000000
20290  -15.354  -57.098  32.598 0.0000000000
20295  -14.845  -57.198  31.775 0.0000000000
18384  -13.725  -59.866  36.831 0.0000000000
18991  -14.134  -59.549  37.355 0.0000000000
17645  -14.303  -61.005  38.198 0.0000000000
18375  -14.047  -60.562  38.783 0.0000000000
16995  -16.160  -61.951  38.829 0.0000000000
76870  -13.952  -62.795  39.395 0.0000000000
87811  -12.580  -61.537  39.743 0.0000000000
15058  -14.104  -65.169  39.367 0.0000000000
15775  -13.730  -64.336  38.913 0.0000000000
26054  -31.592  -48.483  31.532 0.0000000000
26056  -40.323  -48.449  31.689 0.0000000000
84333  -40.767  -48.694  28.697 0.0000000000
25426  -32.724  -48.984  35.209 0.0000000000
83900  -38.396  -45.391  23.012 0.0000000000
31308  -34.194  -39.685  19.297 0.0000000000
30695  -34.260  -40.355  18.748 0.0000000000
86527  -35.446  -37.035  17.211 0.0000000000
72375  -36.584  -36.132  17.747 0.0000000000
27060  -39.611  -46.596  33.222 0.0000000000
36564  -45.728  -31.881  15.368 0.0000000000
30010  -36.632  -41.230  25.108 0.0000000000
30656  -35.841  -40.658  24.700 0.0000000000
30655  -35.345  -40.280  24.379 0.0000000000
31913  -36.491  -37.971  22.778 0.0000000000
31922  -35.659  -38.272  22.294 0.0000000000
31921  -35.432  -38.199  21.514 0.0000000000
32640  -37.202  -37.218  21.461 0.0000000000
75843  -37.848  -36.932  21.138 0.0000000000
72360  -39.288  -36.555  21.119 0.0000000000
74185  -29.014  -55.466  32.184 0.0000000000
21713  -25.401  -55.605  28.270 0.0000000000
42657  -53.329  -21.362  10.628 0.0000000000
42662  -53.097  -21.010  9.734 0.0000000000
18371  -13.368  -60.647  40.290 0.0000000000
72147  -40.231  -44.541  25.067 0.0000000000
85027  -40.587  -45.177  29.836 0.0000000000
29375  -39.573  -42.973  27.553 0.0000000000
29380  -39.480  -43.061  26.714 0.0000000000
29990  -37.825  -40.933  27.219 0.0000000000
89888  -38.854  -38.822  28.097 0.0000000000
26064  -32.547  -48.396  30.202 0.0000000000
25437  -36.461  -48.662  32.643 0.0000000000
77224  -39.425  -49.474  32.369 0.0000000000
25452  -38.583  -49.401  32.299 0.0000000000
24303  -28.788  -51.630  32.991 0.0000000000
19003  -13.107  -59.774  33.913 0.0000000000
29421  -37.632  -42.980  21.171 0.0000000000
29443  -37.986  -43.422  19.771 0.0000000000
80535  -38.400  -34.306  15.054 0.0000000000
33996  -40.249  -34.326  15.720 0.0000000000
90633  -39.165  -36.189  19.589 0.0000000000
33968  -43.974  -35.009  17.809 0.0000000000
33983  -42.872  -34.918  16.585 0.0000000000
35350  -44.661  -33.982  15.949 0.0000000000
20287  -19.369  -56.665  32.939 0.0000000000
76841  -15.998  -57.180  33.323 0.0000000000
18382  -13.801  -60.416  37.050 0.0000000000
17648  -14.274  -61.070  37.386 0.0000000000
16994  -15.276  -61.622  38.513 0.0000000000
16982  -17.053  -62.989  39.850 0.0000000000
16988  -16.252  -62.085  39.585 0.0000000000
16979  -14.655  -62.716  39.869 0.0000000000
16371  -13.874  -63.558  39.191 0.0000000000
25989  -36.704  -47.930  36.091 0.0000000000
27597  -38.927  -45.676  34.541 0.0000000000
37165  -48.296  -29.895  17.072 0.0000000000
37164  -47.763  -30.040  16.469 0.0000000000
37792  -48.497  -29.002  17.151 0.0000000000
38893  -48.871  -28.139  17.226 0.0000000000
38899  -50.213  -26.872  16.871 0.0000000000
89592  -37.399  -38.510  25.757 0.0000000000
31872  -37.844  -38.089  25.557 0.0000000000
32608  -38.471  -37.301  24.166 0.0000000000
32624  -39.023  -36.950  23.550 0.0000000000
83990  -39.925  -36.494  22.406 0.0000000000
84265  -28.234  -53.625  30.518 0.0000000000
72152  -40.381  -45.559  26.792 0.0000000000
24840  -30.056  -49.705  29.961 0.0000000000
26063  -31.743  -48.459  30.603 0.0000000000
24804  -29.567  -50.559  33.747 0.0000000000
38354  -44.683  -27.647  13.843 0.0000000000
40101  -52.995  -25.239  15.130 0.0000000000
40696  -53.537  -24.614  14.623 0.0000000000
41939  -54.585  -22.520  13.639 0.0000000000
30068  -35.884  -42.108  19.753 0.0000000000
33959  -44.217  -34.872  18.586 0.0000000000
87735  -46.413  -33.246  17.825 0.0000000000
21022  -20.907  -56.491  31.389 0.0000000000
20297  -19.178  -56.475  30.952 0.0000000000
20310  -19.358  -56.293  29.629 0.0000000000
15769  -16.175  -64.053  41.082 0.0000000000
26579  -40.543  -47.136  29.915 0.0000000000
26000  -36.982  -47.689  35.230 0.0000000000
26539  -37.336  -47.340  34.395 0.0000000000
35362  -43.023  -33.011  14.748 0.0000000000
89748  -43.297  -32.444  14.590 0.0000000000
35997  -43.013  -31.805  14.212 0.0000000000
36568  -43.674  -31.048  14.267 0.0000000000
37799  -46.266  -29.538  15.373 0.0000000000
38348  -45.113  -28.527  14.614 0.0000000000
38347  -44.444  -28.586  14.132 0.0000000000
77636  -45.383  -26.996  13.827 0.0000000000
39484  -47.601  -25.891  13.173 0.0000000000
39467  -50.746  -26.515  16.449 0.0000000000
39474  -51.387  -26.160  15.964 0.0000000000
78552  -39.323  -43.714  23.037 0.0000000000
28811  -39.371  -43.918  22.161 0.0000000000
29412  -38.479  -43.276  22.707 0.0000000000
30029  -36.838  -42.054  23.427 0.0000000000
29410  -36.998  -42.391  21.899 0.0000000000
30051  -36.159  -41.952  21.523 0.0000000000
31871  -36.603  -38.805  25.129 0.0000000000
31278  -35.658  -39.548  24.721 0.0000000000
31277  -35.237  -39.821  24.346 0.0000000000
75552  -36.129  -38.511  23.722 0.0000000000
31286  -35.081  -39.516  23.663 0.0000000000
30671  -34.752  -40.231  22.951 0.0000000000
30672  -34.816  -40.565  22.301 0.0000000000
30050  -35.453  -41.507  21.151 0.0000000000
30684  -34.899  -41.141  20.763 0.0000000000
30683  -34.402  -40.463  20.771 0.0000000000
78841  -34.217  -39.693  20.239 0.0000000000
31304  -34.899  -38.773  21.196 0.0000000000
31931  -34.613  -38.948  20.471 0.0000000000
83456  -34.400  -39.115  19.733 0.0000000000
31941  -34.898  -38.320  19.679 0.0000000000
32657  -35.499  -37.504  19.164 0.0000000000
72381  -36.233  -36.812  18.646 0.0000000000
82294  -38.560  -36.470  19.913 0.0000000000
72369  -39.846  -36.102  19.692 0.0000000000
72363  -40.793  -36.391  22.062 0.0000000000
72368  -41.532  -36.156  21.643 0.0000000000
74461  -27.357  -55.077  30.598 0.0000000000
21036  -26.078  -56.056  30.847 0.0000000000
21048  -25.075  -56.408  29.456 0.0000000000
43339  -54.345  -20.109  9.824 0.0000000000
75957  -40.350  -43.683  28.580 0.0000000000
28223  -40.355  -44.695  26.518 0.0000000000
28227  -40.304  -44.533  25.706 0.0000000000
28801  -39.612  -43.761  23.770 0.0000000000
29393  -37.970  -42.665  24.430 0.0000000000
30650  -36.837  -40.603  25.907 0.0000000000
31855  -37.706  -38.615  26.311 0.0000000000
78580  -34.222  -48.447  32.672 0.0000000000
25449  -35.729  -48.729  31.860 0.0000000000
73687  -28.817  -54.675  32.821 0.0000000000
24310  -28.515  -51.940  32.203 0.0000000000
23784  -28.694  -52.665  29.684 0.0000000000
40703  -51.781  -24.836  13.125 0.0000000000
90332  -50.495  -23.918  10.922 0.0000000000
41957  -51.721  -21.862  9.619 0.0000000000
43329  -54.763  -20.837  11.682 0.0000000000
18997  -13.741  -59.712  36.108 0.0000000000
18391  -13.214  -60.203  34.651 0.0000000000
28824  -39.318  -44.010  21.353 0.0000000000
29442  -37.247  -42.988  19.497 0.0000000000
84425  -37.319  -35.868  17.857 0.0000000000
89339  -38.755  -35.787  18.617 0.0000000000
79312  -37.772  -35.392  17.530 0.0000000000
33962  -38.276  -34.940  17.141 0.0000000000
33964  -40.318  -35.042  17.405 0.0000000000
35987  -45.453  -32.474  15.487 0.0000000000
19603  -15.509  -58.327  35.691 0.0000000000
77855  -14.299  -58.029  33.812 0.0000000000
19613  -15.001  -57.476  33.503 0.0000000000
90438  -14.380  -57.713  33.278 0.0000000000
19612  -13.866  -58.040  33.116 0.0000000000
88203  -17.180  -56.957  30.926 0.0000000000
18987  -14.112  -59.718  38.093 0.0000000000
18984  -14.146  -59.836  38.754 0.0000000000
82337  -15.944  -62.031  38.004 0.0000000000
17636  -13.278  -61.399  39.795 0.0000000000
15060  -15.181  -65.268  41.035 0.0000000000
15059  -14.553  -65.276  40.301 0.0000000000
15767  -14.880  -64.394  40.371 0.0000000000
30648  -35.586  -40.031  24.913 0.0000000000
30680  -34.887  -40.902  21.483 0.0000000000
31890  -36.121  -38.947  24.608 0.0000000000
74206  -36.873  -37.095  20.313 0.0000000000
88617  -38.320  -42.169  26.381 0.0000000000
88764  -44.715  -34.626  18.670 0.0000000000
