#!ascii label  , from subject sub-01 vox2ras=TkReg
809
41640  -25.811  -23.560  -29.413 0.5555555820
41641  -26.437  -23.598  -30.140 0.6666666865
42299  -26.655  -22.335  -31.559 0.7777777910
43014  -26.257  -21.204  -32.105 0.8888888955
76709  -27.910  -20.993  -32.905 0.8888888955
41639  -25.135  -23.633  -29.072 0.5555555820
42268  -26.055  -22.953  -29.711 0.5555555820
42286  -26.300  -22.232  -30.090 0.6666666865
42990  -26.333  -21.789  -31.053 0.8888888955
42312  -26.808  -21.974  -32.129 0.8888888955
44299  -27.006  -20.067  -32.832 1.0000000000
79193  -27.878  -19.076  -33.009 1.0000000000
43003  -25.903  -21.011  -31.580 1.0000000000
43653  -25.087  -19.898  -32.145 1.0000000000
43660  -25.558  -20.433  -32.140 1.0000000000
82223  -26.230  -19.258  -32.642 1.0000000000
44952  -25.826  -18.760  -32.536 1.0000000000
44960  -26.680  -18.595  -32.796 1.0000000000
44961  -27.532  -18.438  -32.965 1.0000000000
83269  -26.272  -18.105  -32.685 1.0000000000
45586  -27.018  -17.730  -32.926 1.0000000000
45587  -27.943  -17.584  -33.003 1.0000000000
46181  -27.257  -16.468  -32.974 1.0000000000
82070  -28.194  -16.539  -33.060 0.7777777910
44289  -24.653  -19.399  -32.015 0.8888888955
44951  -24.965  -18.823  -32.247 1.0000000000
82997  -25.516  -18.100  -32.459 1.0000000000
46180  -26.508  -16.596  -32.791 1.0000000000
81829  -27.582  -15.767  -33.108 1.0000000000
82164  -28.280  -15.624  -33.174 0.8888888955
47429  -27.899  -15.121  -33.262 1.0000000000
47430  -28.803  -14.805  -33.230 0.7777777910
45574  -24.141  -18.005  -32.082 0.5555555820
46179  -24.103  -15.832  -32.286 0.7777777910
82018  -24.613  -16.886  -32.336 0.8888888955
46176  -25.832  -16.787  -32.606 1.0000000000
46761  -25.283  -15.768  -32.616 0.8888888955
46762  -25.961  -16.120  -32.693 1.0000000000
46768  -26.747  -15.856  -32.896 1.0000000000
77700  -27.027  -14.982  -33.134 1.0000000000
84969  -27.755  -14.371  -33.411 0.8888888955
48059  -27.521  -13.468  -33.640 1.0000000000
86224  -28.794  -13.161  -33.530 0.7777777910
48061  -29.511  -12.995  -33.274 0.6666666865
48640  -28.809  -12.373  -33.669 0.6666666865
46756  -23.264  -15.505  -31.912 0.4444444478
46173  -23.896  -16.214  -32.126 0.7777777910
47425  -23.605  -14.422  -32.424 0.6666666865
47426  -24.506  -14.579  -32.670 0.7777777910
79633  -25.186  -15.097  -32.703 0.8888888955
47427  -25.462  -14.465  -32.923 0.8888888955
47428  -26.256  -14.480  -33.110 1.0000000000
48057  -25.885  -13.656  -33.257 1.0000000000
48058  -26.647  -13.146  -33.587 1.0000000000
48639  -27.294  -12.559  -33.878 0.8888888955
49304  -27.994  -11.856  -34.107 0.7777777910
48641  -29.550  -11.958  -33.355 0.5555555820
49305  -28.816  -11.476  -33.843 0.7777777910
90463  -29.336  -11.149  -33.538 0.6666666865
48054  -23.253  -13.467  -32.438 0.6666666865
47424  -23.185  -13.964  -32.298 0.6666666865
48055  -23.943  -13.675  -32.729 0.7777777910
48635  -23.479  -12.796  -32.754 0.7777777910
48056  -24.867  -13.710  -32.992 0.8888888955
82161  -25.142  -12.900  -33.310 0.8888888955
48637  -25.404  -12.046  -33.636 1.0000000000
48638  -26.378  -12.292  -33.804 1.0000000000
49313  -27.449  -10.942  -34.277 0.8888888955
49968  -26.528  -10.726  -34.208 0.8888888955
85896  -27.789  -10.302  -34.401 0.7777777910
49982  -28.353  -10.026  -34.258 0.7777777910
49969  -28.907  -10.631  -33.920 0.7777777910
49970  -29.535  -10.456  -33.425 0.6666666865
48634  -22.953  -12.599  -32.455 0.6666666865
48046  -23.002  -13.140  -32.313 0.5555555820
90565  -23.806  -12.263  -33.093 0.8888888955
48636  -24.505  -12.188  -33.358 0.8888888955
88943  -24.747  -10.682  -33.830 1.0000000000
49303  -26.958  -11.660  -34.097 0.8888888955
74837  -27.649  -9.501  -34.466 0.7777777910
72791  -28.317  -9.066  -34.266 0.7777777910
84493  -29.002  -9.784  -33.873 0.6666666865
73335  -29.059  -8.976  -33.726 0.5555555820
72776  -29.733  -9.560  -33.248 0.5555555820
77814  -23.178  -11.806  -32.847 0.7777777910
86612  -22.892  -11.408  -32.627 0.6666666865
49966  -24.053  -10.595  -33.744 1.0000000000
49967  -25.455  -10.410  -34.059 1.0000000000
83949  -25.618  -8.716  -34.568 0.8888888955
49980  -26.095  -9.713  -34.373 0.8888888955
84289  -26.252  -8.300  -34.605 0.8888888955
49981  -27.074  -10.063  -34.409 0.8888888955
84291  -28.026  -8.351  -34.340 0.7777777910
73215  -28.331  -7.782  -33.921 0.7777777910
73774  -28.579  -8.467  -34.020 0.7777777910
83948  -27.259  -7.445  -34.044 0.7777777910
84491  -29.153  -8.248  -33.524 0.5555555820
84290  -28.014  -6.911  -33.512 0.6666666865
49933  -22.756  -10.284  -31.627 0.4444444478
49955  -23.029  -10.637  -32.875 0.5555555820
50545  -23.393  -9.259  -33.967 0.7777777910
49978  -23.885  -9.549  -34.163 1.0000000000
49965  -23.487  -10.137  -33.600 0.8888888955
84373  -24.251  -8.948  -34.548 1.0000000000
83955  -24.622  -8.442  -34.688 0.8888888955
84849  -25.100  -8.219  -34.653 0.8888888955
84522  -25.561  -8.108  -34.603 0.8888888955
88579  -26.865  -8.225  -34.497 0.8888888955
73645  -28.935  -7.179  -33.161 0.5555555820
72811  -23.217  -7.459  -33.567 0.6666666865
73279  -22.933  -8.485  -33.202 0.6666666865
73103  -23.582  -7.833  -34.351 0.7777777910
84372  -24.078  -8.025  -34.740 0.8888888955
72783  -24.223  -7.580  -34.549 0.7777777910
73041  -24.693  -7.985  -34.642 0.8888888955
83956  -24.656  -7.129  -34.271 0.7777777910
83893  -25.426  -7.035  -34.056 0.7777777910
83964  -26.252  -7.230  -34.073 0.7777777910
84523  -25.339  -5.752  -33.602 0.6666666865
90210  -26.833  -5.768  -32.891 0.6666666865
84850  -26.916  -6.590  -33.523 0.6666666865
84380  -26.184  -5.006  -32.633 0.6666666865
72798  -27.717  -6.051  -32.872 0.5555555820
84684  -28.499  -6.486  -32.925 0.4444444478
84066  -27.096  -4.877  -32.185 0.5555555820
84040  -22.630  -4.803  -31.948 0.3333333433
84471  -22.999  -5.963  -33.028 0.3333333433
74490  -23.124  -5.778  -33.284 0.5555555820
73788  -23.386  -6.621  -33.622 0.6666666865
74109  -23.762  -5.015  -33.978 0.5555555820
74146  -23.802  -6.677  -34.125 0.7777777910
73589  -24.335  -6.000  -34.144 0.7777777910
74514  -24.280  -5.030  -33.934 0.6666666865
84851  -25.027  -6.359  -33.966 0.6666666865
72784  -24.723  -5.620  -33.889 0.6666666865
83977  -25.455  -4.989  -33.067 0.6666666865
84521  -25.550  -4.072  -32.396 0.6666666865
73208  -26.214  -4.179  -32.058 0.6666666865
73091  -26.912  -3.639  -31.957 0.5555555820
85254  -23.210  -4.094  -33.360 0.4444444478
72803  -22.676  -4.016  -31.862 0.4444444478
72810  -22.981  -5.088  -33.262 0.4444444478
83926  -23.391  -3.089  -33.270 0.5555555820
84657  -23.532  -4.212  -33.665 0.5555555820
72789  -23.960  -4.488  -33.935 0.6666666865
73273  -24.290  -3.953  -33.519 0.6666666865
84382  -24.773  -4.920  -33.523 0.6666666865
73259  -24.867  -3.954  -32.916 0.6666666865
84381  -25.464  -2.897  -32.563 0.6666666865
84285  -26.162  -3.182  -32.173 0.6666666865
84152  -27.004  -2.559  -32.116 0.5555555820
83986  -24.194  -2.990  -33.411 0.6666666865
83985  -23.866  -3.574  -33.641 0.6666666865
84210  -24.744  -2.768  -33.033 0.6666666865
43004  -26.238  -21.498  -31.722 0.8888888955
43013  -25.754  -20.848  -31.846 1.0000000000
43672  -27.693  -19.811  -33.017 1.0000000000
47419  -23.378  -14.598  -32.282 0.5555555820
81822  -22.777  -11.992  -32.448 0.5555555820
76799  -22.566  -9.616  -31.944 0.5555555820
49299  -23.163  -10.800  -33.032 0.7777777910
49979  -24.512  -9.873  -34.120 1.0000000000
84552  -27.334  -8.560  -34.478 0.8888888955
83217  -23.231  -10.044  -30.938 0.2222222239
84550  -24.118  -6.822  -34.326 0.7777777910
73002  -23.753  -2.592  -33.342 0.6666666865
47413  -22.848  -14.767  -31.977 0.4444444478
48037  -22.601  -13.460  -31.969 0.4444444478
84715  -27.570  -3.084  -31.513 0.5555555820
84475  -27.802  -3.843  -31.796 0.5555555820
73599  -23.181  -4.024  -31.383 0.2222222239
84644  -22.595  -3.278  -31.984 0.3333333433
82630  -25.563  -24.742  -29.265 0.5555555820
41047  -26.186  -24.327  -29.727 0.5555555820
41657  -27.139  -23.895  -31.079 0.5555555820
42313  -27.668  -22.247  -32.507 0.7777777910
43016  -28.113  -21.623  -32.776 0.8888888955
41045  -24.837  -24.356  -29.042 0.5555555820
41669  -27.048  -23.138  -31.533 0.6666666865
42300  -27.288  -22.840  -32.131 0.6666666865
43673  -28.190  -20.348  -33.002 0.7777777910
76338  -28.547  -19.453  -32.945 0.8888888955
41638  -24.510  -23.760  -28.959 0.4444444478
42267  -25.858  -22.736  -29.340 0.5555555820
44962  -28.482  -18.386  -32.953 1.0000000000
42970  -26.325  -21.993  -29.915 0.2222222239
42989  -26.201  -21.276  -30.664 0.6666666865
45588  -28.802  -17.399  -32.944 0.8888888955
46182  -29.215  -16.559  -32.942 0.6666666865
89346  -28.844  -15.843  -33.052 0.7777777910
46769  -29.702  -15.670  -32.958 0.6666666865
43617  -25.543  -20.172  -31.151 0.5555555820
89106  -29.388  -14.302  -33.178 0.6666666865
44944  -24.006  -18.870  -32.236 0.4444444478
47432  -29.834  -13.890  -33.086 0.5555555820
81870  -30.117  -12.574  -33.029 0.5555555820
45565  -24.240  -17.282  -31.578 0.2222222239
80194  -23.256  -15.007  -31.660 0.4444444478
47394  -23.479  -13.548  -31.155 0.3333333433
80421  -22.591  -11.182  -31.820 0.4444444478
84887  -30.212  -8.945  -32.868 0.4444444478
49920  -23.586  -10.648  -30.558 0.3333333433
84198  -29.536  -7.738  -33.083 0.5555555820
84197  -29.113  -6.346  -32.280 0.4444444478
84487  -22.803  -5.644  -31.632 0.3333333433
84055  -22.996  -6.564  -31.186 0.3333333433
72997  -23.027  -6.596  -33.017 0.4444444478
84130  -28.325  -5.797  -32.326 0.4444444478
84606  -22.878  -3.285  -31.601 0.3333333433
73842  -25.733  -1.868  -32.741 0.6666666865
74772  -26.702  -1.372  -32.787 0.6666666865
72801  -26.408  -2.148  -32.499 0.6666666865
73759  -27.413  -1.638  -32.714 0.6666666865
84067  -28.094  -2.091  -32.426 0.4444444478
79203  -25.505  -23.161  -29.180 0.5555555820
42287  -26.586  -22.784  -30.676 0.7777777910
43662  -27.447  -20.548  -32.843 1.0000000000
43015  -27.243  -21.348  -32.550 0.8888888955
41046  -25.528  -24.085  -29.197 0.5555555820
42266  -25.028  -23.291  -28.923 0.5555555820
43661  -26.608  -20.626  -32.498 1.0000000000
43641  -25.732  -20.738  -31.555 0.8888888955
43654  -25.409  -20.442  -32.045 0.8888888955
43640  -25.098  -20.102  -32.087 0.8888888955
44297  -25.378  -19.582  -32.312 1.0000000000
44298  -26.265  -19.923  -32.591 1.0000000000
44308  -27.054  -19.314  -32.872 1.0000000000
83435  -26.911  -17.035  -32.905 1.0000000000
45580  -26.195  -17.377  -32.676 1.0000000000
82421  -27.487  -17.061  -32.983 1.0000000000
44950  -24.116  -18.732  -32.171 1.0000000000
44296  -24.704  -19.392  -32.110 1.0000000000
44277  -24.972  -19.511  -31.571 0.5555555820
90429  -24.713  -18.143  -32.257 1.0000000000
45579  -25.151  -17.358  -32.425 1.0000000000
82163  -28.364  -13.757  -33.523 0.8888888955
82162  -29.111  -13.819  -33.312 0.6666666865
78149  -24.234  -17.614  -32.150 0.6666666865
45578  -24.148  -16.665  -32.202 0.7777777910
46765  -24.024  -15.138  -32.442 0.6666666865
46174  -24.638  -16.191  -32.404 0.8888888955
46766  -24.609  -15.441  -32.513 0.8888888955
46175  -25.240  -16.519  -32.525 1.0000000000
46767  -26.000  -15.254  -32.881 1.0000000000
82071  -26.856  -14.026  -33.372 1.0000000000
48060  -28.150  -12.879  -33.830 0.8888888955
46760  -23.691  -15.269  -32.269 0.5555555820
46742  -23.657  -15.817  -31.684 0.3333333433
46152  -23.960  -16.565  -31.638 0.3333333433
46169  -23.681  -16.398  -31.844 0.4444444478
45564  -23.964  -17.150  -32.069 0.6666666865
82257  -25.897  -12.822  -33.534 1.0000000000
49314  -28.238  -10.883  -34.182 0.7777777910
82438  -24.272  -12.929  -33.046 0.8888888955
49302  -26.010  -11.411  -33.938 1.0000000000
47412  -22.935  -14.120  -31.725 0.4444444478
49300  -23.897  -11.554  -33.343 0.8888888955
85232  -29.611  -8.793  -33.269 0.5555555820
49281  -22.705  -11.992  -32.367 0.5555555820
49964  -23.121  -9.820  -33.370 0.6666666865
84909  -25.045  -9.282  -34.377 1.0000000000
73393  -26.711  -9.072  -34.487 0.8888888955
84553  -27.391  -8.065  -34.383 0.8888888955
73034  -26.457  -7.949  -34.455 0.8888888955
84686  -28.988  -7.749  -33.440 0.5555555820
49945  -22.552  -10.486  -32.094 0.5555555820
74325  -22.963  -9.280  -33.217 0.5555555820
84331  -23.784  -8.747  -34.503 1.0000000000
88032  -23.384  -8.608  -34.189 0.7777777910
72809  -23.074  -8.912  -33.640 0.7777777910
84671  -24.414  -8.213  -34.718 0.8888888955
73253  -24.136  -8.337  -34.754 0.7777777910
73081  -23.050  -7.336  -33.064 0.5555555820
73023  -23.021  -7.948  -33.173 0.5555555820
73417  -23.050  -6.617  -33.076 0.4444444478
89575  -23.583  -7.277  -34.078 0.6666666865
74284  -23.186  -8.198  -33.860 0.7777777910
50527  -22.881  -8.632  -33.103 0.7777777910
84056  -22.960  -8.212  -33.087 0.6666666865
73306  -23.699  -8.253  -34.558 0.7777777910
84907  -25.470  -7.660  -34.379 0.7777777910
84908  -25.866  -6.512  -33.753 0.6666666865
73370  -26.139  -5.824  -33.292 0.6666666865
73736  -27.954  -4.763  -31.883 0.4444444478
84655  -23.238  -4.931  -33.542 0.5555555820
72807  -23.548  -5.799  -33.789 0.6666666865
84549  -24.037  -5.248  -34.127 0.7777777910
72790  -23.474  -3.460  -33.424 0.6666666865
48613  -22.596  -12.653  -31.799 0.4444444478
84393  -22.683  -8.819  -31.735 0.3333333433
48022  -22.928  -13.190  -31.554 0.4444444478
84476  -28.579  -3.463  -31.284 0.3333333433
87236  -28.456  -22.293  -32.588 0.6666666865
40439  -24.993  -25.099  -29.105 0.5555555820
41044  -24.127  -24.418  -28.984 0.3333333433
89752  -23.797  -17.067  -31.872 0.3333333433
47395  -23.629  -14.341  -31.233 0.4444444478
48598  -22.973  -12.499  -31.307 0.3333333433
49265  -22.806  -11.825  -31.403 0.3333333433
73088  -22.648  -7.255  -31.670 0.3333333433
41065  -28.329  -25.217  -31.306 0.4444444478
40457  -29.137  -25.985  -30.457 0.2222222239
40441  -26.351  -25.717  -29.951 0.4444444478
40454  -27.119  -25.805  -30.621 0.4444444478
80408  -26.796  -24.363  -30.473 0.4444444478
41064  -27.427  -25.012  -31.061 0.4444444478
41080  -28.487  -24.493  -31.653 0.4444444478
41066  -29.355  -24.796  -30.783 0.2222222239
41079  -27.836  -24.574  -31.626 0.4444444478
41658  -29.787  -24.210  -30.823 0.1111111119
41671  -28.669  -23.915  -32.024 0.4444444478
41081  -29.390  -24.135  -31.419 0.3333333433
41670  -27.759  -23.814  -31.979 0.4444444478
41684  -29.226  -23.536  -32.095 0.3333333433
41672  -30.217  -23.665  -31.170 0.2222222239
41683  -28.310  -23.117  -32.386 0.4444444478
43017  -29.831  -21.706  -32.453 0.2222222239
42315  -30.518  -22.477  -32.086 0.1111111119
42316  -31.185  -21.863  -32.011 0.1111111119
42314  -29.362  -22.649  -32.380 0.3333333433
43663  -28.567  -20.971  -32.850 0.4444444478
43674  -28.942  -20.218  -32.845 0.5555555820
44309  -29.287  -19.551  -32.780 0.6666666865
44300  -29.968  -19.251  -32.652 0.4444444478
44953  -29.269  -18.805  -32.807 0.6666666865
45581  -31.066  -18.009  -32.583 0.3333333433
45589  -29.658  -17.336  -32.823 0.5555555820
79725  -29.252  -18.021  -32.847 0.6666666865
46183  -30.108  -16.557  -32.846 0.5555555820
45590  -30.551  -17.294  -32.731 0.4444444478
82098  -30.545  -15.960  -32.899 0.3333333433
46770  -30.610  -15.237  -32.947 0.4444444478
47431  -29.850  -14.695  -33.033 0.5555555820
48062  -30.384  -13.314  -32.949 0.4444444478
72793  -25.020  -1.885  -32.961 0.5555555820
90391  -26.215  -1.279  -32.862 0.5555555820
54874  -27.523  -0.925  -33.179 0.5555555820
40455  -27.923  -25.921  -31.099 0.4444444478
77868  -28.936  -25.416  -30.845 0.2222222239
42301  -30.057  -23.385  -31.836 0.2222222239
80430  -29.359  -20.919  -32.680 0.4444444478
76687  -30.190  -20.870  -32.468 0.3333333433
47433  -30.744  -14.267  -32.927 0.4444444478
48642  -30.385  -11.975  -32.949 0.4444444478
72804  -25.645  -1.195  -32.968 0.5555555820
55418  -25.928  -0.514  -33.175 0.5555555820
44301  -30.680  -19.989  -32.449 0.2222222239
39234  -26.956  -27.422  -30.281 0.4444444478
39852  -27.512  -26.634  -30.763 0.4444444478
39853  -28.250  -26.637  -30.946 0.4444444478
39854  -28.863  -26.560  -30.558 0.2222222239
39835  -29.440  -26.543  -30.046 0.2222222239
40440  -25.546  -25.596  -29.373 0.4444444478
39851  -26.665  -26.495  -30.189 0.4444444478
41048  -29.397  -25.403  -30.358 0.1111111119
41067  -29.778  -24.737  -30.231 0.1111111119
40442  -29.611  -26.001  -29.943 0.1111111119
41659  -30.201  -23.882  -30.500 0.1111111119
42302  -30.712  -23.029  -31.432 0.1111111119
78796  -31.087  -22.565  -31.120 0.1111111119
43019  -31.671  -21.238  -31.926 0.1111111119
43665  -31.004  -20.992  -32.249 0.1111111119
44302  -31.500  -19.510  -32.314 0.2222222239
82803  -30.823  -18.928  -32.523 0.2222222239
46184  -30.961  -16.525  -32.836 0.2222222239
83023  -31.270  -15.796  -32.938 0.2222222239
49307  -30.763  -11.310  -32.738 0.3333333433
49306  -29.964  -11.211  -33.119 0.4444444478
73287  -22.657  -8.038  -31.585 0.4444444478
73003  -29.941  -8.295  -33.010 0.4444444478
84445  -28.557  -5.217  -31.246 0.3333333433
73025  -23.531  -2.446  -33.176 0.4444444478
54875  -28.488  -1.148  -33.147 0.5555555820
85158  -24.702  -1.403  -33.076 0.5555555820
74664  -26.613  -0.792  -33.138 0.5555555820
55419  -27.402  -0.280  -33.603 0.5555555820
73343  -25.090  -0.628  -33.011 0.5555555820
83161  -26.116  -25.078  -29.673 0.4444444478
41063  -26.681  -25.045  -30.285 0.4444444478
73432  -30.378  -10.389  -32.872 0.4444444478
40456  -28.580  -25.969  -30.927 0.4444444478
80396  -28.893  -24.845  -31.201 0.4444444478
43018  -30.572  -21.591  -32.279 0.1111111119
90269  -31.078  -22.448  -31.565 0.1111111119
82528  -28.936  -21.695  -32.641 0.3333333433
43664  -29.725  -20.110  -32.642 0.4444444478
44954  -30.075  -18.225  -32.682 0.4444444478
39235  -27.927  -27.429  -30.768 0.4444444478
88051  -28.577  -27.106  -30.671 0.4444444478
39834  -25.883  -26.372  -29.611 0.4444444478
89401  -28.922  -33.787  -29.811 0.1111111119
36889  -26.745  -31.534  -29.472 0.3333333433
35718  -28.197  -32.663  -30.042 0.2222222239
35707  -28.718  -33.159  -29.920 0.2222222239
36326  -28.729  -32.276  -30.036 0.1111111119
38099  -25.590  -29.646  -29.084 0.3333333433
37498  -25.449  -30.483  -28.819 0.3333333433
37500  -26.098  -30.896  -29.198 0.3333333433
37502  -27.526  -30.478  -29.935 0.3333333433
36325  -27.982  -31.940  -30.121 0.2222222239
36906  -28.012  -31.026  -30.102 0.2222222239
36907  -28.664  -31.425  -30.056 0.2222222239
38634  -23.974  -28.282  -28.941 0.2222222239
38638  -24.417  -28.286  -29.032 0.2222222239
38098  -24.878  -28.974  -28.900 0.2222222239
81758  -26.274  -30.083  -29.388 0.3333333433
37501  -26.835  -30.699  -29.623 0.3333333433
39216  -24.176  -27.510  -29.109 0.2222222239
80705  -24.837  -27.186  -29.177 0.3333333433
38639  -25.076  -28.315  -29.192 0.3333333433
39218  -25.424  -27.672  -29.409 0.3333333433
81584  -25.512  -28.852  -29.242 0.3333333433
38640  -25.830  -28.333  -29.540 0.3333333433
38117  -27.201  -28.949  -29.985 0.3333333433
38641  -26.659  -28.286  -29.936 0.3333333433
79837  -27.872  -28.737  -30.263 0.3333333433
38119  -28.270  -29.157  -30.129 0.3333333433
86161  -28.427  -29.816  -30.056 0.1111111119
76849  -28.909  -29.146  -29.988 0.2222222239
83178  -24.117  -25.843  -29.029 0.2222222239
39832  -24.444  -26.580  -29.090 0.2222222239
82542  -24.750  -25.775  -29.099 0.3333333433
81635  -25.472  -26.958  -29.380 0.3333333433
79282  -26.123  -27.114  -29.724 0.3333333433
39219  -26.184  -27.781  -29.794 0.3333333433
38656  -27.477  -28.145  -30.340 0.3333333433
38657  -28.501  -28.485  -30.235 0.3333333433
40431  -23.867  -25.161  -28.851 0.3333333433
79754  -30.827  -12.705  -32.827 0.2222222239
48063  -31.223  -13.492  -32.805 0.2222222239
84118  -30.448  -9.579  -32.766 0.2222222239
36890  -27.410  -31.309  -29.870 0.3333333433
36908  -29.441  -31.766  -29.879 0.1111111119
38101  -26.994  -29.830  -29.760 0.3333333433
37518  -28.038  -30.317  -30.091 0.3333333433
39833  -25.136  -26.419  -29.231 0.3333333433
39236  -28.599  -27.716  -30.429 0.3333333433
35008  -28.367  -33.875  -29.841 0.1111111119
78993  -29.124  -34.545  -29.706 0.1111111119
85257  -25.689  -31.291  -28.806 0.3333333433
36888  -26.158  -31.781  -29.029 0.3333333433
35704  -26.726  -32.354  -29.296 0.3333333433
78663  -27.334  -33.000  -29.559 0.3333333433
83328  -27.770  -32.607  -29.926 0.3333333433
35706  -27.981  -33.219  -29.931 0.3333333433
79009  -30.056  -35.250  -29.674 0.1111111119
35708  -29.665  -33.552  -29.762 0.1111111119
38095  -25.032  -29.739  -28.731 0.3333333433
36311  -29.498  -32.614  -29.844 0.1111111119
39211  -23.848  -27.507  -28.831 0.2222222239
37520  -29.359  -30.886  -29.876 0.1111111119
39831  -23.875  -26.621  -28.871 0.2222222239
41032  -23.829  -24.654  -28.776 0.1111111119
48643  -31.150  -12.066  -32.679 0.2222222239
73021  -30.646  -8.376  -32.515 0.2222222239
84209  -30.870  -9.117  -32.428 0.2222222239
42265  -24.439  -23.539  -28.896 0.2222222239
40438  -24.386  -25.082  -29.061 0.3333333433
81576  -31.225  -10.702  -32.463 0.2222222239
36310  -27.328  -32.133  -29.734 0.3333333433
89122  -25.839  -30.284  -29.108 0.3333333433
38094  -24.639  -29.367  -28.667 0.2222222239
37519  -28.578  -30.589  -30.031 0.1111111119
39217  -24.694  -27.820  -29.175 0.3333333433
38100  -26.299  -29.129  -29.559 0.3333333433
38118  -27.761  -29.621  -30.058 0.3333333433
87964  -28.066  -28.102  -30.540 0.3333333433
38120  -29.166  -29.998  -29.903 0.1111111119
83158  -23.801  -25.837  -28.762 0.2222222239
35007  -28.088  -34.592  -29.669 0.1111111119
36308  -25.728  -31.991  -28.613 0.2222222239
89597  -26.706  -33.054  -29.112 0.3333333433
37497  -24.998  -30.187  -28.573 0.2222222239
48624  -31.624  -12.796  -32.630 0.1111111119
48064  -31.929  -13.609  -32.672 0.1111111119
48625  -32.180  -12.477  -32.291 0.1111111119
49291  -31.498  -11.476  -32.462 0.1111111119
83258  -32.084  -11.735  -32.173 0.1111111119
49292  -31.896  -10.962  -32.136 0.1111111119
49956  -31.624  -10.193  -32.085 0.1111111119
85506  -29.754  -7.160  -32.556 0.2222222239
73772  -31.032  -9.894  -32.451 0.1111111119
72785  -31.430  -9.411  -32.021 0.1111111119
73131  -29.060  -5.915  -31.031 0.1111111119
72781  -28.503  -4.008  -31.165 0.1111111119
84685  -29.787  -6.659  -31.664 0.1111111119
73378  -29.304  -4.797  -30.219 0.1111111119
73018  -24.386  -2.194  -33.229 0.4444444478
83927  -23.843  -1.018  -33.050 0.4444444478
54866  -29.224  -1.672  -32.647 0.1111111119
73809  -30.010  -2.185  -32.111 0.1111111119
77947  -26.557  -0.060  -33.492 0.4444444478
56542  -27.213  1.297  -34.190 0.4444444478
55968  -27.297  0.466  -33.895 0.4444444478
55979  -27.869  0.969  -34.457 0.4444444478
55969  -28.036  0.215  -34.107 0.4444444478
55432  -28.775  0.060  -34.107 0.4444444478
55421  -29.050  -0.467  -33.707 0.2222222239
54876  -29.686  -0.897  -33.314 0.2222222239
57941  -30.651  4.324  -35.291 0.1111111119
80858  -30.682  1.494  -34.532 0.1111111119
54877  -30.688  -0.920  -33.202 0.1111111119
84498  -24.554  0.015  -32.913 0.4444444478
55960  -24.969  0.741  -32.662 0.4444444478
55966  -25.632  0.193  -33.125 0.4444444478
55967  -26.575  0.772  -33.546 0.4444444478
56556  -27.625  1.768  -34.886 0.4444444478
57068  -28.002  2.169  -35.450 0.4444444478
55980  -28.562  0.741  -34.451 0.4444444478
57532  -27.921  3.875  -36.878 0.3333333433
56558  -29.050  1.249  -34.728 0.3333333433
81340  -29.634  1.815  -34.862 0.1111111119
55981  -29.434  0.502  -34.352 0.1111111119
81095  -29.845  1.104  -34.580 0.1111111119
80237  -29.724  -0.368  -33.804 0.2222222239
55434  -30.066  0.007  -34.130 0.1111111119
55982  -30.397  0.613  -34.347 0.1111111119
55959  -24.226  0.521  -32.444 0.2222222239
56541  -26.593  1.621  -33.825 0.3333333433
56555  -26.981  2.044  -34.584 0.3333333433
57075  -27.754  2.840  -35.958 0.3333333433
56557  -28.295  1.480  -34.898 0.4444444478
57533  -28.772  3.849  -36.608 0.2222222239
88832  -28.815  2.883  -35.980 0.2222222239
57069  -29.298  2.607  -35.471 0.2222222239
57947  -29.156  4.520  -36.559 0.1111111119
83290  -29.169  3.281  -36.035 0.1111111119
57530  -29.655  3.999  -36.068 0.1111111119
57070  -30.337  2.477  -34.892 0.1111111119
90529  -29.411  4.985  -36.526 0.1111111119
57521  -30.028  3.321  -35.412 0.1111111119
56536  -25.910  1.231  -33.044 0.3333333433
57519  -26.638  3.130  -34.267 0.3333333433
57520  -26.700  3.400  -35.211 0.3333333433
86531  -27.118  3.269  -35.819 0.3333333433
57528  -27.452  3.490  -36.397 0.3333333433
57951  -28.348  4.479  -36.927 0.2222222239
77756  -28.686  5.795  -36.911 0.1111111119
58413  -29.625  5.572  -36.558 0.1111111119
58905  -31.234  6.693  -36.743 0.1111111119
57503  -26.827  3.421  -32.505 0.1111111119
90308  -26.953  4.250  -33.680 0.1111111119
57514  -26.648  3.848  -34.478 0.2222222239
77672  -27.012  5.226  -35.230 0.2222222239
57946  -26.989  4.695  -36.179 0.3333333433
58894  -27.104  6.264  -35.759 0.2222222239
57531  -27.267  4.103  -36.537 0.3333333433
58901  -27.150  6.090  -36.139 0.3333333433
58902  -27.673  6.584  -36.593 0.1111111119
59404  -27.759  7.515  -36.199 0.1111111119
59405  -28.481  7.507  -36.752 0.1111111119
58904  -29.465  6.431  -36.813 0.1111111119
78886  -29.269  7.106  -37.018 0.1111111119
88774  -30.552  5.650  -36.211 0.1111111119
57949  -31.632  5.051  -35.257 0.1111111119
57942  -31.735  4.115  -34.700 0.1111111119
57504  -27.181  4.133  -32.762 0.1111111119
90055  -28.156  5.545  -33.275 0.1111111119
58402  -27.567  5.527  -34.319 0.1111111119
58895  -27.730  6.447  -34.864 0.1111111119
59866  -28.510  8.458  -34.684 0.1111111119
59865  -27.800  8.965  -35.408 0.1111111119
59401  -27.163  6.830  -36.054 0.2222222239
59868  -27.646  8.698  -36.089 0.1111111119
61201  -26.711  12.091  -34.581 0.1111111119
60331  -27.709  9.813  -36.361 0.1111111119
60799  -27.013  11.786  -36.109 0.1111111119
58891  -29.228  6.799  -33.346 0.1111111119
59394  -29.229  7.591  -33.731 0.1111111119
59862  -28.280  9.563  -34.012 0.1111111119
60306  -27.550  10.609  -32.868 0.1111111119
61200  -26.574  12.220  -33.285 0.1111111119
59386  -29.940  7.664  -32.862 0.1111111119
81195  -30.188  7.362  -32.206 0.1111111119
59857  -29.841  8.458  -33.171 0.1111111119
48047  -32.191  -13.119  -32.430 0.1111111119
88384  -31.721  -12.106  -32.467 0.1111111119
84119  -31.198  -8.565  -31.767 0.1111111119
83899  -30.866  -7.718  -31.941 0.1111111119
84534  -29.166  -3.778  -30.694 0.1111111119
83919  -24.241  -0.756  -33.084 0.4444444478
55420  -28.230  -0.432  -33.674 0.4444444478
84247  -29.130  -2.913  -30.955 0.1111111119
55422  -30.411  -0.408  -33.707 0.2222222239
55983  -31.306  0.733  -34.227 0.1111111119
57067  -27.264  2.598  -35.301 0.3333333433
60794  -26.740  11.434  -33.022 0.1111111119
61589  -26.946  12.304  -34.996 0.1111111119
59863  -29.421  9.307  -33.390 0.1111111119
89792  -30.322  8.596  -32.445 0.1111111119
77427  -32.574  -13.090  -31.859 0.1111111119
84492  -30.270  -7.738  -32.612 0.2222222239
73035  -29.132  -3.471  -30.759 0.1111111119
73054  -24.020  -1.591  -33.239 0.4444444478
77040  -28.742  1.977  -35.218 0.2222222239
58403  -28.401  6.190  -33.767 0.1111111119
58395  -28.899  5.473  -31.949 0.1111111119
81033  -29.694  6.714  -32.503 0.1111111119
59399  -29.103  8.216  -33.940 0.1111111119
48049  -32.790  -13.922  -31.759 0.1111111119
47434  -31.641  -14.257  -32.832 0.1111111119
47420  -32.230  -14.327  -32.633 0.1111111119
48048  -32.440  -13.742  -32.315 0.1111111119
48614  -32.568  -12.895  -30.793 0.1111111119
82666  -32.695  -13.521  -31.134 0.1111111119
49282  -32.099  -11.422  -31.399 0.1111111119
77647  -31.829  -10.585  -31.456 0.1111111119
84689  -31.622  -10.142  -30.643 0.1111111119
73348  -31.626  -9.787  -31.436 0.1111111119
90270  -31.434  -9.119  -31.218 0.1111111119
84120  -30.227  -7.088  -30.725 0.1111111119
84131  -29.709  -5.808  -30.268 0.1111111119
73189  -29.823  -3.416  -30.032 0.1111111119
72795  -30.258  -2.733  -31.063 0.1111111119
84149  -23.957  -0.076  -32.819 0.4444444478
54878  -31.554  -0.962  -33.079 0.1111111119
55423  -31.281  -0.419  -33.608 0.1111111119
77797  -26.338  2.110  -33.230 0.2222222239
56559  -31.761  1.504  -34.302 0.1111111119
57045  -26.428  2.707  -32.445 0.1111111119
80037  -32.011  3.155  -34.448 0.1111111119
57043  -26.324  2.467  -31.758 0.1111111119
57497  -26.892  3.127  -31.529 0.1111111119
58394  -28.291  5.224  -32.454 0.1111111119
58387  -28.418  4.982  -31.549 0.1111111119
57916  -28.580  4.775  -30.720 0.1111111119
88092  -29.234  5.399  -31.145 0.1111111119
61592  -27.529  12.733  -35.868 0.1111111119
60332  -28.282  9.724  -36.618 0.1111111119
59411  -30.621  7.964  -37.392 0.1111111119
59407  -31.357  7.578  -37.331 0.1111111119
77623  -29.479  6.039  -31.883 0.1111111119
59378  -30.082  6.741  -31.781 0.1111111119
60297  -27.920  11.010  -30.987 0.1111111119
73745  -28.244  13.363  -32.751 0.1111111119
78773  -30.320  9.334  -32.508 0.1111111119
73323  -28.671  -2.525  -31.691 0.1111111119
54867  -30.149  -1.415  -32.820 0.1111111119
57522  -30.991  3.325  -34.753 0.1111111119
80097  -30.848  5.187  -35.721 0.1111111119
57071  -31.381  2.361  -34.518 0.1111111119
55435  -30.918  0.062  -34.080 0.2222222239
57076  -28.465  2.584  -35.809 0.3333333433
57066  -26.759  2.683  -34.750 0.3333333433
57948  -30.010  4.881  -36.135 0.1111111119
80029  -26.596  2.374  -34.057 0.3333333433
80630  -26.592  4.090  -35.279 0.3333333433
57527  -26.717  3.954  -35.984 0.3333333433
57950  -27.601  4.587  -36.793 0.2222222239
58419  -28.004  5.263  -37.022 0.1111111119
88107  -28.007  5.988  -37.054 0.1111111119
58903  -28.528  6.558  -36.987 0.1111111119
76746  -30.368  6.281  -36.603 0.1111111119
89005  -30.911  6.128  -36.377 0.1111111119
59406  -30.293  7.149  -37.091 0.1111111119
58414  -31.426  5.884  -36.009 0.1111111119
57513  -26.766  3.616  -33.491 0.1111111119
57936  -26.942  4.639  -34.571 0.1111111119
58412  -26.947  5.476  -35.839 0.3333333433
58406  -27.158  5.806  -35.318 0.1111111119
88536  -27.587  5.838  -36.695 0.2222222239
59870  -28.068  8.634  -36.478 0.1111111119
59410  -29.607  7.828  -37.106 0.1111111119
57929  -27.520  4.880  -33.263 0.1111111119
59393  -28.639  6.907  -34.116 0.1111111119
57921  -27.767  4.597  -32.123 0.1111111119
59398  -28.378  7.461  -34.769 0.1111111119
60317  -27.495  10.038  -34.754 0.1111111119
59397  -27.390  6.891  -35.614 0.1111111119
59402  -27.738  7.708  -35.752 0.1111111119
60796  -26.756  11.505  -34.431 0.1111111119
60316  -27.039  10.770  -35.298 0.1111111119
60798  -26.866  11.587  -35.509 0.1111111119
61588  -27.021  12.661  -34.021 0.1111111119
81471  -27.841  10.891  -36.761 0.1111111119
59871  -28.935  8.553  -36.674 0.1111111119
58886  -28.932  5.944  -32.746 0.1111111119
60307  -28.591  10.336  -32.277 0.1111111119
60793  -26.409  12.024  -32.050 0.1111111119
74175  -26.916  12.706  -32.481 0.1111111119
48626  -32.342  -12.258  -31.550 0.1111111119
73160  -30.350  -7.218  -32.082 0.1111111119
55436  -31.791  0.112  -33.978 0.1111111119
84408  -27.575  12.906  -34.849 0.1111111119
54868  -30.956  -1.562  -32.682 0.1111111119
57054  -26.578  2.877  -33.334 0.1111111119
56534  -25.907  1.921  -31.645 0.1111111119
57072  -32.413  2.279  -34.210 0.1111111119
57498  -27.315  3.937  -31.780 0.1111111119
73102  -28.135  11.877  -36.759 0.1111111119
73338  -27.875  12.599  -30.601 0.1111111119
72905  -29.311  11.630  -31.621 0.1111111119
72908  -27.610  13.183  -33.408 0.1111111119
44252  -25.588  -19.620  -31.103 0.2222222239
44932  -25.099  -18.889  -31.465 0.2222222239
84656  -23.722  -1.866  -33.121 0.3333333433
84315  -22.912  -1.913  -31.894 0.2222222239
84328  -23.204  -0.492  -31.514 0.1111111119
84426  -23.070  -7.525  -31.016 0.2222222239
73512  -23.158  -8.502  -30.953 0.1111111119
43618  -25.991  -21.551  -30.867 0.2222222239
73250  -23.553  -5.454  -30.738 0.1111111119
74123  -23.636  -4.595  -30.885 0.1111111119
73114  -23.563  -1.920  -30.716 0.1111111119
84204  -23.505  -0.793  -30.483 0.1111111119
55949  -23.529  0.067  -30.743 0.1111111119
55954  -24.243  0.793  -32.068 0.1111111119
42258  -24.716  -22.014  -28.472 0.2222222239
43605  -26.113  -21.373  -29.400 0.2222222239
46725  -24.055  -15.177  -31.233 0.2222222239
72778  -23.143  -2.701  -31.355 0.1111111119
46743  -24.241  -15.979  -31.397 0.1111111119
84338  -23.177  -1.966  -31.402 0.1111111119
73158  -23.069  -1.313  -31.764 0.1111111119
73264  -23.309  -1.281  -31.024 0.1111111119
72794  -23.619  -3.507  -30.936 0.1111111119
72805  -23.585  -2.537  -30.838 0.1111111119
72802  -24.074  -3.056  -30.528 0.1111111119
43666  -31.554  -20.380  -32.202 0.1111111119
35705  -27.030  -33.742  -29.186 0.1111111119
78508  -27.691  -33.843  -29.655 0.1111111119
80474  -26.298  -33.558  -28.712 0.1111111119
36305  -25.779  -32.850  -28.458 0.1111111119
36309  -26.198  -32.598  -28.850 0.1111111119
36885  -25.298  -31.223  -28.487 0.1111111119
42238  -24.577  -21.984  -27.872 0.1111111119
44908  -25.814  -18.972  -30.988 0.1111111119
48584  -23.374  -12.026  -30.797 0.2222222239
49266  -23.036  -10.896  -31.203 0.2222222239
86113  -23.334  -11.356  -30.799 0.2222222239
35002  -26.056  -34.455  -28.444 0.1111111119
35003  -26.656  -34.450  -28.870 0.1111111119
35006  -27.351  -34.543  -29.326 0.1111111119
35699  -25.750  -33.754  -28.250 0.1111111119
37496  -24.715  -29.744  -28.517 0.1111111119
38097  -24.328  -28.771  -28.812 0.1111111119
42237  -24.210  -22.577  -27.687 0.1111111119
42935  -25.212  -21.680  -28.202 0.1111111119
44253  -26.241  -19.737  -30.601 0.1111111119
86766  -23.974  -12.304  -30.459 0.2222222239
49921  -24.222  -10.457  -30.053 0.2222222239
50514  -23.791  -9.782  -30.362 0.1111111119
50522  -23.422  -9.287  -30.741 0.1111111119
75667  -25.459  -21.762  -28.851 0.1111111119
48599  -23.453  -12.764  -30.967 0.2222222239
81407  -24.613  -18.090  -31.562 0.1111111119
38632  -23.882  -28.303  -28.801 0.1111111119
78171  -23.726  -27.507  -27.522 0.1111111119
39823  -23.722  -26.173  -28.677 0.1111111119
42256  -23.720  -22.913  -27.953 0.1111111119
42257  -24.064  -22.309  -28.202 0.1111111119
79911  -26.005  -20.236  -30.669 0.1111111119
43619  -26.510  -20.535  -29.923 0.1111111119
36301  -25.571  -32.999  -28.232 0.1111111119
36304  -25.451  -32.223  -28.296 0.1111111119
49249  -23.932  -11.404  -30.289 0.1111111119
36884  -25.076  -30.669  -28.479 0.1111111119
42213  -25.002  -22.548  -27.502 0.1111111119
50515  -24.426  -9.560  -29.942 0.1111111119
51028  -23.867  -8.773  -30.196 0.1111111119
78699  -23.992  -13.779  -30.860 0.1111111119
73922  -23.586  -7.773  -30.327 0.1111111119
84357  -23.500  -6.292  -30.611 0.1111111119
87291  -23.063  -4.878  -31.388 0.1111111119
47418  -22.676  -14.211  -31.985 0.4444444478
48008  -24.038  -13.093  -30.712 0.1111111119
48623  -22.779  -12.396  -32.286 0.4444444478
49290  -22.763  -11.569  -32.427 0.5555555820
49301  -24.628  -11.383  -33.597 1.0000000000
50521  -22.973  -9.412  -31.357 0.2222222239
55433  -29.408  -0.076  -34.063 0.2222222239
55958  -23.957  0.457  -32.378 0.1111111119
57529  -28.348  3.189  -36.376 0.2222222239
57940  -26.794  4.665  -35.604 0.3333333433
58418  -27.318  5.329  -36.427 0.3333333433
58420  -28.831  5.069  -36.775 0.1111111119
60324  -27.385  9.817  -35.814 0.1111111119
60788  -27.475  12.095  -30.405 0.1111111119
60789  -27.991  11.533  -30.325 0.1111111119
60790  -27.027  11.943  -30.922 0.1111111119
60791  -27.071  11.469  -31.505 0.1111111119
60792  -28.405  11.483  -30.466 0.1111111119
60797  -27.066  10.841  -34.156 0.1111111119
60800  -27.508  11.765  -36.532 0.1111111119
61199  -27.109  12.454  -31.146 0.1111111119
61202  -26.955  12.150  -35.636 0.1111111119
61203  -27.246  12.299  -36.117 0.1111111119
61590  -27.499  12.742  -35.538 0.1111111119
61591  -27.276  12.500  -35.732 0.1111111119
72799  -23.425  -7.026  -30.605 0.1111111119
72808  -22.819  -2.563  -31.831 0.2222222239
72906  -29.007  12.792  -32.038 0.1111111119
72907  -27.579  11.665  -30.495 0.1111111119
73391  -23.949  -5.905  -34.156 0.7777777910
73629  -28.678  12.253  -30.705 0.1111111119
73920  -23.148  -5.765  -31.077 0.3333333433
79716  -26.460  11.917  -33.438 0.1111111119
80444  -27.220  10.938  -36.190 0.1111111119
80524  -31.995  7.228  -37.066 0.1111111119
83891  -23.030  -7.876  -33.093 0.5555555820
84269  -27.667  13.192  -31.752 0.1111111119
84453  -23.920  -7.449  -34.466 0.7777777910
84494  -28.348  13.012  -31.381 0.1111111119
84546  -27.996  11.927  -30.031 0.1111111119
84877  -27.733  12.927  -35.432 0.1111111119
86651  -25.249  -11.197  -33.792 1.0000000000
86896  -23.520  -10.979  -33.286 0.8888888955
89200  -22.559  -4.322  -32.145 0.4444444478
89519  -27.779  -5.436  -32.309 0.5555555820
