#!ascii label  , from subject sub-01 vox2ras=TkReg
292
82071  -26.856  -14.026  -33.372 0.0000000000
43653  -25.087  -19.898  -32.145 0.0000000000
44953  -29.269  -18.805  -32.807 0.0000000000
41670  -27.759  -23.814  -31.979 0.0000000000
77947  -26.557  -0.060  -33.492 0.0000000000
73208  -26.214  -4.179  -32.058 0.0000000000
84331  -23.784  -8.747  -34.503 0.0000000000
39851  -26.665  -26.495  -30.189 0.0000000000
43014  -26.257  -21.204  -32.105 0.0000000000
42268  -26.055  -22.953  -29.711 0.0000000000
73842  -25.733  -1.868  -32.741 0.0000000000
73273  -24.290  -3.953  -33.519 0.0000000000
47426  -24.506  -14.579  -32.670 0.0000000000
48634  -22.953  -12.599  -32.455 0.0000000000
48637  -25.404  -12.046  -33.636 0.0000000000
84289  -26.252  -8.300  -34.605 0.0000000000
49313  -27.449  -10.942  -34.277 0.0000000000
86224  -28.794  -13.161  -33.530 0.0000000000
45574  -24.141  -18.005  -32.082 0.0000000000
46176  -25.832  -16.787  -32.606 0.0000000000
82070  -28.194  -16.539  -33.060 0.0000000000
44308  -27.054  -19.314  -32.872 0.0000000000
76709  -27.910  -20.993  -32.905 0.0000000000
41684  -29.226  -23.536  -32.095 0.0000000000
72811  -23.217  -7.459  -33.567 0.0000000000
83956  -24.656  -7.129  -34.271 0.0000000000
72798  -27.717  -6.051  -32.872 0.0000000000
41046  -25.528  -24.085  -29.197 0.0000000000
41064  -27.427  -25.012  -31.061 0.0000000000
42286  -26.300  -22.232  -30.090 0.0000000000
42267  -25.858  -22.736  -29.340 0.0000000000
83986  -24.194  -2.990  -33.411 0.0000000000
84657  -23.532  -4.212  -33.665 0.0000000000
47427  -25.462  -14.465  -32.923 0.0000000000
48056  -24.867  -13.710  -32.992 0.0000000000
82257  -25.897  -12.822  -33.534 0.0000000000
49303  -26.958  -11.660  -34.097 0.0000000000
48639  -27.294  -12.559  -33.878 0.0000000000
48640  -28.809  -12.373  -33.669 0.0000000000
48059  -27.521  -13.468  -33.640 0.0000000000
44950  -24.116  -18.732  -32.171 0.0000000000
45579  -25.151  -17.358  -32.425 0.0000000000
82997  -25.516  -18.100  -32.459 0.0000000000
83269  -26.272  -18.105  -32.685 0.0000000000
82223  -26.230  -19.258  -32.642 0.0000000000
42312  -26.808  -21.974  -32.129 0.0000000000
43015  -27.243  -21.348  -32.550 0.0000000000
42313  -27.668  -22.247  -32.507 0.0000000000
87236  -28.456  -22.293  -32.588 0.0000000000
41683  -28.310  -23.117  -32.386 0.0000000000
73343  -25.090  -0.628  -33.011 0.0000000000
55960  -24.969  0.741  -32.662 0.0000000000
55967  -26.575  0.772  -33.546 0.0000000000
57067  -27.264  2.598  -35.301 0.0000000000
55419  -27.402  -0.280  -33.603 0.0000000000
84381  -25.464  -2.897  -32.563 0.0000000000
49299  -23.163  -10.800  -33.032 0.0000000000
74325  -22.963  -9.280  -33.217 0.0000000000
74284  -23.186  -8.198  -33.860 0.0000000000
84550  -24.118  -6.822  -34.326 0.0000000000
84372  -24.078  -8.025  -34.740 0.0000000000
84291  -28.026  -8.351  -34.340 0.0000000000
83948  -27.259  -7.445  -34.044 0.0000000000
84290  -28.014  -6.911  -33.512 0.0000000000
45588  -28.802  -17.399  -32.944 0.0000000000
89346  -28.844  -15.843  -33.052 0.0000000000
39834  -25.883  -26.372  -29.611 0.0000000000
83161  -26.116  -25.078  -29.673 0.0000000000
41047  -26.186  -24.327  -29.727 0.0000000000
40454  -27.119  -25.805  -30.621 0.0000000000
43654  -25.409  -20.442  -32.045 0.0000000000
43660  -25.558  -20.433  -32.140 0.0000000000
43003  -25.903  -21.011  -31.580 0.0000000000
42990  -26.333  -21.789  -31.053 0.0000000000
42287  -26.586  -22.784  -30.676 0.0000000000
85158  -24.702  -1.403  -33.076 0.0000000000
74664  -26.613  -0.792  -33.138 0.0000000000
72793  -25.020  -1.885  -32.961 0.0000000000
84210  -24.744  -2.768  -33.033 0.0000000000
73259  -24.867  -3.954  -32.916 0.0000000000
46760  -23.691  -15.269  -32.269 0.0000000000
48055  -23.943  -13.675  -32.729 0.0000000000
90565  -23.806  -12.263  -33.093 0.0000000000
49966  -24.053  -10.595  -33.744 0.0000000000
83955  -24.622  -8.442  -34.688 0.0000000000
49980  -26.095  -9.713  -34.373 0.0000000000
49981  -27.074  -10.063  -34.409 0.0000000000
72791  -28.317  -9.066  -34.266 0.0000000000
49969  -28.907  -10.631  -33.920 0.0000000000
39234  -26.956  -27.422  -30.281 0.0000000000
39852  -27.512  -26.634  -30.763 0.0000000000
45578  -24.148  -16.665  -32.202 0.0000000000
46761  -25.283  -15.768  -32.616 0.0000000000
46768  -26.747  -15.856  -32.896 0.0000000000
47429  -27.899  -15.121  -33.262 0.0000000000
46181  -27.257  -16.468  -32.974 0.0000000000
45587  -27.943  -17.584  -33.003 0.0000000000
44962  -28.482  -18.386  -32.953 0.0000000000
43661  -26.608  -20.626  -32.498 0.0000000000
43672  -27.693  -19.811  -33.017 0.0000000000
76338  -28.547  -19.453  -32.945 0.0000000000
80430  -29.359  -20.919  -32.680 0.0000000000
43017  -29.831  -21.706  -32.453 0.0000000000
54874  -27.523  -0.925  -33.179 0.0000000000
72807  -23.548  -5.799  -33.789 0.0000000000
72784  -24.723  -5.620  -33.889 0.0000000000
84523  -25.339  -5.752  -33.602 0.0000000000
84522  -25.561  -8.108  -34.603 0.0000000000
84908  -25.866  -6.512  -33.753 0.0000000000
90210  -26.833  -5.768  -32.891 0.0000000000
47430  -28.803  -14.805  -33.230 0.0000000000
89106  -29.388  -14.302  -33.178 0.0000000000
42266  -25.028  -23.291  -28.923 0.0000000000
41640  -25.811  -23.560  -29.413 0.0000000000
41641  -26.437  -23.598  -30.140 0.0000000000
41657  -27.139  -23.895  -31.079 0.0000000000
40455  -27.923  -25.921  -31.099 0.0000000000
41065  -28.329  -25.217  -31.306 0.0000000000
41080  -28.487  -24.493  -31.653 0.0000000000
72810  -22.981  -5.088  -33.262 0.0000000000
47428  -26.256  -14.480  -33.110 0.0000000000
48057  -25.885  -13.656  -33.257 0.0000000000
48058  -26.647  -13.146  -33.587 0.0000000000
44289  -24.653  -19.399  -32.015 0.0000000000
44296  -24.704  -19.392  -32.110 0.0000000000
44951  -24.965  -18.823  -32.247 0.0000000000
44952  -25.826  -18.760  -32.536 0.0000000000
44297  -25.378  -19.582  -32.312 0.0000000000
42300  -27.288  -22.840  -32.131 0.0000000000
55418  -25.928  -0.514  -33.175 0.0000000000
55966  -25.632  0.193  -33.125 0.0000000000
56542  -27.213  1.297  -34.190 0.0000000000
55979  -27.869  0.969  -34.457 0.0000000000
55968  -27.297  0.466  -33.895 0.0000000000
84285  -26.162  -3.182  -32.173 0.0000000000
49965  -23.487  -10.137  -33.600 0.0000000000
49964  -23.121  -9.820  -33.370 0.0000000000
50545  -23.393  -9.259  -33.967 0.0000000000
72809  -23.074  -8.912  -33.640 0.0000000000
88032  -23.384  -8.608  -34.189 0.0000000000
73306  -23.699  -8.253  -34.558 0.0000000000
73253  -24.136  -8.337  -34.754 0.0000000000
73774  -28.579  -8.467  -34.020 0.0000000000
73215  -28.331  -7.782  -33.921 0.0000000000
79725  -29.252  -18.021  -32.847 0.0000000000
79282  -26.123  -27.114  -29.724 0.0000000000
40440  -25.546  -25.596  -29.373 0.0000000000
40441  -26.351  -25.717  -29.951 0.0000000000
43641  -25.732  -20.738  -31.555 0.0000000000
42299  -26.655  -22.335  -31.559 0.0000000000
73018  -24.386  -2.194  -33.229 0.0000000000
83985  -23.866  -3.574  -33.641 0.0000000000
46765  -24.024  -15.138  -32.442 0.0000000000
47425  -23.605  -14.422  -32.424 0.0000000000
82161  -25.142  -12.900  -33.310 0.0000000000
82438  -24.272  -12.929  -33.046 0.0000000000
48636  -24.505  -12.188  -33.358 0.0000000000
49300  -23.897  -11.554  -33.343 0.0000000000
88943  -24.747  -10.682  -33.830 0.0000000000
49967  -25.455  -10.410  -34.059 0.0000000000
49968  -26.528  -10.726  -34.208 0.0000000000
85896  -27.789  -10.302  -34.401 0.0000000000
74837  -27.649  -9.501  -34.466 0.0000000000
49982  -28.353  -10.026  -34.258 0.0000000000
49314  -28.238  -10.883  -34.182 0.0000000000
48061  -29.511  -12.995  -33.274 0.0000000000
38656  -27.477  -28.145  -30.340 0.0000000000
87964  -28.066  -28.102  -30.540 0.0000000000
45564  -23.964  -17.150  -32.069 0.0000000000
78149  -24.234  -17.614  -32.150 0.0000000000
46175  -25.240  -16.519  -32.525 0.0000000000
46762  -25.961  -16.120  -32.693 0.0000000000
46180  -26.508  -16.596  -32.791 0.0000000000
44960  -26.680  -18.595  -32.796 0.0000000000
45586  -27.018  -17.730  -32.926 0.0000000000
44961  -27.532  -18.438  -32.965 0.0000000000
79193  -27.878  -19.076  -33.009 0.0000000000
43013  -25.754  -20.848  -31.846 0.0000000000
43662  -27.447  -20.548  -32.843 0.0000000000
43673  -28.190  -20.348  -33.002 0.0000000000
43674  -28.942  -20.218  -32.845 0.0000000000
43663  -28.567  -20.971  -32.850 0.0000000000
42314  -29.362  -22.649  -32.380 0.0000000000
42301  -30.057  -23.385  -31.836 0.0000000000
90391  -26.215  -1.279  -32.862 0.0000000000
74772  -26.702  -1.372  -32.787 0.0000000000
48046  -23.002  -13.140  -32.313 0.0000000000
73081  -23.050  -7.336  -33.064 0.0000000000
73417  -23.050  -6.617  -33.076 0.0000000000
74490  -23.124  -5.778  -33.284 0.0000000000
73788  -23.386  -6.621  -33.622 0.0000000000
73589  -24.335  -6.000  -34.144 0.0000000000
84851  -25.027  -6.359  -33.966 0.0000000000
83949  -25.618  -8.716  -34.568 0.0000000000
84849  -25.100  -8.219  -34.653 0.0000000000
83964  -26.252  -7.230  -34.073 0.0000000000
84850  -26.916  -6.590  -33.523 0.0000000000
81829  -27.582  -15.767  -33.108 0.0000000000
82164  -28.280  -15.624  -33.174 0.0000000000
46769  -29.702  -15.670  -32.958 0.0000000000
41045  -24.837  -24.356  -29.042 0.0000000000
41639  -25.135  -23.633  -29.072 0.0000000000
79203  -25.505  -23.161  -29.180 0.0000000000
80408  -26.796  -24.363  -30.473 0.0000000000
41079  -27.836  -24.574  -31.626 0.0000000000
42989  -26.201  -21.276  -30.664 0.0000000000
73002  -23.753  -2.592  -33.342 0.0000000000
72790  -23.474  -3.460  -33.424 0.0000000000
72789  -23.960  -4.488  -33.935 0.0000000000
79633  -25.186  -15.097  -32.703 0.0000000000
49302  -26.010  -11.411  -33.938 0.0000000000
48638  -26.378  -12.292  -33.804 0.0000000000
49304  -27.994  -11.856  -34.107 0.0000000000
48060  -28.150  -12.879  -33.830 0.0000000000
82163  -28.364  -13.757  -33.523 0.0000000000
44944  -24.006  -18.870  -32.236 0.0000000000
90429  -24.713  -18.143  -32.257 0.0000000000
45580  -26.195  -17.377  -32.676 0.0000000000
43016  -28.113  -21.623  -32.776 0.0000000000
84498  -24.554  0.015  -32.913 0.0000000000
55969  -28.036  0.215  -34.107 0.0000000000
72801  -26.408  -2.148  -32.499 0.0000000000
49945  -22.552  -10.486  -32.094 0.0000000000
50527  -22.881  -8.632  -33.103 0.0000000000
73279  -22.933  -8.485  -33.202 0.0000000000
89575  -23.583  -7.277  -34.078 0.0000000000
73103  -23.582  -7.833  -34.351 0.0000000000
72783  -24.223  -7.580  -34.549 0.0000000000
84552  -27.334  -8.560  -34.478 0.0000000000
88579  -26.865  -8.225  -34.497 0.0000000000
84553  -27.391  -8.065  -34.383 0.0000000000
46182  -29.215  -16.559  -32.942 0.0000000000
82630  -25.563  -24.742  -29.265 0.0000000000
41063  -26.681  -25.045  -30.285 0.0000000000
43640  -25.098  -20.102  -32.087 0.0000000000
43004  -26.238  -21.498  -31.722 0.0000000000
41669  -27.048  -23.138  -31.533 0.0000000000
83927  -23.843  -1.018  -33.050 0.0000000000
83919  -24.241  -0.756  -33.084 0.0000000000
72804  -25.645  -1.195  -32.968 0.0000000000
84521  -25.550  -4.072  -32.396 0.0000000000
48054  -23.253  -13.467  -32.438 0.0000000000
48635  -23.479  -12.796  -32.754 0.0000000000
77814  -23.178  -11.806  -32.847 0.0000000000
49978  -23.885  -9.549  -34.163 0.0000000000
84373  -24.251  -8.948  -34.548 0.0000000000
49979  -24.512  -9.873  -34.120 0.0000000000
84909  -25.045  -9.282  -34.377 0.0000000000
73393  -26.711  -9.072  -34.487 0.0000000000
84493  -29.002  -9.784  -33.873 0.0000000000
49305  -28.816  -11.476  -33.843 0.0000000000
46173  -23.896  -16.214  -32.126 0.0000000000
46179  -24.103  -15.832  -32.286 0.0000000000
82018  -24.613  -16.886  -32.336 0.0000000000
46174  -24.638  -16.191  -32.404 0.0000000000
46766  -24.609  -15.441  -32.513 0.0000000000
46767  -26.000  -15.254  -32.881 0.0000000000
77700  -27.027  -14.982  -33.134 0.0000000000
83435  -26.911  -17.035  -32.905 0.0000000000
82421  -27.487  -17.061  -32.983 0.0000000000
44298  -26.265  -19.923  -32.591 0.0000000000
44299  -27.006  -20.067  -32.832 0.0000000000
44309  -29.287  -19.551  -32.780 0.0000000000
43664  -29.725  -20.110  -32.642 0.0000000000
82528  -28.936  -21.695  -32.641 0.0000000000
84655  -23.238  -4.931  -33.542 0.0000000000
74109  -23.762  -5.015  -33.978 0.0000000000
74146  -23.802  -6.677  -34.125 0.0000000000
84549  -24.037  -5.248  -34.127 0.0000000000
74514  -24.280  -5.030  -33.934 0.0000000000
84382  -24.773  -4.920  -33.523 0.0000000000
83977  -25.455  -4.989  -33.067 0.0000000000
84671  -24.414  -8.213  -34.718 0.0000000000
73041  -24.693  -7.985  -34.642 0.0000000000
84907  -25.470  -7.660  -34.379 0.0000000000
73034  -26.457  -7.949  -34.455 0.0000000000
83893  -25.426  -7.035  -34.056 0.0000000000
73370  -26.139  -5.824  -33.292 0.0000000000
84380  -26.184  -5.006  -32.633 0.0000000000
84066  -27.096  -4.877  -32.185 0.0000000000
84969  -27.755  -14.371  -33.411 0.0000000000
82162  -29.111  -13.819  -33.312 0.0000000000
41671  -28.669  -23.915  -32.024 0.0000000000
47431  -29.850  -14.695  -33.033 0.0000000000
49301  -24.628  -11.383  -33.597 0.0000000000
73391  -23.949  -5.905  -34.156 0.0000000000
83891  -23.030  -7.876  -33.093 0.0000000000
84453  -23.920  -7.449  -34.466 0.0000000000
86651  -25.249  -11.197  -33.792 0.0000000000
86896  -23.520  -10.979  -33.286 0.0000000000
89200  -22.559  -4.322  -32.145 0.0000000000
89519  -27.779  -5.436  -32.309 0.0000000000
