#!ascii label  , from subject sub-01 vox2ras=TkReg
268
16954  -27.944  -63.701  -40.404 0.6999999881
17608  -27.742  -62.567  -40.812 0.6000000238
17609  -28.305  -62.720  -41.412 0.6000000238
17612  -29.594  -62.854  -42.790 0.4000000060
16308  -29.035  -65.328  -36.409 0.6999999881
16309  -29.263  -64.427  -36.340 0.6999999881
15680  -28.721  -66.381  -36.434 0.6999999881
80054  -28.701  -65.418  -37.148 0.6999999881
79729  -29.028  -64.474  -37.158 0.6000000238
16315  -28.525  -64.719  -37.836 0.6000000238
16324  -28.637  -64.012  -38.147 0.6000000238
16323  -28.084  -64.554  -38.743 0.6000000238
16946  -28.258  -63.109  -38.229 0.5000000000
16945  -28.089  -63.645  -38.969 0.5000000000
17598  -27.514  -62.586  -39.099 0.5000000000
17603  -27.313  -62.493  -39.824 0.6000000238
17606  -27.409  -62.434  -40.279 0.6000000238
17605  -26.881  -61.585  -40.076 0.6000000238
18320  -27.183  -61.565  -40.702 0.6000000238
78433  -27.762  -61.968  -41.286 0.6000000238
85345  -29.079  -64.990  -35.831 0.6000000238
16926  -29.387  -63.694  -36.191 0.6000000238
16316  -29.245  -63.866  -36.760 0.6000000238
17592  -28.518  -62.566  -37.422 0.6000000238
16939  -28.894  -63.544  -37.422 0.6000000238
17591  -27.743  -62.048  -38.191 0.6000000238
17597  -27.113  -61.462  -38.920 0.6000000238
17602  -26.919  -61.630  -39.603 0.6000000238
18306  -26.610  -60.906  -39.421 0.6999999881
18319  -26.442  -60.768  -40.329 0.6000000238
18330  -28.315  -61.849  -41.892 0.5000000000
18336  -28.839  -61.236  -42.250 0.5000000000
16300  -28.646  -65.337  -35.237 0.6000000238
16925  -29.233  -63.601  -35.550 0.6000000238
17576  -29.382  -62.846  -36.000 0.6000000238
16935  -29.089  -63.103  -36.713 0.6000000238
17585  -28.831  -61.997  -36.567 0.6000000238
18294  -28.149  -60.871  -36.639 0.6000000238
18302  -28.008  -61.492  -37.363 0.6000000238
18301  -27.267  -60.909  -38.153 0.6000000238
18328  -26.763  -60.720  -40.855 0.6000000238
18329  -27.444  -61.042  -41.467 0.6000000238
76007  -29.123  -62.114  -42.333 0.4000000060
16294  -28.487  -64.570  -34.794 0.6000000238
16301  -28.941  -64.386  -35.365 0.6000000238
18289  -28.853  -61.173  -35.988 0.5000000000
18293  -27.587  -60.618  -37.319 0.6999999881
18936  -26.112  -60.242  -39.491 0.6000000238
18300  -26.755  -60.682  -38.951 0.6000000238
18311  -25.887  -60.251  -40.128 0.6000000238
18949  -26.207  -60.260  -40.524 0.6000000238
18959  -27.501  -60.300  -41.934 0.6000000238
18335  -28.035  -60.917  -42.071 0.6000000238
18961  -29.314  -60.596  -42.329 0.4000000060
16916  -27.981  -64.190  -34.218 0.5000000000
16917  -28.702  -63.645  -34.746 0.6000000238
17575  -29.142  -62.790  -35.183 0.6000000238
78611  -29.232  -61.992  -35.706 0.5000000000
86481  -29.218  -61.364  -35.400 0.5000000000
18927  -28.367  -60.298  -36.105 0.6000000238
19520  -28.296  -59.732  -36.391 0.6000000238
18926  -27.638  -60.082  -36.902 0.6999999881
19523  -27.298  -59.792  -37.857 0.6999999881
18932  -27.223  -60.194  -37.875 0.6999999881
20195  -27.995  -58.347  -38.936 0.6000000238
18931  -26.688  -60.225  -38.689 0.6999999881
20188  -26.567  -59.445  -39.439 0.6000000238
20202  -26.458  -59.297  -39.942 0.6000000238
19529  -25.651  -59.954  -39.995 0.6000000238
20216  -26.646  -59.292  -40.341 0.6000000238
19542  -27.606  -59.155  -41.342 0.6000000238
18960  -28.313  -60.371  -42.311 0.5000000000
16907  -28.072  -63.317  -33.948 0.6000000238
17564  -28.752  -62.704  -34.346 0.6000000238
18275  -29.109  -61.967  -34.890 0.5000000000
18922  -29.062  -60.625  -35.492 0.6000000238
19516  -28.833  -59.953  -35.622 0.5000000000
20178  -28.656  -59.075  -36.905 0.5000000000
19524  -27.869  -59.495  -37.275 0.6000000238
20184  -29.141  -58.446  -37.524 0.5000000000
20182  -27.552  -59.216  -38.227 0.6999999881
20917  -29.526  -57.803  -38.216 0.4000000060
20194  -27.171  -58.702  -39.634 0.6000000238
20929  -28.559  -57.593  -39.530 0.5000000000
20928  -27.795  -57.904  -39.829 0.6000000238
20938  -28.460  -57.477  -40.006 0.5000000000
20217  -27.382  -58.743  -40.627 0.6000000238
19555  -29.818  -59.917  -42.155 0.5000000000
20204  -27.863  -57.986  -40.295 0.6000000238
20218  -28.102  -58.415  -40.944 0.6000000238
19554  -28.803  -59.775  -42.187 0.6000000238
18912  -29.386  -61.216  -34.797 0.5000000000
18923  -29.461  -60.387  -34.882 0.4000000060
19521  -29.111  -59.334  -36.083 0.5000000000
20918  -30.248  -57.453  -37.817 0.4000000060
20185  -29.933  -57.982  -37.288 0.4000000060
20922  -28.862  -57.848  -38.858 0.5000000000
20923  -30.221  -57.259  -38.597 0.5000000000
20930  -29.403  -57.434  -39.138 0.5000000000
90279  -29.122  -57.345  -39.741 0.5000000000
20220  -30.079  -58.566  -41.102 0.5000000000
19544  -29.416  -59.171  -41.681 0.5000000000
20205  -28.671  -57.819  -40.468 0.6000000238
19543  -28.439  -59.076  -41.626 0.5000000000
20175  -29.982  -58.849  -35.748 0.4000000060
20180  -30.307  -58.108  -36.437 0.5000000000
21618  -30.826  -56.916  -37.969 0.4000000060
20931  -30.187  -57.221  -39.522 0.5000000000
90381  -30.363  -57.975  -40.576 0.5000000000
81643  -30.852  -58.931  -41.257 0.3000000119
21623  -31.005  -56.831  -38.787 0.5000000000
20939  -29.296  -57.371  -40.074 0.5000000000
20946  -29.586  -57.875  -40.555 0.5000000000
21612  -30.684  -57.306  -37.067 0.4000000060
20913  -31.180  -56.691  -36.519 0.4000000060
86944  -31.217  -56.474  -37.419 0.4000000060
88511  -31.538  -55.959  -37.671 0.4000000060
21619  -31.496  -56.231  -38.209 0.5000000000
20941  -31.011  -57.698  -40.366 0.4000000060
20947  -30.956  -58.370  -40.818 0.4000000060
21631  -31.232  -56.887  -39.397 0.5000000000
20940  -30.215  -57.426  -40.179 0.5000000000
21638  -31.777  -57.339  -40.227 0.4000000060
20932  -31.037  -57.112  -39.936 0.5000000000
22275  -31.809  -55.358  -37.908 0.4000000060
21632  -31.907  -56.694  -39.676 0.4000000060
21633  -32.835  -56.561  -39.545 0.3000000119
21624  -31.698  -56.369  -39.013 0.5000000000
21625  -32.331  -56.160  -39.115 0.3000000119
22282  -32.076  -55.800  -38.553 0.4000000060
81725  -31.947  -54.488  -37.718 0.4000000060
21626  -33.055  -56.098  -39.049 0.3000000119
22283  -32.568  -55.803  -38.638 0.4000000060
22276  -32.403  -55.200  -37.979 0.4000000060
23681  -31.941  -53.097  -37.429 0.5000000000
22284  -33.123  -55.787  -38.489 0.3000000119
22285  -33.972  -55.960  -38.307 0.4000000060
21627  -33.792  -56.209  -38.891 0.4000000060
22970  -32.108  -54.028  -37.642 0.4000000060
22971  -32.661  -54.529  -37.620 0.5000000000
22277  -33.278  -55.370  -37.884 0.4000000060
22960  -32.297  -53.526  -37.498 0.5000000000
22962  -34.197  -54.521  -36.669 0.4000000060
23672  -32.135  -52.611  -37.317 0.5000000000
22961  -33.155  -54.097  -37.089 0.4000000060
22972  -33.686  -54.920  -37.311 0.4000000060
22278  -34.316  -55.573  -37.677 0.4000000060
22268  -34.756  -55.141  -37.074 0.3000000119
23674  -33.760  -53.731  -36.389 0.4000000060
24212  -32.008  -51.951  -37.109 0.5000000000
23673  -32.803  -53.143  -36.959 0.5000000000
23663  -34.161  -53.482  -35.481 0.4000000060
74004  -32.043  -51.394  -36.749 0.5000000000
72212  -33.309  -52.013  -35.909 0.5000000000
22953  -34.651  -54.226  -35.875 0.3000000119
72207  -32.631  -51.262  -36.266 0.5000000000
24213  -32.580  -52.050  -36.840 0.5000000000
17611  -28.898  -62.815  -42.086 0.5000000000
18950  -26.815  -60.276  -41.212 0.6000000238
19522  -26.841  -59.964  -38.460 0.6999999881
20190  -28.800  -58.271  -38.287 0.5000000000
20203  -27.197  -58.561  -40.091 0.6000000238
20179  -29.520  -58.630  -36.652 0.5000000000
20183  -28.330  -58.833  -37.849 0.4000000060
20219  -29.037  -58.450  -41.073 0.5000000000
72206  -33.431  -52.867  -36.166 0.5000000000
14276  -24.165  -67.836  -42.221 0.5000000000
85689  -24.956  -67.294  -42.791 0.5000000000
15006  -24.515  -67.263  -42.620 0.5000000000
15022  -26.454  -68.126  -42.134 0.5000000000
15021  -25.054  -66.686  -43.279 0.5000000000
14277  -25.258  -68.221  -41.450 0.5000000000
15007  -25.767  -68.069  -41.782 0.6000000238
75330  -25.602  -67.817  -42.611 0.5000000000
87129  -27.228  -67.777  -42.008 0.4000000060
14256  -25.761  -68.059  -39.429 0.6999999881
14266  -25.722  -68.126  -40.268 0.6999999881
14994  -26.117  -67.630  -40.599 0.6999999881
80530  -26.628  -67.039  -40.694 0.6999999881
15009  -27.567  -66.676  -41.443 0.5000000000
15008  -26.664  -67.562  -41.402 0.5000000000
81174  -28.490  -66.228  -41.543 0.5000000000
80426  -24.625  -68.990  -38.468 0.5000000000
13611  -25.262  -68.573  -38.937 0.6999999881
14257  -26.233  -67.479  -39.187 0.6999999881
15724  -27.238  -66.264  -40.763 0.6000000238
15733  -29.398  -65.285  -41.921 0.5000000000
13591  -25.140  -68.537  -38.074 0.5000000000
14242  -25.787  -68.097  -38.588 0.6999999881
14267  -26.066  -67.532  -39.861 0.6999999881
15707  -26.928  -66.249  -39.567 0.6999999881
14983  -26.733  -66.851  -39.026 0.6999999881
15715  -26.989  -66.101  -40.168 0.6999999881
15726  -28.488  -65.108  -41.451 0.6999999881
15725  -27.741  -65.445  -40.955 0.6000000238
88634  -29.168  -64.756  -41.937 0.6000000238
13573  -24.998  -68.586  -37.178 0.5000000000
14228  -26.443  -68.155  -37.041 0.6000000238
14227  -25.748  -68.256  -37.639 0.5000000000
14243  -26.391  -67.630  -38.169 0.6000000238
15696  -27.145  -66.146  -38.916 0.6999999881
14995  -26.520  -66.878  -39.890 0.6999999881
14214  -25.750  -68.428  -36.702 0.5000000000
80187  -26.936  -67.690  -37.339 0.6000000238
14974  -27.022  -66.929  -38.131 0.6000000238
15708  -27.236  -65.591  -39.627 0.8000000119
15697  -27.574  -65.392  -38.858 0.6000000238
15716  -27.462  -65.186  -40.326 0.6999999881
82767  -28.569  -64.174  -41.268 0.6999999881
16338  -28.069  -64.459  -40.726 0.6999999881
16344  -28.997  -64.287  -41.886 0.6999999881
16962  -29.196  -63.657  -42.436 0.5000000000
86713  -26.579  -68.353  -36.310 0.5000000000
14229  -28.332  -67.960  -36.175 0.6000000238
14215  -27.434  -68.220  -36.442 0.6000000238
14966  -27.693  -67.242  -37.050 0.6000000238
15689  -28.274  -66.308  -37.188 0.6000000238
14975  -27.526  -66.154  -38.032 0.6000000238
78137  -27.777  -64.140  -40.078 0.6000000238
16332  -27.619  -64.798  -39.584 0.5000000000
15688  -28.067  -65.369  -37.982 0.5000000000
16958  -28.206  -63.477  -40.891 0.6000000238
14197  -27.163  -68.275  -35.755 0.5000000000
14198  -28.156  -68.214  -35.881 0.6000000238
14967  -28.428  -67.182  -36.475 0.6000000238
16953  -27.651  -63.230  -40.091 0.4000000060
16950  -27.711  -63.393  -39.666 0.5000000000
78298  -27.936  -64.118  -39.483 0.5000000000
14196  -25.925  -68.376  -35.944 0.5000000000
87916  -27.955  -68.083  -35.556 0.6000000238
14946  -28.356  -67.934  -35.783 0.6000000238
89918  -28.578  -67.488  -36.009 0.6000000238
14943  -25.929  -67.703  -35.188 0.5000000000
14944  -27.232  -67.604  -35.133 0.5000000000
14945  -28.069  -67.463  -35.260 0.6000000238
15670  -28.780  -66.247  -35.801 0.6000000238
87833  -28.434  -67.259  -35.632 0.6000000238
14928  -25.133  -67.062  -34.274 0.5000000000
14929  -26.253  -66.869  -34.441 0.5000000000
15668  -27.383  -66.499  -34.551 0.5000000000
15669  -28.316  -66.434  -35.114 0.6000000238
79186  -26.422  -66.106  -33.935 0.5000000000
15657  -25.546  -66.305  -33.751 0.5000000000
16293  -27.948  -65.312  -34.455 0.5000000000
15656  -24.564  -66.545  -33.594 0.5000000000
16291  -25.991  -65.510  -33.416 0.5000000000
16292  -26.935  -65.419  -33.873 0.5000000000
15643  -25.027  -65.775  -33.176 0.5000000000
16915  -27.302  -64.615  -33.890 0.4000000060
16283  -26.465  -64.532  -33.320 0.4000000060
16906  -27.263  -63.829  -33.648 0.4000000060
16957  -27.757  -63.108  -40.457 0.6000000238
16961  -28.733  -63.530  -41.643 0.5000000000
14199  -28.423  -68.004  -35.926 0.6000000238
16302  -29.298  -64.227  -35.845 0.6000000238
18312  -26.227  -60.694  -39.906 0.6000000238
18935  -25.710  -59.947  -39.872 0.6000000238
18939  -25.642  -60.032  -39.967 0.6000000238
18943  -25.709  -59.993  -40.073 0.6000000238
19527  -26.236  -59.929  -39.231 0.6000000238
19528  -26.902  -59.625  -38.679 0.6999999881
19530  -25.862  -59.830  -39.838 0.6000000238
19534  -25.892  -59.784  -40.080 0.6000000238
19541  -26.346  -59.854  -40.659 0.6000000238
19553  -27.867  -59.705  -42.044 0.6000000238
20189  -27.223  -59.078  -39.012 0.6000000238
83589  -27.129  -59.786  -41.437 0.6000000238
85253  -26.990  -59.374  -40.896 0.6000000238
