#!ascii label  , from subject sub-01 vox2ras=TkReg
1027
86944  -31.217  -56.474  -37.419 0.5000000000
20913  -31.180  -56.691  -36.519 0.4000000060
22267  -31.569  -54.696  -37.249 0.6000000238
21613  -31.422  -55.781  -37.073 0.5000000000
21610  -31.401  -56.165  -35.931 0.6999999881
20910  -31.309  -56.998  -35.505 0.6999999881
22262  -31.317  -55.233  -36.303 0.6999999881
22959  -31.700  -53.657  -37.275 0.5000000000
81725  -31.947  -54.488  -37.718 0.5000000000
18219  -26.107  -61.264  -30.768 0.5000000000
22952  -31.289  -54.050  -36.453 0.6999999881
75997  -31.364  -54.737  -35.554 0.6999999881
90069  -31.207  -53.999  -35.759 0.6999999881
86829  -31.584  -52.827  -37.045 0.6000000238
20159  -31.945  -58.879  -33.210 0.6999999881
20897  -32.182  -58.021  -33.638 0.6999999881
21607  -31.668  -56.560  -35.081 0.6999999881
18218  -25.204  -61.375  -30.604 0.6000000238
17515  -23.901  -62.111  -30.540 0.4000000060
22258  -31.745  -55.786  -35.115 0.6999999881
23671  -31.301  -53.002  -36.598 0.6999999881
23661  -31.026  -52.454  -36.168 0.6999999881
24217  -31.768  -52.385  -37.090 0.6000000238
20144  -32.234  -59.203  -32.409 0.6999999881
20160  -32.490  -58.422  -32.776 0.6999999881
20886  -32.858  -57.990  -32.330 0.6999999881
18864  -26.505  -60.507  -30.460 0.6000000238
21602  -32.699  -56.663  -33.691 0.6999999881
21608  -32.194  -56.578  -34.451 0.6999999881
20906  -32.344  -57.235  -33.881 0.6999999881
20898  -32.704  -57.505  -33.082 0.6999999881
20899  -33.059  -57.327  -32.432 0.6999999881
83314  -24.739  -60.689  -30.227 0.5000000000
18217  -24.370  -61.418  -30.398 0.5000000000
21603  -33.065  -56.738  -32.914 0.6999999881
23662  -31.125  -53.221  -35.891 0.6999999881
76986  -31.988  -55.040  -34.663 0.6999999881
22253  -33.022  -56.011  -33.473 0.6999999881
18235  -23.083  -61.928  -30.542 0.4000000060
22946  -31.471  -53.980  -35.109 0.6999999881
22947  -32.201  -54.355  -34.253 0.6999999881
22259  -32.738  -55.224  -33.898 0.6999999881
23670  -31.252  -52.257  -36.577 0.6999999881
24719  -31.584  -51.789  -36.768 0.6000000238
74692  -31.177  -51.729  -36.334 0.6999999881
77742  -30.870  -51.934  -36.086 0.6999999881
74306  -32.647  -50.858  -35.535 0.5000000000
72207  -32.631  -51.262  -36.266 0.5000000000
74327  -33.658  -52.202  -34.861 0.4000000060
72212  -33.309  -52.013  -35.909 0.5000000000
20133  -32.822  -58.180  -31.860 0.6999999881
20107  -27.436  -59.045  -30.586 0.6000000238
22252  -32.526  -55.902  -34.253 0.6999999881
18863  -25.599  -60.578  -30.345 0.5000000000
23654  -31.696  -53.472  -34.422 0.6999999881
73401  -32.259  -50.727  -35.259 0.6999999881
84434  -32.071  -50.937  -36.109 0.6999999881
84267  -31.538  -51.311  -36.315 0.6999999881
20109  -29.984  -58.885  -30.643 0.6999999881
20110  -30.961  -58.785  -30.674 0.6999999881
20111  -31.707  -58.555  -30.782 0.8000000119
20108  -29.242  -59.366  -30.635 0.6000000238
89044  -29.615  -58.127  -30.656 0.6000000238
20112  -32.265  -58.241  -30.933 0.8000000119
20130  -28.968  -58.351  -30.781 0.6000000238
20129  -27.966  -58.271  -31.053 0.6000000238
20869  -32.744  -57.875  -31.356 0.6999999881
77417  -25.989  -59.740  -30.262 0.6000000238
20106  -26.454  -58.921  -30.508 0.6000000238
21593  -33.401  -56.727  -32.113 0.6999999881
19454  -25.076  -59.841  -30.070 0.5000000000
20887  -33.084  -57.569  -31.880 0.6999999881
79582  -33.354  -56.124  -32.757 0.6999999881
23653  -30.972  -52.360  -35.773 0.6999999881
73198  -31.692  -51.015  -35.676 0.8000000119
72210  -31.173  -51.501  -35.899 0.6999999881
74240  -31.242  -52.965  -35.198 0.6999999881
22943  -32.935  -54.521  -33.527 0.6999999881
73820  -31.427  -52.617  -34.552 0.6999999881
72208  -33.307  -50.870  -34.835 0.5000000000
75928  -33.634  -51.540  -34.627 0.5000000000
72211  -34.116  -51.191  -34.318 0.5000000000
72205  -34.190  -52.090  -34.104 0.4000000060
20844  -30.280  -57.944  -30.509 0.6000000238
20845  -31.298  -58.028  -30.392 0.6999999881
20846  -32.002  -57.748  -30.180 0.8999999762
20847  -32.506  -57.487  -30.600 0.8000000119
20128  -26.982  -58.148  -31.014 0.6000000238
20848  -33.032  -57.009  -31.194 0.8000000119
20127  -26.024  -58.039  -30.968 0.6000000238
21576  -33.386  -56.268  -31.474 0.6999999881
18862  -24.038  -60.813  -30.155 0.5000000000
22246  -33.543  -55.691  -32.146 0.6999999881
87701  -22.948  -61.177  -30.426 0.5000000000
77551  -24.202  -60.112  -29.967 0.5000000000
74803  -33.277  -55.368  -33.095 0.6999999881
73491  -32.103  -50.659  -34.813 0.8000000119
72197  -31.035  -51.819  -35.619 0.8000000119
84692  -31.128  -52.277  -35.267 0.6999999881
22942  -32.390  -53.829  -33.839 0.6999999881
72213  -33.199  -51.374  -35.433 0.5000000000
20868  -29.270  -57.315  -30.976 0.6999999881
21559  -29.928  -56.959  -30.643 0.6999999881
21560  -30.793  -57.353  -30.174 0.6999999881
21561  -31.606  -57.422  -29.923 0.8000000119
21551  -31.953  -56.843  -29.539 0.8000000119
20867  -28.408  -57.405  -31.470 0.6000000238
21562  -32.667  -56.737  -30.283 0.8000000119
20866  -27.485  -57.421  -31.687 0.6000000238
20105  -25.429  -58.781  -30.383 0.6000000238
22235  -33.344  -55.573  -31.235 0.8000000119
21563  -33.073  -56.189  -30.714 0.6999999881
19453  -24.532  -59.146  -30.039 0.6000000238
22224  -32.991  -55.343  -30.353 0.8000000119
18861  -23.349  -60.522  -30.157 0.4000000060
22932  -33.370  -54.601  -32.565 0.6999999881
75110  -33.449  -54.998  -31.733 0.6999999881
18878  -21.623  -60.854  -30.919 0.4000000060
74358  -32.938  -53.765  -33.219 0.6999999881
72202  -31.558  -51.283  -35.161 0.8000000119
72196  -31.295  -51.856  -34.829 0.8000000119
72195  -32.144  -53.041  -33.712 0.6999999881
76259  -32.517  -50.149  -34.449 0.8000000119
72201  -32.882  -50.402  -34.836 0.5000000000
25336  -34.740  -50.747  -34.178 0.5000000000
75500  -34.920  -51.612  -33.813 0.4000000060
21575  -29.295  -56.504  -31.266 0.6000000238
88172  -30.348  -56.701  -30.158 0.6999999881
21550  -31.207  -56.738  -29.602 0.8000000119
20885  -27.953  -56.723  -32.236 0.6999999881
21552  -32.338  -56.415  -29.609 0.8000000119
20865  -26.481  -57.412  -31.736 0.6000000238
21553  -32.702  -55.987  -29.934 0.8000000119
20126  -25.286  -57.879  -30.940 0.6000000238
22923  -33.349  -54.258  -31.693 0.8000000119
19452  -23.684  -59.617  -29.920 0.5000000000
76530  -33.024  -52.698  -32.293 0.8000000119
86381  -22.816  -59.981  -30.134 0.4000000060
82866  -31.632  -51.371  -34.189 0.8000000119
74341  -31.711  -52.134  -33.932 0.8000000119
72198  -32.851  -53.076  -32.994 0.6999999881
74308  -33.165  -49.801  -34.499 0.6000000238
25338  -34.533  -50.087  -34.485 0.5000000000
22222  -29.631  -56.138  -30.724 0.6000000238
21574  -28.721  -56.571  -31.818 0.6000000238
22211  -30.979  -56.044  -29.173 0.6999999881
21544  -32.048  -55.931  -29.038 0.6999999881
22234  -28.864  -55.882  -31.717 0.6000000238
21591  -27.368  -56.205  -32.603 0.6000000238
22213  -32.383  -55.665  -29.248 0.8000000119
20864  -25.523  -57.417  -31.706 0.6000000238
20884  -26.938  -56.791  -32.363 0.6000000238
20843  -24.781  -58.136  -30.499 0.5000000000
22214  -32.672  -55.346  -29.601 0.8000000119
75132  -33.235  -54.043  -30.868 0.8000000119
85352  -33.086  -54.578  -30.359 0.8000000119
23633  -33.276  -53.430  -31.554 0.8000000119
72200  -31.934  -50.716  -34.151 0.8000000119
23643  -33.194  -53.636  -32.399 0.6999999881
85531  -31.904  -51.655  -33.321 0.8000000119
89244  -31.746  -50.994  -33.537 0.8000000119
25919  -33.964  -49.682  -34.605 0.6000000238
25339  -35.436  -50.148  -34.290 0.3000000119
22223  -30.324  -56.134  -29.801 0.6999999881
22939  -23.666  -53.803  -33.737 0.5000000000
21592  -28.254  -56.090  -32.439 0.6000000238
22203  -32.178  -55.294  -28.569 0.6999999881
20882  -24.861  -56.975  -32.415 0.5000000000
21590  -26.137  -56.204  -32.820 0.5000000000
22245  -27.635  -55.812  -32.587 0.6000000238
20881  -24.258  -57.046  -32.160 0.3000000119
20863  -24.803  -57.448  -31.449 0.5000000000
22204  -32.576  -54.925  -28.889 0.8000000119
75137  -33.015  -54.066  -29.122 0.8000000119
75006  -32.879  -54.723  -29.668 0.8000000119
23619  -33.312  -53.227  -30.707 0.8999999762
23607  -33.174  -53.899  -29.924 0.8000000119
24176  -33.083  -51.973  -31.756 0.8999999762
25916  -32.031  -49.828  -33.901 0.8000000119
73952  -32.442  -52.369  -33.165 0.8000000119
25917  -32.598  -49.314  -34.127 0.8000000119
25920  -34.724  -49.520  -34.690 0.6000000238
22221  -29.040  -55.355  -30.849 0.6000000238
22210  -29.632  -55.453  -30.075 0.6000000238
74440  -30.338  -55.407  -29.324 0.6999999881
22922  -28.356  -55.124  -31.412 0.6000000238
22201  -31.159  -55.444  -28.701 0.6999999881
22233  -28.092  -55.546  -32.220 0.6000000238
22251  -24.614  -55.392  -33.475 0.6000000238
21601  -25.613  -55.531  -33.017 0.5000000000
22931  -27.184  -55.309  -32.377 0.6000000238
22202  -31.807  -55.312  -28.402 0.6999999881
22889  -32.322  -54.807  -28.218 0.8000000119
21588  -24.227  -56.524  -33.101 0.4000000060
85328  -33.293  -53.492  -29.176 0.8000000119
72203  -32.479  -51.296  -31.992 0.8999999762
24162  -33.442  -52.240  -30.739 0.8000000119
72199  -31.906  -51.183  -32.770 0.8000000119
74166  -32.559  -51.838  -32.577 0.6999999881
25912  -31.423  -49.480  -32.955 0.8000000119
25918  -33.432  -49.206  -34.435 0.6999999881
83040  -34.141  -49.146  -34.645 0.6999999881
26458  -34.715  -48.676  -34.971 0.6000000238
26459  -35.638  -48.496  -35.478 0.6000000238
22901  -30.350  -54.626  -28.739 0.8000000119
24702  -24.056  -51.523  -34.008 0.5000000000
22930  -26.089  -54.873  -32.716 0.5000000000
22193  -31.945  -54.937  -28.010 0.8000000119
74623  -24.647  -53.674  -33.716 0.5000000000
22875  -31.840  -54.711  -27.735 0.8000000119
23647  -24.049  -53.257  -34.208 0.5000000000
22876  -32.231  -54.436  -27.616 0.8000000119
22890  -32.704  -54.310  -28.217 0.8000000119
23590  -33.209  -53.593  -28.390 0.8000000119
74806  -33.437  -52.974  -29.842 0.8000000119
24689  -33.086  -51.328  -31.230 0.8000000119
86404  -31.706  -50.368  -33.171 0.8000000119
25334  -31.782  -50.701  -32.223 0.8999999762
86309  -32.347  -48.772  -33.882 0.8000000119
25913  -31.821  -48.920  -33.527 0.8000000119
26456  -32.947  -48.572  -34.112 0.6999999881
26457  -33.839  -48.586  -34.549 0.6999999881
77579  -34.161  -47.848  -34.826 0.6999999881
23605  -28.512  -53.345  -29.406 0.8000000119
22911  -28.488  -54.610  -30.541 0.6000000238
22899  -28.797  -54.186  -29.786 0.6000000238
89505  -30.011  -53.968  -28.550 0.8000000119
22887  -25.152  -54.371  -28.732 0.6000000238
23616  -25.348  -53.847  -30.615 0.5000000000
22921  -27.531  -54.890  -31.729 0.6000000238
22910  -27.735  -54.421  -30.870 0.6000000238
22192  -24.748  -55.150  -27.580 0.6000000238
87132  -25.068  -54.657  -28.038 0.6000000238
23602  -25.810  -53.831  -29.205 0.6000000238
23632  -25.187  -53.214  -31.445 0.5000000000
22909  -25.950  -53.915  -31.621 0.5000000000
23553  -23.956  -53.132  -25.564 0.5000000000
23569  -24.441  -54.029  -26.310 0.5000000000
23576  -25.262  -53.675  -27.424 0.6000000238
23587  -25.487  -53.864  -28.189 0.6000000238
24192  -24.650  -52.027  -33.067 0.5000000000
23617  -26.130  -53.921  -30.651 0.5000000000
76223  -31.897  -54.263  -27.280 0.8000000119
23563  -24.556  -53.199  -26.087 0.5000000000
23642  -25.838  -54.105  -32.309 0.5000000000
89885  -23.658  -52.832  -25.726 0.4000000060
22929  -25.275  -53.899  -32.992 0.5000000000
23580  -32.813  -53.645  -27.526 0.6999999881
24142  -33.662  -52.775  -28.853 0.8000000119
75375  -33.534  -52.940  -27.884 0.6999999881
24152  -33.743  -52.110  -29.728 0.8000000119
25330  -32.397  -50.608  -31.455 0.8000000119
86928  -31.484  -50.074  -32.459 1.0000000000
26954  -32.827  -47.653  -33.973 0.6999999881
23606  -29.363  -53.890  -29.018 0.8000000119
24138  -25.817  -53.054  -27.923 0.6000000238
23618  -28.007  -53.740  -30.061 0.6000000238
77400  -30.607  -54.082  -28.059 0.8000000119
23577  -30.682  -53.356  -27.416 0.8000000119
22863  -24.789  -54.243  -26.952 0.5000000000
23588  -26.167  -53.157  -28.748 0.6000000238
80265  -27.112  -53.824  -30.291 0.6000000238
22874  -31.415  -54.233  -27.496 0.8000000119
23579  -32.174  -53.818  -27.000 0.6999999881
23570  -24.957  -53.292  -26.713 0.5000000000
23603  -26.471  -53.476  -29.656 0.6000000238
24116  -24.847  -52.422  -26.223 0.4000000060
87998  -25.448  -52.943  -27.286 0.4000000060
24115  -24.307  -52.481  -25.734 0.4000000060
24139  -26.502  -52.281  -28.421 0.4000000060
25268  -25.268  -50.798  -25.851 0.4000000060
24656  -25.894  -51.569  -27.030 0.5000000000
76327  -34.006  -52.123  -28.201 0.6999999881
73059  -24.954  -50.990  -25.700 0.3000000119
25277  -25.924  -50.731  -26.459 0.5000000000
24657  -26.525  -51.598  -27.762 0.5000000000
25331  -33.100  -50.730  -30.849 0.8000000119
24676  -33.522  -51.343  -30.383 0.8000000119
24668  -34.216  -51.286  -28.662 0.8000000119
75310  -33.995  -51.933  -28.975 0.8000000119
85968  -31.167  -48.764  -32.929 0.8000000119
25329  -31.622  -50.120  -31.808 0.8000000119
25318  -32.733  -50.071  -30.873 0.8000000119
26453  -32.006  -48.143  -33.741 0.8000000119
83466  -31.145  -49.546  -32.125 0.8000000119
25907  -32.038  -49.930  -31.299 0.8000000119
81137  -33.504  -47.966  -34.360 0.6999999881
26956  -34.351  -46.990  -35.080 0.6999999881
26957  -35.006  -47.694  -35.432 0.6999999881
26962  -35.442  -47.188  -36.000 0.6000000238
26961  -34.985  -46.791  -35.643 0.6999999881
26463  -35.796  -47.744  -36.094 0.6000000238
24151  -28.949  -53.033  -28.901 0.8000000119
23589  -29.739  -53.308  -28.330 0.8000000119
24149  -27.643  -52.479  -29.251 0.8000000119
24150  -28.335  -52.437  -29.084 0.8000000119
76810  -27.988  -52.973  -29.541 0.8000000119
24120  -25.379  -52.356  -26.832 0.4000000060
24128  -25.911  -52.292  -27.547 0.5000000000
23578  -31.625  -53.711  -26.962 0.6999999881
23571  -31.963  -53.168  -26.461 0.6999999881
24639  -24.726  -51.558  -25.824 0.3000000119
24132  -32.528  -53.119  -26.792 0.6999999881
86121  -33.124  -52.882  -27.261 0.6999999881
25278  -26.813  -50.304  -26.746 0.5000000000
80978  -33.613  -52.201  -27.446 0.6999999881
24671  -33.926  -51.253  -29.532 0.8000000119
25319  -33.538  -50.424  -30.189 0.8000000119
25889  -33.725  -49.732  -29.785 0.6999999881
82875  -31.427  -49.464  -31.497 0.8000000119
26452  -31.165  -48.195  -33.171 0.8999999762
26451  -30.630  -48.294  -32.585 0.8000000119
86588  -30.417  -48.407  -32.146 0.8000000119
26441  -30.776  -48.136  -31.224 0.8000000119
26951  -32.068  -47.325  -33.714 0.8999999762
26950  -31.333  -47.426  -33.316 0.8000000119
27514  -33.292  -46.195  -34.387 0.8000000119
26955  -33.559  -47.088  -34.464 0.8000000119
27515  -33.862  -46.240  -34.887 0.6999999881
89229  -36.371  -46.406  -36.617 0.5000000000
24141  -29.033  -52.388  -28.535 0.6999999881
24666  -28.460  -51.619  -28.532 0.6999999881
87771  -29.734  -52.490  -27.828 0.6999999881
24640  -25.291  -51.561  -26.350 0.4000000060
25297  -27.678  -50.907  -28.052 0.6000000238
24667  -29.128  -51.837  -28.117 0.6999999881
24131  -31.252  -52.911  -26.712 0.6999999881
24123  -32.275  -52.439  -26.302 0.6999999881
25290  -27.318  -50.587  -27.431 0.5000000000
24124  -32.970  -52.326  -26.787 0.6999999881
25269  -26.352  -49.928  -26.088 0.4000000060
25861  -26.044  -49.567  -25.493 0.3000000119
25279  -27.623  -50.002  -26.994 0.5000000000
24659  -34.117  -51.279  -27.740 0.6999999881
25871  -27.143  -49.618  -26.303 0.4000000060
25299  -34.133  -50.387  -29.182 0.6999999881
25903  -33.070  -49.540  -30.389 0.6999999881
25905  -30.737  -48.824  -31.756 0.8000000119
25902  -32.124  -49.321  -30.888 0.8000000119
25906  -31.304  -48.856  -31.177 0.8000000119
26949  -30.567  -47.503  -32.640 0.8000000119
27507  -31.720  -46.622  -33.473 0.8000000119
27513  -32.640  -46.652  -33.932 0.8999999762
28065  -34.063  -45.598  -35.203 0.8000000119
87385  -35.442  -46.602  -36.180 0.6999999881
26964  -35.980  -46.980  -36.495 0.6000000238
27519  -34.475  -46.182  -35.411 0.6999999881
28069  -34.079  -44.852  -35.220 0.6999999881
25292  -28.579  -50.540  -27.323 0.6000000238
24658  -28.853  -51.259  -27.800 0.6000000238
24646  -30.263  -51.515  -26.720 0.6999999881
24130  -30.421  -52.356  -27.122 0.6999999881
83622  -27.917  -51.259  -28.516 0.6000000238
24647  -31.150  -51.573  -26.217 0.6999999881
24121  -30.971  -52.144  -26.613 0.6999999881
24122  -31.652  -52.370  -26.277 0.6999999881
25298  -28.215  -50.932  -28.060 0.6000000238
25291  -27.956  -50.380  -27.618 0.5000000000
89243  -29.177  -50.446  -26.756 0.6000000238
24649  -32.695  -51.594  -26.264 0.6999999881
25872  -28.052  -49.426  -26.453 0.4000000060
25280  -28.723  -49.930  -26.664 0.6000000238
24650  -33.489  -51.494  -26.900 0.6999999881
25294  -33.908  -50.775  -27.092 0.6999999881
25300  -34.385  -50.633  -28.359 0.6999999881
26399  -27.670  -48.230  -25.255 0.3000000119
26442  -31.815  -48.428  -30.616 0.8000000119
78161  -32.640  -48.895  -30.420 0.8000000119
26433  -33.421  -48.885  -29.870 0.6999999881
25890  -34.166  -49.372  -29.167 0.6999999881
26945  -30.284  -47.565  -31.687 0.8000000119
26941  -32.304  -47.717  -30.264 0.8000000119
27506  -30.987  -46.628  -32.865 0.8000000119
26947  -30.161  -47.265  -32.084 0.8000000119
26445  -30.084  -47.609  -31.955 0.8000000119
28062  -32.066  -45.129  -33.730 0.8000000119
29190  -31.180  -44.385  -32.056 0.8000000119
28043  -31.093  -45.261  -31.640 0.8000000119
28620  -31.676  -45.219  -31.195 0.8000000119
28631  -31.918  -43.935  -31.537 0.8000000119
27522  -35.753  -45.946  -36.521 0.6000000238
28070  -34.600  -45.360  -35.678 0.6000000238
29214  -35.033  -43.748  -35.579 0.6999999881
28652  -35.486  -44.079  -36.382 0.6000000238
25293  -29.346  -51.053  -27.067 0.6000000238
24648  -31.936  -51.641  -25.956 0.6999999881
25873  -29.491  -50.017  -26.234 0.5000000000
25282  -31.361  -50.771  -25.761 0.6999999881
25284  -33.283  -50.708  -26.328 0.6999999881
25864  -28.231  -48.745  -25.723 0.3000000119
25865  -28.961  -49.254  -25.986 0.4000000060
26400  -28.389  -48.058  -25.256 0.3000000119
25295  -34.408  -50.253  -27.708 0.6999999881
85086  -34.453  -49.832  -28.472 0.6999999881
86567  -34.732  -49.471  -27.976 0.6999999881
26434  -34.118  -48.419  -29.228 0.6999999881
26420  -34.667  -48.749  -28.455 0.6999999881
26917  -34.576  -47.958  -28.794 0.6999999881
27500  -30.211  -46.694  -32.011 0.8000000119
26939  -30.729  -47.274  -31.273 0.8000000119
26931  -34.945  -47.214  -28.784 0.6999999881
27505  -30.411  -46.641  -32.252 0.8000000119
83714  -30.317  -46.519  -31.914 0.8000000119
26940  -31.419  -47.554  -30.720 0.8000000119
27485  -32.039  -46.944  -30.471 0.8000000119
87562  -32.785  -47.159  -30.136 0.8000000119
26930  -34.188  -47.512  -29.292 0.8000000119
90575  -31.214  -45.126  -32.614 0.8000000119
28032  -31.191  -45.927  -31.352 0.8000000119
28034  -32.698  -45.417  -30.659 0.8000000119
27487  -34.030  -46.188  -29.867 0.8000000119
28056  -31.473  -45.697  -33.131 0.8000000119
28638  -31.607  -44.726  -33.132 0.8000000119
28630  -31.396  -44.513  -31.662 0.8000000119
28033  -31.931  -46.103  -30.829 0.8000000119
28035  -33.904  -45.371  -30.263 0.8000000119
28642  -32.685  -44.731  -34.277 0.8000000119
29197  -31.528  -43.844  -32.359 0.8000000119
28621  -32.186  -44.492  -31.154 0.8000000119
28622  -33.199  -44.502  -30.813 0.8000000119
28623  -34.266  -44.405  -30.563 0.8000000119
29204  -32.761  -44.045  -34.182 0.8000000119
29182  -32.667  -43.853  -31.304 0.8000000119
81079  -36.365  -45.641  -36.623 0.5000000000
28071  -35.249  -45.096  -36.260 0.6000000238
29205  -33.617  -43.901  -34.443 0.8000000119
28077  -35.872  -44.908  -36.696 0.6000000238
28662  -36.051  -44.209  -36.689 0.6000000238
87384  -29.857  -50.728  -26.468 0.6999999881
75775  -30.585  -50.993  -26.177 0.6999999881
25270  -31.956  -50.102  -25.313 0.6999999881
25283  -32.341  -50.855  -25.748 0.6999999881
25281  -30.370  -50.300  -25.930 0.5000000000
26401  -29.383  -48.739  -25.408 0.4000000060
25866  -29.991  -49.385  -25.580 0.5000000000
25285  -33.995  -50.110  -26.846 0.6999999881
80603  -29.165  -47.948  -25.050 0.3000000119
26903  -29.925  -47.410  -24.928 0.3000000119
77181  -33.546  -49.952  -26.174 0.6999999881
25877  -34.468  -49.488  -27.332 0.6999999881
27439  -29.737  -46.645  -25.211 0.3000000119
26412  -34.878  -48.810  -27.703 0.6999999881
26942  -33.297  -47.848  -29.810 0.8000000119
86613  -34.920  -47.856  -28.388 0.6999999881
27473  -35.811  -46.640  -28.590 0.6999999881
28629  -30.911  -45.128  -31.941 0.8000000119
27486  -33.578  -46.845  -29.861 0.6999999881
27472  -34.470  -46.713  -29.423 0.8000000119
28634  -30.952  -45.102  -32.133 0.8000000119
28024  -34.746  -45.973  -29.690 0.8000000119
87368  -31.319  -44.454  -32.490 0.8000000119
28036  -34.989  -45.106  -29.989 0.8000000119
29198  -32.035  -43.538  -32.766 0.8000000119
29200  -32.318  -43.765  -33.484 0.8000000119
29191  -31.573  -43.814  -31.911 0.8000000119
29183  -33.648  -43.773  -31.103 0.8000000119
29184  -34.647  -43.618  -30.924 0.8000000119
28624  -35.263  -44.189  -30.318 0.8000000119
29201  -33.081  -43.646  -33.765 0.8000000119
29821  -32.743  -43.445  -33.066 0.8000000119
29192  -32.254  -43.513  -31.757 0.8000000119
29193  -33.149  -43.393  -31.642 0.8000000119
29206  -34.565  -43.682  -34.700 0.8000000119
83029  -28.838  -48.564  -25.463 0.3000000119
83142  -31.026  -49.817  -25.472 0.6000000238
77754  -30.856  -48.928  -25.046 0.5000000000
25867  -31.607  -49.393  -25.111 0.6999999881
25271  -32.822  -50.077  -25.675 0.6999999881
25868  -32.506  -49.282  -25.233 0.6999999881
25869  -33.382  -49.385  -25.827 0.6999999881
26902  -29.272  -47.082  -25.199 0.3000000119
27441  -31.307  -46.225  -24.951 0.3000000119
26405  -33.936  -48.799  -26.061 0.6999999881
25874  -34.029  -49.424  -26.517 0.6999999881
28004  -30.292  -45.018  -25.884 0.3000000119
27993  -30.807  -45.734  -25.280 0.3000000119
28573  -31.217  -45.040  -25.469 0.3000000119
28585  -30.360  -44.140  -26.321 0.3000000119
26413  -35.122  -48.070  -28.003 0.6999999881
26918  -35.399  -47.362  -28.239 0.6999999881
77682  -35.174  -46.492  -29.138 0.8000000119
29816  -32.522  -43.339  -32.493 0.8000000119
29809  -32.760  -43.254  -32.074 0.8000000119
29810  -33.692  -43.052  -32.004 0.8000000119
29194  -34.127  -43.227  -31.516 0.8000000119
29834  -34.031  -43.497  -33.827 0.8000000119
29811  -34.678  -42.857  -31.884 0.8000000119
29835  -34.888  -43.384  -34.155 0.6999999881
29845  -35.430  -43.337  -34.912 0.6000000238
26404  -32.749  -48.362  -24.965 0.6000000238
80752  -33.269  -48.808  -25.506 0.6999999881
26904  -31.519  -46.919  -24.709 0.4000000060
26905  -32.930  -47.487  -24.946 0.6000000238
27442  -32.933  -46.681  -25.044 0.4000000060
26406  -34.492  -48.123  -26.260 0.6999999881
26408  -34.517  -48.798  -26.892 0.6999999881
79288  -32.107  -45.004  -25.283 0.3000000119
26906  -34.245  -47.321  -25.737 0.6000000238
26907  -34.912  -47.430  -26.450 0.6999999881
26409  -35.029  -48.022  -27.230 0.6999999881
27459  -35.956  -46.872  -27.512 0.6999999881
26913  -36.019  -46.890  -28.019 0.6999999881
78194  -35.729  -45.826  -29.313 0.8000000119
28613  -35.988  -44.870  -29.807 0.8000000119
29185  -35.588  -43.386  -30.681 0.8000000119
76620  -33.977  -43.247  -33.071 0.8000000119
29803  -35.083  -42.990  -31.334 0.8000000119
29215  -35.706  -43.388  -35.867 0.6000000238
75092  -35.488  -43.113  -33.948 0.6999999881
30471  -36.169  -42.758  -33.595 0.6999999881
26403  -31.771  -48.630  -24.770 0.6000000238
86220  -32.093  -46.335  -24.854 0.3000000119
80804  -33.689  -48.050  -25.421 0.6000000238
27995  -32.761  -45.780  -25.094 0.3000000119
89447  -33.548  -47.179  -25.281 0.5000000000
27996  -33.595  -45.499  -25.337 0.3000000119
27443  -33.789  -46.429  -25.378 0.5000000000
29136  -31.968  -43.694  -25.802 0.3000000119
28575  -32.465  -44.359  -25.561 0.3000000119
87634  -35.357  -45.548  -25.932 0.4000000060
26910  -35.415  -47.249  -27.106 0.6999999881
29148  -31.389  -42.918  -26.092 0.3000000119
27454  -35.736  -46.639  -26.837 0.6000000238
27461  -36.916  -46.039  -27.917 0.6000000238
27460  -36.472  -46.420  -27.759 0.6000000238
27474  -36.415  -46.017  -28.690 0.8000000119
27463  -36.517  -46.318  -28.195 0.6999999881
85088  -37.204  -45.535  -27.831 0.6000000238
28016  -37.043  -45.653  -28.331 0.6999999881
28025  -36.601  -45.318  -29.080 0.8000000119
28026  -37.273  -44.780  -28.692 0.6999999881
75574  -37.586  -44.963  -28.015 0.6999999881
28625  -36.184  -43.955  -30.103 0.8000000119
28614  -36.783  -44.455  -29.470 0.8000000119
28615  -37.400  -43.938  -29.065 0.6999999881
29186  -36.438  -43.174  -30.386 0.8000000119
29175  -37.426  -43.168  -29.420 0.6999999881
29163  -37.810  -43.291  -28.672 0.6999999881
29817  -33.338  -43.236  -32.593 0.8000000119
29818  -34.383  -43.024  -32.475 0.8000000119
29804  -36.025  -42.712  -31.030 0.8000000119
29187  -37.026  -42.980  -30.010 0.8000000119
29812  -35.676  -42.522  -31.682 0.8000000119
29822  -33.413  -43.399  -33.265 0.8000000119
30446  -36.707  -42.104  -31.274 0.8000000119
29823  -34.769  -43.185  -33.312 0.8000000119
90168  -35.022  -42.981  -32.740 0.8000000119
29824  -35.525  -42.878  -33.083 0.6999999881
29846  -36.059  -43.140  -35.165 0.6000000238
27444  -34.684  -46.726  -25.920 0.5000000000
79100  -32.950  -44.996  -25.364 0.3000000119
27453  -35.227  -46.916  -26.483 0.6000000238
28576  -33.343  -44.372  -25.552 0.3000000119
27445  -35.291  -46.293  -26.152 0.5000000000
81208  -33.151  -43.057  -25.781 0.3000000119
28577  -34.175  -44.168  -25.647 0.3000000119
28005  -36.038  -45.830  -26.532 0.6000000238
78017  -32.104  -42.150  -26.018 0.3000000119
29759  -33.112  -42.304  -25.958 0.3000000119
75815  -34.873  -43.948  -25.714 0.3000000119
30402  -32.734  -41.537  -26.197 0.3000000119
28011  -36.744  -45.768  -27.337 0.6000000238
30401  -31.872  -41.420  -26.384 0.3000000119
28602  -37.779  -44.115  -28.291 0.6999999881
29805  -36.910  -42.496  -30.550 0.8000000119
29796  -37.478  -42.448  -29.803 0.6999999881
30443  -37.660  -41.621  -30.456 0.6999999881
30445  -36.481  -41.942  -31.988 0.6999999881
29847  -36.698  -43.254  -34.923 0.6000000238
30461  -36.195  -42.380  -32.714 0.6999999881
29819  -35.381  -42.652  -32.293 0.6999999881
29825  -36.953  -42.608  -33.474 0.6999999881
31686  -38.655  -39.546  -32.149 0.5000000000
31096  -38.807  -40.219  -32.488 0.5000000000
28006  -36.669  -44.985  -26.659 0.6000000238
28589  -37.193  -44.153  -26.854 0.6000000238
28596  -37.670  -44.147  -27.618 0.6999999881
75880  -30.931  -40.774  -27.293 0.3000000119
81813  -37.780  -42.653  -29.097 0.6999999881
29156  -37.925  -43.237  -27.916 0.6999999881
29157  -37.983  -42.500  -28.415 0.6999999881
30447  -37.304  -41.338  -31.386 0.6999999881
29837  -36.445  -43.012  -34.313 0.6000000238
29838  -37.260  -42.975  -34.060 0.5000000000
30462  -36.714  -42.257  -32.998 0.6999999881
30454  -36.921  -41.745  -32.463 0.6999999881
30463  -37.495  -41.798  -32.870 0.6000000238
28588  -36.516  -44.164  -26.120 0.5000000000
29141  -36.150  -43.326  -25.909 0.4000000060
29149  -36.903  -43.320  -26.442 0.6000000238
29771  -37.114  -42.469  -26.755 0.6000000238
29772  -37.581  -42.354  -27.345 0.6000000238
31650  -31.275  -39.649  -28.124 0.3000000119
31638  -31.585  -40.262  -27.684 0.3000000119
30425  -38.100  -41.573  -28.201 0.6000000238
29789  -37.953  -41.821  -29.172 0.6000000238
88667  -37.753  -41.018  -30.939 0.6000000238
31073  -38.215  -40.961  -29.608 0.6000000238
31087  -37.903  -40.582  -31.385 0.6000000238
29826  -37.890  -42.426  -33.408 0.5000000000
30464  -38.508  -41.647  -33.047 0.5000000000
85073  -37.587  -41.227  -32.354 0.6000000238
31103  -38.241  -41.015  -32.578 0.5000000000
31104  -39.076  -40.850  -32.860 0.5000000000
31687  -39.153  -39.370  -32.672 0.5000000000
30406  -36.109  -41.869  -26.026 0.4000000060
29763  -36.492  -42.533  -26.188 0.4000000060
31041  -34.094  -40.795  -26.276 0.4000000060
31651  -32.048  -39.771  -28.234 0.3000000119
31640  -33.112  -39.774  -27.146 0.3000000119
29780  -37.904  -42.359  -27.828 0.6000000238
31667  -32.154  -38.570  -28.643 0.3000000119
30431  -38.243  -41.070  -28.813 0.6000000238
31081  -38.130  -40.589  -30.472 0.6000000238
76438  -38.298  -39.953  -30.936 0.6000000238
30455  -37.349  -41.170  -31.962 0.6999999881
31095  -38.119  -40.494  -32.060 0.6999999881
30405  -35.370  -41.685  -25.972 0.4000000060
30414  -36.689  -41.717  -26.432 0.4000000060
31043  -36.077  -40.958  -26.124 0.4000000060
78208  -35.660  -39.887  -26.182 0.4000000060
30415  -37.283  -41.644  -26.997 0.4000000060
30424  -37.754  -41.625  -27.558 0.5000000000
31661  -32.422  -39.083  -28.435 0.3000000119
32378  -32.681  -38.392  -28.563 0.3000000119
31068  -37.912  -40.979  -27.752 0.4000000060
32387  -32.826  -37.757  -28.728 0.3000000119
31653  -33.789  -39.197  -27.709 0.4000000060
31069  -38.347  -40.334  -28.949 0.5000000000
81900  -38.351  -40.203  -29.699 0.5000000000
31668  -38.105  -39.451  -29.219 0.5000000000
31684  -38.318  -39.733  -31.595 0.6000000238
32406  -38.916  -38.688  -32.452 0.5000000000
32407  -39.318  -38.645  -32.963 0.5000000000
31042  -35.052  -40.767  -26.094 0.4000000060
79923  -36.430  -40.104  -26.407 0.4000000060
31058  -36.882  -40.853  -26.657 0.4000000060
31644  -37.101  -39.872  -26.926 0.4000000060
82861  -37.798  -40.211  -27.623 0.4000000060
32386  -32.275  -37.938  -28.812 0.3000000119
31662  -38.066  -39.781  -28.295 0.4000000060
77165  -31.971  -36.809  -29.394 0.3000000119
77883  -37.958  -38.810  -29.953 0.5000000000
31676  -38.255  -39.689  -30.205 0.6000000238
32396  -38.235  -39.040  -30.919 0.5000000000
82719  -37.891  -38.169  -30.498 0.5000000000
32402  -38.491  -38.835  -31.796 0.6000000238
35010  -31.238  -34.347  -29.619 0.3000000119
35011  -32.059  -34.421  -29.494 0.4000000060
85402  -32.743  -34.488  -29.360 0.4000000060
81611  -38.283  -38.108  -31.293 0.5000000000
36313  -31.288  -32.829  -29.528 0.4000000060
33694  -37.888  -36.666  -31.065 0.5000000000
80428  -37.530  -36.914  -30.436 0.5000000000
82502  -38.648  -37.962  -32.131 0.5000000000
87240  -39.522  -37.256  -33.947 0.5000000000
83044  -39.137  -37.814  -33.024 0.6000000238
33118  -39.105  -36.784  -33.548 0.5000000000
33125  -39.333  -36.404  -34.580 0.4000000060
35710  -31.691  -33.630  -29.495 0.4000000060
35012  -33.280  -34.904  -29.280 0.4000000060
33111  -38.289  -37.271  -31.642 0.5000000000
33700  -38.324  -36.415  -31.960 0.5000000000
33112  -38.711  -37.075  -32.550 0.5000000000
34358  -38.528  -35.497  -32.354 0.5000000000
34368  -39.188  -35.149  -34.471 0.4000000060
35712  -33.373  -34.007  -29.261 0.4000000060
79578  -31.792  -32.071  -29.402 0.4000000060
33701  -38.734  -36.224  -33.021 0.4000000060
34366  -38.873  -35.575  -33.487 0.4000000060
33706  -39.000  -35.995  -34.125 0.5000000000
35034  -38.279  -34.918  -31.251 0.4000000060
78426  -38.992  -34.864  -33.333 0.5000000000
35041  -39.245  -34.056  -33.177 0.4000000060
34359  -38.805  -34.584  -32.226 0.4000000060
35747  -39.920  -32.944  -32.733 0.4000000060
36351  -39.430  -33.059  -31.860 0.4000000060
35025  -38.509  -34.129  -31.229 0.4000000060
36339  -39.671  -32.270  -31.470 0.4000000060
82925  -38.731  -33.356  -31.134 0.4000000060
35733  -39.107  -33.794  -32.096 0.3000000119
36329  -38.166  -32.839  -30.438 0.4000000060
36338  -38.867  -32.512  -30.976 0.3000000119
36917  -38.989  -31.595  -30.921 0.4000000060
36918  -39.675  -31.305  -31.317 0.4000000060
37522  -38.374  -30.897  -30.600 0.4000000060
20131  -32.045  -59.012  -31.285 0.6999999881
20836  -32.301  -57.089  -29.968 0.8000000119
21598  -23.907  -56.125  -33.591 0.4000000060
22900  -29.574  -54.726  -29.526 0.6000000238
88097  -24.258  -51.393  -31.872 0.5000000000
23604  -27.386  -53.204  -29.616 0.6000000238
24140  -27.238  -52.093  -28.899 0.6000000238
26912  -35.473  -47.410  -27.756 0.6999999881
80276  -32.055  -47.707  -24.583 0.6000000238
27997  -34.529  -45.773  -25.645 0.5000000000
28579  -35.649  -44.093  -25.759 0.4000000060
23681  -31.941  -53.097  -37.429 0.5000000000
20145  -32.618  -58.677  -32.115 0.6999999881
81332  -28.378  -59.168  -30.623 0.6000000238
22912  -33.258  -54.810  -31.037 0.8000000119
72209  -33.838  -50.334  -34.620 0.5000000000
20883  -25.837  -56.870  -32.429 0.6000000238
22212  -31.653  -56.063  -29.041 0.6999999881
22244  -26.746  -55.725  -32.726 0.6000000238
25921  -35.588  -49.300  -34.875 0.4000000060
22243  -23.620  -55.746  -33.571 0.3000000119
21589  -25.023  -56.368  -32.925 0.5000000000
77778  -33.258  -52.714  -31.410 0.8999999762
80799  -29.082  -54.864  -30.164 0.6000000238
22888  -31.291  -54.818  -28.072 0.8000000119
21599  -24.366  -56.049  -33.508 0.4000000060
88158  -24.198  -54.274  -33.924 0.5000000000
22941  -25.012  -54.661  -33.292 0.5000000000
24173  -23.668  -51.496  -31.832 0.5000000000
24197  -24.062  -51.792  -34.595 0.5000000000
85589  -26.650  -54.557  -32.012 0.5000000000
23649  -24.725  -52.863  -33.494 0.5000000000
23601  -25.037  -54.159  -29.877 0.5000000000
24161  -24.448  -52.285  -31.367 0.5000000000
24160  -23.843  -52.137  -31.256 0.5000000000
86367  -26.854  -54.306  -31.139 0.5000000000
22872  -24.646  -54.887  -27.132 0.6000000238
22873  -24.995  -54.447  -27.562 0.6000000238
24175  -24.717  -52.023  -32.032 0.5000000000
23641  -25.151  -53.129  -32.376 0.5000000000
24148  -26.935  -52.757  -29.102 0.6000000238
24664  -27.264  -51.504  -28.426 0.5000000000
24645  -26.584  -50.980  -27.198 0.5000000000
90186  -27.087  -51.093  -27.805 0.5000000000
25911  -30.866  -48.903  -32.411 0.8000000119
27520  -35.058  -46.011  -36.003 0.6999999881
24665  -27.834  -51.791  -28.913 0.6999999881
89579  -25.750  -50.186  -25.849 0.4000000060
24129  -29.610  -51.732  -27.469 0.6999999881
25863  -27.426  -48.935  -25.758 0.3000000119
28063  -32.717  -45.651  -34.114 0.8999999762
28064  -33.421  -45.346  -34.727 0.8000000119
28651  -34.776  -44.472  -35.787 0.6000000238
28643  -34.261  -44.169  -35.095 0.8000000119
25876  -28.175  -50.012  -27.075 0.5000000000
26443  -32.690  -48.352  -30.189 0.8000000119
28639  -32.114  -44.314  -33.722 0.8000000119
78133  -33.403  -44.434  -34.714 0.8000000119
81009  -32.735  -46.415  -30.340 0.8000000119
79803  -33.383  -46.034  -30.171 0.8000000119
26402  -30.012  -48.402  -24.996 0.5000000000
79010  -30.910  -47.820  -24.602 0.4000000060
27994  -31.688  -45.652  -25.067 0.3000000119
29836  -35.928  -43.037  -34.464 0.6999999881
88407  -32.320  -46.993  -24.764 0.6000000238
29174  -36.907  -43.634  -29.779 0.8000000119
85796  -32.420  -42.957  -25.842 0.3000000119
29137  -32.822  -43.672  -25.704 0.3000000119
27455  -36.239  -46.352  -27.216 0.6000000238
28012  -37.248  -44.945  -27.406 0.6000000238
90455  -33.462  -44.956  -25.403 0.3000000119
30403  -33.601  -41.547  -26.164 0.3000000119
29150  -37.506  -43.218  -27.216 0.6000000238
90428  -37.754  -42.792  -27.588 0.6999999881
29762  -35.701  -42.518  -25.875 0.4000000060
80254  -39.491  -39.980  -32.855 0.4000000060
31641  -33.914  -39.548  -26.826 0.4000000060
31652  -32.810  -39.561  -28.010 0.3000000119
32377  -31.719  -38.219  -28.778 0.3000000119
31070  -38.158  -40.647  -28.231 0.5000000000
31067  -37.485  -40.857  -27.252 0.4000000060
32364  -33.173  -38.847  -28.318 0.4000000060
32379  -33.349  -38.084  -28.554 0.4000000060
31655  -37.451  -39.234  -27.668 0.4000000060
77789  -37.743  -39.052  -28.459 0.4000000060
86549  -31.657  -34.973  -29.599 0.3000000119
35711  -32.574  -33.744  -29.365 0.4000000060
36909  -38.127  -31.858  -30.398 0.4000000060
18923  -29.461  -60.387  -34.882 0.5000000000
19517  -29.530  -59.633  -35.301 0.5000000000
17554  -28.247  -62.529  -33.540 0.4000000060
18261  -28.929  -61.858  -33.941 0.5000000000
18902  -29.456  -61.083  -34.030 0.5000000000
19509  -29.937  -59.907  -34.537 0.6000000238
18262  -29.205  -61.430  -33.074 0.5000000000
17546  -28.610  -61.656  -32.343 0.5000000000
18903  -29.822  -60.849  -33.370 0.5000000000
19497  -30.284  -60.239  -33.726 0.6000000238
19510  -30.697  -59.434  -34.203 0.6000000238
20176  -30.693  -58.725  -35.050 0.6000000238
20171  -31.409  -58.523  -34.211 0.6000000238
20909  -31.077  -57.868  -35.159 0.6000000238
18254  -29.374  -61.277  -32.302 0.5000000000
18904  -30.525  -60.593  -32.844 0.5000000000
19498  -30.995  -59.962  -33.230 0.6000000238
18241  -29.117  -61.209  -31.777 0.5000000000
18239  -27.491  -61.565  -31.407 0.5000000000
18240  -28.299  -61.392  -31.569 0.5000000000
20158  -31.375  -59.308  -33.539 0.6000000238
18891  -29.911  -60.982  -32.537 0.5000000000
18242  -29.916  -61.001  -31.920 0.5000000000
18892  -30.652  -60.729  -32.127 0.5000000000
18879  -28.701  -60.854  -31.187 0.5000000000
87996  -27.880  -61.011  -30.960 0.5000000000
20905  -31.736  -57.381  -34.544 0.6000000238
18880  -29.534  -60.723  -31.360 0.5000000000
18882  -31.278  -60.312  -31.831 0.5000000000
19488  -31.257  -60.302  -32.396 0.6000000238
19489  -31.876  -59.884  -32.102 0.6000000238
18220  -27.013  -61.127  -30.866 0.5000000000
18865  -29.803  -60.240  -30.980 0.5000000000
18881  -30.446  -60.524  -31.475 0.5000000000
19477  -31.723  -59.708  -31.600 0.6000000238
85851  -28.269  -60.406  -30.703 0.5000000000
75329  -27.412  -60.465  -30.567 0.5000000000
19457  -28.698  -59.874  -30.583 0.6000000238
19459  -30.678  -59.535  -30.846 0.6000000238
19476  -31.074  -60.017  -31.262 0.5000000000
19458  -29.934  -59.725  -30.744 0.6000000238
19478  -32.269  -59.272  -31.842 0.6000000238
19455  -26.938  -59.769  -30.362 0.5000000000
19456  -27.860  -59.826  -30.434 0.5000000000
19460  -31.421  -59.330  -31.071 0.5000000000
20132  -32.503  -58.580  -31.577 0.6000000238
37528  -39.145  -30.719  -31.094 0.4000000060
83478  -39.435  -29.985  -31.321 0.3000000119
38672  -39.625  -28.610  -31.259 0.3000000119
18912  -29.386  -61.216  -34.797 0.5000000000
90124  -28.533  -61.964  -33.116 0.4000000060
19518  -30.174  -59.316  -34.996 0.6000000238
87182  -30.606  -58.222  -35.707 0.5000000000
17545  -27.798  -62.249  -32.688 0.4000000060
18253  -27.884  -61.823  -31.964 0.5000000000
17534  -27.210  -62.181  -31.899 0.5000000000
18238  -26.648  -61.807  -31.310 0.3000000119
18237  -25.675  -62.118  -31.195 0.4000000060
18236  -24.730  -62.135  -30.805 0.4000000060
29224  -36.006  -43.641  -36.418 0.5000000000
29216  -36.295  -43.415  -35.782 0.5000000000
28587  -35.919  -44.936  -25.984 0.4000000060
38131  -39.130  -29.289  -31.038 0.3000000119
39249  -39.332  -27.752  -31.053 0.3000000119
19499  -31.676  -59.647  -32.773 0.6000000238
89558  -29.764  -60.497  -34.118 0.6000000238
81945  -29.056  -60.320  -30.903 0.5000000000
20175  -29.982  -58.849  -35.748 0.4000000060
23631  -23.383  -52.482  -31.598 0.4000000060
24172  -23.297  -52.024  -32.450 0.3000000119
85897  -23.822  -52.524  -34.327 0.4000000060
22940  -23.878  -54.704  -33.888 0.4000000060
22908  -24.236  -54.168  -30.335 0.4000000060
87412  -23.747  -53.252  -31.036 0.4000000060
80354  -23.550  -56.420  -26.386 0.4000000060
22200  -24.496  -55.865  -27.532 0.4000000060
22898  -24.675  -54.794  -29.320 0.4000000060
22847  -21.967  -55.227  -26.110 0.3000000119
21514  -23.270  -56.041  -25.821 0.3000000119
22848  -22.897  -54.706  -25.928 0.4000000060
22886  -24.774  -55.277  -28.313 0.4000000060
22163  -22.633  -55.604  -25.826 0.4000000060
21515  -24.149  -55.648  -26.166 0.5000000000
22849  -23.636  -54.550  -25.751 0.4000000060
22837  -23.913  -53.996  -25.653 0.4000000060
22862  -24.371  -54.895  -26.544 0.5000000000
23561  -23.525  -53.731  -25.820 0.4000000060
79387  -34.008  -44.937  -25.482 0.3000000119
28578  -34.938  -44.788  -25.690 0.3000000119
29761  -34.698  -42.476  -25.867 0.3000000119
30404  -34.464  -41.567  -26.068 0.3000000119
33105  -37.884  -37.433  -30.847 0.4000000060
31057  -34.597  -39.801  -26.318 0.3000000119
31056  -33.549  -40.130  -26.464 0.3000000119
33097  -37.487  -37.507  -30.133 0.4000000060
31642  -35.402  -38.961  -26.383 0.3000000119
32355  -35.893  -38.362  -26.578 0.3000000119
31643  -36.269  -39.103  -26.492 0.3000000119
32366  -34.714  -38.580  -27.747 0.3000000119
32367  -35.388  -38.386  -26.940 0.3000000119
87862  -35.908  -38.005  -26.986 0.3000000119
32356  -36.288  -38.350  -26.950 0.3000000119
31654  -36.785  -39.007  -27.097 0.3000000119
32365  -34.005  -38.478  -28.333 0.3000000119
33089  -33.406  -37.279  -28.839 0.3000000119
90178  -32.431  -36.637  -29.297 0.3000000119
33678  -33.055  -36.496  -29.193 0.3000000119
32380  -37.506  -38.500  -29.111 0.3000000119
33092  -37.129  -37.674  -29.444 0.3000000119
33682  -37.035  -36.789  -29.765 0.3000000119
82911  -37.558  -38.134  -29.830 0.3000000119
36314  -32.225  -32.886  -29.369 0.3000000119
79723  -30.873  -32.052  -29.579 0.3000000119
33063  -34.837  -37.979  -28.353 0.3000000119
33064  -35.562  -38.099  -27.653 0.3000000119
33065  -36.155  -38.004  -27.618 0.3000000119
32369  -37.168  -38.539  -28.240 0.3000000119
33062  -34.062  -37.715  -28.623 0.3000000119
33078  -35.655  -37.601  -28.305 0.3000000119
33079  -36.249  -37.615  -28.426 0.3000000119
33066  -36.588  -38.134  -28.086 0.3000000119
33679  -34.074  -36.622  -29.037 0.3000000119
33077  -34.786  -37.184  -28.741 0.3000000119
75845  -32.290  -36.163  -29.525 0.3000000119
89649  -34.063  -37.198  -28.806 0.3000000119
34340  -33.095  -35.718  -29.346 0.3000000119
79571  -32.726  -32.103  -29.356 0.3000000119
33687  -37.425  -36.257  -30.376 0.3000000119
34350  -37.958  -35.769  -31.075 0.3000000119
77643  -34.988  -36.435  -28.981 0.3000000119
33090  -35.805  -36.782  -28.774 0.3000000119
33080  -36.844  -37.949  -28.734 0.3000000119
76407  -33.732  -36.006  -29.263 0.3000000119
79285  -33.901  -35.334  -29.215 0.3000000119
33091  -36.550  -37.144  -29.058 0.3000000119
33686  -36.852  -36.017  -29.840 0.3000000119
36315  -33.286  -32.964  -29.291 0.3000000119
79553  -33.547  -32.081  -29.339 0.3000000119
34349  -37.257  -35.523  -30.154 0.3000000119
79777  -37.702  -35.044  -30.506 0.3000000119
33680  -35.636  -35.911  -29.080 0.3000000119
34341  -34.615  -35.776  -29.155 0.3000000119
85477  -34.649  -34.986  -29.160 0.3000000119
34342  -35.467  -35.116  -29.118 0.3000000119
33681  -36.387  -36.280  -29.284 0.3000000119
35013  -34.169  -34.409  -29.179 0.3000000119
36895  -34.119  -31.523  -29.331 0.3000000119
35024  -37.031  -34.750  -29.879 0.3000000119
36894  -33.219  -31.333  -29.366 0.3000000119
79897  -37.753  -34.237  -30.361 0.3000000119
85216  -38.130  -33.582  -30.568 0.3000000119
79085  -34.161  -33.484  -29.214 0.3000000119
88869  -34.651  -33.833  -29.151 0.3000000119
35014  -35.196  -34.228  -29.098 0.3000000119
34343  -36.421  -35.401  -29.434 0.3000000119
36316  -34.351  -32.487  -29.273 0.3000000119
35015  -36.223  -34.481  -29.228 0.3000000119
90050  -33.318  -30.010  -29.327 0.3000000119
37507  -33.776  -30.558  -29.327 0.3000000119
36896  -34.997  -31.754  -29.297 0.3000000119
35719  -36.899  -33.895  -29.565 0.3000000119
35720  -37.473  -33.213  -29.891 0.3000000119
78880  -35.087  -33.239  -29.147 0.3000000119
85074  -36.050  -33.601  -29.090 0.3000000119
36317  -35.252  -32.427  -29.214 0.3000000119
36327  -36.671  -33.140  -29.349 0.3000000119
37508  -34.725  -30.901  -29.322 0.3000000119
86802  -37.588  -32.391  -29.976 0.3000000119
38106  -33.724  -29.665  -29.264 0.3000000119
36318  -35.972  -32.751  -29.122 0.3000000119
81193  -34.487  -30.024  -29.269 0.3000000119
84970  -35.851  -31.973  -29.286 0.3000000119
36328  -36.783  -32.350  -29.519 0.3000000119
36899  -37.278  -31.652  -29.886 0.3000000119
37521  -37.705  -31.062  -30.165 0.3000000119
38645  -33.556  -28.730  -29.083 0.3000000119
38107  -34.260  -29.298  -29.211 0.3000000119
37509  -35.342  -30.326  -29.281 0.3000000119
36897  -35.607  -31.175  -29.312 0.3000000119
36898  -36.472  -31.426  -29.496 0.3000000119
80445  -35.903  -29.826  -29.243 0.3000000119
76627  -36.737  -29.732  -29.599 0.3000000119
37511  -37.031  -30.767  -29.786 0.3000000119
77357  -37.757  -30.108  -30.201 0.3000000119
82557  -38.675  -30.030  -30.801 0.3000000119
38646  -34.460  -28.744  -29.111 0.3000000119
38108  -35.093  -29.389  -29.180 0.3000000119
38647  -35.203  -28.448  -29.070 0.3000000119
37510  -36.208  -30.561  -29.376 0.3000000119
38122  -38.326  -29.225  -30.485 0.3000000119
20912  -30.879  -57.522  -36.064 0.4000000060
21513  -22.186  -56.042  -26.009 0.3000000119
23615  -24.367  -53.248  -30.839 0.4000000060
21539  -24.170  -56.205  -26.694 0.4000000060
23562  -24.157  -53.629  -25.796 0.4000000060
22165  -24.005  -54.790  -25.845 0.4000000060
32354  -34.607  -39.013  -26.884 0.3000000119
79089  -32.392  -35.222  -29.483 0.3000000119
32368  -36.751  -38.501  -27.570 0.3000000119
21532  -22.609  -56.421  -26.374 0.4000000060
21537  -23.032  -56.721  -27.109 0.4000000060
22199  -24.394  -56.255  -28.348 0.4000000060
22209  -24.478  -55.542  -29.057 0.4000000060
22861  -22.036  -54.409  -26.497 0.3000000119
22164  -23.457  -55.326  -25.685 0.4000000060
36893  -32.295  -31.285  -29.373 0.3000000119
37506  -32.817  -30.421  -29.363 0.3000000119
38109  -35.991  -29.053  -29.203 0.3000000119
21531  -21.533  -56.338  -26.511 0.4000000060
18860  -22.457  -60.693  -30.445 0.3000000119
18216  -23.608  -61.331  -30.326 0.3000000119
84601  -22.734  -53.729  -26.364 0.3000000119
84818  -23.171  -52.966  -26.198 0.3000000119
22208  -24.190  -56.005  -29.405 0.3000000119
21542  -23.638  -56.832  -27.890 0.3000000119
21543  -24.164  -56.435  -27.479 0.3000000119
22907  -23.600  -54.417  -30.712 0.3000000119
22897  -24.093  -55.079  -29.892 0.3000000119
21541  -22.532  -57.139  -27.849 0.3000000119
21549  -24.056  -56.853  -28.775 0.3000000119
18866  -30.420  -60.072  -30.984 0.5000000000
21533  -23.918  -56.132  -25.972 0.5000000000
21538  -23.783  -56.605  -27.062 0.4000000060
21600  -25.089  -55.911  -33.151 0.6000000238
22162  -21.822  -55.747  -26.008 0.3000000119
22191  -24.439  -55.498  -26.923 0.5000000000
22250  -24.005  -55.495  -33.832 0.4000000060
23648  -24.237  -52.747  -34.306 0.5000000000
23652  -23.989  -52.140  -34.722 0.4000000060
24174  -24.005  -51.449  -31.675 0.5000000000
24190  -23.676  -51.851  -33.662 0.3000000119
24191  -24.243  -51.550  -33.629 0.5000000000
24196  -23.923  -51.759  -34.603 0.4000000060
24198  -24.458  -52.077  -34.023 0.5000000000
24202  -23.984  -51.740  -34.668 0.4000000060
24687  -23.982  -51.024  -32.126 0.5000000000
24688  -24.290  -51.339  -32.526 0.5000000000
24699  -23.794  -51.313  -32.758 0.5000000000
24700  -24.025  -51.227  -32.948 0.5000000000
26446  -30.238  -48.102  -31.844 0.8000000119
26449  -30.187  -47.890  -32.184 0.8000000119
26944  -30.142  -47.124  -31.934 0.8000000119
27483  -30.692  -46.543  -31.524 0.8000000119
27484  -31.293  -46.728  -30.982 0.8000000119
27496  -30.358  -47.016  -31.702 0.8000000119
28042  -30.683  -45.842  -31.808 0.8000000119
28050  -30.482  -45.937  -32.029 0.8000000119
28055  -30.827  -45.832  -32.417 0.8000000119
28057  -32.102  -45.942  -33.693 0.8000000119
28635  -31.686  -43.991  -33.041 0.8000000119
29808  -31.998  -43.429  -32.181 0.8000000119
85215  -23.848  -55.714  -25.757 0.4000000060
86380  -29.351  -59.935  -30.697 0.6000000238
