#!ascii label  , from subject sub-01 vox2ras=TkReg
417
82314  -33.560  -64.935  -38.916 0.5000000000
86245  -33.146  -65.288  -39.277 0.8000000119
15718  -33.297  -64.942  -41.191 0.8000000119
77144  -33.117  -65.026  -40.171 0.8000000119
15698  -33.244  -65.627  -38.413 0.5000000000
16333  -33.689  -64.645  -39.645 0.6000000238
75596  -35.211  -64.241  -43.206 0.6999999881
16341  -34.332  -64.411  -41.869 0.6999999881
16339  -33.907  -64.448  -40.601 0.8000000119
15690  -33.544  -65.566  -37.622 0.6000000238
16325  -33.630  -64.856  -38.288 0.5000000000
16358  -35.012  -64.110  -44.486 0.6999999881
16334  -34.047  -64.298  -38.988 0.6000000238
16353  -35.499  -64.301  -43.984 0.6999999881
15737  -34.511  -64.664  -43.590 0.6999999881
16342  -34.578  -63.861  -40.928 0.6999999881
16340  -34.318  -64.037  -39.916 0.8000000119
16951  -34.616  -63.548  -39.282 0.6999999881
74945  -33.753  -64.546  -37.475 0.4000000060
16966  -34.992  -63.554  -44.246 0.6999999881
16947  -34.363  -63.690  -38.506 0.6000000238
16967  -35.865  -63.885  -44.056 0.6999999881
16347  -35.587  -64.075  -43.454 0.6999999881
16343  -34.935  -63.901  -42.193 0.6999999881
16952  -35.181  -62.836  -39.454 0.5000000000
16959  -34.803  -63.122  -41.025 0.6000000238
16955  -34.804  -63.323  -40.114 0.6000000238
17604  -35.820  -62.146  -39.598 0.6000000238
16956  -35.312  -62.543  -40.145 0.6000000238
17620  -33.451  -62.669  -43.843 0.6999999881
16940  -34.082  -63.811  -37.852 0.6000000238
16941  -34.559  -63.200  -37.919 0.6000000238
16963  -35.583  -63.819  -43.502 0.6999999881
16948  -34.916  -63.034  -38.694 0.6000000238
16960  -34.887  -63.600  -42.401 0.6999999881
17599  -35.557  -62.389  -38.882 0.6000000238
17600  -36.317  -61.909  -39.083 0.5000000000
17607  -35.962  -61.830  -40.181 0.5000000000
18339  -31.926  -61.372  -42.768 0.6000000238
89886  -32.774  -60.515  -42.009 0.6000000238
16310  -33.742  -64.482  -36.433 0.5000000000
77999  -34.111  -63.558  -37.045 0.5000000000
18340  -32.794  -61.237  -42.438 0.6999999881
18347  -33.226  -61.955  -42.903 0.6999999881
17593  -34.877  -62.691  -37.285 0.4000000060
86397  -34.369  -62.985  -43.600 0.6999999881
79179  -34.333  -62.705  -42.699 0.6999999881
17615  -34.682  -63.185  -42.529 0.6999999881
17594  -35.249  -62.544  -38.108 0.5000000000
17610  -34.805  -62.383  -41.317 0.6999999881
79987  -35.990  -61.985  -38.353 0.5000000000
83324  -35.280  -62.198  -40.593 0.6000000238
90629  -36.693  -61.717  -38.594 0.5000000000
18321  -35.712  -61.458  -40.674 0.5000000000
17601  -37.192  -61.581  -39.177 0.5000000000
18313  -36.698  -61.685  -39.780 0.5000000000
18307  -38.151  -61.379  -39.075 0.3000000119
17586  -34.602  -62.868  -36.357 0.3000000119
19557  -31.601  -60.096  -41.884 0.6000000238
18964  -32.123  -60.686  -42.158 0.6000000238
18341  -33.596  -61.444  -42.337 0.6000000238
17614  -33.824  -62.284  -42.881 0.6999999881
18342  -34.170  -61.734  -42.142 0.6999999881
18332  -35.252  -61.277  -41.225 0.5000000000
17595  -37.398  -61.460  -38.418 0.4000000060
18314  -37.912  -61.303  -39.881 0.5000000000
75646  -31.897  -59.548  -41.536 0.6000000238
19547  -32.369  -60.020  -41.769 0.6000000238
18951  -33.144  -59.973  -41.758 0.6000000238
76926  -33.990  -60.095  -41.704 0.6000000238
17587  -35.405  -62.173  -36.700 0.3000000119
83373  -35.700  -62.077  -37.561 0.4000000060
18952  -34.153  -60.862  -41.876 0.6000000238
17588  -36.367  -61.723  -37.046 0.3000000119
18331  -34.766  -61.097  -41.632 0.6000000238
18343  -34.544  -62.049  -41.826 0.6999999881
18303  -37.468  -61.342  -37.479 0.3000000119
86893  -36.588  -61.672  -37.903 0.3000000119
80845  -35.501  -60.604  -41.364 0.5000000000
74599  -38.334  -61.244  -38.249 0.3000000119
18322  -36.867  -61.113  -40.337 0.5000000000
18308  -39.159  -61.245  -38.924 0.3000000119
18333  -36.308  -60.661  -40.999 0.5000000000
18315  -38.907  -61.251  -39.597 0.3000000119
20221  -31.681  -58.871  -41.163 0.5000000000
81794  -32.642  -59.275  -41.380 0.6000000238
75424  -38.551  -61.075  -37.472 0.3000000119
18953  -34.932  -60.241  -41.543 0.6000000238
75628  -39.397  -60.865  -37.360 0.3000000119
18304  -39.275  -61.056  -38.103 0.3000000119
18334  -37.335  -60.454  -40.714 0.5000000000
18323  -38.135  -60.670  -40.421 0.4000000060
18944  -39.045  -60.350  -40.659 0.4000000060
20206  -32.469  -58.482  -40.887 0.5000000000
76199  -33.281  -58.726  -41.023 0.5000000000
19548  -33.627  -59.394  -41.406 0.5000000000
18298  -39.521  -60.672  -36.572 0.3000000119
18954  -36.013  -59.994  -41.314 0.6000000238
18955  -37.093  -60.077  -40.999 0.5000000000
18325  -40.802  -60.744  -40.185 0.4000000060
18945  -40.128  -60.326  -40.641 0.4000000060
20207  -33.747  -58.209  -40.691 0.5000000000
20222  -34.143  -58.818  -41.100 0.5000000000
18279  -39.045  -60.599  -35.754 0.4000000060
18924  -40.008  -60.377  -35.900 0.4000000060
19549  -34.518  -59.504  -41.401 0.5000000000
83726  -35.285  -59.588  -41.316 0.5000000000
18928  -40.312  -60.377  -36.578 0.3000000119
20223  -34.999  -58.933  -41.110 0.4000000060
18299  -40.286  -60.546  -37.304 0.3000000119
18957  -39.408  -60.040  -40.864 0.4000000060
90546  -33.039  -58.188  -40.648 0.5000000000
20208  -34.606  -58.258  -40.720 0.5000000000
18914  -39.393  -60.176  -35.069 0.4000000060
18925  -40.364  -59.858  -35.495 0.4000000060
75402  -40.643  -60.058  -36.243 0.4000000060
20209  -35.478  -58.393  -40.681 0.4000000060
20224  -35.826  -59.190  -40.988 0.4000000060
18929  -40.774  -60.156  -37.047 0.4000000060
19550  -36.739  -59.497  -40.874 0.4000000060
19551  -37.732  -59.709  -40.763 0.4000000060
18956  -38.228  -60.136  -40.794 0.4000000060
88490  -42.092  -59.961  -40.739 0.4000000060
18958  -40.819  -59.956  -40.767 0.4000000060
86827  -33.246  -57.665  -40.323 0.5000000000
20943  -34.124  -57.633  -40.288 0.4000000060
19511  -39.770  -59.197  -34.443 0.4000000060
18915  -39.851  -59.713  -34.875 0.4000000060
20944  -35.048  -57.693  -40.271 0.5000000000
20210  -36.358  -58.654  -40.573 0.4000000060
19519  -40.736  -59.626  -36.026 0.4000000060
19535  -37.281  -59.030  -40.475 0.4000000060
18947  -42.922  -60.313  -40.408 0.3000000119
19552  -38.668  -59.830  -40.757 0.4000000060
20935  -34.480  -57.089  -39.707 0.4000000060
20936  -35.443  -57.271  -39.798 0.4000000060
19512  -40.225  -59.360  -35.062 0.4000000060
20945  -35.926  -57.830  -40.252 0.4000000060
19536  -38.293  -59.376  -40.509 0.4000000060
20214  -41.886  -59.216  -40.073 0.4000000060
19537  -39.580  -59.662  -40.607 0.4000000060
19538  -40.953  -59.602  -40.452 0.4000000060
21635  -35.046  -56.855  -39.265 0.4000000060
21636  -35.706  -57.023  -39.389 0.4000000060
20937  -36.153  -57.417  -39.758 0.4000000060
20196  -36.806  -58.129  -40.058 0.4000000060
20200  -43.118  -59.233  -40.131 0.4000000060
20197  -37.397  -58.077  -39.432 0.4000000060
20211  -37.756  -58.715  -40.050 0.4000000060
20212  -38.823  -59.065  -40.077 0.4000000060
21637  -36.255  -57.097  -39.117 0.4000000060
20924  -36.718  -57.604  -39.457 0.4000000060
20925  -37.044  -57.420  -38.674 0.4000000060
20199  -40.748  -59.133  -39.262 0.3000000119
20191  -39.194  -58.850  -39.101 0.4000000060
20213  -40.235  -59.233  -40.028 0.4000000060
21628  -35.569  -56.593  -38.757 0.4000000060
21620  -35.928  -56.076  -38.034 0.4000000060
21629  -36.408  -56.711  -38.369 0.4000000060
20919  -37.660  -57.327  -37.833 0.4000000060
20187  -41.512  -59.498  -38.391 0.4000000060
77074  -42.019  -59.322  -39.340 0.3000000119
20926  -38.059  -58.103  -38.584 0.4000000060
20192  -39.944  -58.841  -38.139 0.4000000060
20927  -38.934  -58.392  -38.108 0.5000000000
22280  -36.293  -55.691  -37.327 0.4000000060
76356  -36.699  -56.310  -37.679 0.4000000060
22269  -35.729  -55.255  -36.850 0.4000000060
22270  -36.683  -55.239  -36.534 0.4000000060
20920  -38.469  -57.772  -37.566 0.4000000060
22263  -35.953  -54.923  -36.194 0.4000000060
22264  -36.549  -54.637  -35.710 0.4000000060
23657  -36.674  -53.487  -34.502 0.4000000060
23664  -37.026  -54.063  -35.187 0.4000000060
90181  -37.215  -54.430  -35.627 0.5000000000
22949  -36.081  -54.120  -34.964 0.4000000060
18324  -39.280  -60.868  -40.180 0.4000000060
15728  -33.447  -65.076  -42.213 0.8000000119
15736  -33.490  -65.132  -43.165 0.6999999881
14968  -33.338  -66.413  -37.784 0.5000000000
15749  -34.502  -64.549  -44.262 0.6999999881
14969  -33.804  -66.520  -37.033 0.5000000000
16970  -33.429  -63.805  -45.090 0.6999999881
15691  -33.764  -65.479  -36.777 0.4000000060
17625  -33.981  -63.405  -44.559 0.6999999881
18963  -31.290  -60.771  -42.342 0.6000000238
16927  -33.967  -63.627  -35.948 0.4000000060
19546  -31.189  -59.469  -41.590 0.6000000238
81643  -30.852  -58.931  -41.257 0.5000000000
20934  -33.502  -57.073  -39.885 0.4000000060
21634  -33.682  -56.568  -39.372 0.4000000060
88309  -34.330  -56.626  -39.190 0.4000000060
77057  -34.611  -56.419  -38.770 0.4000000060
22286  -34.960  -56.098  -38.156 0.4000000060
22279  -35.353  -55.651  -37.530 0.4000000060
16346  -34.250  -64.696  -42.800 0.6999999881
16326  -33.947  -64.230  -38.243 0.6000000238
18965  -33.408  -60.669  -42.016 0.6000000238
18946  -41.507  -60.296  -40.565 0.4000000060
20198  -38.177  -58.584  -39.500 0.4000000060
12312  -29.598  -70.270  -45.314 0.4000000060
13061  -30.605  -69.978  -44.221 0.4000000060
13048  -30.778  -69.670  -43.174 0.4000000060
13047  -29.898  -69.697  -43.579 0.4000000060
13030  -30.423  -69.280  -42.348 0.4000000060
13016  -31.319  -69.432  -41.398 0.5000000000
13029  -29.904  -69.298  -42.754 0.4000000060
13015  -30.569  -69.068  -41.630 0.5000000000
13655  -30.781  -68.915  -40.815 0.6000000238
13671  -29.234  -69.297  -43.106 0.4000000060
13663  -29.822  -68.742  -41.970 0.4000000060
15681  -33.913  -65.418  -35.848 0.4000000060
16303  -33.817  -64.494  -35.442 0.3000000119
13001  -31.464  -69.368  -40.494 0.5000000000
14231  -33.444  -67.252  -37.400 0.5000000000
82310  -29.016  -68.290  -42.056 0.4000000060
13654  -30.124  -68.440  -41.091 0.5000000000
81920  -28.665  -68.777  -42.627 0.4000000060
88259  -29.323  -68.887  -42.490 0.4000000060
13641  -30.927  -68.821  -40.055 0.6000000238
89336  -31.343  -69.150  -39.889 0.6000000238
13629  -31.263  -68.745  -39.361 0.6999999881
13613  -32.389  -68.708  -38.384 0.6999999881
14246  -32.953  -67.118  -37.955 0.6999999881
13612  -31.631  -68.261  -38.636 0.6999999881
14245  -32.348  -67.822  -38.133 0.6999999881
13640  -30.472  -68.283  -40.337 0.6000000238
13628  -30.750  -68.248  -39.699 0.6000000238
13653  -29.486  -68.014  -41.468 0.5000000000
14259  -30.982  -67.859  -39.154 0.6000000238
14244  -31.699  -67.360  -38.749 0.6999999881
14278  -29.535  -67.176  -41.401 0.6000000238
15010  -30.126  -66.672  -41.133 0.6999999881
14279  -30.068  -67.689  -40.827 0.6000000238
14258  -30.617  -67.592  -40.003 0.6000000238
14984  -31.210  -66.858  -39.544 0.6000000238
14976  -32.472  -66.872  -38.514 0.6999999881
14977  -32.969  -66.414  -38.305 0.6000000238
15011  -30.893  -66.106  -41.090 0.6999999881
14996  -30.408  -66.986  -40.618 0.6999999881
14997  -30.827  -66.725  -40.282 0.6000000238
14986  -32.736  -66.029  -38.880 0.5000000000
14985  -32.089  -66.461  -39.185 0.6999999881
15012  -31.911  -65.813  -41.535 0.6999999881
15717  -32.400  -65.573  -40.663 0.6999999881
14998  -31.469  -66.129  -40.456 0.6000000238
77874  -31.898  -66.082  -39.878 0.6999999881
15727  -32.693  -65.402  -41.675 0.6999999881
86512  -32.544  -65.695  -39.671 0.6000000238
13060  -29.747  -70.019  -44.442 0.4000000060
13031  -31.137  -69.526  -42.270 0.4000000060
15025  -30.589  -65.903  -41.856 0.5000000000
14289  -28.923  -67.493  -41.746 0.4000000060
81175  -29.868  -66.268  -41.544 0.5000000000
14288  -28.192  -67.923  -42.171 0.4000000060
78657  -28.484  -67.015  -41.791 0.5000000000
15735  -31.030  -65.744  -43.009 0.5000000000
15026  -31.510  -65.847  -42.324 0.6000000238
15037  -31.908  -65.880  -43.435 0.5000000000
15757  -33.002  -65.156  -44.426 0.6000000238
15024  -29.216  -66.383  -41.498 0.5000000000
15734  -30.094  -65.655  -42.372 0.5000000000
15027  -32.517  -65.623  -42.637 0.6000000238
15747  -31.419  -65.625  -44.076 0.6000000238
76592  -32.210  -65.569  -44.310 0.5000000000
16356  -33.281  -64.578  -44.913 0.6000000238
81174  -28.490  -66.228  -41.543 0.5000000000
15745  -29.974  -64.977  -42.882 0.5000000000
15746  -30.598  -65.187  -43.659 0.5000000000
75711  -32.771  -65.542  -43.693 0.6000000238
15754  -31.205  -64.973  -44.474 0.5000000000
15760  -32.119  -64.545  -45.284 0.6000000238
15733  -29.398  -65.285  -41.921 0.5000000000
16345  -29.457  -64.490  -42.675 0.5000000000
16964  -29.667  -63.827  -43.325 0.6000000238
16351  -30.002  -64.491  -43.665 0.4000000060
17612  -29.594  -62.854  -42.790 0.4000000060
17613  -30.405  -62.510  -43.238 0.5000000000
16965  -30.261  -63.888  -44.110 0.5000000000
18337  -29.852  -61.690  -42.587 0.4000000060
16968  -31.039  -63.857  -44.742 0.6000000238
16355  -31.528  -64.378  -45.071 0.6000000238
16969  -32.515  -63.748  -45.262 0.6000000238
17624  -32.945  -63.242  -44.770 0.6000000238
17616  -30.111  -63.306  -43.536 0.5000000000
18344  -31.106  -62.448  -43.561 0.5000000000
17617  -30.792  -63.228  -44.093 0.5000000000
18338  -30.976  -61.652  -42.899 0.5000000000
18345  -31.763  -62.089  -43.506 0.6000000238
17622  -31.448  -63.419  -44.716 0.6000000238
17619  -32.375  -62.621  -44.171 0.6000000238
19545  -30.353  -59.335  -41.672 0.3000000119
19555  -29.818  -59.917  -42.155 0.4000000060
18962  -30.344  -60.773  -42.392 0.4000000060
18346  -32.571  -62.008  -43.244 0.6000000238
20942  -32.466  -57.792  -40.463 0.3000000119
20948  -31.729  -58.071  -40.657 0.4000000060
21627  -33.792  -56.209  -38.891 0.3000000119
22278  -34.316  -55.573  -37.677 0.3000000119
22268  -34.756  -55.141  -37.074 0.3000000119
22963  -35.172  -54.791  -36.368 0.3000000119
22954  -35.582  -54.513  -35.630 0.3000000119
19556  -30.762  -60.044  -42.039 0.5000000000
16352  -30.726  -64.450  -44.401 0.5000000000
17623  -32.065  -63.232  -44.899 0.6000000238
13592  -32.948  -68.466  -37.869 0.6000000238
14230  -33.023  -67.791  -37.679 0.6000000238
14948  -35.152  -66.910  -34.907 0.3000000119
14200  -34.802  -67.165  -35.746 0.3000000119
14958  -34.138  -66.337  -36.191 0.3000000119
78111  -34.300  -67.084  -36.454 0.3000000119
14947  -34.481  -66.242  -35.337 0.3000000119
14232  -34.053  -67.545  -36.900 0.3000000119
14931  -35.501  -66.632  -34.142 0.3000000119
14930  -34.793  -66.087  -34.491 0.3000000119
15671  -34.169  -65.368  -34.933 0.3000000119
13032  -32.005  -69.831  -42.044 0.5000000000
12267  -32.879  -70.144  -41.609 0.5000000000
13050  -31.848  -69.803  -43.044 0.4000000060
12279  -32.831  -70.208  -42.722 0.5000000000
13003  -32.668  -69.933  -40.129 0.5000000000
85112  -32.614  -69.954  -40.830 0.5000000000
12991  -32.757  -69.666  -39.221 0.6000000238
87052  -31.891  -69.479  -39.741 0.5000000000
13002  -32.125  -69.737  -40.462 0.5000000000
13017  -32.060  -69.768  -41.148 0.5000000000
12977  -33.121  -69.286  -38.383 0.6000000238
12990  -32.020  -69.073  -38.941 0.6000000238
85630  -33.562  -68.960  -37.748 0.6000000238
14216  -34.700  -67.820  -36.356 0.3000000119
13594  -34.456  -68.387  -36.879 0.4000000060
13593  -33.620  -68.205  -37.335 0.5000000000
12976  -32.549  -69.225  -38.700 0.6000000238
12992  -33.767  -69.971  -38.991 0.5000000000
12978  -34.167  -69.622  -38.098 0.5000000000
74834  -34.784  -69.509  -37.552 0.4000000060
12959  -34.225  -68.996  -37.388 0.5000000000
12979  -35.127  -70.001  -38.006 0.4000000060
12368  -35.651  -70.541  -47.981 0.3000000119
12369  -36.511  -70.783  -47.830 0.3000000119
12354  -36.725  -70.902  -46.954 0.3000000119
12318  -35.936  -70.936  -45.054 0.3000000119
12319  -37.093  -70.974  -44.763 0.4000000060
12334  -35.790  -70.817  -46.101 0.3000000119
12333  -34.769  -70.644  -46.337 0.3000000119
88014  -36.785  -71.035  -44.025 0.4000000060
82990  -36.109  -70.989  -44.132 0.4000000060
12317  -34.940  -70.736  -45.266 0.3000000119
12283  -36.829  -71.225  -42.340 0.4000000060
12300  -36.573  -71.107  -43.344 0.4000000060
79110  -35.132  -70.849  -44.296 0.4000000060
79109  -34.143  -70.646  -45.428 0.4000000060
77847  -36.699  -71.211  -40.166 0.3000000119
76204  -36.030  -71.114  -41.696 0.4000000060
77747  -35.795  -71.049  -42.567 0.4000000060
75480  -34.863  -70.844  -42.724 0.4000000060
12298  -34.493  -70.738  -43.526 0.4000000060
12316  -34.087  -70.656  -44.467 0.4000000060
12246  -36.377  -70.938  -39.203 0.3000000119
12271  -36.030  -71.101  -40.823 0.4000000060
12270  -35.395  -71.025  -41.243 0.4000000060
12282  -35.159  -70.991  -41.938 0.4000000060
12269  -34.655  -70.784  -41.296 0.4000000060
12281  -34.344  -70.689  -42.084 0.4000000060
12297  -33.517  -70.486  -43.478 0.4000000060
12259  -35.913  -71.035  -40.024 0.4000000060
12258  -35.133  -70.853  -40.447 0.4000000060
12280  -33.568  -70.421  -42.257 0.4000000060
75313  -34.040  -70.593  -42.817 0.4000000060
85825  -33.200  -70.474  -44.275 0.4000000060
12268  -33.821  -70.440  -41.441 0.4000000060
12244  -34.434  -70.459  -39.683 0.4000000060
12257  -34.140  -70.499  -40.585 0.4000000060
12256  -33.278  -70.205  -40.749 0.4000000060
12231  -34.747  -70.252  -38.792 0.4000000060
12960  -35.476  -69.678  -37.302 0.3000000119
13595  -34.987  -69.083  -37.003 0.3000000119
12243  -33.492  -70.190  -39.875 0.4000000060
12299  -35.458  -70.935  -43.419 0.4000000060
12247  -37.398  -71.157  -39.335 0.3000000119
12245  -35.373  -70.710  -39.453 0.4000000060
89863  -33.486  -70.430  -42.823 0.4000000060
11548  -38.063  -71.634  -41.200 0.3000000119
11558  -38.829  -71.271  -43.818 0.3000000119
12284  -37.758  -71.329  -43.088 0.3000000119
12272  -37.887  -71.509  -42.161 0.3000000119
12301  -37.572  -71.123  -43.945 0.3000000119
75635  -37.023  -71.282  -41.247 0.3000000119
12232  -35.678  -70.497  -38.577 0.3000000119
12260  -37.531  -71.431  -40.291 0.3000000119
12353  -35.736  -70.682  -47.145 0.3000000119
15748  -33.658  -65.051  -43.961 0.6999999881
15755  -31.789  -65.102  -44.835 0.5000000000
15756  -32.489  -64.929  -44.951 0.6000000238
16348  -35.928  -64.109  -43.991 0.6999999881
16354  -35.862  -64.176  -43.988 0.6999999881
16357  -34.095  -64.368  -44.730 0.6999999881
16359  -35.848  -64.095  -44.087 0.6999999881
16360  -31.779  -63.785  -45.210 0.6000000238
16361  -32.225  -64.110  -45.453 0.6000000238
16362  -32.740  -64.305  -45.269 0.6000000238
16363  -33.756  -64.132  -45.092 0.6999999881
16971  -34.575  -63.896  -44.720 0.6999999881
16972  -32.879  -64.022  -45.356 0.6999999881
17618  -31.573  -62.811  -44.222 0.6000000238
17621  -35.100  -63.445  -43.529 0.6999999881
18940  -43.774  -60.422  -40.066 0.3000000119
18948  -44.096  -59.816  -40.511 0.3000000119
19539  -42.023  -59.655  -40.516 0.4000000060
19540  -43.021  -59.684  -40.497 0.4000000060
20173  -40.212  -58.594  -34.947 0.4000000060
20193  -40.988  -59.232  -38.571 0.3000000119
20201  -43.666  -59.566  -40.383 0.4000000060
20215  -42.926  -59.348  -40.287 0.4000000060
75537  -35.540  -63.952  -44.330 0.6999999881
88279  -33.710  -64.766  -44.494 0.6999999881
88547  -34.260  -63.143  -44.131 0.6999999881
