#!ascii label  , from subject sub-01 vox2ras=TkReg
1142
72204  -33.751  -52.782  -35.300 0.5000000000
23655  -34.414  -53.024  -34.557 0.5000000000
72205  -34.190  -52.090  -34.104 0.5000000000
75500  -34.920  -51.612  -33.813 0.5000000000
32411  -39.644  -38.186  -33.485 0.5000000000
87240  -39.522  -37.256  -33.947 0.4000000060
33709  -39.447  -36.070  -35.449 0.4000000060
33708  -39.263  -35.725  -35.106 0.4000000060
34370  -39.373  -35.138  -35.370 0.6000000238
35046  -39.521  -34.443  -35.105 0.5000000000
35047  -39.869  -34.068  -35.361 0.5000000000
35750  -39.602  -33.680  -33.909 0.5000000000
35755  -39.758  -33.776  -34.676 0.4000000060
35751  -39.907  -33.358  -33.947 0.4000000060
35746  -39.595  -33.402  -33.045 0.5000000000
35747  -39.920  -32.944  -32.733 0.4000000060
23674  -33.760  -53.731  -36.389 0.5000000000
23663  -34.161  -53.482  -35.481 0.4000000060
22948  -35.065  -53.892  -35.054 0.5000000000
23656  -35.598  -53.405  -34.358 0.5000000000
24203  -35.174  -52.542  -33.870 0.5000000000
24199  -35.901  -51.911  -33.579 0.5000000000
24703  -35.614  -51.066  -33.821 0.5000000000
31687  -39.153  -39.370  -32.672 0.5000000000
31691  -39.657  -39.073  -33.145 0.5000000000
32416  -39.882  -37.605  -34.092 0.5000000000
75638  -39.680  -36.736  -34.784 0.5000000000
72398  -39.698  -35.293  -36.032 0.6000000238
37530  -40.436  -30.337  -31.265 0.3000000119
35756  -39.950  -33.605  -34.739 0.4000000060
86775  -40.038  -31.760  -31.548 0.4000000060
72206  -33.431  -52.867  -36.166 0.5000000000
72394  -39.773  -36.261  -35.486 0.6000000238
38133  -40.280  -29.527  -31.352 0.3000000119
36919  -40.231  -31.130  -31.438 0.3000000119
16273  -34.174  -64.501  -32.545 0.3000000119
16899  -34.083  -63.756  -31.894 0.3000000119
16908  -33.963  -63.699  -33.002 0.4000000060
17555  -34.446  -62.845  -33.665 0.4000000060
16918  -34.016  -63.727  -34.036 0.4000000060
17565  -34.316  -63.128  -34.564 0.4000000060
17566  -34.940  -62.407  -34.725 0.4000000060
89371  -35.718  -61.813  -35.268 0.4000000060
17535  -34.462  -62.990  -31.718 0.3000000119
17548  -34.864  -62.331  -32.031 0.4000000060
17547  -34.324  -62.913  -32.511 0.4000000060
81616  -34.968  -62.231  -32.937 0.4000000060
81564  -35.242  -62.110  -33.853 0.4000000060
86677  -35.612  -61.873  -34.522 0.4000000060
18290  -36.606  -61.398  -35.620 0.4000000060
17538  -36.661  -62.231  -31.128 0.3000000119
18243  -36.188  -61.915  -31.664 0.3000000119
18263  -35.686  -61.825  -32.377 0.4000000060
17556  -35.655  -61.815  -33.253 0.4000000060
18276  -36.740  -61.177  -34.207 0.4000000060
88545  -36.285  -61.480  -34.778 0.4000000060
18277  -37.478  -60.786  -34.573 0.4000000060
76721  -37.062  -61.069  -35.081 0.4000000060
18914  -39.393  -60.176  -35.069 0.4000000060
18278  -38.334  -60.541  -34.973 0.4000000060
88313  -37.747  -60.820  -35.261 0.4000000060
90104  -37.329  -61.943  -31.132 0.3000000119
18244  -36.974  -61.565  -31.539 0.3000000119
18255  -36.611  -61.368  -32.174 0.3000000119
18264  -36.446  -61.368  -33.161 0.3000000119
17557  -36.007  -61.642  -33.964 0.4000000060
18913  -38.496  -60.184  -34.189 0.4000000060
18266  -37.859  -60.521  -34.154 0.4000000060
81447  -39.167  -59.696  -34.276 0.4000000060
18245  -37.784  -61.163  -31.200 0.3000000119
75349  -37.366  -60.830  -31.855 0.3000000119
18883  -37.998  -60.337  -31.519 0.3000000119
18256  -37.231  -60.834  -32.684 0.4000000060
18905  -37.857  -60.400  -33.356 0.4000000060
18265  -37.248  -60.842  -33.669 0.4000000060
20161  -38.818  -59.094  -32.868 0.3000000119
19500  -38.505  -59.731  -33.265 0.4000000060
19501  -39.187  -59.111  -33.620 0.3000000119
18868  -39.267  -60.129  -29.432 0.3000000119
18869  -40.370  -59.830  -28.816 0.3000000119
18221  -38.496  -61.191  -30.631 0.3000000119
18867  -38.678  -60.434  -30.318 0.3000000119
18884  -38.278  -60.560  -30.920 0.3000000119
19480  -38.437  -59.791  -31.057 0.3000000119
19479  -38.204  -59.711  -31.778 0.3000000119
19490  -38.389  -59.381  -32.346 0.3000000119
20146  -38.782  -58.721  -32.284 0.3000000119
18893  -37.914  -60.152  -32.347 0.3000000119
20162  -39.236  -58.478  -33.032 0.3000000119
20900  -39.787  -57.647  -33.319 0.4000000060
20172  -39.743  -58.464  -33.962 0.4000000060
18852  -39.606  -59.464  -29.224 0.3000000119
19463  -39.887  -58.836  -29.329 0.3000000119
19461  -38.809  -59.671  -30.296 0.3000000119
78156  -39.283  -58.135  -31.217 0.3000000119
20135  -38.864  -58.933  -30.882 0.3000000119
20134  -38.873  -58.535  -31.666 0.3000000119
79232  -38.492  -59.114  -31.677 0.3000000119
20147  -39.272  -57.969  -32.217 0.3000000119
20888  -39.856  -57.206  -32.417 0.3000000119
20889  -40.236  -56.876  -33.138 0.3000000119
20907  -40.148  -57.775  -34.403 0.4000000060
19464  -40.893  -58.910  -29.229 0.3000000119
19462  -39.239  -59.204  -29.934 0.3000000119
20114  -40.280  -58.121  -29.814 0.3000000119
80313  -41.853  -59.016  -29.387 0.3000000119
20116  -42.116  -58.366  -29.600 0.3000000119
20113  -39.491  -58.424  -30.300 0.3000000119
20870  -39.720  -57.448  -31.540 0.3000000119
21577  -40.198  -56.846  -31.806 0.3000000119
89412  -40.267  -56.694  -32.476 0.3000000119
20901  -40.363  -57.061  -33.998 0.4000000060
20115  -41.205  -58.191  -29.631 0.3000000119
20850  -40.695  -57.579  -30.289 0.3000000119
20851  -42.556  -57.760  -29.781 0.3000000119
20871  -40.350  -57.154  -31.034 0.3000000119
20849  -39.883  -57.720  -30.662 0.3000000119
83127  -43.186  -57.022  -29.913 0.3000000119
83450  -44.063  -56.706  -29.955 0.3000000119
80389  -40.522  -56.260  -32.122 0.3000000119
21554  -44.404  -56.055  -29.869 0.3000000119
21594  -40.491  -56.249  -32.910 0.3000000119
21604  -40.479  -56.336  -33.742 0.4000000060
79251  -41.557  -57.607  -29.953 0.3000000119
20872  -41.101  -57.012  -30.586 0.3000000119
81933  -41.988  -56.946  -30.118 0.3000000119
21566  -43.491  -56.126  -29.905 0.3000000119
22915  -43.200  -53.901  -29.949 0.3000000119
22227  -43.148  -54.746  -30.001 0.3000000119
22933  -40.921  -55.135  -32.193 0.3000000119
22247  -40.731  -55.661  -32.558 0.3000000119
22254  -40.692  -55.666  -33.445 0.3000000119
21578  -40.767  -56.434  -31.313 0.3000000119
21564  -41.496  -56.295  -30.700 0.3000000119
21565  -42.418  -56.059  -30.178 0.3000000119
22236  -40.845  -55.696  -31.779 0.3000000119
22237  -41.200  -55.776  -31.212 0.3000000119
22225  -41.704  -55.451  -30.756 0.3000000119
22226  -42.382  -55.080  -30.313 0.3000000119
22914  -42.431  -54.214  -30.314 0.3000000119
23621  -42.507  -53.378  -30.260 0.3000000119
24163  -42.541  -52.541  -30.229 0.3000000119
23622  -43.249  -53.037  -29.873 0.3000000119
22944  -40.962  -54.996  -33.055 0.4000000060
24678  -43.306  -52.045  -29.737 0.3000000119
77611  -43.661  -51.322  -29.401 0.3000000119
22255  -40.943  -55.063  -34.090 0.4000000060
25893  -44.108  -49.686  -28.868 0.3000000119
22260  -40.587  -55.696  -34.343 0.5000000000
21609  -40.421  -56.415  -34.589 0.5000000000
22924  -41.205  -54.984  -31.458 0.3000000119
23620  -41.854  -53.657  -30.802 0.3000000119
22913  -41.753  -54.551  -30.806 0.3000000119
22934  -41.058  -54.417  -32.327 0.4000000060
24677  -42.419  -51.646  -30.274 0.3000000119
89022  -41.101  -54.461  -33.090 0.4000000060
22945  -41.169  -54.482  -33.814 0.5000000000
25321  -42.963  -51.070  -29.742 0.4000000060
25892  -43.183  -49.520  -29.215 0.4000000060
25306  -43.592  -50.482  -29.229 0.3000000119
22261  -40.933  -55.039  -35.029 0.6000000238
23634  -41.372  -53.995  -31.474 0.3000000119
86287  -41.494  -52.941  -31.434 0.3000000119
24178  -41.889  -52.190  -30.858 0.3000000119
86056  -42.016  -52.933  -30.684 0.3000000119
25320  -42.211  -50.711  -30.347 0.4000000060
23650  -41.247  -53.924  -33.249 0.5000000000
25891  -42.463  -49.308  -29.694 0.4000000060
23658  -41.650  -53.983  -34.536 0.6000000238
25305  -42.662  -50.151  -29.697 0.4000000060
26435  -42.821  -48.634  -29.308 0.4000000060
22950  -41.425  -54.508  -34.876 0.6000000238
76183  -43.311  -48.013  -28.947 0.4000000060
22265  -40.465  -55.739  -35.140 0.6999999881
24177  -41.353  -51.808  -31.733 0.3000000119
23644  -41.169  -53.498  -32.225 0.3000000119
24690  -41.399  -50.910  -31.629 0.4000000060
88570  -41.308  -53.198  -33.003 0.5000000000
24691  -41.741  -51.279  -30.968 0.4000000060
25904  -41.962  -49.679  -30.424 0.4000000060
23651  -41.669  -53.329  -34.019 0.5000000000
26444  -42.077  -48.512  -30.139 0.4000000060
26932  -42.734  -47.730  -29.592 0.4000000060
26933  -43.581  -47.328  -29.278 0.4000000060
27475  -43.971  -46.693  -29.715 0.4000000060
22951  -42.434  -54.323  -35.546 0.6999999881
22266  -40.860  -55.042  -35.626 0.6999999881
22956  -41.938  -54.612  -35.699 0.6999999881
24193  -41.247  -52.619  -32.364 0.4000000060
25332  -41.381  -50.109  -31.967 0.4000000060
24704  -41.479  -51.817  -32.816 0.4000000060
25333  -41.627  -50.395  -31.088 0.4000000060
25909  -41.550  -49.665  -31.277 0.4000000060
77984  -41.647  -48.936  -31.072 0.4000000060
26448  -41.804  -48.063  -31.148 0.4000000060
24201  -42.309  -52.705  -34.411 0.6000000238
26943  -42.298  -47.469  -30.559 0.4000000060
27489  -43.157  -46.831  -30.235 0.4000000060
23659  -42.692  -53.605  -35.175 0.6000000238
27490  -44.028  -46.172  -30.470 0.4000000060
23667  -43.454  -54.276  -35.837 0.6999999881
24701  -41.425  -50.993  -32.366 0.4000000060
24200  -41.580  -52.577  -33.410 0.4000000060
81192  -42.065  -51.910  -33.837 0.5000000000
88034  -41.596  -48.514  -31.714 0.4000000060
83601  -42.854  -52.147  -34.486 0.6999999881
26946  -42.089  -47.256  -31.503 0.4000000060
24207  -43.364  -52.827  -35.030 0.6999999881
23660  -43.905  -53.631  -35.601 0.6999999881
27497  -43.262  -46.140  -31.284 0.4000000060
23668  -44.037  -54.084  -35.947 0.6999999881
27499  -45.027  -45.958  -30.857 0.4000000060
22957  -43.009  -54.526  -35.932 0.6999999881
22969  -42.807  -54.539  -36.015 0.6999999881
28037  -46.087  -45.896  -30.967 0.4000000060
28047  -47.535  -45.435  -31.662 0.4000000060
25337  -42.423  -50.399  -33.792 0.4000000060
24705  -41.925  -51.102  -33.343 0.4000000060
25335  -41.768  -50.253  -32.913 0.4000000060
25910  -41.700  -49.396  -32.610 0.4000000060
24708  -42.804  -51.304  -34.279 0.5000000000
82732  -41.709  -48.586  -32.367 0.4000000060
24709  -43.741  -52.011  -34.835 0.6999999881
26447  -41.709  -47.849  -32.011 0.4000000060
26948  -42.172  -47.165  -32.362 0.4000000060
24208  -44.380  -52.734  -35.408 0.6999999881
26450  -42.066  -47.917  -32.794 0.4000000060
27508  -42.688  -46.617  -32.573 0.4000000060
27502  -43.148  -46.100  -32.250 0.4000000060
28044  -43.750  -45.754  -31.940 0.4000000060
27498  -44.201  -45.798  -31.350 0.4000000060
28045  -45.490  -45.640  -31.753 0.4000000060
22958  -43.557  -54.301  -35.945 0.6999999881
28046  -46.568  -45.561  -31.712 0.4000000060
25914  -42.216  -49.547  -33.435 0.4000000060
25342  -43.195  -50.525  -34.421 0.6000000238
25922  -42.987  -49.727  -34.188 0.5000000000
25915  -42.709  -48.816  -33.858 0.5000000000
81879  -42.095  -48.718  -33.107 0.4000000060
78523  -36.455  -49.870  -34.664 0.4000000060
82948  -43.859  -51.114  -34.813 0.6000000238
26952  -42.732  -47.250  -33.248 0.4000000060
24710  -44.714  -51.696  -35.298 0.6000000238
27509  -43.325  -46.449  -33.059 0.4000000060
24210  -45.015  -52.278  -35.835 0.6000000238
23669  -44.498  -53.334  -35.910 0.6999999881
27503  -43.887  -45.942  -32.643 0.4000000060
85798  -44.873  -52.743  -36.085 0.6999999881
28052  -45.309  -45.740  -32.678 0.4000000060
28053  -46.156  -45.539  -32.508 0.4000000060
28054  -47.068  -45.282  -32.481 0.4000000060
75069  -48.065  -44.924  -32.428 0.4000000060
82309  -44.142  -50.160  -34.877 0.6000000238
26455  -43.279  -47.944  -34.136 0.5000000000
25921  -35.588  -49.300  -34.875 0.3000000119
25926  -36.454  -49.084  -35.368 0.4000000060
25928  -37.059  -48.878  -36.015 0.5000000000
24712  -45.240  -51.520  -35.739 0.6000000238
88473  -44.544  -50.977  -35.107 0.6000000238
26454  -42.511  -48.100  -33.475 0.4000000060
26953  -43.684  -47.011  -33.830 0.5000000000
24717  -45.002  -51.596  -36.362 0.6999999881
27510  -44.191  -46.353  -33.394 0.4000000060
85594  -44.504  -52.432  -36.478 0.8000000119
27511  -45.191  -46.140  -33.587 0.4000000060
27504  -44.604  -45.951  -32.885 0.4000000060
28636  -48.746  -44.264  -32.746 0.4000000060
81674  -45.066  -49.920  -35.385 0.6000000238
25924  -44.617  -49.179  -35.017 0.5000000000
25923  -43.583  -49.002  -34.504 0.5000000000
26464  -36.410  -48.360  -36.055 0.4000000060
24713  -45.319  -51.634  -35.918 0.6000000238
25343  -45.094  -50.826  -35.464 0.6000000238
26958  -44.313  -47.636  -34.494 0.5000000000
24211  -45.145  -52.030  -36.069 0.6999999881
25929  -37.844  -48.994  -36.546 0.5000000000
25357  -44.328  -50.424  -36.861 0.6999999881
24725  -44.433  -51.322  -36.689 0.6999999881
26467  -38.500  -48.563  -37.160 0.6999999881
86095  -37.771  -48.268  -36.960 0.6000000238
25356  -43.731  -50.848  -36.900 0.6999999881
27516  -44.700  -46.849  -34.164 0.5000000000
26470  -39.093  -48.103  -37.494 0.6999999881
24724  -43.456  -51.675  -36.839 0.6999999881
25355  -42.916  -50.719  -36.986 0.6999999881
24723  -42.462  -52.134  -36.801 0.8000000119
28058  -45.873  -45.735  -33.216 0.4000000060
28059  -46.566  -45.445  -33.303 0.4000000060
28060  -47.409  -45.040  -33.332 0.4000000060
28061  -48.223  -44.550  -33.364 0.4000000060
28641  -48.915  -43.557  -32.991 0.4000000060
25925  -45.427  -49.199  -35.586 0.6000000238
26460  -44.135  -48.395  -34.652 0.5000000000
26466  -37.143  -48.297  -36.563 0.6999999881
25351  -45.589  -50.094  -36.108 0.6999999881
25346  -45.424  -50.983  -35.912 0.6000000238
25344  -45.512  -50.088  -35.845 0.6000000238
26461  -44.995  -48.351  -35.119 0.5000000000
25931  -44.951  -49.844  -36.646 0.6999999881
25350  -45.072  -50.802  -36.434 0.6999999881
24718  -45.375  -51.246  -36.051 0.6999999881
27517  -45.625  -46.594  -34.596 0.5000000000
26469  -38.241  -47.790  -37.183 0.6999999881
25936  -42.916  -49.301  -37.421 0.6999999881
25937  -44.042  -49.553  -37.175 0.6999999881
79765  -39.025  -47.590  -37.306 0.6999999881
77532  -42.603  -50.012  -37.219 0.6999999881
26473  -42.694  -48.373  -37.672 0.6000000238
75720  -42.043  -48.886  -37.651 0.6000000238
25935  -41.931  -49.585  -37.454 0.6999999881
27512  -46.078  -45.912  -34.003 0.4000000060
27530  -39.464  -47.087  -37.129 0.6999999881
26472  -41.663  -48.221  -37.789 0.6000000238
28067  -47.652  -44.786  -34.093 0.4000000060
28068  -48.378  -44.311  -34.010 0.4000000060
28640  -48.823  -43.892  -33.564 0.4000000060
81335  -48.980  -43.215  -33.644 0.4000000060
26463  -35.796  -47.744  -36.094 0.6000000238
26965  -36.545  -47.700  -36.518 0.6000000238
26966  -37.339  -47.722  -36.833 0.6999999881
25938  -45.455  -49.128  -36.434 0.6000000238
75035  -45.883  -49.115  -36.059 0.6999999881
25927  -45.771  -49.191  -36.134 0.6000000238
26475  -44.642  -48.937  -37.032 0.6000000238
26474  -43.699  -48.671  -37.470 0.6000000238
26959  -45.314  -47.464  -34.984 0.5000000000
26973  -43.505  -47.701  -37.638 0.6000000238
27518  -46.235  -46.172  -34.957 0.4000000060
28066  -46.767  -45.394  -34.262 0.4000000060
26972  -42.375  -47.560  -37.661 0.6000000238
26970  -39.818  -47.678  -37.587 0.6999999881
27531  -40.470  -46.980  -37.278 0.6999999881
89117  -40.526  -47.557  -37.613 0.6999999881
26971  -41.306  -47.386  -37.590 0.6000000238
28649  -49.095  -43.338  -34.034 0.4000000060
28650  -49.469  -42.847  -34.357 0.3000000119
26964  -35.980  -46.980  -36.495 0.5000000000
26974  -44.467  -47.513  -37.379 0.6000000238
26975  -45.151  -48.219  -36.897 0.6000000238
26462  -45.826  -48.285  -35.722 0.6000000238
77715  -36.813  -47.064  -36.653 0.6000000238
81021  -44.319  -48.208  -37.392 0.6000000238
26963  -46.163  -47.890  -35.951 0.5000000000
26960  -46.080  -47.177  -35.537 0.4000000060
26967  -37.671  -47.124  -36.816 0.8000000119
27529  -38.568  -47.124  -37.004 0.6999999881
27534  -42.982  -46.833  -37.540 0.6000000238
85005  -46.598  -45.758  -35.140 0.4000000060
80350  -42.128  -46.855  -37.459 0.6000000238
78625  -47.135  -45.119  -34.892 0.4000000060
27526  -39.951  -46.418  -36.755 0.6999999881
28647  -48.026  -44.432  -34.705 0.4000000060
28648  -48.863  -43.887  -34.285 0.4000000060
28660  -48.819  -44.049  -34.903 0.4000000060
29221  -49.958  -43.422  -35.216 0.3000000119
29233  -51.043  -43.289  -35.797 0.4000000060
77037  -45.233  -47.352  -36.960 0.6000000238
85294  -45.719  -47.840  -36.509 0.6000000238
26969  -46.078  -47.903  -36.134 0.6000000238
89229  -36.371  -46.406  -36.617 0.6000000238
27523  -37.088  -46.316  -36.568 0.6000000238
88829  -44.642  -46.830  -37.312 0.6000000238
81567  -46.270  -47.249  -35.953 0.5000000000
27535  -43.921  -46.802  -37.613 0.6000000238
27521  -46.400  -46.475  -35.642 0.4000000060
27524  -38.089  -46.475  -36.624 0.6999999881
27525  -39.024  -46.506  -36.686 0.8000000119
28075  -46.755  -45.760  -35.607 0.4000000060
27533  -42.507  -46.122  -37.340 0.6000000238
30487  -47.444  -40.918  -36.700 0.5000000000
29230  -47.676  -43.007  -36.425 0.5000000000
29231  -48.554  -43.097  -36.253 0.5000000000
28659  -47.923  -44.303  -35.470 0.4000000060
27527  -40.757  -46.190  -36.882 0.6999999881
27532  -41.518  -46.376  -37.203 0.6999999881
29858  -47.987  -42.142  -36.553 0.5000000000
28669  -48.605  -43.953  -35.823 0.4000000060
31121  -47.612  -39.865  -36.731 0.4000000060
30488  -48.466  -41.371  -36.731 0.4000000060
29859  -49.146  -42.520  -36.422 0.4000000060
82786  -50.161  -43.387  -36.075 0.4000000060
28670  -49.355  -43.811  -35.077 0.4000000060
31709  -48.672  -39.461  -36.500 0.4000000060
31122  -48.512  -40.299  -36.927 0.4000000060
30489  -49.589  -41.204  -36.743 0.4000000060
29860  -50.117  -42.445  -36.402 0.4000000060
27536  -45.270  -46.531  -37.014 0.6000000238
88740  -36.874  -45.513  -36.481 0.5000000000
81365  -44.411  -46.005  -37.467 0.6000000238
28091  -45.194  -45.661  -37.120 0.6000000238
28085  -45.958  -46.148  -36.584 0.5000000000
26968  -45.958  -47.132  -36.419 0.5000000000
28090  -43.868  -45.129  -37.600 0.6000000238
27528  -46.417  -46.472  -36.041 0.5000000000
75695  -37.636  -45.745  -36.354 0.6000000238
77259  -43.443  -45.993  -37.531 0.6000000238
28086  -46.656  -45.513  -36.175 0.5000000000
28080  -38.582  -45.861  -36.271 0.8000000119
28668  -47.466  -43.860  -36.273 0.5000000000
28081  -39.511  -45.908  -36.221 0.8000000119
30486  -46.360  -41.151  -36.407 0.5000000000
82456  -45.934  -41.980  -36.580 0.5000000000
29857  -46.937  -41.990  -36.575 0.5000000000
28087  -47.128  -44.638  -36.115 0.5000000000
28088  -42.102  -45.612  -37.095 0.6999999881
28082  -40.470  -45.685  -36.247 0.8000000119
28083  -41.426  -45.495  -36.724 0.6999999881
28084  -42.169  -45.004  -36.947 0.6999999881
31120  -46.724  -40.257  -36.456 0.4000000060
28078  -36.432  -44.854  -36.585 0.5000000000
85877  -44.550  -45.186  -37.434 0.6000000238
28079  -37.162  -44.976  -36.223 0.5000000000
28666  -45.851  -45.246  -36.750 0.5000000000
28653  -36.584  -44.122  -36.183 0.5000000000
79804  -45.727  -44.387  -36.931 0.5000000000
28667  -46.502  -44.048  -36.626 0.5000000000
83434  -46.395  -44.805  -36.513 0.5000000000
28089  -42.900  -45.175  -37.295 0.6000000238
28671  -43.549  -44.199  -37.400 0.6000000238
29228  -45.614  -43.501  -36.934 0.5000000000
28073  -39.095  -45.356  -35.668 0.6999999881
29229  -46.496  -42.970  -36.645 0.5000000000
28074  -39.904  -45.491  -35.622 0.6999999881
31116  -46.330  -39.960  -36.034 0.4000000060
28663  -41.126  -45.064  -36.139 0.6999999881
86144  -46.786  -39.529  -35.720 0.5000000000
31704  -47.066  -39.606  -36.254 0.4000000060
31708  -47.758  -39.331  -36.318 0.5000000000
33122  -47.879  -38.057  -33.825 0.4000000060
82251  -47.980  -37.521  -33.316 0.5000000000
33115  -47.906  -36.925  -32.825 0.5000000000
33123  -48.160  -37.995  -33.638 0.5000000000
33127  -48.128  -38.270  -34.093 0.5000000000
28672  -44.342  -44.440  -37.513 0.6000000238
28673  -45.074  -44.800  -37.212 0.6000000238
28072  -38.099  -45.209  -35.848 0.6999999881
29235  -44.207  -43.615  -37.406 0.6000000238
29856  -45.393  -42.635  -36.795 0.5000000000
29217  -37.047  -43.736  -35.380 0.5000000000
28655  -38.619  -44.689  -35.016 0.6000000238
30485  -45.480  -41.402  -36.291 0.5000000000
29226  -43.161  -43.610  -36.876 0.6000000238
31119  -45.928  -40.655  -36.159 0.5000000000
31115  -45.836  -40.508  -35.617 0.4000000060
31698  -46.331  -39.835  -35.339 0.5000000000
32409  -47.047  -38.049  -32.691 0.4000000060
33114  -47.373  -37.251  -32.518 0.4000000060
28664  -41.878  -44.609  -36.393 0.6999999881
33121  -47.655  -37.627  -33.177 0.4000000060
28646  -41.238  -44.295  -34.935 0.6999999881
74502  -48.078  -37.252  -33.054 0.5000000000
33116  -48.073  -36.570  -32.647 0.5000000000
29236  -44.930  -43.951  -37.270 0.5000000000
29227  -44.768  -43.137  -37.107 0.5000000000
29218  -37.876  -44.048  -34.940 0.6000000238
78942  -45.160  -42.009  -36.551 0.5000000000
28654  -37.529  -44.465  -35.600 0.6000000238
29234  -43.716  -43.415  -37.181 0.5000000000
30480  -45.227  -41.161  -35.870 0.6000000238
28644  -39.418  -44.461  -34.311 0.6999999881
29225  -42.501  -43.826  -36.335 0.6999999881
31689  -46.643  -39.061  -32.813 0.5000000000
82027  -46.845  -37.753  -32.017 0.4000000060
28656  -39.703  -44.999  -34.942 0.6999999881
29219  -41.880  -44.039  -35.669 0.6999999881
31112  -46.422  -39.751  -34.439 0.5000000000
31695  -46.901  -39.137  -33.926 0.5000000000
33697  -47.250  -36.049  -31.700 0.4000000060
33703  -47.569  -36.489  -32.299 0.4000000060
28645  -40.352  -44.406  -34.287 0.6999999881
33698  -47.765  -35.839  -32.208 0.4000000060
34363  -47.949  -35.506  -32.265 0.4000000060
29863  -44.102  -42.912  -37.082 0.5000000000
29855  -44.607  -42.421  -36.788 0.5000000000
75814  -43.999  -42.376  -36.586 0.5000000000
30484  -44.635  -41.822  -36.260 0.5000000000
29208  -38.644  -43.911  -34.180 0.6000000238
29862  -43.576  -42.965  -36.758 0.5000000000
29854  -43.444  -42.600  -36.184 0.5000000000
31111  -45.918  -40.423  -34.731 0.5000000000
29853  -43.004  -43.174  -36.271 0.6000000238
32405  -46.535  -38.572  -31.902 0.4000000060
31108  -46.380  -39.796  -33.456 0.5000000000
31101  -46.219  -40.006  -32.569 0.5000000000
33108  -46.871  -37.019  -31.633 0.4000000060
29212  -42.346  -43.186  -34.806 0.6000000238
28658  -41.357  -44.620  -35.695 0.6999999881
29211  -41.823  -43.617  -34.878 0.6999999881
75645  -42.246  -43.046  -33.913 0.6000000238
34362  -47.635  -35.181  -31.923 0.4000000060
78854  -41.107  -43.727  -34.125 0.6000000238
29841  -41.673  -43.255  -33.982 0.6999999881
35038  -47.777  -34.354  -31.739 0.4000000060
29831  -42.104  -42.715  -33.251 0.6000000238
76371  -48.009  -34.790  -32.142 0.5000000000
30456  -41.535  -42.089  -32.705 0.6000000238
33705  -48.040  -35.957  -32.396 0.5000000000
34364  -48.270  -35.364  -32.065 0.5000000000
29839  -38.239  -43.098  -33.829 0.5000000000
30479  -44.498  -41.679  -35.597 0.6000000238
30475  -45.217  -41.242  -34.888 0.6000000238
29840  -39.088  -43.292  -33.662 0.6000000238
30483  -43.883  -42.040  -36.002 0.6000000238
30469  -45.574  -41.010  -33.810 0.5000000000
85763  -46.086  -40.332  -33.909 0.5000000000
29849  -43.379  -42.507  -35.465 0.6000000238
31107  -45.950  -40.608  -33.040 0.5000000000
32404  -45.953  -38.834  -31.056 0.5000000000
32399  -46.323  -37.940  -31.319 0.4000000060
29209  -39.646  -43.883  -33.761 0.6999999881
85697  -39.888  -42.987  -33.488 0.6000000238
29848  -42.916  -42.930  -35.577 0.6999999881
31092  -46.125  -39.683  -31.700 0.5000000000
34355  -46.858  -35.477  -31.013 0.4000000060
35037  -47.146  -34.625  -31.175 0.4000000060
29220  -42.422  -43.408  -35.636 0.6999999881
29842  -42.862  -42.862  -34.754 0.6999999881
30472  -42.902  -42.723  -33.858 0.6999999881
31100  -45.867  -40.722  -32.041 0.5000000000
35029  -47.314  -33.951  -31.224 0.4000000060
29202  -40.793  -42.965  -33.511 0.6000000238
30458  -43.153  -42.279  -32.175 0.6999999881
29210  -40.382  -43.627  -33.741 0.6999999881
30466  -42.509  -42.436  -32.891 0.6000000238
29830  -41.386  -42.646  -33.257 0.6000000238
30457  -42.041  -41.834  -32.209 0.6000000238
30448  -42.451  -41.528  -31.452 0.6000000238
35737  -47.821  -33.490  -31.427 0.4000000060
31089  -41.986  -40.575  -31.044 0.6000000238
35039  -48.179  -34.105  -31.751 0.5000000000
76703  -48.369  -34.608  -31.817 0.5000000000
30478  -43.840  -42.133  -35.174 0.6000000238
29827  -38.994  -42.448  -33.387 0.6000000238
30468  -44.837  -41.711  -33.698 0.5000000000
79836  -45.652  -38.086  -30.595 0.5000000000
33102  -46.017  -37.269  -30.788 0.4000000060
29828  -39.890  -42.129  -33.339 0.6000000238
30473  -43.675  -42.320  -34.250 0.6000000238
30451  -45.170  -41.359  -31.559 0.5000000000
31090  -44.735  -40.985  -30.742 0.5000000000
31084  -45.001  -40.284  -30.470 0.5000000000
31680  -45.523  -39.679  -30.717 0.5000000000
33691  -46.436  -36.382  -30.876 0.4000000060
29843  -43.328  -42.553  -34.727 0.6999999881
29813  -44.026  -42.226  -31.767 0.5000000000
35726  -47.101  -33.302  -30.890 0.4000000060
29829  -40.523  -42.119  -33.148 0.6000000238
31678  -43.304  -39.656  -30.008 0.6000000238
85017  -40.864  -41.918  -32.848 0.6000000238
31677  -42.572  -40.094  -30.381 0.6000000238
36342  -47.624  -32.594  -31.041 0.4000000060
86308  -41.317  -41.358  -32.289 0.6000000238
82988  -48.187  -32.868  -31.343 0.4000000060
31099  -41.586  -41.001  -31.793 0.6000000238
35738  -48.528  -33.356  -31.387 0.5000000000
35739  -49.379  -33.075  -31.172 0.4000000060
30474  -44.382  -41.874  -34.577 0.6000000238
82406  -44.954  -38.074  -30.014 0.5000000000
33101  -45.370  -37.479  -30.253 0.5000000000
34354  -45.933  -35.709  -30.275 0.4000000060
81969  -40.358  -41.280  -32.926 0.6000000238
77926  -44.147  -42.133  -33.701 0.6000000238
31679  -44.779  -39.631  -30.110 0.5000000000
32398  -45.267  -38.868  -30.306 0.5000000000
35028  -46.301  -34.797  -30.458 0.4000000060
35725  -46.658  -33.979  -30.678 0.4000000060
90202  -40.308  -42.498  -33.354 0.6000000238
31083  -44.250  -40.379  -30.103 0.5000000000
31106  -40.806  -41.259  -32.596 0.6000000238
32397  -42.593  -39.063  -30.359 0.6000000238
31088  -41.224  -40.047  -31.616 0.6000000238
31685  -41.831  -39.545  -30.946 0.6000000238
79385  -48.737  -32.736  -31.295 0.4000000060
36923  -49.355  -31.316  -31.109 0.3000000119
36344  -49.136  -32.155  -31.282 0.4000000060
87185  -49.641  -31.802  -31.370 0.3000000119
34353  -44.991  -35.875  -29.710 0.5000000000
33690  -45.469  -36.662  -30.158 0.5000000000
77972  -46.342  -33.183  -30.360 0.5000000000
32389  -44.456  -38.794  -29.877 0.5000000000
33684  -44.661  -36.576  -29.697 0.6000000238
31688  -40.754  -39.493  -32.549 0.6000000238
31669  -44.020  -39.566  -29.837 0.6000000238
36334  -46.835  -32.534  -30.600 0.4000000060
31098  -40.921  -40.574  -32.260 0.6000000238
32388  -43.493  -38.647  -29.893 0.6999999881
36921  -47.860  -31.722  -30.953 0.3000000119
87327  -41.368  -38.966  -31.838 0.6000000238
33099  -43.353  -37.502  -29.849 0.6000000238
33098  -42.637  -38.021  -30.344 0.6000000238
36343  -48.356  -32.261  -31.199 0.4000000060
32403  -41.951  -38.486  -31.039 0.6000000238
33688  -42.598  -36.988  -30.303 0.6000000238
36922  -48.627  -31.509  -31.074 0.3000000119
36924  -50.112  -31.267  -31.243 0.3000000119
35715  -45.717  -33.952  -29.982 0.5000000000
33683  -44.028  -36.975  -29.588 0.6000000238
34344  -44.087  -36.090  -29.413 0.6000000238
36333  -46.193  -32.426  -30.212 0.4000000060
31097  -40.345  -40.323  -32.782 0.6000000238
36914  -47.234  -31.944  -30.707 0.3000000119
33106  -41.518  -37.929  -31.896 0.6000000238
37532  -48.134  -30.914  -30.870 0.3000000119
33107  -42.017  -37.469  -31.052 0.6000000238
37534  -49.626  -30.541  -30.863 0.3000000119
78843  -44.367  -35.192  -29.396 0.6000000238
35017  -44.715  -34.296  -29.458 0.6000000238
35018  -45.365  -34.975  -29.825 0.5000000000
35724  -45.523  -32.857  -29.826 0.5000000000
35016  -43.729  -34.471  -29.321 0.6000000238
36913  -46.554  -31.720  -30.307 0.4000000060
34352  -43.279  -35.418  -29.535 0.6000000238
81145  -47.341  -31.113  -30.541 0.3000000119
32408  -40.958  -38.288  -32.839 0.6000000238
33695  -41.593  -36.974  -31.906 0.6000000238
35027  -42.945  -34.578  -29.692 0.6000000238
87627  -47.811  -30.269  -30.626 0.3000000119
34351  -42.494  -35.999  -30.224 0.6000000238
33696  -41.975  -36.492  -31.049 0.6000000238
84967  -49.015  -29.965  -30.677 0.3000000119
38135  -49.753  -29.765  -30.593 0.3000000119
36320  -44.576  -32.874  -29.412 0.6000000238
35714  -44.947  -33.522  -29.511 0.5000000000
36903  -45.700  -31.859  -29.922 0.4000000060
88686  -46.104  -31.338  -30.011 0.4000000060
35713  -44.111  -33.623  -29.275 0.6000000238
37525  -46.528  -30.797  -30.085 0.4000000060
77444  -47.229  -30.346  -30.299 0.4000000060
33113  -41.273  -37.406  -32.658 0.6000000238
85994  -47.511  -29.612  -30.346 0.3000000119
76818  -41.664  -36.091  -32.028 0.6000000238
38127  -48.275  -29.482  -30.595 0.3000000119
35026  -42.388  -35.089  -30.139 0.6000000238
34361  -41.810  -35.520  -31.067 0.6000000238
35036  -41.871  -34.737  -30.684 0.6000000238
36902  -44.888  -31.563  -29.498 0.4000000060
37515  -45.626  -30.950  -29.713 0.4000000060
36319  -43.696  -32.857  -29.415 0.5000000000
38126  -46.807  -29.905  -29.995 0.4000000060
35723  -43.128  -33.705  -29.646 0.5000000000
34360  -41.458  -35.353  -32.098 0.6000000238
79685  -42.359  -34.260  -30.128 0.5000000000
35035  -41.419  -34.669  -31.590 0.6000000238
35736  -41.729  -34.048  -30.777 0.6000000238
35721  -41.622  -33.264  -30.807 0.5000000000
81912  -44.238  -32.164  -29.358 0.4000000060
37514  -44.675  -30.748  -29.215 0.3000000119
37516  -46.068  -30.140  -29.748 0.3000000119
85927  -45.770  -29.607  -29.544 0.3000000119
77495  -46.308  -29.408  -29.756 0.3000000119
36912  -43.382  -32.019  -29.563 0.5000000000
38654  -46.362  -28.640  -29.677 0.3000000119
36332  -42.859  -32.746  -29.883 0.5000000000
81663  -47.013  -29.066  -29.999 0.3000000119
38115  -47.783  -28.637  -30.394 0.3000000119
35722  -42.264  -33.436  -30.188 0.5000000000
38113  -44.427  -29.779  -28.979 0.3000000119
38114  -45.262  -29.300  -29.264 0.3000000119
37513  -43.734  -30.540  -29.034 0.3000000119
36901  -43.968  -31.390  -29.191 0.4000000060
78788  -45.839  -29.073  -29.532 0.3000000119
37512  -43.015  -30.284  -29.251 0.3000000119
38655  -47.081  -28.189  -29.994 0.3000000119
36911  -42.531  -31.872  -30.003 0.5000000000
39232  -47.870  -27.114  -30.150 0.3000000119
36331  -42.057  -32.608  -30.338 0.5000000000
38652  -44.599  -28.778  -28.977 0.3000000119
38112  -43.445  -29.727  -28.991 0.3000000119
38653  -45.522  -28.421  -29.290 0.3000000119
39231  -46.323  -27.702  -29.502 0.3000000119
38111  -42.653  -29.635  -29.303 0.3000000119
39845  -46.623  -26.800  -29.460 0.3000000119
81747  -47.180  -27.367  -29.853 0.3000000119
37524  -42.394  -30.335  -29.656 0.3000000119
39846  -47.345  -26.611  -29.689 0.3000000119
81990  -42.144  -31.044  -30.060 0.4000000060
39847  -48.035  -26.315  -29.842 0.3000000119
36910  -41.670  -31.738  -30.515 0.4000000060
39848  -48.790  -25.967  -29.972 0.3000000119
38651  -43.774  -28.172  -28.801 0.3000000119
77676  -43.862  -29.089  -28.861 0.3000000119
38635  -44.758  -27.867  -28.963 0.3000000119
38636  -45.482  -27.580  -29.224 0.3000000119
38650  -43.101  -28.925  -29.036 0.3000000119
39826  -45.269  -26.308  -29.131 0.3000000119
39214  -45.796  -26.906  -29.282 0.3000000119
39827  -46.083  -26.068  -29.178 0.3000000119
39828  -46.850  -26.153  -29.363 0.3000000119
82601  -47.412  -25.168  -29.233 0.3000000119
41041  -47.800  -24.559  -29.052 0.3000000119
37523  -41.726  -30.314  -30.149 0.4000000060
85554  -48.161  -25.385  -29.456 0.3000000119
41058  -48.534  -24.509  -29.297 0.3000000119
82553  -49.026  -25.109  -29.696 0.3000000119
41654  -49.463  -23.760  -29.794 0.3000000119
39212  -44.173  -27.217  -28.887 0.3000000119
39213  -44.993  -27.042  -29.104 0.3000000119
82540  -44.803  -25.749  -28.991 0.3000000119
39229  -42.743  -28.022  -29.152 0.3000000119
90373  -45.429  -25.694  -29.041 0.3000000119
40435  -46.692  -25.378  -29.153 0.3000000119
38663  -42.240  -28.836  -29.415 0.3000000119
41039  -46.242  -24.523  -28.878 0.3000000119
41635  -46.607  -23.770  -28.851 0.3000000119
38125  -41.929  -29.603  -29.766 0.4000000060
41040  -47.012  -24.545  -29.029 0.3000000119
41636  -47.389  -23.821  -28.898 0.3000000119
41653  -48.826  -23.752  -29.352 0.3000000119
38124  -41.276  -29.624  -30.358 0.4000000060
41059  -49.146  -24.362  -29.596 0.3000000119
39825  -44.505  -26.439  -29.013 0.3000000119
39824  -43.752  -26.525  -29.034 0.3000000119
40433  -45.112  -25.115  -28.889 0.3000000119
39844  -43.114  -26.539  -29.343 0.3000000119
40434  -45.843  -25.216  -28.965 0.3000000119
39241  -42.419  -27.001  -29.613 0.3000000119
42262  -46.986  -23.023  -28.929 0.3000000119
42263  -47.698  -23.169  -28.981 0.3000000119
41637  -48.150  -23.797  -28.991 0.3000000119
42282  -48.407  -22.908  -29.225 0.3000000119
38134  -40.779  -29.748  -30.917 0.3000000119
81965  -49.107  -23.135  -29.600 0.3000000119
42296  -49.600  -22.104  -30.005 0.3000000119
42297  -50.143  -22.283  -30.567 0.3000000119
83438  -43.365  -25.882  -29.277 0.3000000119
83494  -44.050  -25.813  -28.950 0.3000000119
40432  -44.361  -25.119  -28.871 0.3000000119
41633  -44.980  -23.555  -28.753 0.3000000119
41038  -45.460  -24.432  -28.785 0.3000000119
83439  -42.654  -26.015  -29.682 0.3000000119
41634  -45.844  -23.708  -28.758 0.3000000119
42261  -46.207  -22.984  -28.866 0.3000000119
42280  -46.554  -22.165  -29.037 0.3000000119
88778  -47.038  -21.756  -29.136 0.3000000119
42281  -47.508  -22.304  -29.103 0.3000000119
42986  -48.359  -21.914  -29.280 0.3000000119
89406  -48.393  -21.145  -29.270 0.3000000119
77565  -49.069  -22.398  -29.610 0.3000000119
43638  -49.561  -20.669  -29.942 0.3000000119
42999  -49.879  -21.473  -30.235 0.3000000119
43649  -50.140  -20.762  -30.591 0.3000000119
41057  -43.224  -24.466  -29.363 0.3000000119
40450  -43.625  -25.160  -29.094 0.3000000119
41632  -44.235  -23.815  -28.844 0.3000000119
41037  -44.687  -24.415  -28.792 0.3000000119
40449  -42.948  -25.218  -29.599 0.3000000119
41651  -43.564  -23.736  -29.150 0.3000000119
81968  -44.960  -22.604  -28.826 0.3000000119
40461  -42.207  -25.289  -30.164 0.3000000119
39858  -41.855  -26.181  -30.238 0.3000000119
42985  -47.566  -21.328  -29.159 0.3000000119
43637  -48.843  -20.573  -29.427 0.3000000119
41650  -42.861  -23.741  -29.690 0.3000000119
41665  -42.145  -23.671  -30.404 0.3000000119
87582  -42.605  -23.112  -29.959 0.3000000119
41056  -42.526  -24.476  -29.981 0.3000000119
40460  -41.454  -25.432  -30.935 0.3000000119
41074  -41.758  -24.484  -30.807 0.3000000119
30460  -45.295  -41.513  -32.640 0.5000000000
30449  -43.472  -41.793  -31.238 0.6999999881
31082  -43.440  -40.446  -30.166 0.6000000238
15645  -35.257  -65.759  -32.847 0.3000000119
15630  -34.814  -65.177  -32.166 0.3000000119
15644  -34.602  -65.196  -33.126 0.3000000119
16284  -34.093  -64.499  -33.532 0.3000000119
16928  -33.982  -63.711  -34.984 0.4000000060
17577  -34.428  -62.986  -35.395 0.4000000060
17578  -35.153  -62.308  -35.770 0.4000000060
17579  -35.996  -61.726  -36.159 0.4000000060
18291  -37.621  -61.067  -35.896 0.4000000060
18295  -37.008  -61.366  -36.498 0.4000000060
18292  -38.270  -60.791  -35.650 0.4000000060
19511  -39.770  -59.197  -34.443 0.4000000060
89275  -42.595  -59.080  -29.612 0.3000000119
77772  -43.043  -58.631  -29.761 0.3000000119
20852  -44.294  -57.453  -30.085 0.3000000119
77246  -40.313  -57.835  -35.170 0.5000000000
26437  -44.673  -48.900  -28.665 0.3000000119
26421  -44.196  -47.908  -28.673 0.4000000060
26934  -44.425  -47.135  -29.181 0.4000000060
27476  -44.863  -46.566  -29.853 0.4000000060
27492  -47.045  -45.849  -30.967 0.4000000060
81350  -36.370  -50.654  -34.068 0.5000000000
25340  -37.172  -50.547  -34.549 0.5000000000
22968  -41.585  -54.618  -36.080 0.6999999881
74384  -42.233  -54.092  -36.376 0.6999999881
28637  -49.158  -43.926  -32.194 0.4000000060
88836  -37.448  -49.755  -35.481 0.5000000000
24220  -43.509  -52.859  -36.677 0.8000000119
24216  -44.087  -53.384  -36.398 0.6999999881
23682  -42.348  -53.464  -36.590 0.6999999881
78821  -42.438  -51.267  -36.910 0.8000000119
25354  -41.877  -50.486  -37.156 0.8000000119
79687  -40.587  -48.148  -37.802 0.6999999881
76175  -41.176  -49.890  -37.469 0.8000000119
81455  -41.103  -49.046  -37.738 0.6000000238
29213  -49.671  -42.469  -34.358 0.3000000119
31123  -49.829  -39.802  -36.829 0.4000000060
29861  -51.730  -42.827  -36.199 0.4000000060
77622  -51.140  -42.891  -35.584 0.4000000060
29850  -50.375  -42.553  -35.124 0.3000000119
30490  -50.908  -41.834  -36.494 0.4000000060
85550  -50.911  -42.983  -36.226 0.4000000060
32427  -49.345  -38.942  -36.039 0.4000000060
32422  -48.828  -38.924  -35.405 0.5000000000
31705  -47.478  -39.117  -35.707 0.5000000000
88262  -49.037  -38.992  -35.114 0.5000000000
32420  -49.276  -39.132  -34.820 0.4000000060
33124  -48.354  -37.705  -33.136 0.5000000000
31699  -46.991  -39.260  -34.948 0.5000000000
32417  -47.476  -38.662  -34.285 0.4000000060
35040  -48.999  -34.042  -31.233 0.5000000000
29838  -37.260  -42.975  -34.060 0.5000000000
29826  -37.890  -42.426  -33.408 0.6000000238
85212  -40.028  -41.513  -33.170 0.6000000238
33702  -41.297  -36.576  -32.880 0.6000000238
34367  -41.264  -35.691  -32.947 0.6000000238
35042  -40.993  -34.654  -32.856 0.6000000238
35735  -41.153  -33.809  -31.580 0.5000000000
83365  -41.537  -30.918  -30.499 0.4000000060
37531  -41.126  -30.343  -30.700 0.4000000060
85953  -48.018  -20.489  -29.175 0.3000000119
44273  -48.531  -19.786  -29.330 0.3000000119
74209  -49.373  -17.956  -30.113 0.3000000119
44941  -49.912  -18.806  -30.519 0.3000000119
83028  -50.276  -20.209  -30.993 0.3000000119
88521  -41.639  -23.876  -31.001 0.3000000119
41073  -41.123  -24.812  -31.650 0.3000000119
17537  -35.893  -62.504  -31.129 0.3000000119
87553  -35.489  -62.191  -31.687 0.3000000119
80670  -39.202  -61.278  -29.882 0.3000000119
89772  -43.051  -55.479  -30.032 0.3000000119
86632  -44.474  -50.414  -29.047 0.3000000119
26436  -43.665  -48.764  -28.822 0.4000000060
27488  -42.592  -46.780  -31.074 0.4000000060
23680  -44.118  -53.884  -36.111 0.6999999881
87607  -44.471  -53.223  -36.161 0.6999999881
23679  -43.302  -53.870  -36.366 0.6999999881
77586  -43.432  -50.128  -37.112 0.6999999881
29203  -49.097  -42.869  -33.535 0.4000000060
26468  -45.836  -48.474  -36.268 0.6000000238
26465  -46.041  -48.505  -36.026 0.6999999881
28661  -49.472  -43.425  -34.593 0.3000000119
28076  -47.326  -44.986  -35.480 0.4000000060
29232  -49.386  -43.666  -35.825 0.4000000060
75360  -50.568  -40.576  -36.813 0.4000000060
28657  -40.618  -45.026  -35.335 0.8000000119
28665  -42.676  -44.359  -36.928 0.6999999881
33704  -47.950  -36.171  -32.452 0.5000000000
32414  -47.296  -38.370  -33.480 0.4000000060
29207  -37.601  -43.497  -34.527 0.5000000000
30467  -43.453  -42.414  -33.272 0.6999999881
30444  -42.925  -41.010  -30.705 0.6000000238
77865  -44.278  -42.181  -32.705 0.5000000000
30450  -44.353  -41.734  -31.212 0.5000000000
31074  -43.771  -40.048  -29.921 0.6999999881
33100  -44.774  -37.277  -29.851 0.6000000238
75445  -43.876  -41.204  -30.516 0.6000000238
33689  -43.291  -36.492  -29.724 0.6000000238
37535  -50.490  -30.342  -30.965 0.3000000119
37533  -48.883  -30.728  -30.895 0.3000000119
37526  -48.403  -30.247  -30.747 0.3000000119
36321  -45.001  -32.247  -29.626 0.5000000000
75854  -45.334  -30.106  -29.360 0.4000000060
80329  -47.672  -27.807  -30.266 0.3000000119
36900  -43.000  -31.084  -29.503 0.3000000119
39230  -43.327  -27.249  -29.082 0.3000000119
42283  -49.702  -22.926  -30.082 0.3000000119
41036  -43.919  -24.449  -28.920 0.3000000119
86634  -45.553  -23.017  -28.795 0.3000000119
42987  -49.146  -21.463  -29.610 0.3000000119
44274  -49.232  -19.970  -29.710 0.3000000119
44286  -49.865  -19.838  -30.317 0.3000000119
41652  -44.072  -22.987  -28.956 0.3000000119
40469  -40.733  -25.577  -31.958 0.3000000119
44929  -49.138  -19.065  -29.759 0.3000000119
81994  -41.170  -24.030  -31.795 0.3000000119
17588  -36.367  -61.723  -37.046 0.4000000060
82371  -41.556  -51.394  -36.947 0.8000000119
25934  -40.434  -49.741  -37.603 0.8000000119
32423  -49.896  -39.089  -35.698 0.4000000060
32400  -49.304  -38.136  -31.476 0.3000000119
80520  -49.034  -36.724  -31.253 0.4000000060
33692  -49.501  -36.454  -30.559 0.3000000119
32415  -48.686  -38.556  -33.691 0.4000000060
33109  -48.452  -36.387  -32.107 0.4000000060
33117  -48.400  -37.129  -32.641 0.4000000060
33699  -48.893  -35.912  -31.264 0.4000000060
31700  -47.621  -38.831  -34.943 0.3000000119
34365  -48.944  -34.978  -31.312 0.3000000119
35727  -49.973  -33.789  -30.742 0.3000000119
35740  -50.353  -33.074  -31.035 0.3000000119
36345  -49.890  -32.399  -31.394 0.3000000119
30465  -39.423  -41.533  -33.152 0.5000000000
30464  -38.508  -41.647  -33.047 0.5000000000
80254  -39.491  -39.980  -32.855 0.5000000000
31692  -40.004  -39.549  -33.150 0.5000000000
31105  -39.850  -40.716  -33.041 0.5000000000
36927  -50.911  -31.757  -31.993 0.3000000119
31694  -40.471  -38.800  -33.171 0.5000000000
85208  -40.111  -37.865  -33.964 0.5000000000
33119  -40.315  -37.211  -34.322 0.5000000000
32413  -40.184  -38.712  -33.451 0.5000000000
75960  -39.989  -37.015  -34.712 0.5000000000
32412  -39.983  -38.530  -33.575 0.5000000000
33120  -40.843  -37.218  -33.606 0.5000000000
33711  -40.537  -36.046  -34.939 0.4000000060
33707  -40.874  -36.118  -33.941 0.5000000000
33710  -40.183  -36.416  -35.236 0.4000000060
34371  -40.255  -35.587  -35.640 0.4000000060
34372  -40.497  -35.177  -34.776 0.4000000060
35048  -39.936  -33.993  -35.334 0.4000000060
35753  -40.423  -33.734  -33.552 0.5000000000
35044  -40.116  -33.668  -34.571 0.4000000060
35749  -40.738  -33.817  -32.546 0.4000000060
36352  -40.119  -33.015  -32.740 0.5000000000
35752  -40.041  -33.260  -33.751 0.3000000119
35748  -40.312  -33.307  -33.004 0.4000000060
79329  -41.121  -33.085  -31.308 0.4000000060
35734  -40.558  -33.178  -32.013 0.3000000119
82330  -40.477  -31.852  -31.277 0.3000000119
36341  -40.783  -32.531  -31.336 0.3000000119
83406  -41.046  -31.979  -30.953 0.3000000119
36340  -40.166  -32.516  -31.811 0.3000000119
36330  -41.412  -32.541  -30.862 0.3000000119
36920  -40.927  -31.176  -30.962 0.3000000119
88710  -49.675  -38.243  -30.866 0.3000000119
32410  -48.848  -38.013  -32.568 0.4000000060
31096  -38.807  -40.219  -32.488 0.4000000060
85620  -39.990  -35.171  -36.024 0.5000000000
32418  -47.958  -38.445  -34.493 0.4000000060
31693  -40.296  -39.378  -33.054 0.5000000000
86243  -41.088  -34.273  -32.143 0.4000000060
33103  -49.573  -37.502  -30.720 0.3000000119
33110  -48.890  -37.312  -31.804 0.4000000060
35030  -49.687  -34.636  -30.634 0.3000000119
34356  -49.528  -35.542  -30.565 0.3000000119
36353  -50.652  -32.130  -31.752 0.3000000119
31104  -39.076  -40.850  -32.860 0.5000000000
79726  -40.430  -38.045  -33.621 0.5000000000
33126  -40.532  -36.636  -34.466 0.4000000060
34369  -40.858  -35.228  -33.726 0.5000000000
25348  -38.891  -50.368  -36.565 0.6999999881
25353  -40.741  -50.680  -37.257 0.6999999881
25352  -40.054  -50.265  -37.480 0.6999999881
25933  -39.720  -49.590  -37.464 0.6999999881
25930  -38.870  -49.469  -36.965 0.6999999881
82396  -40.137  -48.935  -37.721 0.6999999881
25932  -39.341  -48.813  -37.449 0.6999999881
30492  -52.269  -40.926  -36.338 0.3000000119
30482  -52.574  -41.182  -36.014 0.3000000119
31125  -52.078  -39.689  -36.574 0.3000000119
31703  -52.184  -39.340  -35.755 0.3000000119
32425  -51.995  -38.480  -36.102 0.3000000119
31707  -52.329  -39.009  -36.012 0.3000000119
31124  -51.136  -39.659  -36.726 0.3000000119
32429  -51.484  -38.643  -36.197 0.3000000119
31706  -51.893  -38.674  -35.857 0.3000000119
31697  -50.302  -39.838  -34.577 0.3000000119
31690  -49.148  -39.044  -32.999 0.3000000119
26471  -39.772  -48.313  -37.715 0.6000000238
83711  -49.833  -39.134  -36.373 0.3000000119
31710  -50.826  -39.012  -36.435 0.3000000119
31696  -49.511  -39.302  -34.214 0.3000000119
32426  -48.317  -38.958  -35.962 0.3000000119
32421  -48.114  -38.762  -35.193 0.3000000119
89582  -40.892  -51.351  -37.011 0.6999999881
24714  -38.899  -51.174  -36.108 0.6999999881
24721  -40.466  -51.462  -37.051 0.6999999881
24720  -40.017  -50.922  -37.234 0.6999999881
25349  -39.538  -50.271  -37.137 0.6999999881
29851  -51.647  -42.472  -35.566 0.3000000119
30481  -52.244  -41.413  -35.700 0.3000000119
31702  -51.381  -39.547  -35.385 0.3000000119
31113  -50.887  -40.604  -34.868 0.3000000119
75254  -49.668  -39.990  -33.282 0.3000000119
77654  -49.267  -38.928  -31.900 0.3000000119
87700  -52.304  -42.229  -35.894 0.3000000119
31701  -50.548  -39.273  -35.480 0.3000000119
18930  -40.811  -59.770  -36.885 0.4000000060
75575  -40.629  -59.121  -36.209 0.4000000060
20177  -40.489  -58.373  -35.674 0.4000000060
80032  -40.544  -59.168  -35.581 0.4000000060
19526  -41.566  -59.789  -38.079 0.4000000060
20911  -40.238  -57.425  -35.615 0.4000000060
20181  -40.307  -58.317  -36.241 0.4000000060
20908  -40.292  -57.143  -34.875 0.4000000060
21611  -40.211  -56.497  -35.306 0.5000000000
82141  -40.640  -59.175  -37.845 0.5000000000
20916  -40.111  -57.404  -36.015 0.5000000000
20186  -40.109  -58.680  -37.129 0.5000000000
20192  -39.944  -58.841  -38.139 0.5000000000
20921  -39.289  -58.245  -37.278 0.5000000000
21617  -39.992  -56.686  -35.714 0.6000000238
21616  -39.605  -56.978  -36.207 0.5000000000
20915  -39.767  -57.841  -36.519 0.5000000000
20914  -38.992  -57.403  -36.773 0.6000000238
21615  -38.814  -56.519  -36.451 0.5000000000
22274  -40.203  -55.771  -35.704 0.6000000238
22272  -38.689  -55.535  -36.241 0.5000000000
22271  -37.678  -55.411  -36.433 0.5000000000
21614  -37.959  -56.162  -36.728 0.5000000000
76578  -38.208  -54.756  -36.119 0.5000000000
82470  -37.155  -52.822  -34.212 0.4000000060
24205  -37.886  -52.370  -34.387 0.5000000000
78581  -40.545  -54.994  -36.105 0.6000000238
82906  -39.540  -56.122  -36.033 0.6000000238
23665  -37.732  -53.335  -34.873 0.5000000000
22273  -39.680  -55.265  -36.112 0.6000000238
22964  -37.382  -54.793  -36.010 0.5000000000
22965  -39.040  -54.641  -36.187 0.5000000000
24707  -37.769  -51.377  -34.419 0.5000000000
24206  -38.443  -51.916  -34.808 0.5000000000
79913  -38.909  -51.957  -35.560 0.5000000000
22966  -39.870  -54.473  -36.417 0.6000000238
22955  -38.580  -54.159  -35.998 0.5000000000
23675  -39.215  -53.778  -36.313 0.5000000000
24204  -36.974  -51.987  -33.799 0.4000000060
77061  -36.268  -52.746  -33.943 0.4000000060
25345  -38.326  -50.468  -35.766 0.5000000000
24711  -38.442  -51.242  -35.219 0.5000000000
75029  -41.381  -54.074  -36.496 0.6000000238
24209  -38.528  -52.650  -35.149 0.5000000000
22967  -40.705  -54.296  -36.477 0.6000000238
23666  -38.552  -53.496  -35.642 0.5000000000
23676  -40.033  -53.620  -36.702 0.5000000000
80123  -39.146  -52.825  -36.099 0.5000000000
25341  -37.865  -50.649  -35.038 0.5000000000
24715  -39.480  -51.059  -36.807 0.5000000000
23677  -40.793  -53.684  -36.673 0.6000000238
79750  -39.427  -51.903  -36.414 0.5000000000
88783  -39.554  -53.235  -36.530 0.5000000000
24706  -36.958  -51.175  -34.044 0.4000000060
87058  -36.373  -51.365  -33.756 0.4000000060
88353  -41.010  -52.616  -36.795 0.6000000238
24215  -40.441  -52.218  -36.918 0.6000000238
24214  -39.849  -52.666  -36.764 0.5000000000
25347  -38.261  -49.796  -36.294 0.4000000060
24716  -39.943  -51.716  -36.991 0.5000000000
87387  -37.861  -54.184  -35.584 0.5000000000
20173  -40.212  -58.594  -34.947 0.4000000060
24219  -42.735  -53.044  -36.684 0.6000000238
24218  -41.811  -52.643  -36.745 0.6000000238
88985  -41.697  -52.008  -36.832 0.6000000238
24722  -41.069  -51.936  -36.888 0.6000000238
23678  -41.437  -53.387  -36.665 0.6000000238
75286  -40.540  -53.019  -36.792 0.6000000238
26935  -45.126  -47.116  -29.224 0.3000000119
26919  -44.917  -47.549  -28.836 0.3000000119
83792  -45.710  -46.922  -29.537 0.3000000119
26920  -45.706  -47.508  -28.876 0.3000000119
26936  -46.432  -47.231  -29.256 0.3000000119
27478  -47.016  -46.816  -29.676 0.3000000119
27491  -45.771  -46.383  -30.230 0.3000000119
87225  -46.619  -46.287  -30.302 0.3000000119
27477  -46.311  -46.739  -29.812 0.3000000119
27493  -47.478  -46.282  -30.249 0.3000000119
29195  -49.585  -43.602  -31.773 0.3000000119
29199  -49.090  -43.193  -32.597 0.3000000119
88520  -49.200  -42.754  -32.668 0.3000000119
29832  -49.319  -42.521  -33.428 0.3000000119
26422  -45.190  -48.098  -28.526 0.3000000119
26921  -46.498  -47.725  -28.801 0.3000000119
20193  -40.988  -59.232  -38.571 0.4000000060
26922  -47.393  -47.596  -29.032 0.3000000119
27479  -47.880  -46.899  -29.617 0.3000000119
28038  -47.949  -45.807  -30.894 0.3000000119
28048  -48.414  -45.254  -31.480 0.3000000119
28632  -48.870  -44.598  -31.910 0.3000000119
28633  -49.657  -44.335  -31.502 0.3000000119
79850  -49.451  -42.838  -31.983 0.3000000119
27494  -48.347  -46.302  -30.181 0.3000000119
20948  -31.729  -58.071  -40.657 0.4000000060
21638  -31.777  -57.339  -40.227 0.3000000119
20933  -32.604  -57.134  -40.041 0.3000000119
21633  -32.835  -56.561  -39.545 0.3000000119
76356  -36.699  -56.310  -37.679 0.4000000060
22281  -37.136  -55.889  -37.045 0.4000000060
20925  -37.044  -57.420  -38.674 0.4000000060
21621  -37.411  -56.618  -37.348 0.4000000060
20919  -37.660  -57.327  -37.833 0.4000000060
21622  -38.162  -57.007  -37.029 0.4000000060
22954  -35.582  -54.513  -35.630 0.3000000119
22949  -36.081  -54.120  -34.964 0.3000000119
21630  -37.018  -56.891  -37.959 0.4000000060
17586  -34.602  -62.868  -36.357 0.3000000119
17587  -35.405  -62.173  -36.700 0.3000000119
18296  -38.013  -61.111  -36.760 0.3000000119
18297  -38.811  -60.915  -36.896 0.3000000119
18305  -39.964  -60.819  -37.910 0.3000000119
18309  -40.314  -60.963  -38.759 0.3000000119
18316  -40.015  -61.097  -39.599 0.3000000119
75250  -40.659  -60.634  -38.118 0.3000000119
18317  -41.627  -60.895  -39.656 0.3000000119
18933  -41.165  -60.305  -37.912 0.3000000119
18937  -42.266  -60.134  -38.788 0.3000000119
18318  -42.931  -60.627  -39.610 0.3000000119
18934  -41.311  -60.037  -37.689 0.3000000119
19531  -42.888  -59.628  -39.232 0.3000000119
75915  -38.559  -60.874  -36.273 0.3000000119
19525  -40.715  -59.338  -37.223 0.3000000119
18304  -39.275  -61.056  -38.103 0.3000000119
18310  -41.557  -60.596  -38.834 0.3000000119
18326  -42.074  -60.698  -40.192 0.3000000119
18327  -42.924  -60.808  -40.027 0.3000000119
18938  -43.772  -60.235  -39.728 0.3000000119
18941  -44.161  -59.907  -40.199 0.3000000119
18942  -44.272  -59.704  -40.514 0.3000000119
19532  -43.827  -59.891  -40.447 0.3000000119
19533  -44.405  -59.578  -40.557 0.3000000119
25908  -41.499  -49.195  -31.856 0.4000000060
27501  -42.517  -46.540  -31.845 0.4000000060
28051  -44.542  -45.655  -32.119 0.4000000060
29222  -50.170  -42.933  -35.128 0.3000000119
29223  -51.925  -42.898  -35.878 0.3000000119
29852  -52.293  -42.187  -36.103 0.4000000060
30459  -44.670  -41.980  -31.917 0.5000000000
30491  -51.887  -41.810  -36.418 0.3000000119
31091  -45.486  -40.504  -31.155 0.5000000000
31114  -51.938  -40.381  -35.448 0.3000000119
31117  -52.529  -40.087  -35.878 0.3000000119
31118  -52.505  -39.862  -36.140 0.3000000119
31711  -51.771  -38.803  -36.415 0.3000000119
31712  -52.225  -39.006  -36.266 0.3000000119
32419  -48.471  -38.640  -34.516 0.5000000000
32424  -51.359  -38.808  -36.214 0.3000000119
32428  -50.567  -38.831  -36.124 0.4000000060
33093  -44.162  -37.887  -29.712 0.6000000238
33125  -39.333  -36.404  -34.580 0.4000000060
33712  -39.435  -35.520  -35.753 0.4000000060
35043  -39.392  -34.264  -34.193 0.5000000000
35045  -40.522  -34.379  -34.130 0.4000000060
35049  -39.608  -34.779  -35.721 0.6000000238
40436  -47.422  -25.862  -29.449 0.3000000119
42279  -45.725  -22.343  -28.900 0.3000000119
72395  -39.599  -35.835  -35.916 0.6000000238
72396  -39.924  -35.859  -36.008 0.5000000000
72397  -39.892  -34.573  -35.775 0.6000000238
76937  -51.533  -40.720  -36.689 0.4000000060
80511  -40.127  -34.673  -35.642 0.5000000000
85419  -40.204  -34.238  -35.014 0.4000000060
90196  -44.800  -45.718  -31.520 0.4000000060
