#!ascii label  , from subject sub-01 vox2ras=TkReg
752
7464  -32.105  -77.118  -47.993 0.5000000000
7463  -31.606  -77.090  -47.988 0.6000000238
8142  -36.581  -76.309  -44.200 0.3000000119
7446  -30.993  -77.696  -47.199 0.5000000000
8858  -34.958  -75.973  -45.703 0.4000000060
8859  -35.675  -75.624  -45.379 0.4000000060
8860  -36.375  -75.198  -45.129 0.4000000060
8849  -36.160  -76.028  -44.811 0.3000000119
9579  -35.930  -74.883  -45.651 0.4000000060
8204  -32.031  -76.174  -49.428 0.5000000000
8195  -32.179  -76.673  -48.685 0.5000000000
8887  -31.588  -75.986  -49.416 0.6000000238
8194  -31.456  -76.534  -48.690 0.5000000000
8132  -36.852  -76.257  -43.457 0.3000000119
7462  -30.687  -77.233  -47.480 0.5000000000
8870  -34.500  -75.542  -46.403 0.5000000000
8171  -34.295  -76.358  -46.104 0.5000000000
9595  -34.846  -74.612  -46.740 0.5000000000
8871  -35.237  -75.122  -45.976 0.4000000060
8850  -36.735  -75.517  -44.473 0.3000000119
8842  -36.987  -75.754  -43.912 0.3000000119
9596  -35.823  -74.174  -46.328 0.4000000060
9637  -31.872  -73.643  -50.750 0.6999999881
9629  -31.593  -74.600  -50.171 0.6999999881
8897  -31.909  -75.506  -49.832 0.6999999881
8184  -32.495  -76.794  -47.986 0.5000000000
9635  -30.097  -73.610  -50.579 0.6999999881
9628  -30.711  -74.484  -49.950 0.6999999881
8185  -33.101  -76.602  -47.354 0.5000000000
8879  -33.494  -75.789  -47.826 0.4000000060
8869  -33.861  -76.056  -46.902 0.5000000000
8886  -30.888  -75.957  -48.945 0.6000000238
8880  -34.084  -75.155  -47.228 0.5000000000
8193  -30.518  -76.548  -48.066 0.5000000000
9607  -34.512  -74.237  -47.666 0.5000000000
10302  -35.136  -73.366  -48.284 0.4000000060
9608  -35.401  -73.719  -47.296 0.4000000060
9580  -36.678  -74.196  -45.610 0.4000000060
9569  -37.044  -74.640  -44.812 0.4000000060
10291  -36.428  -73.315  -47.126 0.3000000119
10332  -27.900  -72.168  -52.028 0.5000000000
10333  -29.054  -72.207  -52.061 0.6000000238
10334  -30.171  -72.246  -52.197 0.6000000238
10328  -30.632  -72.846  -51.516 0.6000000238
9636  -31.108  -73.644  -50.679 0.6000000238
11619  -25.611  -71.950  -51.816 0.5000000000
10983  -25.992  -72.038  -51.984 0.5000000000
10325  -27.260  -72.542  -51.602 0.6000000238
10327  -29.535  -72.837  -51.475 0.6000000238
8888  -32.559  -76.021  -49.211 0.6000000238
77366  -36.749  -77.030  -41.030 0.3000000119
10965  -24.689  -72.289  -50.312 0.6999999881
10316  -25.582  -72.519  -50.814 0.6000000238
10324  -26.811  -72.925  -50.896 0.6000000238
76710  -27.801  -73.120  -50.934 0.6000000238
10326  -28.398  -72.719  -51.511 0.6999999881
8899  -32.785  -75.112  -49.480 0.6000000238
8196  -32.861  -76.303  -48.384 0.5000000000
10964  -24.343  -72.071  -49.777 0.6999999881
86806  -25.506  -72.835  -49.946 0.6000000238
10317  -26.506  -73.197  -49.947 0.6000000238
10319  -28.857  -73.561  -50.496 0.6999999881
9627  -29.717  -74.385  -49.680 0.6999999881
8125  -36.618  -76.719  -42.831 0.3000000119
87906  -24.478  -72.426  -49.394 0.6999999881
10307  -25.158  -72.939  -49.269 0.6999999881
10318  -27.711  -73.709  -49.960 0.6000000238
9625  -28.038  -74.444  -48.948 0.6000000238
77956  -30.330  -75.224  -49.217 0.6999999881
9617  -33.479  -74.522  -49.034 0.5000000000
9606  -33.795  -74.873  -48.171 0.5000000000
10308  -26.142  -73.563  -49.109 0.6000000238
10309  -27.201  -74.044  -49.018 0.6000000238
9616  -29.439  -75.090  -48.760 0.6000000238
8885  -29.911  -75.881  -48.244 0.6000000238
9618  -34.244  -73.918  -48.612 0.5000000000
10301  -25.831  -73.884  -48.245 0.6999999881
9614  -27.816  -74.880  -48.127 0.6000000238
9615  -28.638  -75.036  -48.352 0.5000000000
90106  -37.878  -72.193  -48.257 0.3000000119
10304  -37.304  -72.718  -47.904 0.3000000119
10292  -37.537  -73.016  -47.103 0.3000000119
10274  -37.604  -73.296  -46.161 0.4000000060
9581  -37.653  -73.696  -45.243 0.4000000060
8192  -29.616  -76.715  -47.577 0.5000000000
10313  -36.985  -72.283  -48.480 0.3000000119
10303  -36.209  -73.005  -48.096 0.3000000119
86515  -36.754  -73.569  -46.402 0.4000000060
77854  -26.084  -71.746  -51.211 0.5000000000
11620  -27.352  -71.552  -51.213 0.5000000000
11621  -28.565  -71.520  -51.254 0.5000000000
11629  -29.130  -71.859  -51.965 0.5000000000
89241  -26.246  -71.282  -49.378 0.5000000000
11611  -25.587  -71.632  -50.315 0.5000000000
11618  -25.019  -71.960  -51.254 0.5000000000
83224  -27.512  -72.016  -52.047 0.5000000000
10979  -29.697  -72.038  -52.243 0.5000000000
10335  -31.170  -72.237  -52.250 0.6000000238
10336  -31.972  -72.256  -52.043 0.6000000238
11610  -24.664  -71.875  -50.232 0.5000000000
83260  -31.958  -73.051  -51.340 0.6000000238
9630  -32.335  -74.501  -50.166 0.8000000119
10957  -24.320  -72.005  -48.898 0.6000000238
10969  -24.692  -72.060  -50.643 0.6000000238
10331  -33.195  -72.587  -50.750 0.4000000060
75153  -37.443  -76.503  -41.075 0.3000000119
10958  -24.300  -72.316  -48.778 0.6999999881
9631  -33.140  -74.039  -49.807 0.5000000000
8113  -36.829  -76.600  -41.859 0.3000000119
8126  -37.141  -76.016  -42.575 0.3000000119
10299  -24.268  -72.758  -47.720 0.6999999881
10321  -33.573  -73.012  -50.145 0.4000000060
10300  -24.837  -73.139  -48.293 0.6000000238
10310  -33.939  -73.512  -49.450 0.4000000060
8851  -37.320  -74.912  -44.011 0.3000000119
10290  -24.763  -73.719  -47.122 0.6000000238
9613  -26.836  -74.495  -48.167 0.6000000238
9605  -27.459  -75.411  -47.354 0.5000000000
8183  -29.058  -76.180  -47.579 0.6000000238
10311  -34.768  -72.948  -49.116 0.4000000060
11609  -37.004  -71.611  -48.507 0.3000000119
10962  -37.618  -71.934  -48.469 0.3000000119
10953  -38.934  -71.915  -47.888 0.3000000119
10305  -38.358  -72.379  -47.828 0.3000000119
9604  -26.504  -74.963  -47.356 0.6000000238
8877  -27.738  -75.976  -46.927 0.5000000000
8878  -28.380  -75.695  -47.502 0.5000000000
8191  -28.719  -76.911  -47.421 0.6000000238
10312  -35.836  -72.424  -48.909 0.3000000119
10961  -36.633  -71.933  -48.822 0.3000000119
8876  -26.995  -75.809  -46.749 0.5000000000
8182  -28.302  -76.264  -47.161 0.5000000000
7445  -27.633  -76.912  -47.566 0.5000000000
12371  -27.165  -70.896  -48.785 0.5000000000
11613  -28.095  -71.230  -50.226 0.5000000000
11614  -29.148  -71.290  -50.283 0.5000000000
11615  -30.181  -71.394  -50.444 0.5000000000
11623  -30.723  -71.628  -51.501 0.5000000000
11597  -25.250  -71.314  -48.367 0.5000000000
11612  -26.924  -71.316  -50.065 0.5000000000
11624  -31.497  -71.721  -51.642 0.4000000060
11602  -24.575  -71.822  -49.210 0.5000000000
10973  -31.979  -71.960  -52.038 0.4000000060
8099  -37.185  -76.970  -40.381 0.3000000119
11596  -24.618  -71.629  -48.006 0.6000000238
86340  -32.411  -72.114  -51.660 0.4000000060
10330  -32.576  -72.591  -51.274 0.4000000060
10951  -24.294  -72.090  -47.997 0.6000000238
10289  -24.036  -73.272  -46.810 0.6000000238
10967  -34.832  -72.051  -49.720 0.4000000060
10322  -34.400  -72.575  -49.789 0.4000000060
8838  -37.583  -75.108  -42.294 0.3000000119
10959  -35.151  -72.273  -49.467 0.3000000119
77336  -36.256  -71.643  -48.851 0.3000000119
77340  -28.025  -70.802  -48.659 0.5000000000
12380  -27.800  -71.011  -49.342 0.5000000000
12381  -28.642  -71.034  -49.185 0.5000000000
12383  -30.566  -71.313  -49.573 0.4000000060
12370  -26.161  -71.024  -48.535 0.5000000000
76662  -31.224  -71.485  -50.562 0.4000000060
12359  -25.932  -70.701  -47.675 0.6000000238
11616  -32.837  -71.664  -50.430 0.4000000060
11625  -32.696  -71.877  -51.192 0.4000000060
8100  -37.950  -76.595  -40.424 0.3000000119
10944  -23.765  -72.295  -47.112 0.6000000238
11626  -33.423  -71.929  -50.572 0.4000000060
10966  -33.822  -72.229  -50.338 0.4000000060
11617  -34.192  -71.935  -49.997 0.4000000060
10968  -35.268  -71.815  -49.402 0.4000000060
10960  -35.689  -71.940  -49.268 0.3000000119
11598  -36.229  -71.056  -48.463 0.3000000119
9592  -24.620  -74.206  -46.224 0.6000000238
76321  -27.794  -70.617  -47.957 0.5000000000
88852  -29.098  -71.023  -48.637 0.5000000000
12373  -29.489  -70.981  -48.145 0.4000000060
12382  -29.655  -71.196  -49.213 0.4000000060
12360  -26.904  -70.601  -47.807 0.5000000000
12375  -31.473  -71.197  -48.279 0.4000000060
12345  -26.578  -70.302  -46.971 0.6000000238
89675  -31.982  -71.320  -49.038 0.4000000060
12358  -25.022  -70.809  -47.510 0.6000000238
11605  -32.747  -71.373  -49.374 0.4000000060
11606  -33.744  -71.565  -49.642 0.4000000060
10950  -24.040  -71.603  -47.423 0.6000000238
12378  -34.464  -71.132  -48.700 0.4000000060
89887  -35.082  -71.249  -48.945 0.4000000060
12367  -34.782  -70.661  -47.927 0.4000000060
8114  -37.504  -75.837  -41.685 0.3000000119
8115  -38.220  -75.854  -41.011 0.3000000119
12379  -35.334  -70.916  -48.551 0.4000000060
10288  -23.642  -72.866  -46.368 0.6000000238
10273  -23.949  -73.672  -45.944 0.6000000238
10272  -23.452  -72.984  -45.531 0.6999999881
85044  -23.294  -71.489  -45.864 0.6999999881
10935  -23.150  -72.053  -45.388 0.6999999881
10925  -22.855  -71.959  -44.585 0.6999999881
10261  -23.467  -73.571  -44.513 0.6000000238
11577  -22.931  -71.194  -45.105 0.6999999881
79931  -22.960  -70.389  -45.208 0.6000000238
10271  -23.147  -72.636  -44.846 0.6999999881
12372  -28.626  -70.817  -48.154 0.5000000000
12362  -29.075  -70.749  -47.309 0.5000000000
12346  -27.598  -70.401  -47.011 0.5000000000
12347  -28.525  -70.466  -46.619 0.5000000000
12361  -28.323  -70.596  -47.402 0.5000000000
75696  -30.004  -70.873  -47.328 0.5000000000
12363  -30.941  -70.980  -47.383 0.4000000060
12374  -30.481  -71.137  -48.425 0.4000000060
12344  -25.596  -70.206  -46.940 0.6000000238
13071  -27.097  -70.114  -46.343 0.6000000238
12328  -27.860  -70.212  -46.038 0.6000000238
12376  -32.352  -71.215  -48.339 0.4000000060
13070  -26.253  -69.740  -46.178 0.6000000238
11589  -24.242  -70.760  -47.097 0.6000000238
75065  -24.669  -70.067  -46.847 0.6000000238
13069  -25.193  -69.483  -46.454 0.6000000238
12377  -33.335  -71.165  -48.571 0.4000000060
12333  -34.769  -70.644  -46.337 0.4000000060
81655  -24.087  -69.667  -46.563 0.6000000238
13064  -25.675  -69.088  -45.868 0.6000000238
13057  -26.436  -69.127  -45.161 0.6000000238
87123  -35.030  -70.583  -47.321 0.4000000060
11588  -23.620  -71.310  -46.639 0.6000000238
13068  -24.358  -69.071  -46.435 0.6000000238
13063  -24.869  -68.648  -46.078 0.6000000238
13681  -25.559  -68.411  -45.382 0.6000000238
13677  -26.128  -68.253  -44.571 0.6999999881
10936  -23.398  -72.166  -46.217 0.6999999881
12343  -23.697  -70.242  -46.402 0.6000000238
13067  -23.651  -69.367  -46.164 0.6000000238
13683  -23.824  -68.571  -46.197 0.6000000238
13676  -25.409  -67.464  -44.921 0.6000000238
13669  -27.103  -68.647  -43.303 0.6000000238
88534  -23.786  -67.703  -46.010 0.6000000238
14302  -24.262  -67.117  -45.780 0.6000000238
13668  -26.454  -68.207  -43.785 0.6000000238
12342  -23.244  -69.744  -45.671 0.6000000238
15048  -24.122  -66.255  -45.414 0.5000000000
15043  -25.198  -66.406  -44.456 0.6000000238
14299  -25.902  -67.419  -44.183 0.6000000238
13679  -23.354  -67.896  -45.730 0.5000000000
10260  -22.972  -72.736  -44.107 0.6999999881
12311  -22.618  -70.492  -44.525 0.6999999881
13056  -22.531  -68.934  -44.452 0.5000000000
78006  -22.768  -68.146  -44.967 0.6000000238
15046  -23.482  -66.142  -44.989 0.5000000000
15759  -24.040  -65.192  -44.884 0.5000000000
14298  -22.643  -67.200  -44.359 0.6000000238
10870  -19.630  -72.266  -35.264 0.6000000238
10187  -20.276  -72.876  -35.752 0.6000000238
9489  -20.031  -73.763  -36.414 0.6000000238
12348  -30.514  -70.702  -46.506 0.5000000000
12364  -31.857  -71.029  -47.410 0.4000000060
13065  -27.160  -69.849  -45.541 0.5000000000
13066  -28.027  -70.015  -45.096 0.5000000000
12351  -33.234  -70.708  -46.758 0.4000000060
83025  -28.194  -69.795  -44.151 0.5000000000
75896  -33.707  -70.618  -46.051 0.4000000060
13058  -27.360  -69.553  -44.596 0.5000000000
12366  -33.805  -70.859  -47.749 0.4000000060
13678  -26.857  -68.854  -44.160 0.6000000238
13045  -27.602  -69.258  -43.678 0.6000000238
14295  -26.644  -68.277  -43.089 0.4000000060
13662  -27.868  -68.743  -42.881 0.4000000060
15044  -25.624  -66.940  -43.867 0.6000000238
83740  -26.071  -67.776  -43.476 0.6000000238
14287  -27.280  -68.250  -42.521 0.5000000000
14288  -28.192  -67.923  -42.171 0.4000000060
78657  -28.484  -67.015  -41.791 0.4000000060
10256  -23.255  -73.606  -43.457 0.6999999881
78243  -24.698  -65.379  -44.326 0.6000000238
14286  -26.465  -68.111  -42.687 0.5000000000
89118  -27.652  -67.759  -42.115 0.4000000060
12295  -22.411  -70.569  -43.769 0.6000000238
15750  -23.121  -65.268  -44.330 0.5000000000
16350  -24.028  -64.227  -44.051 0.5000000000
15036  -25.711  -67.409  -43.192 0.5000000000
87129  -27.228  -67.777  -42.008 0.5000000000
15023  -27.906  -67.148  -41.904 0.4000000060
13675  -22.373  -68.085  -44.175 0.6000000238
15732  -24.538  -65.395  -43.678 0.5000000000
12214  -20.074  -71.145  -36.013 0.6999999881
11516  -19.836  -71.771  -35.326 0.6000000238
12220  -20.521  -70.322  -36.885 0.6999999881
11517  -20.251  -71.858  -35.367 0.6000000238
80025  -21.463  -69.967  -37.243 0.6000000238
10188  -20.833  -72.989  -36.484 0.6000000238
11524  -21.190  -71.482  -36.819 0.6000000238
12222  -22.373  -70.301  -37.795 0.6000000238
12956  -22.167  -69.520  -37.432 0.6000000238
12958  -23.906  -69.331  -38.006 0.6000000238
10197  -20.545  -73.884  -36.774 0.5000000000
10877  -21.143  -72.230  -36.540 0.6000000238
12221  -21.796  -70.915  -37.685 0.6000000238
12973  -22.841  -69.965  -37.867 0.6000000238
12349  -31.369  -70.777  -46.555 0.5000000000
81801  -21.027  -74.807  -37.631 0.5000000000
82608  -21.282  -72.863  -37.340 0.5000000000
85498  -22.420  -70.845  -38.455 0.5000000000
12974  -23.438  -69.817  -38.387 0.5000000000
12329  -28.742  -70.289  -45.676 0.4000000060
12312  -29.598  -70.270  -45.314 0.5000000000
12350  -32.264  -70.766  -46.593 0.4000000060
10211  -21.671  -73.180  -38.295 0.5000000000
11527  -21.568  -72.052  -38.016 0.5000000000
79266  -22.596  -71.028  -39.321 0.5000000000
12230  -22.965  -70.404  -38.719 0.5000000000
86985  -32.666  -70.572  -45.690 0.4000000060
12315  -33.368  -70.564  -45.083 0.4000000060
9513  -21.788  -74.087  -38.462 0.5000000000
11534  -21.874  -71.990  -39.215 0.5000000000
11528  -22.098  -71.442  -38.756 0.6000000238
12242  -23.189  -70.581  -39.778 0.6000000238
11542  -22.029  -72.271  -40.109 0.6000000238
11535  -22.220  -71.622  -39.751 0.6000000238
13670  -28.436  -69.335  -43.346 0.5000000000
9537  -23.216  -74.759  -40.886 0.6000000238
81920  -28.665  -68.777  -42.627 0.4000000060
79291  -23.203  -74.188  -41.615 0.6000000238
9546  -23.430  -74.166  -42.431 0.6000000238
10255  -22.812  -73.084  -42.678 0.6000000238
90362  -22.511  -70.721  -43.114 0.6000000238
10918  -22.635  -71.994  -43.758 0.6999999881
13667  -22.570  -68.167  -43.565 0.6000000238
14284  -22.993  -67.379  -43.343 0.6000000238
15018  -22.919  -66.092  -43.734 0.5000000000
15742  -23.623  -64.377  -43.898 0.5000000000
89453  -20.854  -69.564  -37.217 0.6999999881
78579  -22.077  -68.752  -37.205 0.6000000238
12957  -22.973  -69.359  -37.512 0.6000000238
13590  -24.415  -68.873  -37.626 0.6999999881
12313  -30.347  -70.217  -45.015 0.5000000000
12331  -30.277  -70.423  -45.725 0.5000000000
85440  -30.951  -70.504  -45.822 0.5000000000
12975  -24.127  -69.475  -38.889 0.6000000238
80426  -24.625  -68.990  -38.468 0.5000000000
12314  -31.133  -70.282  -45.043 0.5000000000
12999  -23.708  -70.027  -40.181 0.6000000238
12988  -23.626  -69.982  -39.321 0.6000000238
13059  -28.896  -70.071  -44.735 0.5000000000
9530  -22.967  -74.990  -39.989 0.6000000238
10233  -22.534  -73.958  -40.166 0.4000000060
88601  -22.169  -73.056  -39.882 0.6000000238
12241  -22.689  -71.136  -40.240 0.6000000238
12989  -24.251  -69.567  -39.722 0.6000000238
13046  -29.076  -69.745  -43.871 0.4000000060
13047  -29.898  -69.697  -43.579 0.4000000060
10241  -22.783  -73.675  -41.106 0.5000000000
76768  -22.374  -72.976  -40.644 0.5000000000
11543  -22.300  -71.670  -40.644 0.6000000238
12255  -23.107  -70.471  -40.792 0.6000000238
13000  -24.195  -69.498  -40.491 0.6000000238
88765  -22.414  -71.600  -41.341 0.6000000238
12254  -22.637  -71.128  -41.099 0.6000000238
78810  -23.610  -69.776  -41.007 0.6000000238
13638  -24.562  -69.061  -40.776 0.6000000238
10906  -22.534  -72.545  -41.980 0.5000000000
79617  -22.426  -71.793  -41.952 0.6000000238
12265  -22.895  -70.577  -41.717 0.6000000238
13013  -23.450  -69.408  -41.799 0.6000000238
13014  -23.996  -69.158  -41.252 0.6000000238
10249  -22.849  -73.410  -41.876 0.6000000238
10912  -22.558  -72.079  -42.818 0.6000000238
11553  -22.532  -71.267  -42.595 0.6000000238
12278  -22.685  -70.597  -42.510 0.6000000238
13661  -23.180  -69.043  -42.451 0.6000000238
13028  -22.748  -69.051  -43.097 0.6000000238
82707  -22.392  -68.973  -43.797 0.6000000238
15019  -23.477  -65.399  -43.496 0.5000000000
15020  -23.987  -66.034  -43.142 0.5000000000
12954  -20.305  -69.269  -37.255 0.6999999881
12955  -21.253  -68.993  -37.248 0.6999999881
13585  -19.657  -68.623  -37.576 0.6999999881
13586  -20.492  -68.339  -37.414 0.6999999881
13588  -22.776  -68.596  -37.025 0.6000000238
13571  -23.386  -68.511  -36.774 0.6000000238
13572  -24.158  -68.654  -36.870 0.5000000000
13589  -23.608  -68.970  -37.260 0.6999999881
13573  -24.998  -68.586  -37.178 0.5000000000
13591  -25.140  -68.537  -38.074 0.5000000000
87452  -31.941  -70.364  -45.040 0.5000000000
74605  -32.551  -70.374  -44.651 0.5000000000
85825  -33.200  -70.474  -44.275 0.4000000060
13060  -29.747  -70.019  -44.442 0.4000000060
13610  -24.760  -69.082  -39.312 0.6000000238
13626  -24.771  -69.149  -40.110 0.6000000238
13627  -25.297  -68.644  -39.767 0.6000000238
13651  -23.682  -68.586  -42.078 0.6000000238
13639  -25.110  -68.697  -40.643 0.6000000238
13660  -23.078  -68.331  -42.862 0.6000000238
13652  -24.510  -68.647  -41.436 0.5000000000
88191  -23.484  -67.758  -42.697 0.6000000238
14276  -24.165  -67.836  -42.221 0.5000000000
14285  -23.600  -66.748  -43.039 0.5000000000
14224  -19.644  -67.911  -37.645 0.6999999881
13587  -21.328  -68.143  -37.285 0.6999999881
14226  -22.052  -67.997  -37.046 0.6000000238
14225  -20.576  -67.710  -37.257 0.6999999881
14965  -21.341  -67.547  -36.974 0.6000000238
14210  -21.949  -67.537  -36.629 0.6000000238
14973  -18.887  -67.439  -37.718 0.6999999881
76401  -19.801  -67.332  -37.187 0.6999999881
14213  -24.819  -68.438  -36.250 0.5000000000
14214  -25.750  -68.428  -36.702 0.5000000000
14963  -18.440  -66.877  -37.378 0.6000000238
14962  -17.618  -66.684  -37.644 0.6000000238
15686  -18.028  -66.375  -36.888 0.6000000238
15674  -16.793  -65.719  -36.464 0.5000000000
89838  -17.113  -65.457  -35.806 0.5000000000
13049  -31.653  -70.020  -44.134 0.4000000060
12296  -32.590  -70.204  -43.725 0.4000000060
14277  -25.258  -68.221  -41.450 0.6000000238
14211  -22.749  -67.926  -36.547 0.5000000000
14212  -23.696  -68.302  -36.236 0.5000000000
14964  -20.610  -67.148  -36.827 0.6000000238
14955  -21.371  -67.061  -36.335 0.6000000238
14196  -25.925  -68.376  -35.944 0.5000000000
87041  -19.190  -66.945  -37.155 0.6999999881
14954  -19.796  -66.671  -36.624 0.6000000238
82614  -20.576  -66.718  -36.287 0.6000000238
14939  -21.759  -66.960  -35.459 0.6000000238
15687  -18.878  -66.464  -36.749 0.6000000238
15678  -20.091  -66.250  -35.830 0.6000000238
15676  -18.414  -65.965  -36.182 0.6000000238
15677  -19.255  -66.082  -36.060 0.6000000238
15675  -17.579  -65.866  -36.308 0.5000000000
15662  -18.760  -65.659  -35.548 0.6000000238
15663  -19.461  -65.792  -35.225 0.6000000238
16307  -16.403  -65.190  -35.862 0.5000000000
15661  -17.914  -65.409  -35.471 0.5000000000
16298  -16.981  -64.930  -35.105 0.5000000000
16299  -18.720  -65.253  -34.749 0.5000000000
14957  -23.148  -67.694  -35.767 0.6000000238
14194  -24.116  -68.057  -35.510 0.5000000000
14956  -22.275  -67.333  -36.054 0.6000000238
14941  -23.578  -67.517  -34.924 0.5000000000
14195  -25.079  -68.060  -35.555 0.5000000000
15667  -23.085  -67.024  -34.362 0.6999999881
15679  -20.916  -66.593  -35.629 0.6000000238
15666  -22.139  -66.909  -34.569 0.6999999881
15664  -20.348  -66.165  -34.801 0.6000000238
15665  -21.287  -66.577  -34.778 0.6999999881
87980  -20.935  -66.273  -34.113 0.6999999881
15652  -20.307  -65.887  -33.720 0.6000000238
16297  -15.970  -64.510  -35.235 0.5000000000
74584  -17.855  -64.855  -34.640 0.4000000060
16289  -18.991  -64.990  -33.860 0.6000000238
15651  -19.576  -65.553  -34.275 0.6000000238
85681  -16.574  -64.301  -34.670 0.5000000000
87490  -18.391  -64.785  -34.160 0.5000000000
14942  -24.628  -67.577  -34.912 0.5000000000
14927  -24.074  -67.135  -34.187 0.5000000000
15654  -22.588  -66.656  -33.717 0.6999999881
15653  -21.662  -66.527  -33.909 0.6000000238
15639  -21.106  -66.083  -33.291 0.6000000238
16290  -19.647  -65.308  -33.297 0.6000000238
16913  -17.486  -63.517  -33.911 0.5000000000
16288  -17.876  -64.358  -33.971 0.4000000060
16903  -18.589  -63.783  -33.027 0.5000000000
16275  -18.478  -64.424  -33.579 0.5000000000
15656  -24.564  -66.545  -33.594 0.5000000000
15655  -23.576  -66.664  -33.583 0.6000000238
15640  -22.041  -66.199  -33.060 0.6000000238
15641  -23.060  -66.244  -32.919 0.5000000000
16277  -20.422  -65.548  -32.719 0.6999999881
16278  -21.395  -65.627  -32.404 0.5000000000
16276  -19.051  -64.637  -33.051 0.5000000000
16914  -18.069  -63.628  -33.501 0.4000000060
16904  -19.096  -64.014  -32.299 0.5000000000
20153  -16.892  -58.243  -33.652 0.4000000060
20894  -17.251  -57.657  -33.133 0.3000000119
20154  -17.850  -58.416  -33.788 0.4000000060
15642  -24.069  -66.109  -32.943 0.5000000000
20167  -17.623  -58.952  -34.349 0.3000000119
80088  -18.623  -58.979  -34.618 0.4000000060
16280  -23.532  -65.577  -32.316 0.5000000000
75853  -18.451  -59.713  -35.949 0.3000000119
16279  -22.462  -65.654  -32.315 0.5000000000
18919  -19.079  -59.962  -36.241 0.3000000119
16268  -19.699  -64.906  -32.352 0.6999999881
16269  -20.621  -64.922  -31.719 0.6000000238
87942  -19.755  -64.322  -31.642 0.5000000000
16895  -20.364  -63.933  -31.198 0.4000000060
20878  -16.745  -56.692  -32.791 0.3000000119
20879  -17.749  -57.109  -32.597 0.3000000119
20895  -18.161  -58.027  -33.298 0.3000000119
88352  -18.613  -58.644  -33.975 0.4000000060
20168  -19.422  -58.948  -35.612 0.4000000060
20155  -19.373  -58.899  -34.761 0.4000000060
19514  -19.857  -59.479  -36.280 0.4000000060
20169  -20.028  -58.814  -35.620 0.4000000060
16270  -21.824  -65.006  -31.699 0.5000000000
16271  -22.926  -64.981  -31.731 0.5000000000
18920  -20.127  -60.178  -36.197 0.4000000060
16896  -21.316  -64.238  -31.238 0.5000000000
17563  -18.799  -62.015  -33.651 0.3000000119
17551  -19.020  -62.672  -32.904 0.4000000060
16894  -19.697  -63.150  -31.879 0.4000000060
21584  -16.297  -55.821  -32.644 0.3000000119
20880  -18.620  -57.882  -32.840 0.4000000060
16282  -25.474  -64.948  -32.852 0.4000000060
20896  -18.988  -58.569  -33.714 0.4000000060
16905  -25.751  -64.003  -32.676 0.4000000060
20156  -19.838  -58.956  -34.510 0.4000000060
16272  -24.918  -64.462  -32.264 0.4000000060
16898  -23.326  -64.245  -31.380 0.5000000000
19515  -20.448  -59.398  -36.000 0.4000000060
18274  -20.354  -60.599  -34.921 0.3000000119
16897  -22.340  -64.296  -31.300 0.5000000000
17552  -19.747  -61.802  -32.868 0.3000000119
21585  -17.182  -56.028  -32.462 0.3000000119
21571  -18.084  -56.261  -32.133 0.3000000119
20857  -18.540  -57.235  -32.148 0.4000000060
79817  -19.050  -57.959  -32.305 0.4000000060
20122  -19.749  -58.497  -31.842 0.3000000119
20142  -19.442  -58.620  -33.043 0.4000000060
16283  -26.465  -64.532  -33.320 0.4000000060
16906  -27.263  -63.829  -33.648 0.4000000060
16259  -24.022  -64.783  -31.785 0.4000000060
20157  -20.426  -59.447  -34.423 0.3000000119
88908  -24.029  -64.098  -31.429 0.4000000060
18921  -20.620  -60.196  -35.649 0.3000000119
19508  -20.735  -59.709  -35.203 0.3000000119
18260  -20.232  -60.869  -33.915 0.3000000119
82783  -21.053  -63.347  -31.147 0.4000000060
73861  -17.390  -55.414  -32.026 0.3000000119
20858  -19.058  -57.880  -31.441 0.4000000060
17553  -27.445  -63.030  -33.265 0.4000000060
86627  -26.614  -63.541  -33.000 0.4000000060
80459  -20.090  -59.153  -33.552 0.4000000060
87169  -24.518  -64.107  -31.749 0.4000000060
16889  -25.190  -63.575  -31.923 0.4000000060
19496  -20.717  -59.916  -34.082 0.3000000119
18911  -20.656  -60.256  -34.726 0.3000000119
18901  -20.540  -60.475  -33.573 0.3000000119
16886  -22.836  -63.509  -31.087 0.5000000000
17542  -20.219  -62.167  -31.927 0.3000000119
16885  -21.893  -63.486  -31.092 0.4000000060
20859  -20.098  -58.562  -30.654 0.3000000119
20143  -20.211  -59.095  -32.317 0.3000000119
77774  -26.900  -62.787  -32.515 0.3000000119
17544  -26.054  -63.192  -32.319 0.4000000060
19487  -20.979  -60.176  -31.465 0.3000000119
18889  -20.661  -60.230  -32.804 0.3000000119
16887  -23.718  -63.541  -31.142 0.4000000060
82858  -20.565  -60.792  -32.572 0.3000000119
18233  -21.449  -61.760  -31.130 0.3000000119
17543  -20.870  -62.425  -31.336 0.3000000119
17530  -22.349  -62.536  -30.891 0.3000000119
20123  -20.671  -59.149  -30.911 0.3000000119
19474  -20.819  -59.596  -31.275 0.3000000119
78568  -26.375  -62.519  -31.801 0.4000000060
17534  -27.210  -62.181  -31.899 0.4000000060
80159  -24.991  -62.860  -31.308 0.4000000060
17533  -25.659  -62.856  -31.707 0.4000000060
18890  -20.909  -60.843  -31.723 0.3000000119
17531  -23.361  -62.773  -30.840 0.3000000119
19475  -21.536  -59.788  -30.546 0.3000000119
18859  -21.900  -60.194  -30.503 0.3000000119
18237  -25.675  -62.118  -31.195 0.3000000119
18238  -26.648  -61.807  -31.310 0.3000000119
18878  -21.623  -60.854  -30.919 0.3000000119
17532  -24.211  -62.867  -30.927 0.3000000119
18234  -22.315  -61.483  -30.711 0.3000000119
19451  -22.516  -59.547  -30.025 0.3000000119
20862  -24.434  -57.574  -30.701 0.3000000119
86381  -22.816  -59.981  -30.134 0.3000000119
20104  -24.205  -58.660  -29.921 0.3000000119
89217  -20.394  -63.022  -31.361 0.4000000060
18251  -20.288  -61.217  -32.797 0.3000000119
18252  -20.669  -61.501  -31.851 0.3000000119
8898  -32.298  -75.587  -49.700 0.6000000238
9638  -32.339  -73.391  -50.804 0.6999999881
8896  -31.224  -75.343  -49.615 0.6999999881
87115  -37.256  -75.476  -43.268 0.3000000119
10981  -31.450  -72.028  -52.349 0.6000000238
11630  -30.246  -71.855  -52.125 0.5000000000
10970  -24.978  -72.048  -51.249 0.6000000238
9626  -28.752  -74.376  -49.334 0.6999999881
8889  -33.170  -75.515  -48.742 0.6000000238
8884  -29.110  -75.627  -48.012 0.5000000000
9548  -37.613  -74.569  -43.178 0.3000000119
9603  -25.578  -74.338  -47.311 0.6000000238
10293  -38.606  -72.587  -46.930 0.3000000119
10320  -32.851  -73.349  -50.509 0.5000000000
76422  -32.056  -71.429  -50.017 0.4000000060
11587  -23.316  -70.729  -45.843 0.6000000238
13062  -22.945  -69.056  -45.124 0.6000000238
12365  -32.798  -70.963  -47.543 0.4000000060
13680  -24.774  -67.715  -45.676 0.6000000238
87122  -22.789  -72.691  -43.377 0.6000000238
11557  -22.517  -71.297  -43.376 0.6999999881
10872  -20.585  -72.303  -35.684 0.6000000238
12330  -29.538  -70.550  -46.341 0.4000000060
15035  -25.057  -66.027  -43.900 0.4000000060
78034  -21.083  -70.761  -36.985 0.6000000238
10891  -21.915  -72.651  -39.149 0.5000000000
10222  -22.084  -73.595  -39.219 0.4000000060
79262  -22.513  -69.925  -43.287 0.5000000000
12266  -23.223  -70.039  -41.562 0.6000000238
14972  -17.978  -67.196  -38.106 0.6000000238
14940  -22.636  -67.250  -35.202 0.6000000238
16287  -17.220  -64.365  -34.356 0.5000000000
16281  -24.530  -65.315  -32.519 0.4000000060
16888  -24.454  -63.535  -31.383 0.4000000060
17529  -21.528  -62.726  -31.101 0.3000000119
19486  -20.571  -59.644  -32.944 0.3000000119
84544  -18.201  -55.890  -31.333 0.3000000119
77752  -25.246  -77.229  -47.873 0.5000000000
88042  -25.857  -77.106  -47.751 0.5000000000
76006  -26.487  -76.994  -47.651 0.5000000000
7457  -24.308  -77.383  -48.034 0.5000000000
7444  -25.840  -76.859  -47.128 0.5000000000
8181  -27.587  -76.228  -46.965 0.5000000000
7442  -23.880  -77.304  -47.333 0.4000000060
7443  -24.856  -77.071  -47.211 0.5000000000
8180  -26.767  -76.407  -46.906 0.5000000000
7430  -25.351  -76.734  -46.450 0.5000000000
8179  -26.015  -76.451  -46.481 0.5000000000
8167  -25.703  -76.352  -45.902 0.5000000000
8168  -26.324  -76.114  -46.252 0.5000000000
7429  -24.457  -77.071  -46.488 0.5000000000
8868  -26.413  -75.965  -46.211 0.5000000000
8149  -24.626  -76.745  -44.748 0.5000000000
8166  -24.990  -76.727  -45.715 0.5000000000
8150  -25.394  -76.283  -45.203 0.5000000000
8151  -25.852  -76.042  -45.678 0.5000000000
8867  -25.766  -75.667  -45.701 0.5000000000
9594  -26.184  -75.383  -46.536 0.5000000000
8139  -25.245  -76.169  -44.408 0.5000000000
8848  -25.218  -76.014  -43.575 0.5000000000
8857  -25.571  -75.972  -45.000 0.5000000000
9568  -25.319  -75.856  -44.338 0.5000000000
87270  -25.147  -75.699  -43.909 0.5000000000
9578  -25.306  -75.505  -45.021 0.5000000000
90495  -25.232  -74.975  -45.661 0.5000000000
8837  -24.507  -75.763  -41.962 0.5000000000
9556  -23.989  -74.541  -43.116 0.6000000238
76580  -24.751  -75.241  -43.495 0.5000000000
9567  -24.985  -75.318  -44.369 0.5000000000
9566  -24.292  -74.542  -44.425 0.5000000000
9577  -24.647  -74.627  -45.245 0.5000000000
85268  -23.873  -73.926  -45.169 0.5000000000
9593  -25.401  -74.766  -46.387 0.5000000000
8829  -23.911  -75.721  -41.189 0.5000000000
9547  -23.871  -75.001  -41.709 0.5000000000
87418  -23.904  -74.343  -43.815 0.6000000238
10882  -18.150  -72.467  -37.669 0.5000000000
10195  -18.775  -72.938  -36.776 0.6000000238
11526  -18.124  -71.609  -37.666 0.5000000000
10876  -18.586  -72.031  -36.659 0.5000000000
11515  -19.184  -71.767  -35.802 0.6000000238
11522  -19.531  -71.111  -36.238 0.6000000238
11521  -18.787  -71.238  -36.847 0.5000000000
12218  -19.101  -70.261  -37.282 0.6000000238
90238  -18.983  -69.558  -37.663 0.5000000000
12219  -19.876  -70.248  -36.822 0.6000000238
12953  -19.504  -69.434  -37.392 0.6000000238
12972  -18.928  -69.003  -37.842 0.5000000000
80293  -18.284  -68.779  -38.481 0.5000000000
14241  -18.804  -67.893  -38.106 0.5000000000
14240  -18.176  -67.689  -38.449 0.6000000238
86513  -17.179  -66.832  -38.568 0.6000000238
14982  -17.593  -67.379  -38.826 0.5000000000
13609  -18.937  -68.325  -38.050 0.5000000000
14961  -16.864  -66.367  -37.852 0.6000000238
15685  -17.209  -66.215  -37.051 0.6000000238
9558  -38.026  -73.934  -43.911 0.3000000119
10257  -38.941  -73.084  -43.886 0.3000000119
10913  -39.340  -72.308  -42.858 0.3000000119
10275  -38.665  -72.845  -45.852 0.3000000119
9570  -37.654  -74.062  -44.490 0.3000000119
10196  -19.596  -73.594  -36.395 0.5000000000
8169  -27.025  -76.049  -46.685 0.5000000000
8138  -24.904  -76.432  -43.813 0.5000000000
10263  -39.667  -72.425  -45.452 0.3000000119
10262  -38.634  -73.225  -44.766 0.3000000119
80412  -39.600  -72.596  -44.572 0.3000000119
10919  -39.863  -72.313  -43.839 0.3000000119
8822  -23.401  -75.716  -40.351 0.6000000238
9557  -24.395  -75.157  -42.503 0.6000000238
10182  -20.008  -72.331  -35.164 0.6000000238
10185  -19.334  -72.941  -35.930 0.6000000238
10186  -19.836  -72.912  -35.692 0.6000000238
10198  -21.227  -73.781  -37.545 0.5000000000
10329  -31.550  -72.842  -51.529 0.6000000238
10866  -20.002  -72.072  -34.988 0.6000000238
10869  -19.038  -72.365  -35.895 0.6000000238
10871  -20.155  -72.221  -35.191 0.6000000238
10900  -22.288  -72.213  -41.162 0.6000000238
10945  -39.283  -72.028  -47.590 0.3000000119
10952  -38.535  -72.005  -48.179 0.3000000119
10971  -25.404  -72.139  -51.687 0.6000000238
10972  -26.153  -72.342  -51.637 0.5000000000
10974  -33.017  -72.168  -51.080 0.4000000060
10975  -25.442  -72.056  -51.730 0.5000000000
10976  -25.814  -72.125  -51.893 0.5000000000
10977  -26.662  -72.068  -52.004 0.5000000000
10978  -28.553  -72.027  -52.096 0.5000000000
10980  -30.735  -72.042  -52.366 0.6000000238
10982  -25.716  -72.065  -51.939 0.5000000000
11518  -20.816  -71.821  -35.953 0.6000000238
11523  -20.615  -71.272  -36.255 0.6000000238
11547  -22.584  -71.171  -41.859 0.5000000000
11567  -22.574  -71.247  -44.196 0.6999999881
11603  -25.323  -71.524  -49.356 0.5000000000
11604  -31.295  -71.307  -49.299 0.4000000060
11607  -34.812  -71.624  -49.410 0.4000000060
11608  -35.553  -71.493  -49.017 0.3000000119
11622  -29.686  -71.570  -51.347 0.5000000000
11627  -25.768  -71.985  -51.949 0.5000000000
11628  -26.524  -71.932  -51.934 0.5000000000
11631  -31.191  -71.895  -52.221 0.6000000238
12327  -22.769  -69.738  -44.839 0.6000000238
12332  -31.715  -70.560  -45.768 0.5000000000
12352  -34.213  -70.645  -47.027 0.4000000060
13012  -22.969  -69.828  -42.394 0.6000000238
13044  -22.396  -69.765  -44.101 0.6000000238
13682  -23.313  -68.767  -45.705 0.6000000238
13684  -24.167  -67.940  -46.176 0.6000000238
14294  -22.562  -67.189  -43.893 0.5000000000
14300  -23.070  -67.146  -45.050 0.5000000000
14301  -23.633  -67.114  -45.629 0.5000000000
14303  -24.686  -66.717  -45.240 0.6000000238
14304  -23.976  -67.098  -45.868 0.6000000238
15033  -22.858  -65.402  -44.016 0.5000000000
15034  -23.099  -64.971  -43.896 0.5000000000
15042  -22.902  -66.203  -44.365 0.6000000238
15047  -23.897  -66.488  -45.512 0.5000000000
15049  -24.477  -65.665  -44.803 0.5000000000
15731  -24.063  -65.101  -43.468 0.5000000000
15741  -23.226  -64.527  -44.043 0.5000000000
15743  -24.178  -64.497  -43.835 0.5000000000
15744  -24.443  -64.808  -44.030 0.5000000000
15751  -23.440  -64.429  -44.233 0.5000000000
15752  -23.824  -64.413  -44.329 0.5000000000
15753  -24.247  -64.750  -44.387 0.5000000000
15758  -23.676  -65.064  -44.674 0.5000000000
16349  -23.599  -64.168  -44.078 0.5000000000
19507  -19.264  -59.296  -36.060 0.4000000060
20103  -23.378  -59.314  -29.835 0.3000000119
20170  -20.350  -59.205  -35.331 0.4000000060
20174  -19.903  -58.954  -36.129 0.4000000060
77314  -32.083  -71.729  -51.108 0.4000000060
77661  -27.934  -71.846  -51.913 0.5000000000
78864  -22.555  -72.923  -41.358 0.5000000000
79891  -22.671  -66.350  -44.051 0.5000000000
81701  -24.480  -66.247  -43.195 0.5000000000
83254  -23.914  -65.795  -45.167 0.5000000000
88464  -30.683  -70.343  -45.397 0.5000000000
90282  -19.205  -73.394  -36.521 0.5000000000
90400  -21.474  -74.401  -38.011 0.5000000000
