#!ascii label  , from subject sub-01 vox2ras=TkReg
990
9612  -16.199  -73.961  -49.398 0.5000000000
8188  -15.991  -75.897  -49.037 0.5000000000
8201  -16.507  -76.447  -49.200 0.5000000000
7470  -16.690  -76.999  -49.694 0.5000000000
74169  -16.112  -73.010  -50.886 0.5000000000
73524  -16.428  -73.388  -49.282 0.5000000000
80171  -16.719  -74.072  -48.601 0.6000000238
7487  -16.945  -77.490  -50.312 0.5000000000
76561  -16.677  -75.986  -48.807 0.6000000238
8189  -17.256  -75.742  -48.376 0.6000000238
88085  -17.161  -76.688  -49.356 0.6000000238
7471  -17.478  -76.978  -49.875 0.6999999881
75523  -17.932  -76.349  -48.344 0.6999999881
8190  -17.958  -76.619  -49.149 0.6999999881
83701  -18.567  -76.612  -48.466 0.6999999881
7472  -18.442  -76.837  -49.970 0.6999999881
83979  -16.525  -72.729  -49.949 0.5000000000
74032  -16.814  -73.529  -48.006 0.6000000238
9589  -16.863  -74.001  -47.044 0.6000000238
8883  -16.380  -75.182  -48.881 0.5000000000
7488  -17.770  -77.371  -50.614 0.5000000000
7489  -18.570  -77.065  -51.005 0.6999999881
7473  -19.354  -76.678  -49.643 0.6999999881
7451  -18.875  -76.762  -49.008 0.6999999881
7437  -19.239  -76.914  -48.201 0.6999999881
7438  -20.047  -77.268  -47.991 0.6999999881
7452  -19.686  -77.020  -48.804 0.6999999881
71912  -16.655  -72.700  -48.654 0.5000000000
77590  -16.718  -72.708  -47.492 0.6000000238
73547  -16.228  -72.720  -46.535 0.6000000238
84626  -16.760  -73.269  -47.021 0.6000000238
88998  -16.678  -74.093  -45.784 0.6000000238
9602  -17.027  -74.419  -47.799 0.6000000238
81460  -17.022  -74.356  -46.156 0.6000000238
8208  -19.165  -76.557  -51.502 0.6999999881
8873  -16.907  -74.801  -48.475 0.6999999881
7490  -19.238  -76.578  -50.565 0.6999999881
8212  -19.450  -75.994  -52.304 0.6999999881
8874  -17.447  -75.253  -47.597 0.6999999881
8209  -19.744  -76.070  -51.321 0.6999999881
8213  -20.021  -75.640  -52.276 0.6999999881
8175  -17.869  -75.968  -47.761 0.6999999881
8875  -18.058  -75.797  -47.071 0.6999999881
8160  -18.760  -76.050  -46.656 0.6999999881
8210  -20.212  -76.160  -51.117 0.6999999881
8177  -19.617  -76.877  -47.423 0.6999999881
7474  -20.144  -76.887  -49.520 0.6999999881
8203  -19.865  -76.359  -50.348 0.6999999881
7453  -20.542  -77.284  -48.662 0.6999999881
7475  -20.970  -77.289  -49.351 0.6999999881
8178  -20.500  -77.070  -47.199 0.6999999881
7439  -20.973  -77.373  -47.807 0.6999999881
74722  -16.668  -72.018  -47.779 0.5000000000
71906  -16.453  -72.221  -46.945 0.6000000238
71914  -15.597  -73.113  -45.831 0.6000000238
74139  -15.134  -72.470  -45.931 0.5000000000
74880  -15.301  -73.342  -44.881 0.6000000238
84778  -16.987  -70.592  -47.566 0.5000000000
84611  -16.379  -71.752  -46.744 0.5000000000
85907  -16.247  -73.760  -45.426 0.6000000238
9553  -16.400  -74.091  -43.606 0.6000000238
9575  -17.043  -74.410  -45.245 0.6000000238
9563  -16.221  -73.949  -44.512 0.6000000238
9590  -17.254  -74.700  -46.931 0.6000000238
8864  -17.717  -75.213  -46.788 0.6999999881
9591  -17.684  -74.916  -46.101 0.6999999881
8216  -20.684  -75.992  -52.888 0.6999999881
8865  -18.253  -75.465  -46.333 0.6999999881
8214  -20.699  -76.314  -51.780 0.6999999881
8866  -18.916  -75.725  -45.909 0.6999999881
8211  -20.927  -76.945  -50.864 0.6999999881
8219  -20.897  -76.648  -53.507 0.6999999881
79677  -20.014  -76.685  -46.630 0.6000000238
7491  -20.509  -76.804  -50.213 0.6999999881
7502  -21.364  -77.421  -51.507 0.6999999881
75849  -21.144  -77.243  -52.435 0.6999999881
75414  -21.115  -77.769  -53.039 0.6999999881
80818  -21.907  -77.582  -49.120 0.6000000238
7476  -22.321  -77.831  -49.752 0.6999999881
7492  -21.813  -77.715  -50.657 0.6999999881
7426  -21.459  -77.186  -46.981 0.6000000238
7454  -21.472  -77.486  -48.480 0.6999999881
79012  -22.850  -77.767  -48.927 0.6000000238
7440  -21.933  -77.429  -47.629 0.6000000238
7455  -22.409  -77.590  -48.294 0.6000000238
7427  -22.458  -77.263  -46.787 0.6000000238
7428  -23.466  -77.254  -46.614 0.5000000000
7441  -22.900  -77.431  -47.469 0.5000000000
75430  -15.006  -72.900  -44.916 0.6000000238
75257  -14.440  -72.172  -44.959 0.6000000238
10248  -16.029  -73.525  -42.881 0.5000000000
10240  -16.629  -73.899  -42.152 0.6999999881
84779  -16.228  -71.353  -46.083 0.5000000000
84171  -15.162  -71.378  -45.327 0.6000000238
73394  -14.295  -71.761  -44.758 0.6000000238
83966  -17.388  -69.604  -47.268 0.6000000238
83874  -16.962  -70.537  -46.417 0.6000000238
9544  -17.204  -74.627  -42.582 0.4000000060
84827  -16.888  -70.316  -45.592 0.6000000238
9554  -17.203  -74.655  -43.394 0.5000000000
9565  -18.039  -74.937  -43.936 0.6000000238
77004  -17.738  -74.776  -44.710 0.6000000238
8854  -18.385  -75.236  -45.583 0.6999999881
9576  -17.824  -74.836  -45.345 0.6000000238
8855  -19.121  -75.516  -45.171 0.6999999881
8161  -19.471  -76.234  -46.217 0.6000000238
86448  -19.551  -75.908  -45.567 0.6000000238
8162  -20.972  -76.804  -46.356 0.6000000238
7477  -23.303  -78.029  -49.612 0.6000000238
7493  -22.837  -78.141  -50.484 0.6000000238
7503  -22.360  -78.137  -51.477 0.6999999881
6731  -22.095  -78.366  -52.479 0.6999999881
7511  -21.489  -78.462  -53.091 0.6999999881
7456  -23.354  -77.562  -48.151 0.4000000060
7457  -24.308  -77.383  -48.034 0.4000000060
78647  -23.815  -77.766  -48.825 0.5000000000
7504  -23.623  -78.390  -51.268 0.6000000238
76201  -24.052  -78.749  -52.319 0.6000000238
8164  -23.080  -77.175  -45.911 0.5000000000
7442  -23.880  -77.304  -47.333 0.5000000000
78916  -24.800  -77.640  -48.687 0.4000000060
7478  -24.356  -78.028  -49.634 0.6000000238
10911  -15.917  -72.992  -42.063 0.6000000238
10247  -15.210  -72.672  -42.856 0.6000000238
85603  -16.841  -74.013  -41.435 0.6000000238
73148  -16.209  -70.706  -44.792 0.6000000238
88402  -14.961  -71.393  -43.472 0.5000000000
75354  -15.599  -71.266  -42.541 0.6000000238
71907  -15.949  -70.713  -43.597 0.6000000238
83523  -17.170  -74.541  -41.808 0.6000000238
85522  -17.397  -69.412  -46.215 0.6999999881
84173  -16.933  -69.887  -44.168 0.6000000238
13043  -17.392  -69.048  -43.729 0.6000000238
9555  -17.869  -75.103  -42.997 0.5000000000
9545  -17.701  -75.123  -42.118 0.6000000238
80152  -17.611  -68.445  -46.367 0.6000000238
84117  -17.474  -68.983  -44.622 0.6999999881
78398  -18.691  -75.378  -43.378 0.5000000000
71917  -17.551  -68.020  -45.761 0.6999999881
86522  -16.691  -67.303  -45.554 0.6000000238
83485  -18.908  -75.208  -44.024 0.6000000238
8845  -19.424  -75.448  -44.425 0.6000000238
8856  -19.965  -75.808  -44.931 0.6000000238
8146  -20.331  -76.339  -45.688 0.6000000238
8147  -21.492  -76.665  -45.417 0.6000000238
89627  -23.770  -77.070  -44.513 0.6000000238
8163  -22.042  -76.977  -46.113 0.6000000238
8137  -23.691  -77.121  -45.180 0.6000000238
80476  -25.094  -78.149  -50.119 0.6000000238
7494  -24.484  -78.284  -50.629 0.6000000238
6720  -24.739  -78.514  -51.577 0.6000000238
8165  -24.091  -77.120  -45.743 0.5000000000
7429  -24.457  -77.071  -46.488 0.5000000000
6733  -25.740  -78.640  -51.751 0.6000000238
7458  -25.833  -77.452  -48.401 0.4000000060
7495  -25.930  -78.167  -50.101 0.6000000238
10905  -15.875  -72.495  -41.238 0.6000000238
10898  -15.760  -72.013  -40.952 0.5000000000
10231  -16.397  -72.982  -40.608 0.6000000238
85256  -16.842  -73.413  -40.135 0.5000000000
71905  -14.881  -71.914  -42.899 0.6000000238
11546  -15.875  -71.566  -41.452 0.6000000238
10239  -16.390  -73.360  -41.358 0.5000000000
10232  -16.816  -73.745  -40.780 0.5000000000
8820  -17.549  -75.125  -40.678 0.5000000000
12276  -16.375  -70.452  -42.697 0.5000000000
11551  -15.371  -71.844  -42.044 0.6000000238
8827  -17.505  -75.011  -41.424 0.6000000238
14297  -17.470  -67.819  -44.733 0.6999999881
13666  -17.549  -68.342  -43.373 0.6000000238
82205  -17.527  -67.797  -43.894 0.6000000238
8836  -19.137  -75.848  -43.017 0.5000000000
15040  -16.328  -66.813  -44.872 0.5000000000
15041  -16.934  -67.270  -44.656 0.6999999881
8840  -19.587  -75.643  -43.682 0.5000000000
8846  -20.345  -75.785  -44.209 0.5000000000
75506  -23.133  -76.972  -43.927 0.6000000238
8136  -21.957  -76.640  -44.479 0.5000000000
8148  -22.754  -76.991  -45.082 0.6000000238
7459  -26.766  -77.406  -48.293 0.5000000000
7480  -26.375  -77.867  -49.164 0.5000000000
6722  -26.363  -78.446  -50.989 0.6000000238
11540  -16.177  -71.650  -40.519 0.6000000238
10890  -16.630  -72.710  -39.884 0.6000000238
12252  -16.559  -70.829  -40.946 0.6000000238
9518  -17.767  -74.315  -39.195 0.5000000000
11552  -16.398  -70.649  -41.880 0.6000000238
12277  -16.840  -69.810  -42.322 0.6999999881
8821  -18.021  -75.978  -40.249 0.6000000238
13659  -17.389  -68.381  -42.481 0.6000000238
13027  -17.257  -69.068  -42.838 0.6000000238
75385  -18.444  -76.536  -40.799 0.6000000238
15032  -17.033  -67.268  -43.729 0.6000000238
14293  -17.391  -67.757  -43.067 0.6000000238
8835  -18.502  -75.661  -42.445 0.5000000000
8129  -20.550  -76.249  -43.545 0.5000000000
15030  -15.509  -66.600  -44.230 0.5000000000
15031  -16.505  -66.723  -44.101 0.6000000238
8847  -21.291  -76.267  -43.995 0.5000000000
75023  -22.136  -76.753  -43.745 0.6000000238
74578  -24.340  -76.937  -43.770 0.5000000000
76549  -27.349  -77.756  -48.752 0.6000000238
11541  -16.711  -71.024  -39.891 0.6000000238
83156  -17.046  -72.412  -39.165 0.5000000000
10220  -17.275  -73.384  -39.374 0.5000000000
12264  -16.827  -69.919  -41.394 0.6999999881
85750  -18.126  -75.031  -38.988 0.5000000000
13011  -17.127  -69.097  -41.908 0.6000000238
8813  -18.215  -75.793  -39.288 0.5000000000
8093  -18.711  -77.053  -40.183 0.6000000238
14283  -17.285  -67.748  -42.140 0.6999999881
8094  -19.102  -77.135  -41.017 0.6000000238
15017  -16.942  -67.228  -42.759 0.6000000238
8106  -18.778  -76.425  -41.715 0.6000000238
15729  -15.712  -66.334  -42.677 0.6999999881
78471  -16.535  -66.743  -43.313 0.6999999881
8120  -19.727  -76.427  -42.958 0.5000000000
8119  -19.142  -76.294  -42.457 0.5000000000
15739  -15.868  -66.353  -43.562 0.6000000238
15738  -15.299  -66.526  -43.261 0.5000000000
75277  -21.517  -76.800  -43.264 0.6000000238
87936  -14.490  -66.805  -42.846 0.6000000238
8131  -24.807  -76.542  -42.974 0.5000000000
76400  -17.132  -70.843  -39.144 0.6999999881
11533  -17.022  -71.588  -39.126 0.5000000000
10209  -17.681  -72.886  -38.546 0.5000000000
12986  -17.010  -69.557  -39.781 0.8000000119
12239  -17.030  -70.255  -39.529 0.6999999881
10210  -18.304  -73.401  -37.876 0.5000000000
9519  -18.406  -74.420  -38.304 0.5000000000
13637  -17.256  -68.332  -40.587 0.6999999881
12998  -16.997  -69.145  -40.795 0.6999999881
12253  -16.828  -70.112  -40.419 0.8000000119
13650  -17.286  -68.387  -41.535 0.6999999881
9512  -19.223  -74.976  -37.751 0.5000000000
14275  -17.239  -67.743  -41.183 0.6999999881
8064  -18.820  -76.304  -38.806 0.6000000238
8803  -18.671  -75.435  -38.501 0.5000000000
15004  -16.436  -66.680  -41.382 0.6000000238
15005  -16.892  -67.205  -41.787 0.6000000238
7386  -19.959  -77.602  -41.117 0.6000000238
15723  -16.076  -66.310  -42.041 0.6999999881
15016  -16.496  -66.712  -42.410 0.6999999881
76582  -20.610  -77.054  -42.655 0.6000000238
82809  -20.417  -77.446  -41.849 0.6000000238
8121  -21.771  -77.269  -42.447 0.6000000238
8130  -22.723  -77.120  -42.962 0.6000000238
15014  -13.614  -67.042  -42.432 0.6000000238
75296  -23.956  -77.140  -42.993 0.6000000238
88862  -17.218  -69.824  -39.241 0.6000000238
12240  -17.524  -70.231  -38.742 0.5000000000
12228  -17.572  -71.180  -38.510 0.5000000000
9500  -19.060  -73.934  -37.210 0.5000000000
85676  -17.166  -68.810  -39.830 0.8000000119
9501  -19.733  -74.498  -37.018 0.5000000000
7357  -19.158  -77.051  -39.346 0.6000000238
15700  -10.605  -65.741  -40.115 0.6000000238
14993  -16.876  -67.214  -40.745 0.8000000119
15709  -11.355  -65.395  -40.469 0.6000000238
15714  -15.837  -66.283  -40.896 0.6999999881
7375  -19.498  -77.629  -40.118 0.6000000238
14992  -11.800  -65.954  -41.013 0.6000000238
15722  -15.469  -66.256  -41.697 0.6000000238
8108  -21.141  -77.478  -41.995 0.6000000238
8109  -22.018  -77.505  -41.576 0.6000000238
15002  -13.206  -66.595  -41.646 0.6000000238
15003  -14.152  -66.616  -41.912 0.6000000238
15721  -14.666  -66.259  -41.402 0.6000000238
8122  -22.791  -77.262  -42.029 0.6000000238
15015  -15.026  -66.473  -42.310 0.5000000000
8123  -24.262  -76.738  -42.305 0.5000000000
8124  -24.703  -76.246  -42.290 0.5000000000
12971  -18.357  -69.658  -38.120 0.5000000000
12229  -18.212  -70.677  -37.850 0.5000000000
12987  -17.545  -69.302  -39.012 0.6000000238
80293  -18.284  -68.779  -38.481 0.5000000000
88611  -17.362  -68.241  -39.832 0.8000000119
13625  -17.684  -68.489  -39.173 0.6999999881
14265  -17.243  -67.765  -40.222 0.8000000119
8065  -19.525  -76.658  -38.452 0.6000000238
76837  -19.823  -75.475  -37.474 0.5000000000
15701  -11.043  -64.895  -39.764 0.6000000238
8050  -20.501  -76.262  -37.891 0.5000000000
16335  -11.812  -64.654  -40.241 0.6999999881
7376  -20.539  -77.773  -40.271 0.6000000238
7358  -20.188  -77.628  -39.500 0.6000000238
8066  -20.203  -76.777  -38.308 0.6000000238
15710  -12.202  -65.266  -40.697 0.6000000238
8095  -22.194  -77.480  -40.645 0.6000000238
7387  -21.095  -77.623  -41.130 0.6000000238
7359  -21.205  -77.454  -39.510 0.6000000238
15719  -12.718  -65.920  -41.113 0.6000000238
8110  -22.978  -77.199  -41.100 0.6000000238
78127  -23.621  -76.868  -41.701 0.6000000238
8112  -24.219  -76.293  -41.692 0.5000000000
9557  -24.395  -75.157  -42.503 0.5000000000
8841  -24.943  -75.870  -42.704 0.5000000000
76580  -24.751  -75.241  -43.495 0.5000000000
14255  -17.602  -67.848  -39.274 0.6999999881
16317  -10.477  -64.809  -38.194 0.6000000238
16327  -10.679  -64.834  -38.963 0.6000000238
14254  -17.053  -67.190  -39.608 0.8000000119
8787  -20.214  -75.777  -37.566 0.5000000000
75097  -11.177  -64.365  -39.160 0.6000000238
8788  -20.721  -75.676  -37.692 0.5000000000
16328  -11.665  -64.204  -39.609 0.6999999881
75757  -15.869  -66.258  -39.791 0.8000000119
7342  -21.314  -76.991  -38.902 0.6000000238
86876  -21.098  -76.178  -38.090 0.6000000238
16337  -13.000  -64.783  -40.002 0.8000000119
15713  -15.289  -66.064  -40.168 0.6999999881
7377  -21.482  -77.631  -40.251 0.6000000238
8085  -22.543  -76.515  -39.416 0.6000000238
15711  -13.131  -65.316  -40.522 0.6999999881
82299  -13.921  -65.572  -40.467 0.6999999881
77479  -15.054  -66.066  -40.827 0.6000000238
8096  -22.929  -76.949  -40.210 0.6000000238
8097  -23.178  -76.312  -40.027 0.6000000238
15720  -13.735  -65.996  -41.105 0.6000000238
8829  -23.911  -75.721  -41.189 0.5000000000
13608  -18.248  -68.151  -38.611 0.6000000238
76682  -9.892  -65.314  -37.052 0.6000000238
16311  -10.166  -64.689  -37.440 0.6000000238
14982  -17.593  -67.379  -38.826 0.6000000238
16318  -10.972  -64.188  -38.412 0.6000000238
16312  -10.492  -64.266  -37.761 0.6000000238
86513  -17.179  -66.832  -38.568 0.6999999881
16949  -12.050  -63.839  -39.291 0.8000000119
76743  -16.532  -66.547  -39.281 0.6999999881
15706  -16.563  -66.354  -38.542 0.6000000238
16329  -12.387  -64.277  -39.793 0.8000000119
15705  -15.986  -66.067  -38.889 0.6999999881
15702  -13.742  -65.177  -39.821 0.6999999881
15703  -14.423  -65.367  -39.351 0.6000000238
15704  -15.180  -65.774  -39.306 0.8000000119
77662  -9.478  -64.960  -36.079 0.6000000238
14961  -16.864  -66.367  -37.852 0.6000000238
16319  -11.605  -63.906  -38.927 0.6999999881
16943  -12.089  -63.600  -38.608 0.6999999881
15695  -16.194  -65.965  -38.061 0.6000000238
16944  -12.564  -64.033  -39.034 0.8000000119
16320  -13.294  -64.382  -38.603 0.6000000238
16331  -13.881  -64.951  -38.962 0.5000000000
15694  -15.456  -65.593  -38.320 0.6999999881
15684  -16.469  -65.904  -37.247 0.6000000238
16330  -13.159  -64.592  -39.381 0.8000000119
15693  -14.662  -65.230  -38.606 0.6000000238
16296  -9.046  -64.252  -35.622 0.6000000238
16920  -9.354  -63.883  -35.932 0.6000000238
16929  -10.129  -64.011  -37.166 0.6999999881
16304  -9.675  -64.367  -36.569 0.6000000238
16936  -10.903  -63.697  -37.568 0.6999999881
17589  -11.715  -63.267  -37.589 0.6999999881
16942  -11.552  -63.658  -38.220 0.6999999881
79538  -12.733  -63.839  -38.247 0.6000000238
16321  -14.029  -64.678  -38.114 0.6000000238
15683  -15.752  -65.521  -37.444 0.6000000238
15674  -16.793  -65.719  -36.464 0.5000000000
76322  -15.448  -65.097  -36.848 0.6000000238
15673  -16.066  -65.419  -36.640 0.5000000000
16919  -8.771  -63.904  -35.237 0.6000000238
74704  -9.835  -63.809  -36.526 0.6999999881
16930  -10.476  -63.517  -36.761 0.6999999881
16937  -12.274  -63.425  -37.878 0.5000000000
16938  -13.028  -63.561  -37.367 0.6999999881
16313  -13.417  -64.145  -37.891 0.6000000238
16314  -14.032  -64.223  -37.152 0.6000000238
16322  -14.899  -65.003  -37.568 0.6000000238
16305  -14.901  -64.605  -36.559 0.5000000000
16306  -15.616  -64.899  -36.099 0.5000000000
17540  -9.383  -62.553  -32.427 0.6999999881
81073  -9.963  -62.433  -33.080 0.6999999881
17541  -10.073  -61.966  -32.262 0.6999999881
16910  -9.113  -63.498  -34.739 0.6000000238
18257  -10.659  -61.735  -32.890 0.6999999881
18250  -11.205  -60.936  -32.699 0.6999999881
18888  -11.694  -60.120  -32.488 0.6000000238
78742  -9.394  -63.572  -35.396 0.6999999881
17558  -9.758  -62.925  -34.044 0.6999999881
18267  -10.555  -62.172  -33.747 0.6999999881
16921  -10.154  -63.294  -35.886 0.6999999881
16911  -9.899  -63.080  -34.996 0.6999999881
18258  -11.258  -61.433  -33.619 0.6999999881
16931  -11.249  -63.170  -36.929 0.6999999881
89858  -11.829  -62.881  -36.955 0.6000000238
17590  -12.318  -63.055  -37.190 0.6000000238
16932  -13.630  -63.498  -36.498 0.6000000238
89628  -14.043  -63.403  -35.850 0.6000000238
16933  -14.371  -63.972  -36.174 0.6000000238
16934  -15.105  -64.274  -35.714 0.6000000238
16923  -15.358  -63.699  -35.026 0.6000000238
88704  -9.612  -62.213  -31.777 0.6999999881
18249  -10.682  -61.281  -32.061 0.6999999881
76026  -11.228  -60.506  -31.893 0.6000000238
19470  -11.780  -59.810  -31.779 0.6000000238
19484  -12.265  -59.558  -32.279 0.6000000238
88753  -12.671  -59.524  -32.560 0.4000000060
18898  -11.755  -60.624  -33.261 0.6000000238
90112  -12.352  -59.956  -32.944 0.5000000000
19494  -13.207  -59.618  -32.988 0.4000000060
20151  -13.950  -59.017  -32.711 0.5000000000
17567  -10.548  -62.716  -35.270 0.8000000119
88931  -11.026  -61.937  -34.309 0.6999999881
87733  -12.416  -60.645  -33.698 0.5000000000
18899  -12.959  -60.258  -33.446 0.4000000060
18900  -13.591  -60.198  -33.617 0.4000000060
19495  -14.249  -59.631  -33.475 0.4000000060
86755  -14.956  -59.412  -33.656 0.4000000060
17580  -10.993  -62.642  -35.786 0.8000000119
85340  -11.573  -62.247  -35.680 0.8000000119
17568  -11.176  -62.159  -35.063 0.8000000119
18268  -11.609  -61.554  -34.474 0.8000000119
76437  -12.419  -61.327  -34.459 0.6000000238
18907  -13.282  -60.890  -34.052 0.5000000000
89583  -10.894  -63.031  -36.357 0.6999999881
17582  -12.240  -62.642  -36.508 0.8000000119
17570  -12.785  -62.457  -35.860 0.6999999881
18908  -14.290  -60.571  -34.111 0.4000000060
19503  -15.012  -59.922  -34.038 0.4000000060
17584  -13.497  -62.907  -35.868 0.5000000000
17571  -14.184  -62.870  -35.350 0.6000000238
16922  -14.647  -63.559  -35.492 0.6000000238
17572  -14.934  -62.866  -34.933 0.6000000238
17528  -10.203  -61.736  -31.382 0.6000000238
18232  -10.909  -61.063  -31.260 0.5000000000
18855  -11.554  -60.391  -31.054 0.5000000000
18877  -12.101  -59.791  -31.129 0.4000000060
19471  -12.442  -59.422  -31.753 0.5000000000
19485  -13.099  -59.205  -32.231 0.5000000000
87856  -14.474  -58.378  -32.537 0.5000000000
75660  -14.871  -58.815  -33.180 0.5000000000
20141  -15.040  -57.831  -32.738 0.5000000000
18280  -11.926  -61.782  -35.194 0.6999999881
78869  -13.192  -61.556  -34.674 0.5000000000
20152  -15.816  -58.210  -33.431 0.5000000000
17569  -12.119  -62.204  -35.846 0.8000000119
18269  -13.959  -61.461  -34.561 0.5000000000
90218  -15.127  -60.534  -34.374 0.5000000000
19504  -15.636  -59.264  -34.025 0.4000000060
18282  -13.550  -62.202  -35.167 0.5000000000
18283  -14.468  -62.143  -34.801 0.5000000000
18270  -14.835  -61.255  -34.528 0.5000000000
18909  -15.730  -60.033  -34.586 0.5000000000
18284  -15.437  -61.819  -34.583 0.6000000238
18215  -11.171  -61.055  -30.456 0.5000000000
89459  -11.946  -60.112  -30.649 0.5000000000
19448  -12.867  -59.659  -31.173 0.4000000060
87157  -11.797  -60.554  -30.243 0.5000000000
18856  -12.519  -60.175  -30.427 0.4000000060
78556  -13.088  -59.248  -31.712 0.5000000000
20139  -14.052  -58.565  -32.159 0.5000000000
20140  -14.635  -57.735  -32.181 0.4000000060
20892  -15.615  -57.308  -32.857 0.4000000060
18857  -13.502  -60.082  -30.556 0.4000000060
19472  -13.719  -58.836  -31.884 0.5000000000
77875  -13.700  -59.334  -31.274 0.4000000060
19473  -14.220  -58.665  -31.599 0.4000000060
20121  -14.428  -58.000  -31.854 0.5000000000
20876  -15.180  -56.818  -32.359 0.4000000060
18848  -14.226  -60.683  -29.931 0.4000000060
86420  -15.742  -60.217  -30.267 0.4000000060
19450  -15.167  -59.559  -30.667 0.4000000060
19449  -14.564  -59.082  -31.106 0.4000000060
20100  -14.844  -58.099  -31.249 0.4000000060
20838  -14.823  -57.297  -31.493 0.5000000000
20856  -14.743  -56.986  -31.901 0.4000000060
21556  -14.888  -56.508  -31.387 0.4000000060
21582  -15.014  -56.082  -32.006 0.4000000060
18210  -15.962  -61.098  -29.457 0.4000000060
18850  -16.662  -60.447  -29.792 0.3000000119
20101  -15.844  -59.405  -30.431 0.3000000119
72095  -15.241  -58.760  -30.764 0.4000000060
73501  -17.482  -58.122  -28.799 0.4000000060
84940  -17.155  -58.806  -29.402 0.3000000119
73271  -16.549  -59.047  -29.982 0.3000000119
84402  -15.814  -58.442  -30.179 0.4000000060
74145  -15.262  -56.600  -29.737 0.5000000000
74301  -15.031  -56.178  -30.658 0.4000000060
73959  -15.097  -55.705  -31.422 0.4000000060
22240  -16.042  -55.199  -32.374 0.3000000119
85114  -15.334  -56.556  -28.885 0.5000000000
72100  -15.559  -55.057  -31.328 0.3000000119
18851  -17.773  -59.978  -29.116 0.4000000060
72089  -17.592  -57.540  -27.941 0.4000000060
73039  -16.674  -57.456  -28.520 0.4000000060
84112  -15.694  -57.252  -29.026 0.5000000000
73909  -16.657  -57.216  -27.918 0.4000000060
73115  -15.223  -55.899  -29.163 0.4000000060
72086  -15.224  -55.718  -30.043 0.4000000060
83902  -15.140  -56.173  -28.365 0.3000000119
73882  -18.296  -58.629  -28.191 0.4000000060
20821  -15.945  -57.180  -27.477 0.3000000119
74462  -15.291  -56.563  -27.612 0.4000000060
73095  -15.560  -55.014  -30.473 0.3000000119
74260  -15.930  -57.643  -26.631 0.3000000119
21528  -14.708  -56.382  -26.821 0.3000000119
86553  -14.181  -72.104  -44.402 0.6000000238
84520  -14.381  -71.764  -43.956 0.5000000000
89586  -15.939  -76.392  -49.245 0.5000000000
8202  -17.252  -76.330  -48.860 0.6000000238
8176  -18.666  -76.434  -47.594 0.6999999881
89388  -17.405  -74.646  -45.711 0.5000000000
90613  -19.308  -76.480  -46.909 0.6999999881
71911  -15.257  -73.305  -43.793 0.6000000238
85485  -21.364  -77.401  -49.983 0.6999999881
84825  -17.183  -69.730  -45.135 0.6999999881
87972  -23.718  -78.206  -50.312 0.6000000238
6732  -23.094  -78.562  -52.051 0.6000000238
7479  -25.378  -77.918  -49.345 0.5000000000
73122  -17.527  -68.757  -45.527 0.6999999881
8135  -20.886  -76.245  -44.748 0.5000000000
6721  -25.394  -78.346  -50.884 0.6000000238
86605  -23.535  -77.118  -42.376 0.6000000238
14981  -16.420  -66.695  -40.281 0.8000000119
81816  -14.388  -65.879  -40.774 0.6000000238
8111  -23.596  -76.480  -40.823 0.6000000238
8806  -22.265  -75.690  -38.809 0.6000000238
15712  -14.553  -65.738  -40.081 0.6999999881
17583  -12.885  -62.985  -36.570 0.5000000000
16297  -15.970  -64.510  -35.235 0.5000000000
17549  -9.134  -63.005  -33.255 0.6999999881
16902  -8.902  -63.415  -34.011 0.6000000238
17559  -10.507  -62.493  -34.573 0.8000000119
18259  -11.869  -61.050  -33.952 0.6000000238
18281  -12.652  -61.895  -35.207 0.6000000238
18849  -15.123  -60.668  -29.968 0.4000000060
18858  -14.569  -60.002  -30.615 0.4000000060
72088  -16.473  -59.869  -30.209 0.3000000119
74863  -15.330  -57.947  -30.574 0.4000000060
74452  -15.115  -57.124  -30.706 0.4000000060
21583  -15.579  -55.830  -32.436 0.4000000060
84107  -16.446  -58.060  -29.370 0.3000000119
72097  -15.538  -57.563  -29.875 0.4000000060
73871  -15.465  -55.293  -32.037 0.4000000060
72084  -15.234  -55.510  -30.788 0.4000000060
73307  -15.747  -56.946  -28.249 0.5000000000
72092  -15.436  -55.084  -29.554 0.4000000060
76357  -15.250  -57.086  -26.796 0.3000000119
22189  -14.917  -55.786  -27.690 0.3000000119
4870  -23.219  -80.827  -52.996 0.5000000000
4863  -24.576  -81.242  -52.519 0.5000000000
4850  -24.981  -81.713  -51.924 0.5000000000
90432  -25.450  -81.676  -51.380 0.5000000000
4851  -25.892  -81.439  -51.878 0.5000000000
4298  -26.389  -81.771  -50.364 0.6000000238
5433  -22.645  -80.212  -53.441 0.5000000000
5435  -24.105  -80.693  -53.088 0.5000000000
5421  -24.815  -80.515  -52.953 0.5000000000
4865  -26.525  -80.821  -52.198 0.5000000000
4299  -27.278  -81.767  -50.065 0.6000000238
4853  -27.325  -80.883  -51.852 0.6000000238
4848  -27.124  -81.442  -51.041 0.6000000238
5432  -21.793  -79.698  -53.534 0.4000000060
6756  -19.393  -77.055  -54.907 0.4000000060
6763  -19.868  -77.728  -54.326 0.4000000060
6034  -19.964  -78.648  -53.700 0.5000000000
6035  -20.385  -78.416  -53.774 0.5000000000
81180  -20.738  -79.208  -53.577 0.5000000000
6036  -21.069  -78.887  -53.464 0.5000000000
4846  -28.444  -81.417  -49.205 0.6000000238
4843  -28.715  -81.255  -48.679 0.6000000238
6029  -22.745  -79.770  -53.529 0.5000000000
6031  -24.445  -80.024  -53.410 0.5000000000
6030  -23.446  -79.747  -53.393 0.5000000000
5407  -28.568  -80.943  -50.005 0.6000000238
5436  -25.393  -80.116  -53.002 0.5000000000
87392  -27.300  -80.236  -52.345 0.6000000238
88913  -28.058  -80.884  -51.302 0.6000000238
5408  -28.835  -80.761  -49.304 0.6000000238
5410  -28.845  -80.243  -50.159 0.6000000238
6005  -29.434  -79.988  -48.138 0.6999999881
77286  -29.129  -80.154  -49.175 0.6000000238
7507  -19.176  -76.824  -53.188 0.6000000238
8217  -19.260  -75.705  -55.417 0.6000000238
8903  -20.054  -75.432  -54.782 0.6000000238
7512  -18.957  -76.323  -55.926 0.5000000000
7515  -19.582  -76.155  -56.383 0.5000000000
8222  -21.674  -75.375  -56.084 0.6000000238
6764  -20.400  -77.718  -54.172 0.5000000000
7514  -20.578  -76.859  -55.798 0.5000000000
6037  -21.970  -79.337  -53.421 0.5000000000
6757  -21.270  -78.632  -53.277 0.5000000000
4840  -28.773  -81.465  -47.908 0.6999999881
5401  -29.308  -80.765  -47.599 0.6000000238
6020  -25.075  -79.612  -52.901 0.5000000000
86154  -26.041  -79.731  -52.712 0.5000000000
6022  -27.575  -79.680  -52.251 0.6000000238
5405  -29.068  -80.717  -48.496 0.6999999881
5413  -28.515  -80.166  -51.681 0.6000000238
6014  -28.759  -79.758  -50.613 0.6000000238
6011  -28.896  -79.698  -49.714 0.6000000238
6008  -29.153  -79.524  -48.768 0.6999999881
6009  -29.387  -79.281  -47.932 0.6999999881
6006  -29.848  -79.337  -47.375 0.6000000238
8215  -19.532  -75.824  -53.754 0.6000000238
8218  -20.794  -75.752  -54.235 0.6000000238
7510  -20.638  -77.269  -54.036 0.6000000238
6758  -22.524  -79.196  -53.105 0.5000000000
6744  -23.240  -78.974  -52.652 0.6000000238
4836  -29.055  -81.408  -46.853 0.6999999881
6759  -23.496  -79.380  -53.090 0.5000000000
76249  -25.049  -78.943  -52.380 0.5000000000
5396  -29.631  -80.819  -46.823 0.5000000000
5392  -30.681  -81.380  -45.548 0.6000000238
6745  -24.452  -79.216  -52.795 0.6000000238
6735  -27.639  -79.153  -51.742 0.5000000000
5402  -29.786  -80.135  -47.180 0.6000000238
6736  -28.248  -79.356  -51.424 0.5000000000
6725  -28.591  -79.355  -50.090 0.5000000000
6708  -30.526  -78.645  -46.925 0.6000000238
6716  -28.740  -79.030  -49.106 0.5000000000
6712  -29.139  -78.903  -48.084 0.6000000238
6713  -29.859  -78.471  -47.226 0.5000000000
7462  -30.687  -77.233  -47.480 0.5000000000
7446  -30.993  -77.696  -47.199 0.5000000000
89445  -19.139  -76.699  -52.220 0.6000000238
7501  -18.816  -77.411  -52.103 0.4000000060
5397  -30.310  -80.476  -46.340 0.6000000238
6734  -26.698  -78.842  -51.770 0.5000000000
82038  -30.907  -79.807  -46.297 0.5000000000
83008  -27.976  -78.901  -50.968 0.5000000000
6000  -30.397  -79.545  -46.798 0.5000000000
6715  -28.231  -78.816  -49.976 0.5000000000
6709  -31.335  -78.165  -46.837 0.5000000000
7483  -28.870  -78.499  -48.135 0.6000000238
7461  -29.440  -78.159  -47.295 0.6000000238
7500  -18.029  -77.821  -51.489 0.4000000060
77011  -27.264  -78.668  -51.030 0.5000000000
6001  -31.647  -79.588  -45.995 0.5000000000
6723  -27.683  -78.581  -50.340 0.5000000000
7481  -27.819  -78.251  -49.363 0.5000000000
6704  -31.773  -78.668  -46.416 0.5000000000
6002  -32.222  -79.016  -45.985 0.5000000000
6697  -32.840  -78.829  -45.655 0.5000000000
6698  -33.686  -78.439  -45.274 0.5000000000
7419  -34.410  -77.627  -45.193 0.5000000000
7460  -28.935  -77.736  -47.581 0.6000000238
6710  -32.031  -77.934  -46.823 0.5000000000
82810  -29.904  -77.217  -47.354 0.6000000238
7448  -32.424  -77.287  -47.292 0.5000000000
8193  -30.518  -76.548  -48.066 0.5000000000
8194  -31.456  -76.534  -48.690 0.5000000000
6705  -32.394  -78.367  -46.266 0.5000000000
6706  -32.977  -77.996  -45.995 0.5000000000
7418  -33.630  -77.505  -45.855 0.5000000000
79925  -28.194  -77.641  -48.201 0.5000000000
8191  -28.719  -76.911  -47.421 0.6000000238
7431  -32.554  -77.764  -46.603 0.5000000000
8140  -35.215  -77.206  -44.776 0.5000000000
8185  -33.101  -76.602  -47.354 0.5000000000
7445  -27.633  -76.912  -47.566 0.5000000000
8170  -33.655  -76.784  -46.422 0.5000000000
8152  -34.133  -77.001  -45.792 0.5000000000
8153  -34.723  -76.754  -45.420 0.5000000000
8154  -35.460  -76.419  -45.094 0.4000000060
8171  -34.295  -76.358  -46.104 0.4000000060
84044  -16.734  -71.322  -48.214 0.4000000060
15699  -10.383  -65.494  -39.451 0.5000000000
15682  -10.113  -65.369  -37.954 0.5000000000
83300  -9.931  -65.887  -38.497 0.5000000000
15672  -9.778  -66.012  -36.314 0.5000000000
89024  -9.847  -65.995  -37.053 0.5000000000
17539  -8.559  -63.015  -32.533 0.5000000000
17526  -8.956  -62.632  -31.743 0.5000000000
7496  -27.003  -78.257  -50.019 0.5000000000
89741  -27.794  -81.403  -50.569 0.6000000238
5422  -26.305  -80.219  -52.660 0.6000000238
6013  -28.600  -79.747  -51.346 0.6000000238
8904  -19.678  -75.294  -55.750 0.6000000238
6746  -26.031  -79.216  -52.391 0.5000000000
4837  -29.818  -81.226  -46.080 0.6999999881
7447  -31.755  -77.509  -47.414 0.5000000000
6703  -31.069  -79.035  -46.537 0.5000000000
7482  -28.429  -78.357  -48.713 0.5000000000
7432  -33.038  -77.307  -46.588 0.5000000000
8858  -34.958  -75.973  -45.703 0.4000000060
4826  -32.549  -82.048  -44.393 0.5000000000
5387  -32.844  -81.176  -44.536 0.6000000238
5394  -32.763  -80.483  -44.966 0.6000000238
4833  -32.333  -81.448  -44.938 0.6000000238
4244  -31.151  -82.498  -44.801 0.4000000060
5998  -33.324  -79.546  -44.920 0.4000000060
5997  -32.462  -79.654  -45.497 0.4000000060
5393  -32.026  -80.564  -45.461 0.6000000238
4832  -31.598  -81.573  -45.240 0.5000000000
5398  -31.175  -80.546  -45.788 0.5000000000
90141  -28.607  -81.822  -47.385 0.6000000238
4839  -28.299  -82.175  -47.751 0.6000000238
4842  -28.362  -81.848  -48.483 0.6000000238
4280  -27.839  -82.329  -48.366 0.6000000238
4288  -28.053  -81.922  -48.991 0.5000000000
4286  -26.636  -81.971  -49.394 0.5000000000
75714  -25.671  -81.839  -49.897 0.4000000060
4297  -24.860  -81.810  -50.387 0.5000000000
4321  -24.266  -81.891  -52.083 0.4000000060
87882  -21.770  -74.887  -38.373 0.4000000060
9520  -22.375  -74.691  -39.221 0.4000000060
8814  -22.909  -75.699  -39.572 0.5000000000
16924  -16.099  -63.703  -34.637 0.5000000000
17560  -16.441  -62.882  -34.341 0.4000000060
89562  -16.074  -61.803  -34.529 0.4000000060
17550  -18.477  -62.917  -33.329 0.4000000060
18285  -16.470  -60.970  -34.727 0.4000000060
17574  -16.666  -61.772  -34.439 0.4000000060
18916  -15.705  -60.778  -34.597 0.4000000060
80110  -17.250  -60.287  -35.234 0.4000000060
18272  -18.978  -61.136  -34.538 0.4000000060
18917  -16.541  -60.215  -34.945 0.4000000060
19513  -17.515  -59.873  -35.377 0.4000000060
18288  -20.034  -60.686  -35.420 0.4000000060
18910  -16.544  -59.661  -34.714 0.4000000060
19505  -17.340  -59.424  -34.806 0.4000000060
20877  -15.885  -56.525  -32.792 0.3000000119
20893  -16.322  -57.397  -33.104 0.3000000119
17562  -18.075  -62.299  -33.763 0.4000000060
17561  -17.214  -62.335  -34.052 0.4000000060
18271  -18.154  -61.205  -34.810 0.4000000060
18286  -17.490  -60.788  -35.104 0.4000000060
18273  -19.547  -61.184  -34.018 0.4000000060
18287  -19.247  -60.571  -35.658 0.4000000060
76004  -18.420  -60.462  -35.694 0.4000000060
18918  -18.006  -60.118  -35.825 0.4000000060
87230  -34.671  -77.639  -39.768 0.3000000119
7378  -34.919  -77.964  -40.306 0.3000000119
6643  -34.206  -78.064  -40.054 0.4000000060
6656  -34.490  -78.443  -40.749 0.4000000060
5955  -33.151  -79.088  -40.980 0.3000000119
6655  -33.674  -78.562  -40.502 0.3000000119
5970  -33.967  -78.923  -41.292 0.4000000060
78173  -32.700  -79.575  -41.331 0.3000000119
5969  -33.314  -79.554  -41.840 0.3000000119
5367  -32.513  -80.266  -41.876 0.3000000119
5368  -33.046  -80.252  -42.434 0.3000000119
5376  -32.599  -80.997  -42.589 0.3000000119
5377  -33.159  -80.685  -43.143 0.3000000119
4811  -31.010  -81.502  -42.434 0.3000000119
4803  -32.087  -81.182  -42.208 0.3000000119
4813  -32.189  -82.040  -42.836 0.3000000119
4814  -32.653  -81.544  -43.127 0.3000000119
4812  -31.718  -81.919  -42.581 0.4000000060
7388  -35.118  -78.217  -40.910 0.3000000119
6642  -33.374  -78.052  -39.821 0.4000000060
6664  -34.788  -78.562  -41.614 0.4000000060
5980  -34.130  -79.155  -42.205 0.4000000060
5968  -32.109  -79.842  -41.229 0.3000000119
5979  -33.635  -79.825  -42.739 0.4000000060
5366  -31.851  -80.544  -41.678 0.3000000119
5365  -31.065  -80.614  -41.863 0.4000000060
4820  -32.932  -81.524  -43.643 0.4000000060
4819  -32.419  -82.495  -43.529 0.3000000119
5375  -30.193  -80.757  -42.225 0.3000000119
7379  -35.546  -77.772  -40.600 0.3000000119
6665  -35.598  -77.951  -41.466 0.3000000119
6641  -32.538  -77.982  -39.523 0.4000000060
6673  -34.746  -78.732  -42.623 0.3000000119
5954  -32.377  -79.220  -40.791 0.3000000119
6654  -32.705  -78.594  -40.249 0.4000000060
5986  -34.251  -79.353  -43.136 0.4000000060
5952  -30.759  -79.153  -41.141 0.3000000119
5985  -33.795  -80.042  -43.512 0.4000000060
5967  -31.318  -79.848  -41.418 0.3000000119
82065  -33.855  -80.161  -43.962 0.4000000060
5991  -33.860  -79.807  -44.277 0.5000000000
5966  -30.351  -79.789  -41.784 0.3000000119
4827  -33.081  -81.409  -44.119 0.4000000060
5388  -33.364  -80.482  -44.316 0.4000000060
82938  -29.253  -80.756  -42.615 0.3000000119
7380  -36.104  -77.438  -40.897 0.3000000119
6653  -31.871  -78.385  -39.823 0.4000000060
6681  -34.777  -78.823  -43.493 0.4000000060
5992  -34.298  -79.516  -43.888 0.4000000060
6652  -31.156  -78.628  -40.359 0.4000000060
5951  -29.845  -79.129  -41.409 0.3000000119
86536  -29.530  -79.942  -42.215 0.3000000119
6674  -35.275  -78.279  -42.228 0.3000000119
6690  -34.748  -78.770  -44.166 0.5000000000
6699  -34.420  -78.413  -44.727 0.4000000060
6651  -30.142  -78.584  -40.681 0.4000000060
6663  -28.361  -78.916  -41.509 0.3000000119
6650  -29.072  -78.586  -40.997 0.3000000119
5965  -29.035  -79.308  -41.852 0.3000000119
5374  -28.327  -80.640  -42.918 0.3000000119
5978  -28.652  -79.931  -42.516 0.3000000119
6682  -35.288  -78.251  -43.028 0.3000000119
6691  -35.315  -78.268  -43.830 0.4000000060
6662  -27.590  -78.951  -41.514 0.3000000119
5964  -28.068  -79.389  -42.127 0.3000000119
5977  -27.772  -80.028  -42.644 0.3000000119
6661  -26.790  -79.013  -41.301 0.3000000119
5363  -26.284  -80.355  -41.784 0.3000000119
5963  -27.077  -79.628  -41.982 0.3000000119
5364  -26.979  -80.566  -42.355 0.3000000119
7409  -35.709  -77.589  -44.161 0.3000000119
7408  -35.003  -78.009  -44.471 0.4000000060
4192  -25.926  -82.504  -41.195 0.3000000119
7395  -36.222  -77.296  -42.966 0.3000000119
7402  -36.344  -77.036  -43.712 0.3000000119
8141  -36.009  -76.845  -44.521 0.3000000119
17573  -15.793  -62.718  -34.579 0.5000000000
20153  -16.892  -58.243  -33.652 0.5000000000
20166  -16.620  -58.946  -34.181 0.4000000060
16912  -16.784  -63.605  -34.253 0.5000000000
4802  -31.602  -81.176  -42.093 0.3000000119
5382  -33.422  -80.717  -43.792 0.4000000060
86939  -31.949  -78.885  -40.336 0.4000000060
5953  -31.631  -79.277  -40.841 0.3000000119
89773  -29.682  -79.542  -41.815 0.3000000119
6689  -34.100  -79.109  -44.521 0.4000000060
5373  -27.561  -80.754  -42.835 0.3000000119
4801  -26.220  -81.423  -41.954 0.3000000119
4278  -26.628  -82.139  -48.694 0.5000000000
79013  -26.283  -82.233  -48.250 0.5000000000
4279  -27.126  -82.361  -48.239 0.5000000000
4835  -28.504  -82.014  -46.979 0.5000000000
4830  -29.452  -81.594  -45.850 0.4000000060
4825  -32.021  -82.602  -44.742 0.5000000000
3692  -31.903  -83.997  -43.991 0.3000000119
77893  -32.756  -82.226  -43.992 0.4000000060
4202  -31.859  -82.730  -43.022 0.3000000119
4203  -32.084  -82.981  -43.281 0.3000000119
6640  -30.457  -78.088  -39.953 0.3000000119
7365  -29.892  -77.600  -39.459 0.3000000119
81963  -31.200  -78.086  -39.727 0.3000000119
7367  -33.119  -77.555  -39.316 0.3000000119
7350  -32.476  -77.334  -38.988 0.3000000119
7366  -30.781  -77.630  -39.322 0.3000000119
83340  -31.838  -77.114  -38.708 0.3000000119
6628  -31.688  -77.726  -39.206 0.3000000119
7368  -33.962  -77.433  -39.402 0.3000000119
7349  -31.123  -77.172  -38.748 0.3000000119
7351  -33.262  -76.923  -38.879 0.3000000119
4296  -24.231  -81.898  -50.874 0.3000000119
4831  -30.220  -81.915  -45.321 0.5000000000
89393  -27.974  -82.471  -47.799 0.5000000000
4229  -32.269  -83.161  -44.138 0.3000000119
19506  -18.392  -59.362  -35.341 0.3000000119
4277  -25.761  -81.930  -49.031 0.4000000060
79014  -25.316  -82.029  -48.324 0.4000000060
3696  -25.858  -82.678  -45.088 0.4000000060
4238  -25.671  -82.547  -45.964 0.4000000060
78100  -26.435  -82.436  -46.748 0.4000000060
77706  -27.361  -82.448  -47.032 0.4000000060
4256  -28.340  -82.192  -46.340 0.4000000060
4267  -25.864  -82.320  -47.571 0.4000000060
86921  -26.837  -82.407  -47.621 0.4000000060
4269  -28.028  -82.425  -47.201 0.4000000060
3687  -25.083  -83.042  -44.151 0.3000000119
3697  -26.600  -82.528  -45.099 0.4000000060
4224  -27.316  -82.422  -45.574 0.4000000060
4253  -25.330  -82.430  -46.797 0.4000000060
4239  -26.552  -82.522  -45.818 0.4000000060
4255  -27.765  -82.435  -46.391 0.4000000060
3688  -26.132  -82.749  -44.306 0.3000000119
4241  -28.833  -81.965  -45.478 0.3000000119
4242  -29.684  -82.051  -45.163 0.3000000119
4240  -28.131  -82.247  -45.636 0.3000000119
4243  -30.544  -82.556  -44.717 0.3000000119
4257  -28.897  -81.806  -46.117 0.3000000119
3148  -25.615  -84.503  -37.291 0.3000000119
79724  -25.253  -84.129  -36.337 0.3000000119
6648  -26.609  -78.552  -40.607 0.3000000119
4149  -24.522  -82.816  -36.251 0.3000000119
4161  -23.581  -81.784  -36.978 0.3000000119
4782  -23.473  -80.840  -38.790 0.3000000119
90422  -23.430  -80.198  -38.807 0.3000000119
5944  -24.281  -79.278  -39.279 0.3000000119
5948  -24.849  -79.120  -40.093 0.3000000119
6635  -25.379  -78.411  -39.601 0.3000000119
6636  -26.323  -78.093  -39.725 0.3000000119
88214  -23.192  -80.931  -36.748 0.3000000119
5342  -23.066  -80.400  -37.236 0.3000000119
5937  -23.368  -79.812  -38.244 0.3000000119
5938  -23.892  -79.413  -38.610 0.3000000119
6626  -24.422  -78.790  -38.438 0.3000000119
3622  -25.348  -83.863  -37.066 0.3000000119
4783  -23.761  -81.784  -38.659 0.3000000119
4162  -24.170  -82.578  -37.005 0.3000000119
4163  -24.832  -83.254  -37.036 0.3000000119
4777  -23.886  -82.204  -37.806 0.3000000119
4776  -23.358  -81.191  -37.797 0.3000000119
5341  -22.978  -79.965  -36.925 0.3000000119
3664  -32.102  -83.482  -43.694 0.3000000119
4254  -27.144  -82.488  -46.330 0.4000000060
4268  -27.628  -82.476  -47.752 0.5000000000
4287  -27.541  -82.001  -49.190 0.5000000000
4307  -24.276  -81.955  -51.521 0.5000000000
4308  -24.838  -81.819  -51.126 0.3000000119
4309  -26.156  -81.586  -51.175 0.5000000000
4771  -23.440  -81.389  -36.312 0.3000000119
4845  -28.044  -81.590  -49.813 0.6000000238
4852  -26.626  -81.280  -51.678 0.6000000238
4862  -23.715  -81.607  -52.415 0.4000000060
4864  -25.508  -80.856  -52.493 0.5000000000
5347  -23.050  -80.013  -37.582 0.3000000119
5348  -23.161  -80.367  -38.136 0.3000000119
5412  -28.015  -80.435  -52.036 0.6000000238
5414  -28.793  -80.070  -51.057 0.6000000238
5423  -28.116  -80.036  -52.228 0.6000000238
5434  -23.572  -80.100  -53.538 0.5000000000
5925  -23.021  -79.637  -36.444 0.3000000119
5943  -23.757  -79.800  -39.108 0.3000000119
6016  -28.275  -79.684  -51.927 0.6000000238
6019  -24.115  -79.632  -53.250 0.5000000000
6021  -26.790  -79.756  -52.496 0.5000000000
6724  -28.417  -79.340  -50.805 0.5000000000
6747  -26.891  -79.356  -52.230 0.5000000000
7340  -19.857  -77.238  -38.937 0.6000000238
7341  -20.618  -77.186  -38.906 0.6000000238
7360  -22.171  -77.265  -39.790 0.6000000238
7509  -19.163  -76.439  -54.774 0.6000000238
7513  -19.805  -76.960  -55.707 0.5000000000
7516  -20.386  -76.277  -56.425 0.5000000000
7517  -21.080  -75.968  -56.420 0.5000000000
7518  -21.369  -75.626  -56.285 0.6000000238
7519  -20.196  -76.015  -56.581 0.5000000000
7520  -20.813  -75.990  -56.532 0.5000000000
8049  -19.919  -76.228  -37.814 0.5000000000
8067  -20.929  -76.655  -38.429 0.6000000238
8068  -21.727  -76.417  -38.659 0.6000000238
8084  -18.452  -76.542  -39.659 0.6000000238
8107  -19.602  -77.035  -42.035 0.6000000238
8220  -19.311  -75.633  -56.122 0.6000000238
8221  -20.718  -76.152  -55.846 0.6000000238
8223  -19.762  -75.702  -56.367 0.5000000000
8224  -21.498  -75.630  -56.303 0.6000000238
8225  -20.448  -75.604  -56.359 0.5000000000
8804  -19.345  -75.923  -38.041 0.5000000000
8805  -21.463  -75.651  -38.165 0.6000000238
8828  -18.027  -75.722  -41.376 0.6000000238
8844  -18.508  -75.121  -44.731 0.6000000238
8902  -20.216  -75.604  -53.511 0.6999999881
8905  -20.566  -75.223  -55.652 0.6000000238
8906  -20.991  -75.406  -55.558 0.6000000238
8907  -19.928  -75.198  -56.127 0.6000000238
8908  -20.889  -74.903  -55.888 0.6000000238
8909  -21.658  -75.086  -55.825 0.6000000238
8910  -21.228  -75.653  -56.321 0.6000000238
8911  -21.741  -75.543  -56.293 0.6000000238
9502  -20.226  -74.874  -37.248 0.5000000000
9528  -17.284  -74.236  -40.134 0.5000000000
9529  -17.767  -75.106  -39.745 0.5000000000
9536  -17.173  -74.466  -41.057 0.6000000238
9543  -16.696  -74.204  -42.922 0.5000000000
9564  -17.096  -74.559  -44.243 0.6000000238
9574  -16.461  -73.634  -46.264 0.6000000238
10221  -17.875  -73.685  -38.672 0.5000000000
10881  -17.522  -72.028  -38.426 0.5000000000
10889  -16.442  -71.952  -39.729 0.6000000238
10899  -16.123  -72.282  -40.445 0.5000000000
10904  -15.414  -72.240  -42.055 0.6000000238
10917  -14.509  -72.364  -43.717 0.6000000238
13026  -16.862  -69.831  -43.219 0.6000000238
13674  -17.663  -68.306  -44.214 0.6000000238
15692  -10.255  -65.397  -38.714 0.5000000000
15730  -16.144  -66.434  -42.992 0.6999999881
15740  -16.077  -66.437  -44.266 0.5000000000
16336  -12.493  -64.788  -40.302 0.8000000119
17581  -11.578  -62.618  -36.342 0.6999999881
17596  -11.907  -63.446  -38.108 0.5000000000
71901  -14.184  -72.185  -44.866 0.6000000238
71913  -17.589  -68.005  -46.881 0.6000000238
71918  -17.173  -67.659  -45.392 0.6000000238
71919  -15.446  -71.819  -45.954 0.5000000000
73424  -14.468  -72.675  -44.480 0.6000000238
73538  -14.893  -71.236  -44.356 0.5000000000
73637  -17.632  -68.286  -44.973 0.6999999881
74414  -16.063  -72.124  -46.475 0.6000000238
74435  -17.204  -59.728  -29.677 0.3000000119
76025  -23.912  -79.176  -52.882 0.5000000000
78055  -21.149  -76.027  -54.585 0.6999999881
78694  -27.201  -82.182  -48.730 0.5000000000
79466  -17.282  -67.543  -44.244 0.6999999881
80393  -21.887  -76.980  -39.200 0.6000000238
83875  -16.753  -71.383  -47.425 0.5000000000
83885  -16.726  -71.154  -46.833 0.5000000000
84637  -17.818  -59.161  -29.033 0.4000000060
84844  -16.320  -70.922  -45.598 0.6000000238
85076  -25.506  -81.750  -50.686 0.5000000000
86418  -28.592  -80.531  -50.852 0.6000000238
86963  -16.198  -66.474  -43.687 0.6000000238
88316  -15.527  -72.038  -41.476 0.6000000238
88463  -21.733  -77.846  -51.983 0.6999999881
89017  -28.262  -81.079  -50.531 0.6000000238
89317  -26.457  -79.520  -52.472 0.5000000000
89324  -20.676  -75.411  -55.011 0.6000000238
89612  -17.398  -61.418  -34.559 0.4000000060
89785  -21.510  -75.191  -55.862 0.6000000238
90259  -19.638  -77.483  -39.463 0.6000000238
90443  -18.356  -76.588  -40.211 0.6000000238
90472  -23.932  -79.909  -53.532 0.5000000000
