#!ascii label  , from subject sub-01 vox2ras=TkReg
1082
8103  -40.330  -75.873  -40.090 0.1000000015
8115  -38.220  -75.854  -41.011 0.1000000015
8832  -39.008  -75.502  -40.581 0.1000000015
8831  -38.495  -75.008  -41.039 0.1000000015
9539  -39.004  -74.703  -40.567 0.1000000015
9549  -38.143  -74.502  -41.632 0.1000000015
9538  -38.596  -73.932  -41.218 0.1000000015
88286  -37.875  -74.281  -42.468 0.1000000015
81424  -38.314  -73.651  -42.229 0.1000000015
9559  -38.171  -73.675  -43.125 0.1000000015
10250  -38.883  -72.897  -43.031 0.1000000015
10913  -39.340  -72.308  -42.858 0.1000000015
10257  -38.941  -73.084  -43.886 0.1000000015
9523  -40.804  -75.087  -38.749 0.1000000015
8816  -40.632  -75.525  -39.549 0.1000000015
8823  -39.760  -75.382  -40.312 0.1000000015
9522  -40.474  -74.893  -39.402 0.1000000015
9531  -40.231  -75.206  -40.005 0.1000000015
82372  -39.166  -74.223  -40.492 0.1000000015
10242  -38.709  -73.011  -42.057 0.1000000015
12260  -37.531  -71.431  -40.291 0.1000000015
11548  -38.063  -71.634  -41.200 0.1000000015
75133  -38.697  -71.835  -42.167 0.1000000015
11555  -39.394  -71.866  -42.996 0.1000000015
81762  -38.999  -72.155  -42.311 0.1000000015
10907  -38.860  -72.622  -41.784 0.1000000015
8800  -41.129  -75.395  -37.733 0.1000000015
10212  -41.086  -74.108  -37.892 0.2000000030
10199  -41.541  -73.877  -37.364 0.2000000030
8810  -40.977  -75.572  -38.523 0.1000000015
10213  -42.016  -73.151  -37.461 0.1000000015
88907  -40.944  -73.858  -38.134 0.1000000015
10225  -40.694  -74.352  -38.607 0.1000000015
13597  -37.702  -68.878  -37.132 0.1000000015
10224  -40.261  -74.145  -39.213 0.1000000015
9521  -39.850  -74.529  -39.941 0.1000000015
12962  -37.204  -69.541  -37.429 0.1000000015
12963  -38.082  -69.273  -37.682 0.1000000015
12982  -38.466  -69.728  -38.180 0.1000000015
12983  -39.230  -69.122  -38.549 0.1000000015
12235  -38.863  -70.254  -38.694 0.1000000015
10223  -39.704  -73.874  -39.665 0.1000000015
10243  -38.743  -73.434  -41.078 0.1000000015
12234  -37.962  -70.576  -38.581 0.1000000015
12248  -38.272  -70.991  -39.119 0.1000000015
10892  -38.691  -71.607  -39.477 0.1000000015
10234  -39.180  -73.841  -40.269 0.1000000015
12261  -37.986  -71.388  -39.643 0.1000000015
10901  -38.705  -72.422  -39.954 0.1000000015
11544  -38.237  -71.778  -40.212 0.1000000015
11549  -38.669  -72.167  -41.199 0.1000000015
9507  -41.390  -74.548  -37.269 0.1000000015
9498  -41.334  -75.235  -36.890 0.2000000030
82047  -41.415  -73.266  -37.893 0.1000000015
13576  -37.304  -68.610  -36.451 0.1000000015
10895  -40.740  -73.435  -38.528 0.1000000015
10884  -41.455  -72.472  -38.274 0.1000000015
79350  -39.925  -73.250  -39.153 0.1000000015
13630  -39.904  -68.396  -39.170 0.1000000015
78724  -38.929  -70.976  -39.125 0.1000000015
11536  -39.493  -71.512  -39.147 0.1000000015
10893  -39.349  -72.394  -39.317 0.1000000015
10902  -39.212  -73.189  -39.742 0.1000000015
10908  -38.818  -72.980  -40.697 0.1000000015
10878  -44.546  -72.202  -36.957 0.1000000015
10873  -44.627  -72.424  -36.478 0.1000000015
11531  -44.208  -71.812  -37.432 0.1000000015
10201  -43.712  -72.731  -36.771 0.1000000015
10189  -42.757  -73.411  -36.448 0.2000000030
10200  -42.546  -73.172  -37.047 0.2000000030
9499  -41.828  -74.342  -36.589 0.2000000030
8774  -41.566  -75.120  -36.100 0.2000000030
10885  -42.387  -72.456  -37.838 0.1000000015
11530  -43.310  -71.713  -37.885 0.1000000015
11529  -42.361  -71.614  -38.279 0.1000000015
13577  -38.129  -68.183  -36.872 0.1000000015
14233  -38.859  -67.730  -37.230 0.1000000015
13599  -39.185  -67.949  -37.896 0.1000000015
14247  -39.785  -67.625  -38.327 0.1000000015
13565  -36.903  -68.289  -35.787 0.1000000015
13598  -38.508  -68.463  -37.471 0.1000000015
13631  -40.600  -68.068  -39.944 0.1000000015
12994  -40.618  -68.595  -39.739 0.1000000015
71928  -42.654  -69.245  -41.825 0.1000000015
87466  -41.286  -70.605  -39.058 0.1000000015
10883  -41.329  -71.513  -38.669 0.1000000015
10894  -40.336  -72.291  -38.803 0.1000000015
13564  -36.237  -68.452  -35.622 0.1000000015
12993  -39.774  -69.443  -38.933 0.1000000015
12250  -40.705  -69.812  -39.243 0.1000000015
11537  -40.372  -71.119  -38.988 0.1000000015
14201  -35.867  -68.056  -35.394 0.1000000015
83680  -35.429  -67.556  -35.284 0.1000000015
14217  -35.331  -68.012  -35.818 0.1000000015
12224  -44.128  -71.397  -37.343 0.1000000015
11525  -44.966  -71.875  -36.852 0.1000000015
12236  -43.295  -69.935  -38.856 0.1000000015
10191  -44.967  -72.337  -36.118 0.1000000015
10190  -43.939  -72.828  -36.152 0.1000000015
88730  -43.079  -73.309  -36.061 0.2000000030
74503  -43.563  -71.063  -37.844 0.1000000015
9488  -42.242  -73.987  -35.997 0.2000000030
71933  -45.139  -68.674  -40.354 0.1000000015
71927  -43.501  -69.982  -39.332 0.1000000015
14191  -36.910  -67.192  -34.736 0.1000000015
14203  -37.425  -67.557  -35.478 0.1000000015
14204  -38.548  -67.261  -35.907 0.1000000015
14219  -38.520  -67.630  -36.624 0.1000000015
14234  -39.558  -67.398  -37.497 0.1000000015
71937  -45.528  -68.045  -40.576 0.1000000015
74296  -45.057  -68.449  -41.680 0.1000000015
73583  -43.095  -70.728  -38.587 0.1000000015
14218  -37.763  -67.860  -36.236 0.1000000015
13616  -40.088  -67.901  -39.137 0.1000000015
14260  -40.896  -67.804  -39.739 0.1000000015
13632  -41.144  -67.968  -40.800 0.1000000015
71929  -43.706  -69.494  -41.859 0.1000000015
71926  -43.132  -69.977  -40.160 0.1000000015
14932  -36.318  -66.783  -33.996 0.1000000015
13615  -39.489  -68.182  -38.576 0.1000000015
14280  -42.314  -67.814  -42.861 0.1000000015
71934  -42.744  -68.478  -43.349 0.1000000015
71931  -43.442  -69.103  -43.207 0.1000000015
11538  -42.242  -70.668  -38.966 0.1000000015
14202  -36.490  -67.847  -35.265 0.1000000015
14190  -35.910  -67.380  -34.735 0.1000000015
14948  -35.152  -66.910  -34.907 0.1000000015
14200  -34.802  -67.165  -35.746 0.1000000015
10874  -45.290  -72.095  -36.412 0.1000000015
12984  -44.653  -68.865  -39.458 0.1000000015
81422  -43.407  -70.480  -37.809 0.1000000015
12225  -45.095  -71.720  -36.545 0.1000000015
74422  -45.397  -68.106  -39.767 0.1000000015
13617  -44.597  -68.081  -39.215 0.1000000015
10867  -45.454  -72.056  -35.932 0.1000000015
10183  -43.196  -73.071  -35.733 0.1000000015
81486  -44.875  -67.234  -40.196 0.1000000015
13618  -45.458  -67.738  -40.064 0.1000000015
14949  -38.017  -66.943  -34.989 0.1000000015
14220  -39.213  -67.262  -36.727 0.1000000015
14987  -44.028  -66.911  -41.116 0.1000000015
71932  -44.759  -68.139  -43.177 0.1000000015
10178  -42.735  -72.942  -35.248 0.1000000015
9475  -41.999  -73.845  -35.502 0.2000000030
14248  -40.292  -67.671  -38.739 0.1000000015
14268  -41.893  -67.585  -41.098 0.1000000015
14269  -43.040  -67.261  -42.051 0.1000000015
74504  -43.752  -68.360  -44.231 0.1000000015
14931  -35.501  -66.632  -34.142 0.1000000015
14930  -34.793  -66.087  -34.491 0.1000000015
14947  -34.481  -66.242  -35.337 0.1000000015
12964  -42.654  -69.011  -37.845 0.1000000015
12945  -43.232  -70.047  -37.422 0.1000000015
82797  -42.201  -68.210  -37.885 0.1000000015
12965  -43.489  -69.172  -38.666 0.1000000015
12215  -44.201  -71.047  -36.711 0.1000000015
11519  -45.480  -71.959  -36.225 0.1000000015
13601  -43.313  -67.973  -38.652 0.1000000015
85491  -44.444  -72.382  -35.540 0.1000000015
74852  -42.002  -67.462  -39.581 0.1000000015
80682  -43.220  -67.277  -39.392 0.1000000015
11511  -44.747  -71.865  -35.302 0.1000000015
14933  -37.478  -66.568  -34.091 0.1000000015
14970  -39.862  -66.990  -36.856 0.1000000015
14235  -40.189  -67.320  -37.774 0.1000000015
14249  -40.951  -67.737  -38.611 0.1000000015
14262  -44.005  -66.795  -39.914 0.1000000015
10862  -44.389  -72.043  -35.027 0.1000000015
89416  -43.589  -72.637  -35.327 0.1000000015
14261  -43.088  -67.074  -40.415 0.1000000015
10177  -41.645  -73.672  -34.994 0.1000000015
14918  -35.756  -66.336  -33.359 0.1000000015
15659  -35.053  -65.904  -33.659 0.1000000015
15658  -34.401  -65.287  -34.035 0.1000000015
16295  -33.977  -64.517  -34.492 0.1000000015
13579  -41.982  -68.628  -37.023 0.1000000015
12944  -42.590  -69.507  -36.777 0.1000000015
12940  -43.341  -70.292  -36.387 0.1000000015
13600  -41.441  -67.875  -37.346 0.1000000015
12211  -44.130  -71.009  -35.818 0.1000000015
12212  -44.875  -71.634  -35.599 0.1000000015
14237  -41.947  -67.822  -38.465 0.1000000015
14236  -40.871  -67.519  -37.563 0.1000000015
12207  -43.970  -71.417  -35.180 0.1000000015
10179  -43.701  -72.360  -35.026 0.1000000015
14919  -36.743  -66.271  -33.213 0.1000000015
14934  -38.582  -66.457  -34.438 0.1000000015
14950  -39.050  -66.669  -35.258 0.1000000015
14205  -39.521  -66.853  -36.066 0.1000000015
10858  -43.595  -72.018  -34.789 0.1000000015
14910  -35.992  -66.039  -32.622 0.1000000015
15645  -35.257  -65.759  -32.847 0.1000000015
15630  -34.814  -65.177  -32.166 0.1000000015
15644  -34.602  -65.196  -33.126 0.1000000015
16284  -34.093  -64.499  -33.532 0.1000000015
14222  -40.856  -67.420  -36.607 0.1000000015
14207  -40.997  -67.540  -35.600 0.1000000015
13578  -41.389  -68.127  -36.324 0.1000000015
88054  -42.651  -69.725  -36.039 0.1000000015
14206  -40.478  -66.987  -35.934 0.1000000015
14951  -39.811  -66.540  -35.390 0.1000000015
14959  -40.071  -66.700  -36.131 0.1000000015
14221  -40.335  -67.065  -36.802 0.1000000015
12939  -42.979  -70.246  -35.686 0.1000000015
14920  -37.654  -66.147  -33.388 0.1000000015
12206  -42.531  -70.792  -35.105 0.1000000015
14911  -36.692  -65.867  -32.432 0.1000000015
11510  -44.111  -71.880  -34.903 0.1000000015
10857  -42.793  -72.344  -34.941 0.1000000015
15631  -35.510  -65.676  -32.202 0.1000000015
16260  -34.927  -64.775  -31.333 0.1000000015
81875  -34.366  -64.501  -31.783 0.1000000015
16273  -34.174  -64.501  -32.545 0.1000000015
16899  -34.083  -63.756  -31.894 0.1000000015
17535  -34.462  -62.990  -31.718 0.1000000015
16908  -33.963  -63.699  -33.002 0.1000000015
13566  -42.002  -69.030  -35.999 0.1000000015
77651  -41.842  -69.115  -35.065 0.1000000015
83407  -42.303  -69.641  -35.546 0.1000000015
15646  -38.430  -65.807  -33.106 0.1000000015
14935  -39.498  -66.324  -34.579 0.1000000015
86996  -40.194  -66.703  -35.426 0.1000000015
14912  -37.448  -65.839  -32.696 0.1000000015
90382  -38.241  -66.208  -33.788 0.1000000015
12210  -43.164  -70.748  -35.423 0.1000000015
15621  -36.237  -65.301  -31.319 0.1000000015
16261  -35.730  -64.865  -30.896 0.1000000015
16252  -36.120  -64.256  -30.338 0.1000000015
16251  -35.155  -64.217  -30.715 0.1000000015
16873  -35.652  -63.356  -30.597 0.1000000015
16890  -34.687  -63.523  -31.137 0.1000000015
17536  -35.099  -62.748  -31.317 0.1000000015
87553  -35.489  -62.191  -31.687 0.1000000015
14952  -40.631  -67.006  -34.897 0.1000000015
13560  -41.479  -68.343  -35.277 0.1000000015
13561  -41.516  -68.436  -34.225 0.1000000015
16262  -36.638  -64.828  -30.846 0.1000000015
15622  -37.158  -65.384  -31.722 0.1000000015
16874  -36.668  -63.554  -30.446 0.1000000015
17537  -35.893  -62.504  -31.129 0.1000000015
18243  -36.188  -61.915  -31.664 0.1000000015
14192  -41.217  -67.717  -34.573 0.1000000015
14936  -40.138  -66.465  -34.589 0.1000000015
82160  -38.082  -65.481  -32.315 0.1000000015
14921  -39.064  -66.052  -33.833 0.1000000015
16253  -37.046  -64.211  -30.525 0.1000000015
17516  -36.421  -62.867  -30.738 0.1000000015
17538  -36.661  -62.231  -31.128 0.1000000015
18244  -36.974  -61.565  -31.539 0.1000000015
90602  -40.506  -66.732  -34.237 0.1000000015
14922  -39.864  -65.993  -33.827 0.1000000015
16263  -37.581  -64.677  -31.027 0.1000000015
15623  -38.435  -64.994  -31.675 0.1000000015
15647  -39.491  -65.590  -33.189 0.1000000015
87710  -38.015  -61.958  -30.900 0.1000000015
90104  -37.329  -61.943  -31.132 0.1000000015
18221  -38.496  -61.191  -30.631 0.1000000015
18245  -37.784  -61.163  -31.200 0.1000000015
15633  -38.987  -65.304  -32.490 0.1000000015
16254  -37.797  -64.128  -30.796 0.1000000015
16875  -37.563  -63.556  -30.693 0.1000000015
17517  -37.272  -62.728  -30.811 0.1000000015
17518  -38.330  -62.818  -30.823 0.1000000015
80670  -39.202  -61.278  -29.882 0.1000000015
16876  -38.421  -63.683  -30.886 0.1000000015
79377  -38.799  -61.969  -30.524 0.1000000015
86890  -39.673  -74.825  -40.240 0.1000000015
89906  -38.548  -74.505  -41.070 0.1000000015
11554  -38.828  -71.562  -42.977 0.1000000015
9514  -41.043  -74.797  -37.935 0.1000000015
13614  -38.871  -68.779  -38.040 0.1000000015
12247  -37.398  -71.157  -39.335 0.1000000015
12249  -39.582  -70.592  -38.981 0.1000000015
10886  -43.351  -72.411  -37.365 0.1000000015
9508  -41.942  -73.812  -36.923 0.2000000030
74151  -41.939  -69.857  -39.934 0.1000000015
13642  -41.185  -68.168  -40.936 0.1000000015
76113  -42.219  -68.083  -43.005 0.1000000015
73337  -41.519  -68.867  -40.623 0.1000000015
89847  -44.335  -71.716  -37.382 0.1000000015
74640  -44.416  -69.508  -39.982 0.1000000015
83318  -43.967  -69.754  -40.554 0.1000000015
71939  -45.012  -67.531  -41.240 0.1000000015
74222  -44.282  -68.922  -42.923 0.1000000015
71935  -42.778  -68.062  -43.749 0.1000000015
74362  -44.351  -67.610  -43.604 0.1000000015
15671  -34.169  -65.368  -34.933 0.1000000015
17548  -34.864  -62.331  -32.031 0.1000000015
11478  -43.571  -71.605  -24.988 0.5000000000
7256  -44.520  -77.038  -29.346 0.5000000000
7243  -44.397  -77.208  -28.247 0.5000000000
12180  -42.930  -71.250  -24.451 0.5000000000
10821  -43.997  -72.110  -25.525 0.5000000000
7971  -45.058  -76.362  -28.908 0.5000000000
12171  -41.355  -70.451  -23.471 0.5000000000
7980  -45.171  -75.784  -28.783 0.5000000000
12179  -41.993  -70.914  -24.204 0.5000000000
11477  -42.720  -71.418  -25.260 0.5000000000
86563  -42.233  -71.099  -24.871 0.4000000060
8737  -43.865  -75.690  -31.702 0.5000000000
8000  -43.461  -76.349  -31.765 0.5000000000
8723  -43.481  -75.284  -31.228 0.5000000000
8736  -43.097  -75.809  -31.570 0.5000000000
9444  -41.850  -75.089  -30.392 0.5000000000
9431  -40.271  -74.311  -30.061 0.4000000060
10152  -39.761  -73.654  -30.052 0.4000000060
7216  -43.398  -77.873  -26.072 0.1000000015
89300  -42.607  -71.112  -23.958 0.5000000000
11474  -43.951  -71.452  -24.235 0.5000000000
11479  -44.455  -71.817  -24.744 0.5000000000
10141  -45.047  -73.392  -25.585 0.4000000060
12896  -40.896  -69.861  -22.682 0.5000000000
13520  -40.713  -68.982  -22.042 0.5000000000
12178  -41.144  -70.299  -24.297 0.4000000060
11476  -41.890  -71.185  -25.507 0.4000000060
12895  -40.658  -69.622  -23.618 0.3000000119
10825  -42.782  -72.282  -26.403 0.6999999881
10144  -43.293  -73.064  -26.822 0.5000000000
85334  -40.525  -69.152  -22.817 0.3000000119
12184  -41.526  -70.738  -24.941 0.4000000060
11482  -42.364  -71.658  -25.992 0.5000000000
85949  -43.486  -73.959  -27.727 0.6000000238
77278  -44.815  -75.014  -27.841 0.6000000238
8706  -44.987  -75.826  -29.857 0.5000000000
7990  -44.548  -76.287  -31.037 0.3000000119
10830  -42.389  -72.741  -27.089 0.5000000000
76545  -42.744  -73.366  -27.514 0.6000000238
9417  -43.357  -74.300  -28.900 0.6000000238
9447  -44.366  -75.233  -30.309 0.5000000000
9446  -43.729  -74.892  -30.600 0.5000000000
12900  -40.496  -69.696  -24.610 0.4000000060
12177  -40.868  -70.260  -25.016 0.4000000060
10824  -41.966  -72.047  -26.696 0.5000000000
10148  -42.024  -73.189  -27.765 0.5000000000
9416  -42.436  -74.215  -29.061 0.5000000000
9434  -43.162  -74.588  -29.831 0.5000000000
9445  -42.933  -74.956  -30.549 0.5000000000
12186  -40.936  -70.729  -25.743 0.4000000060
10829  -41.573  -72.493  -27.379 0.5000000000
10150  -41.750  -73.636  -28.480 0.4000000060
9433  -42.212  -74.604  -29.793 0.5000000000
12906  -40.169  -69.862  -25.526 0.4000000060
11480  -40.623  -71.113  -26.686 0.5000000000
10147  -41.177  -72.972  -28.029 0.5000000000
10154  -41.470  -74.089  -29.163 0.4000000060
9432  -41.149  -74.516  -29.823 0.5000000000
11485  -40.333  -71.495  -27.494 0.5000000000
10832  -40.440  -72.572  -28.489 0.4000000060
10153  -40.520  -73.825  -29.459 0.4000000060
11489  -40.055  -71.871  -28.241 0.3000000119
10831  -39.895  -72.181  -28.901 0.3000000119
76315  -39.535  -72.070  -29.606 0.3000000119
74943  -39.371  -72.793  -30.177 0.3000000119
7203  -43.174  -77.660  -25.006 0.1000000015
7202  -42.503  -77.384  -25.888 0.1000000015
7193  -43.832  -78.116  -24.326 0.1000000015
7204  -43.880  -78.138  -25.246 0.1000000015
6500  -44.314  -77.972  -25.481 0.4000000060
7218  -44.369  -77.696  -26.289 0.4000000060
7229  -44.131  -77.638  -27.151 0.4000000060
89029  -44.583  -77.077  -27.536 0.5000000000
7219  -44.916  -76.977  -26.875 0.4000000060
7963  -45.597  -76.194  -27.109 0.5000000000
7962  -45.041  -76.533  -27.836 0.5000000000
12173  -43.157  -71.352  -23.635 0.5000000000
10822  -44.777  -72.491  -25.203 0.4000000060
7964  -45.710  -75.988  -27.057 0.5000000000
76361  -45.416  -76.055  -27.987 0.5000000000
12891  -41.516  -70.628  -22.640 0.5000000000
12172  -42.137  -71.054  -23.453 0.5000000000
12890  -41.137  -69.789  -21.696 0.5000000000
9392  -45.160  -74.875  -26.934 0.6000000238
14150  -40.651  -67.865  -21.588 0.2000000030
13519  -40.332  -68.367  -22.505 0.3000000119
13523  -40.179  -68.720  -23.361 0.4000000060
14847  -40.542  -66.828  -21.608 0.3000000119
14154  -39.865  -67.881  -23.097 0.4000000060
13527  -40.087  -68.960  -24.254 0.4000000060
13522  -39.631  -68.194  -23.955 0.3000000119
13526  -39.395  -68.471  -24.936 0.3000000119
12911  -39.473  -69.648  -26.315 0.3000000119
12188  -39.782  -70.811  -27.224 0.3000000119
13538  -38.924  -68.892  -26.467 0.2000000030
90211  -38.997  -69.468  -26.905 0.2000000030
83405  -39.169  -70.376  -27.813 0.3000000119
11488  -39.618  -71.473  -28.920 0.3000000119
12910  -38.601  -68.957  -27.252 0.1000000015
12914  -38.794  -69.668  -27.539 0.2000000030
14877  -38.839  -67.064  -26.857 0.1000000015
86854  -44.247  -78.073  -23.918 0.1000000015
6493  -44.260  -78.130  -24.611 0.1000000015
7194  -45.643  -77.294  -24.360 0.2000000030
7206  -45.738  -76.958  -25.252 0.5000000000
75191  -44.964  -77.341  -25.834 0.4000000060
7950  -45.763  -76.570  -26.209 0.4000000060
11470  -44.204  -71.636  -23.567 0.5000000000
11475  -44.814  -71.726  -24.054 0.4000000060
10819  -45.198  -72.170  -24.427 0.4000000060
10142  -45.765  -73.809  -25.092 0.4000000060
9393  -45.758  -75.115  -26.106 0.5000000000
7951  -46.224  -76.054  -26.305 0.5000000000
8675  -45.632  -75.563  -26.842 0.4000000060
13511  -41.053  -68.644  -21.205 0.4000000060
83282  -41.213  -67.746  -20.904 0.4000000060
14142  -41.876  -67.177  -20.634 0.3000000119
14141  -41.133  -66.947  -20.986 0.3000000119
14836  -42.007  -66.168  -20.825 0.1000000015
14835  -41.059  -66.104  -21.143 0.3000000119
14846  -39.974  -66.594  -22.164 0.3000000119
79973  -40.419  -66.000  -21.641 0.2000000030
14153  -39.307  -67.397  -23.644 0.2000000030
14845  -39.344  -66.237  -22.647 0.2000000030
14157  -39.127  -67.623  -24.501 0.2000000030
12905  -39.469  -69.079  -25.680 0.2000000030
14856  -39.009  -66.615  -23.390 0.2000000030
79954  -38.875  -66.874  -24.151 0.1000000015
13532  -38.982  -68.379  -25.873 0.2000000030
14864  -38.716  -66.257  -24.608 0.1000000015
75381  -38.899  -66.968  -24.992 0.1000000015
13531  -38.659  -67.771  -26.374 0.1000000015
13537  -38.472  -68.307  -26.915 0.1000000015
14869  -38.972  -66.284  -25.423 0.1000000015
14166  -38.928  -67.038  -25.902 0.1000000015
14878  -39.198  -66.372  -26.320 0.1000000015
15589  -39.654  -65.712  -26.654 0.1000000015
16224  -39.784  -64.979  -26.192 0.1000000015
7919  -45.946  -77.018  -23.834 0.3000000119
7184  -46.595  -76.755  -24.163 0.3000000119
78806  -45.381  -74.134  -23.044 0.3000000119
9360  -46.544  -75.240  -23.474 0.3000000119
8658  -47.623  -75.778  -24.163 0.3000000119
7941  -47.207  -76.141  -24.930 0.3000000119
7940  -46.510  -76.302  -25.508 0.4000000060
10137  -45.654  -73.355  -23.466 0.3000000119
75147  -46.857  -74.694  -23.928 0.3000000119
8668  -47.152  -75.396  -24.583 0.5000000000
76077  -46.880  -75.910  -25.348 0.5000000000
12167  -43.468  -71.694  -22.942 0.4000000060
11471  -44.947  -72.014  -23.545 0.5000000000
10820  -45.734  -72.610  -24.128 0.4000000060
10139  -46.096  -73.420  -24.352 0.4000000060
9384  -46.458  -75.247  -25.383 0.5000000000
12884  -41.441  -69.155  -20.928 0.4000000060
12166  -42.399  -71.314  -22.685 0.5000000000
77016  -42.530  -67.509  -20.218 0.4000000060
13512  -41.703  -68.213  -20.539 0.4000000060
14129  -43.538  -67.030  -20.109 0.3000000119
14128  -42.767  -66.686  -20.566 0.3000000119
88936  -43.550  -66.362  -20.566 0.3000000119
14822  -43.097  -65.920  -20.871 0.1000000015
15534  -41.637  -65.369  -21.148 0.1000000015
15548  -40.894  -65.453  -21.353 0.1000000015
81463  -39.834  -65.884  -22.063 0.2000000030
16169  -41.163  -64.713  -21.433 0.2000000030
15546  -39.265  -65.372  -22.346 0.2000000030
15563  -38.680  -65.739  -23.238 0.1000000015
16166  -38.598  -64.789  -22.871 0.1000000015
14855  -38.422  -65.619  -24.175 0.1000000015
83343  -38.257  -65.041  -23.676 0.1000000015
15573  -38.743  -65.544  -25.027 0.1000000015
16213  -38.891  -63.838  -25.111 0.1000000015
16214  -39.079  -64.787  -25.467 0.1000000015
81953  -39.818  -64.053  -25.805 0.1000000015
16215  -40.727  -63.800  -26.030 0.1000000015
16225  -41.572  -64.176  -26.420 0.1000000015
16850  -42.846  -63.419  -26.517 0.1000000015
9358  -44.537  -74.677  -22.629 0.3000000119
8638  -44.836  -75.763  -22.705 0.2000000030
89719  -44.815  -73.561  -22.818 0.3000000119
11468  -44.261  -72.005  -22.976 0.4000000060
11467  -43.510  -71.995  -22.392 0.3000000119
12885  -41.686  -69.923  -21.020 0.3000000119
74590  -41.660  -70.745  -21.795 0.4000000060
75520  -42.917  -71.697  -22.311 0.3000000119
13500  -42.419  -68.375  -20.025 0.3000000119
74968  -41.992  -69.118  -20.457 0.3000000119
11466  -42.287  -71.375  -21.781 0.4000000060
14114  -43.968  -67.600  -19.351 0.3000000119
14113  -43.104  -67.883  -19.683 0.3000000119
14804  -44.541  -66.847  -19.732 0.3000000119
15524  -43.972  -65.809  -20.835 0.1000000015
15537  -44.423  -65.195  -21.197 0.1000000015
15536  -43.550  -65.218  -21.169 0.1000000015
16154  -44.006  -64.591  -21.545 0.1000000015
15535  -42.577  -65.286  -21.111 0.1000000015
16153  -43.106  -64.567  -21.484 0.1000000015
16152  -42.131  -64.595  -21.433 0.1000000015
15547  -40.160  -65.105  -21.642 0.2000000030
77954  -41.637  -63.785  -21.736 0.2000000030
16168  -40.478  -63.980  -21.636 0.2000000030
16167  -39.319  -64.239  -22.053 0.1000000015
16778  -40.905  -63.105  -22.074 0.1000000015
16776  -39.104  -63.407  -22.536 0.1000000015
16189  -38.068  -64.169  -23.605 0.1000000015
16800  -38.650  -63.219  -23.099 0.1000000015
16799  -38.234  -63.328  -23.769 0.1000000015
16813  -38.853  -62.979  -24.493 0.1000000015
16835  -39.670  -63.126  -25.260 0.1000000015
16837  -41.410  -63.349  -26.095 0.1000000015
17492  -41.175  -62.345  -25.564 0.1000000015
16849  -42.275  -63.770  -26.445 0.1000000015
16838  -42.134  -62.927  -26.194 0.1000000015
17498  -42.981  -62.685  -26.384 0.1000000015
16851  -43.641  -63.465  -26.707 0.1000000015
78001  -43.407  -74.666  -22.582 0.2000000030
8637  -43.865  -75.653  -22.518 0.2000000030
9349  -42.764  -73.724  -22.419 0.2000000030
10136  -44.244  -73.081  -22.604 0.3000000119
10134  -42.501  -72.912  -21.891 0.2000000030
10135  -43.438  -73.077  -22.351 0.3000000119
12162  -41.984  -70.723  -21.043 0.3000000119
11465  -42.814  -71.875  -21.782 0.2000000030
14115  -44.958  -67.359  -18.900 0.2000000030
14824  -45.159  -66.274  -20.223 0.3000000119
14823  -44.275  -66.360  -20.399 0.3000000119
15525  -44.810  -65.756  -20.771 0.1000000015
15538  -45.269  -65.168  -21.213 0.1000000015
15539  -46.186  -65.098  -21.335 0.1000000015
16158  -47.821  -64.931  -21.882 0.1000000015
16155  -44.858  -64.624  -21.612 0.1000000015
83801  -45.581  -64.684  -21.642 0.1000000015
16156  -46.150  -64.446  -21.949 0.1000000015
16174  -46.673  -64.231  -22.299 0.1000000015
16175  -47.330  -64.338  -22.458 0.1000000015
16176  -48.191  -64.471  -22.725 0.1000000015
16172  -44.449  -64.026  -21.930 0.1000000015
16173  -45.379  -64.081  -22.046 0.1000000015
16784  -46.872  -63.703  -22.593 0.1000000015
16785  -47.685  -63.777  -22.945 0.1000000015
16171  -43.577  -63.979  -21.859 0.1000000015
17428  -39.380  -62.675  -23.038 0.1000000015
17452  -38.754  -62.736  -23.651 0.1000000015
17469  -39.307  -62.328  -23.954 0.1000000015
17491  -40.213  -62.383  -25.023 0.1000000015
16836  -40.538  -63.047  -25.658 0.1000000015
17493  -42.132  -61.987  -25.872 0.1000000015
10812  -42.125  -72.131  -20.429 0.2000000030
10813  -42.417  -72.265  -21.347 0.2000000030
10814  -43.141  -72.418  -22.057 0.3000000119
10815  -43.974  -72.488  -22.536 0.3000000119
11460  -42.286  -71.351  -19.170 0.2000000030
13493  -42.902  -68.610  -19.581 0.3000000119
12873  -42.515  -69.183  -19.860 0.3000000119
12879  -42.200  -70.011  -20.308 0.3000000119
13494  -43.521  -68.483  -19.103 0.3000000119
86883  -42.151  -70.836  -20.406 0.3000000119
14101  -45.685  -67.593  -18.423 0.2000000030
13495  -44.332  -68.149  -18.711 0.3000000119
11464  -42.252  -71.520  -20.971 0.2000000030
14116  -45.912  -67.019  -18.773 0.2000000030
14805  -45.493  -66.653  -19.448 0.3000000119
14806  -46.466  -66.452  -19.125 0.2000000030
14825  -46.077  -66.196  -20.056 0.2000000030
15527  -46.582  -65.672  -20.605 0.1000000015
16781  -43.987  -63.316  -21.933 0.1000000015
81599  -45.595  -63.392  -22.243 0.1000000015
17435  -46.249  -62.929  -22.433 0.1000000015
16780  -43.231  -63.358  -21.927 0.1000000015
17434  -45.320  -62.647  -22.167 0.1000000015
17432  -43.311  -62.521  -21.930 0.1000000015
17433  -44.399  -62.541  -21.977 0.1000000015
89609  -42.174  -63.408  -21.907 0.1000000015
86647  -41.792  -62.974  -22.063 0.1000000015
17431  -42.152  -62.185  -22.214 0.1000000015
17430  -41.201  -62.341  -22.424 0.1000000015
17454  -40.736  -61.839  -23.143 0.1000000015
17453  -39.983  -62.079  -23.529 0.1000000015
17470  -39.981  -62.019  -24.263 0.1000000015
11457  -42.315  -71.281  -18.282 0.3000000119
11463  -42.200  -71.421  -20.024 0.2000000030
12156  -42.585  -70.621  -18.855 0.3000000119
12160  -42.368  -70.679  -19.709 0.3000000119
12874  -42.990  -69.206  -19.227 0.3000000119
79227  -42.621  -69.913  -19.463 0.3000000119
14100  -45.156  -68.108  -18.324 0.2000000030
86541  -43.936  -68.732  -18.500 0.3000000119
14102  -46.514  -67.359  -18.203 0.2000000030
88683  -46.489  -66.814  -18.594 0.2000000030
14783  -47.106  -66.590  -18.395 0.3000000119
14826  -46.960  -66.000  -19.780 0.2000000030
18102  -41.920  -61.228  -22.576 0.1000000015
18131  -41.213  -61.099  -23.371 0.1000000015
18130  -40.535  -61.532  -23.881 0.1000000015
11451  -42.331  -71.306  -17.336 0.1000000015
12153  -42.774  -70.543  -17.858 0.3000000119
12865  -43.444  -69.222  -18.588 0.3000000119
12864  -42.961  -69.885  -18.661 0.3000000119
13483  -44.578  -68.660  -18.112 0.3000000119
12866  -43.937  -69.150  -17.942 0.3000000119
13471  -45.409  -68.652  -17.727 0.2000000030
13484  -45.993  -68.151  -18.005 0.2000000030
13485  -46.885  -68.224  -17.799 0.1000000015
13486  -47.654  -68.422  -17.622 0.1000000015
87247  -47.667  -67.438  -17.955 0.2000000030
14784  -48.236  -66.295  -18.479 0.3000000119
12154  -43.333  -69.752  -17.904 0.3000000119
13472  -46.293  -68.744  -17.455 0.2000000030
13473  -47.188  -68.845  -17.234 0.1000000015
13487  -48.401  -68.352  -17.764 0.1000000015
14103  -48.849  -67.478  -18.172 0.1000000015
12149  -43.232  -70.152  -17.134 0.3000000119
12837  -43.699  -69.977  -16.496 0.2000000030
12853  -43.849  -69.570  -17.226 0.3000000119
12855  -45.679  -69.115  -17.117 0.2000000030
12854  -44.723  -69.138  -17.356 0.3000000119
12856  -46.560  -69.296  -16.783 0.2000000030
12857  -47.558  -69.336  -16.661 0.1000000015
12858  -48.436  -69.488  -16.468 0.1000000015
13474  -48.221  -68.955  -17.141 0.1000000015
13475  -49.310  -68.913  -17.550 0.1000000015
12838  -44.472  -69.611  -16.640 0.2000000030
77150  -45.801  -69.466  -16.603 0.2000000030
12839  -45.194  -69.405  -16.772 0.2000000030
78741  -47.094  -69.680  -16.184 0.1000000015
89282  -47.827  -69.677  -16.181 0.1000000015
76092  -49.312  -69.296  -16.867 0.1000000015
12859  -50.451  -69.420  -17.548 0.1000000015
12842  -49.391  -69.637  -16.048 0.1000000015
80475  -50.414  -69.572  -15.915 0.1000000015
12843  -50.291  -69.539  -16.621 0.1000000015
76494  -50.102  -69.490  -15.214 0.1000000015
12827  -51.157  -69.317  -15.341 0.1000000015
88403  -44.024  -73.663  -26.910 0.4000000060
11483  -43.174  -71.875  -25.726 0.5000000000
10827  -44.200  -72.984  -26.105 0.4000000060
10826  -43.491  -72.435  -26.116 0.6000000238
10145  -44.695  -73.941  -26.476 0.5000000000
7271  -44.547  -76.862  -30.341 0.5000000000
10146  -45.366  -74.302  -25.919 0.4000000060
9436  -44.635  -75.278  -29.325 0.5000000000
74679  -44.843  -76.197  -30.427 0.3000000119
8001  -44.167  -76.316  -31.642 0.5000000000
7241  -43.383  -78.127  -29.689 0.5000000000
9419  -44.885  -75.316  -28.487 0.5000000000
8725  -44.588  -75.741  -30.771 0.4000000060
9443  -40.668  -75.000  -30.456 0.4000000060
10835  -39.960  -72.939  -29.292 0.3000000119
9418  -44.226  -74.715  -28.516 0.6000000238
9403  -44.418  -74.364  -27.417 0.6000000238
11481  -41.504  -71.407  -26.277 0.4000000060
10151  -42.615  -73.812  -28.231 0.6000000238
9435  -43.956  -74.732  -29.681 0.5000000000
12899  -39.924  -69.207  -24.996 0.4000000060
11486  -41.152  -71.771  -27.057 0.5000000000
10828  -40.792  -72.189  -27.774 0.5000000000
10149  -40.861  -73.342  -28.780 0.4000000060
10823  -45.475  -72.929  -24.755 0.4000000060
9404  -45.289  -75.639  -27.752 0.5000000000
14149  -40.161  -67.446  -22.295 0.3000000119
14148  -39.572  -67.058  -22.851 0.3000000119
12912  -40.022  -70.409  -26.388 0.3000000119
12185  -39.330  -70.094  -27.012 0.3000000119
11484  -39.645  -71.113  -28.074 0.4000000060
90006  -38.713  -68.328  -26.404 0.2000000030
11472  -45.353  -72.115  -23.955 0.5000000000
10143  -46.483  -74.439  -24.668 0.4000000060
90477  -38.639  -66.245  -23.888 0.1000000015
14160  -38.923  -67.721  -25.416 0.2000000030
13541  -38.199  -68.333  -27.680 0.1000000015
14168  -38.386  -67.682  -27.308 0.1000000015
15580  -39.224  -65.603  -25.823 0.1000000015
79990  -40.693  -64.537  -26.403 0.1000000015
7176  -45.303  -77.030  -23.500 0.3000000119
7920  -46.877  -76.472  -23.817 0.3000000119
75054  -45.583  -75.000  -23.009 0.3000000119
8639  -45.920  -75.881  -23.051 0.3000000119
9367  -47.338  -75.547  -23.864 0.3000000119
9374  -47.349  -75.266  -24.092 0.3000000119
10818  -46.081  -73.193  -23.929 0.3000000119
10817  -45.503  -72.566  -23.721 0.3000000119
10816  -44.850  -72.618  -23.087 0.3000000119
10140  -46.560  -73.997  -24.094 0.3000000119
87840  -38.273  -63.641  -23.267 0.1000000015
16200  -38.369  -64.689  -24.576 0.1000000015
81696  -38.253  -63.748  -24.401 0.1000000015
89035  -40.182  -63.499  -25.710 0.1000000015
9357  -43.880  -73.817  -22.533 0.2000000030
7908  -44.167  -76.541  -22.721 0.2000000030
16777  -39.875  -63.237  -22.178 0.1000000015
17490  -39.559  -62.495  -24.615 0.1000000015
15526  -45.687  -65.689  -20.713 0.1000000015
16157  -46.891  -64.704  -21.863 0.1000000015
16783  -46.146  -63.837  -22.346 0.1000000015
16170  -42.649  -63.832  -21.797 0.1000000015
17429  -40.320  -62.487  -22.692 0.1000000015
10810  -42.079  -72.044  -19.536 0.2000000030
16782  -44.864  -63.352  -22.071 0.1000000015
16779  -42.563  -63.048  -21.975 0.1000000015
82259  -41.386  -61.682  -22.687 0.1000000015
81806  -47.328  -66.128  -18.960 0.2000000030
10799  -41.929  -71.905  -17.806 0.1000000015
12148  -42.743  -70.751  -16.878 0.2000000030
12142  -45.231  -69.765  -16.112 0.2000000030
7282  -43.807  -77.081  -31.472 0.3000000119
6566  -41.894  -79.120  -30.957 0.3000000119
6567  -42.484  -78.322  -30.982 0.3000000119
5307  -38.764  -80.296  -33.157 0.2000000030
6592  -37.529  -79.029  -33.138 0.2000000030
5290  -40.859  -80.368  -31.314 0.3000000119
7281  -42.877  -77.277  -31.610 0.4000000060
5888  -41.639  -79.788  -31.509 0.3000000119
5294  -40.331  -80.758  -31.678 0.3000000119
6576  -41.969  -78.627  -32.000 0.4000000060
6577  -42.352  -78.028  -31.811 0.4000000060
5897  -41.717  -79.378  -32.529 0.4000000060
5301  -40.478  -80.667  -32.550 0.3000000119
5321  -39.434  -80.410  -34.069 0.3000000119
82890  -42.131  -77.113  -31.829 0.4000000060
5309  -40.700  -80.349  -33.491 0.4000000060
77000  -41.760  -77.572  -32.218 0.4000000060
5310  -41.281  -79.966  -33.788 0.3000000119
8722  -42.562  -75.464  -31.051 0.4000000060
7999  -42.400  -76.472  -31.655 0.4000000060
6585  -41.545  -78.272  -32.769 0.4000000060
8735  -42.012  -76.001  -31.410 0.4000000060
5902  -41.356  -79.170  -33.515 0.3000000119
8721  -41.342  -75.613  -30.973 0.4000000060
7280  -41.374  -76.939  -31.914 0.4000000060
6593  -41.151  -78.179  -33.622 0.4000000060
7998  -41.386  -76.467  -31.682 0.4000000060
7289  -41.241  -77.447  -32.721 0.4000000060
8734  -40.879  -76.042  -31.533 0.4000000060
8012  -40.885  -76.928  -32.753 0.4000000060
6604  -41.140  -78.442  -34.584 0.2000000030
86571  -40.584  -76.413  -31.906 0.4000000060
7300  -40.973  -77.352  -33.483 0.4000000060
85049  -40.997  -77.790  -34.171 0.2000000030
81676  -41.271  -78.531  -35.484 0.3000000119
8720  -40.207  -75.445  -31.232 0.3000000119
8733  -39.994  -75.877  -31.875 0.3000000119
8022  -40.787  -76.708  -33.667 0.3000000119
8033  -40.915  -77.178  -34.281 0.2000000030
7313  -41.102  -77.772  -34.872 0.2000000030
6616  -41.124  -78.890  -36.334 0.2000000030
9442  -39.765  -74.440  -30.824 0.3000000119
8011  -40.755  -76.680  -32.212 0.4000000060
9452  -39.554  -74.925  -31.738 0.3000000119
7997  -40.342  -75.956  -32.572 0.2000000030
8754  -40.675  -76.347  -33.107 0.2000000030
7324  -41.229  -77.537  -35.662 0.1000000015
7329  -41.227  -78.006  -36.308 0.2000000030
9456  -39.541  -74.413  -32.761 0.2000000030
9457  -40.001  -75.215  -32.970 0.2000000030
8755  -40.734  -75.847  -34.084 0.1000000015
8766  -40.879  -76.406  -34.542 0.1000000015
8042  -41.013  -76.967  -35.078 0.1000000015
10161  -39.327  -74.031  -31.398 0.3000000119
88718  -39.426  -74.684  -32.225 0.3000000119
10158  -39.329  -73.474  -30.817 0.3000000119
9451  -39.152  -74.018  -32.046 0.2000000030
9464  -40.501  -75.557  -33.436 0.1000000015
8047  -41.209  -76.713  -35.798 0.1000000015
76080  -41.168  -76.978  -36.520 0.1000000015
10840  -39.156  -71.971  -30.462 0.2000000030
10157  -39.040  -73.297  -31.512 0.2000000030
10163  -38.896  -73.157  -32.053 0.2000000030
9463  -40.250  -74.546  -33.605 0.1000000015
87789  -40.724  -75.041  -34.100 0.1000000015
89248  -40.989  -75.618  -34.868 0.1000000015
8773  -41.110  -75.985  -35.454 0.1000000015
8785  -41.234  -76.017  -36.328 0.1000000015
8061  -40.944  -76.880  -37.468 0.1000000015
10844  -38.785  -72.553  -31.730 0.1000000015
10164  -39.155  -73.367  -32.594 0.2000000030
10168  -39.709  -73.372  -33.422 0.1000000015
9465  -40.898  -74.196  -34.399 0.1000000015
9474  -41.150  -74.781  -34.817 0.1000000015
78545  -41.126  -76.087  -37.210 0.1000000015
76440  -41.029  -76.158  -38.103 0.1000000015
10169  -40.486  -73.614  -34.051 0.1000000015
9487  -41.446  -74.914  -35.494 0.1000000015
11492  -39.389  -71.161  -29.811 0.1000000015
10839  -39.016  -72.648  -30.999 0.1000000015
11495  -38.828  -71.911  -31.304 0.1000000015
5300  -39.665  -80.962  -32.040 0.3000000119
5295  -41.167  -80.328  -32.083 0.3000000119
5308  -39.699  -80.694  -33.081 0.3000000119
5302  -41.293  -80.135  -33.034 0.3000000119
76806  -39.737  -75.244  -32.355 0.2000000030
8081  -40.841  -76.238  -38.879 0.1000000015
10849  -39.179  -72.684  -32.939 0.1000000015
6522  -42.032  -78.438  -28.147 0.3000000119
6538  -41.263  -78.796  -28.578 0.2000000030
6537  -40.463  -78.952  -28.250 0.3000000119
6554  -40.569  -79.413  -28.973 0.2000000030
7228  -43.629  -77.867  -27.942 0.4000000060
77337  -43.036  -78.195  -28.570 0.2000000030
6539  -42.303  -78.570  -29.051 0.3000000119
7242  -43.883  -77.765  -28.921 0.4000000060
6565  -39.182  -79.351  -29.485 0.1000000015
6553  -39.839  -79.738  -29.165 0.2000000030
86495  -39.007  -79.915  -30.190 0.1000000015
6556  -42.512  -78.561  -30.063 0.3000000119
5867  -40.326  -80.043  -29.649 0.2000000030
6564  -38.403  -79.287  -30.394 0.1000000015
6575  -37.791  -79.670  -31.329 0.1000000015
5878  -38.583  -80.100  -30.930 0.1000000015
6574  -36.937  -79.263  -31.692 0.1000000015
5887  -38.205  -80.286  -31.723 0.1000000015
6584  -36.671  -79.311  -32.044 0.1000000015
5886  -37.375  -79.855  -31.929 0.1000000015
5868  -41.199  -79.503  -29.926 0.2000000030
5880  -40.073  -80.336  -30.240 0.2000000030
5866  -39.616  -80.070  -29.809 0.2000000030
5879  -39.420  -80.374  -30.660 0.2000000030
5895  -37.337  -79.606  -32.384 0.1000000015
6583  -36.027  -78.890  -32.145 0.1000000015
7270  -44.018  -77.500  -30.606 0.2000000030
5881  -40.907  -80.103  -30.559 0.2000000030
5292  -39.042  -80.618  -31.491 0.2000000030
6591  -36.179  -78.524  -32.615 0.1000000015
76301  -36.716  -79.008  -32.530 0.1000000015
82474  -41.903  -78.920  -30.291 0.3000000119
5299  -38.870  -80.656  -32.277 0.2000000030
5896  -38.043  -80.155  -32.364 0.1000000015
7299  -36.977  -78.187  -33.283 0.1000000015
5901  -38.080  -79.734  -33.101 0.1000000015
7310  -36.740  -77.219  -33.810 0.1000000015
7269  -43.261  -77.929  -30.834 0.2000000030
86969  -38.179  -79.191  -33.748 0.1000000015
7311  -37.554  -77.560  -34.237 0.1000000015
6602  -37.854  -78.452  -33.966 0.1000000015
5911  -38.731  -79.857  -34.113 0.1000000015
6603  -38.539  -78.959  -34.569 0.1000000015
5912  -39.337  -80.205  -34.879 0.1000000015
8032  -37.460  -76.080  -34.971 0.1000000015
7322  -37.976  -76.961  -35.157 0.1000000015
7312  -38.262  -77.993  -34.848 0.1000000015
5920  -39.033  -79.692  -35.259 0.1000000015
7323  -38.498  -77.667  -35.625 0.1000000015
7255  -44.136  -77.544  -29.784 0.3000000119
5289  -40.210  -80.540  -30.909 0.2000000030
6555  -41.569  -78.949  -29.461 0.2000000030
88396  -37.346  -76.777  -34.465 0.1000000015
8765  -36.845  -75.596  -34.798 0.1000000015
78289  -40.209  -80.492  -34.164 0.2000000030
6615  -39.226  -78.755  -36.758 0.1000000015
7328  -39.118  -77.945  -37.278 0.1000000015
5932  -39.649  -79.515  -37.107 0.2000000030
8060  -38.576  -77.098  -37.769 0.1000000015
5921  -39.598  -80.259  -35.824 0.2000000030
5927  -39.666  -80.018  -36.627 0.2000000030
6620  -39.572  -78.768  -37.613 0.2000000030
5337  -40.005  -79.936  -37.157 0.1000000015
7336  -39.331  -77.894  -38.081 0.1000000015
5933  -39.973  -79.361  -37.723 0.2000000030
88224  -40.051  -79.605  -37.508 0.1000000015
5323  -40.559  -80.306  -34.915 0.2000000030
5330  -39.976  -80.301  -36.480 0.1000000015
86422  -39.988  -79.089  -38.026 0.1000000015
5324  -40.936  -80.112  -34.338 0.2000000030
5331  -40.397  -80.373  -35.760 0.2000000030
5338  -40.423  -80.122  -36.566 0.1000000015
5934  -40.062  -79.313  -37.777 0.1000000015
5339  -41.035  -80.075  -36.007 0.1000000015
5928  -40.865  -79.594  -36.501 0.1000000015
5913  -41.259  -79.563  -34.399 0.2000000030
5332  -41.145  -79.954  -35.200 0.2000000030
78489  -41.250  -79.193  -34.975 0.2000000030
5935  -40.587  -79.122  -37.118 0.1000000015
5922  -41.278  -79.447  -35.746 0.1000000015
81662  -41.180  -78.948  -34.270 0.2000000030
6621  -40.392  -78.603  -37.771 0.1000000015
5322  -39.906  -80.542  -34.981 0.1000000015
5926  -39.298  -79.592  -36.268 0.1000000015
7227  -42.783  -78.067  -27.663 0.2000000030
7909  -44.984  -76.578  -23.100 0.2000000030
7918  -43.830  -77.189  -23.063 0.1000000015
9356  -42.477  -74.439  -22.657 0.1000000015
10130  -41.645  -72.636  -19.941 0.2000000030
81387  -41.930  -73.799  -22.283 0.1000000015
10133  -41.770  -72.832  -20.931 0.1000000015
9343  -41.786  -73.368  -21.761 0.1000000015
75717  -43.463  -77.924  -27.020 0.2000000030
7174  -44.240  -77.615  -23.415 0.1000000015
10807  -42.016  -71.943  -18.684 0.2000000030
85255  -44.296  -77.104  -23.081 0.1000000015
12140  -43.147  -70.402  -16.453 0.1000000015
11445  -42.355  -71.317  -16.443 0.1000000015
77964  -43.439  -70.436  -15.747 0.1000000015
12139  -42.766  -70.830  -16.060 0.1000000015
77185  -42.121  -71.758  -15.951 0.1000000015
12141  -44.243  -69.975  -15.884 0.1000000015
10792  -41.922  -72.015  -16.739 0.1000000015
11442  -42.967  -71.206  -15.300 0.1000000015
86246  -44.052  -70.403  -15.265 0.1000000015
12132  -43.626  -70.863  -15.064 0.1000000015
78229  -42.467  -71.355  -15.786 0.1000000015
10788  -42.457  -71.845  -15.343 0.1000000015
12121  -44.341  -70.901  -14.534 0.1000000015
12133  -44.816  -70.197  -15.264 0.1000000015
14807  -47.842  -65.834  -19.456 0.1000000015
90566  -48.177  -65.710  -20.214 0.1000000015
12134  -45.779  -70.040  -15.364 0.1000000015
12840  -46.214  -69.719  -16.126 0.1000000015
15528  -47.446  -65.680  -20.394 0.1000000015
14117  -49.565  -66.883  -19.027 0.1000000015
15529  -48.884  -65.757  -20.774 0.1000000015
11439  -43.501  -71.459  -14.584 0.1000000015
14808  -48.771  -65.976  -19.559 0.1000000015
12189  -39.264  -70.542  -28.776 0.1000000015
12187  -38.787  -69.806  -28.287 0.1000000015
7961  -40.232  -77.092  -26.988 0.1000000015
7224  -39.794  -77.640  -27.512 0.1000000015
6520  -40.097  -78.485  -27.822 0.1000000015
7960  -39.488  -76.844  -27.213 0.1000000015
7970  -39.275  -77.274  -27.722 0.1000000015
78285  -38.939  -77.219  -28.138 0.1000000015
7225  -40.615  -77.812  -27.424 0.1000000015
8684  -39.133  -76.078  -26.894 0.1000000015
7214  -40.999  -77.298  -26.927 0.1000000015
7948  -39.834  -76.371  -26.565 0.1000000015
9390  -38.833  -75.266  -26.582 0.1000000015
7173  -36.082  -77.898  -21.637 0.1000000015
7166  -36.114  -77.204  -21.185 0.1000000015
8646  -34.829  -75.654  -23.627 0.1000000015
8654  -34.497  -75.335  -24.378 0.1000000015
9368  -34.799  -74.543  -24.843 0.1000000015
8664  -34.002  -75.034  -25.026 0.1000000015
8683  -38.674  -75.531  -27.300 0.1000000015
74573  -38.144  -74.699  -26.891 0.1000000015
77156  -39.733  -79.073  -28.530 0.1000000015
9375  -33.613  -74.648  -25.733 0.1000000015
75484  -35.478  -73.802  -26.080 0.1000000015
74930  -36.063  -73.730  -26.920 0.1000000015
9401  -37.668  -74.434  -27.759 0.1000000015
80651  -38.478  -74.647  -26.177 0.1000000015
8674  -39.435  -75.626  -26.250 0.1000000015
74931  -34.971  -73.809  -26.818 0.1000000015
9389  -37.101  -73.985  -26.795 0.1000000015
75496  -37.757  -74.165  -26.012 0.1000000015
7172  -35.810  -77.060  -21.902 0.1000000015
7906  -35.512  -76.187  -21.984 0.1000000015
7915  -35.143  -76.001  -22.803 0.1000000015
8655  -35.128  -74.617  -23.926 0.1000000015
8647  -35.273  -75.139  -23.001 0.1000000015
75483  -36.290  -73.712  -26.208 0.1000000015
9391  -39.025  -74.939  -25.903 0.1000000015
9378  -35.895  -73.677  -25.474 0.1000000015
9379  -36.808  -73.754  -25.730 0.1000000015
7894  -36.419  -76.688  -20.514 0.1000000015
7902  -35.910  -76.419  -21.231 0.1000000015
7158  -36.944  -76.922  -19.560 0.1000000015
7215  -41.711  -77.248  -26.509 0.1000000015
8617  -35.832  -75.561  -21.497 0.1000000015
7949  -40.792  -76.626  -26.257 0.1000000015
86277  -42.610  -77.715  -26.816 0.1000000015
85710  -35.467  -75.530  -22.277 0.1000000015
7226  -41.681  -77.849  -27.357 0.1000000015
9377  -35.469  -73.939  -24.692 0.1000000015
88036  -35.206  -74.002  -25.355 0.1000000015
79112  -36.314  -73.556  -24.787 0.1000000015
79111  -37.399  -73.745  -25.049 0.1000000015
9380  -38.483  -74.214  -25.357 0.1000000015
7895  -37.193  -76.321  -19.987 0.1000000015
78967  -37.529  -76.369  -19.650 0.1000000015
7937  -40.138  -75.869  -25.838 0.1000000015
7893  -36.254  -75.960  -20.845 0.1000000015
8629  -35.814  -74.753  -22.304 0.1000000015
8665  -39.727  -75.111  -25.624 0.1000000015
9361  -35.576  -74.322  -23.162 0.1000000015
9369  -35.802  -73.746  -23.856 0.1000000015
9370  -36.844  -73.509  -23.958 0.1000000015
8605  -36.999  -75.877  -20.504 0.1000000015
8666  -40.333  -75.273  -25.244 0.1000000015
9381  -39.290  -74.559  -25.286 0.1000000015
9362  -36.258  -73.848  -22.970 0.1000000015
8667  -40.961  -75.968  -25.185 0.1000000015
9382  -39.967  -74.646  -24.884 0.1000000015
8618  -36.622  -75.392  -21.055 0.1000000015
9371  -38.037  -73.729  -24.231 0.1000000015
9372  -39.223  -74.082  -24.401 0.1000000015
8630  -36.340  -74.953  -21.624 0.1000000015
9363  -37.502  -73.859  -23.070 0.1000000015
8656  -40.691  -75.047  -24.548 0.1000000015
8657  -41.427  -75.670  -24.207 0.1000000015
9373  -40.241  -74.375  -24.033 0.1000000015
9364  -38.580  -73.930  -23.381 0.1000000015
9350  -36.750  -74.305  -22.165 0.1000000015
9365  -39.562  -74.176  -23.312 0.1000000015
8606  -37.988  -75.782  -20.360 0.1000000015
9351  -37.768  -74.318  -22.201 0.1000000015
8649  -41.795  -75.447  -23.385 0.1000000015
8592  -38.349  -76.174  -17.997 0.1000000015
7882  -37.870  -76.443  -18.745 0.1000000015
7888  -38.105  -76.258  -19.411 0.1000000015
9376  -34.546  -74.227  -25.709 0.1000000015
85723  -38.176  -74.059  -22.755 0.1000000015
5968  -32.109  -79.842  -41.229 0.1000000015
82065  -33.855  -80.161  -43.962 0.1000000015
5382  -33.422  -80.717  -43.792 0.1000000015
5985  -33.795  -80.042  -43.512 0.1000000015
5979  -33.635  -79.825  -42.739 0.1000000015
5367  -32.513  -80.266  -41.876 0.1000000015
5991  -33.860  -79.807  -44.277 0.1000000015
5998  -33.324  -79.546  -44.920 0.1000000015
6698  -33.686  -78.439  -45.274 0.1000000015
78173  -32.700  -79.575  -41.331 0.1000000015
5954  -32.377  -79.220  -40.791 0.1000000015
86939  -31.949  -78.885  -40.336 0.1000000015
5368  -33.046  -80.252  -42.434 0.1000000015
5953  -31.631  -79.277  -40.841 0.1000000015
5376  -32.599  -80.997  -42.589 0.1000000015
5377  -33.159  -80.685  -43.143 0.1000000015
5992  -34.298  -79.516  -43.888 0.1000000015
6689  -34.100  -79.109  -44.521 0.1000000015
6699  -34.420  -78.413  -44.727 0.1000000015
88179  -32.142  -75.308  -37.464 0.1000000015
8073  -31.491  -76.550  -38.333 0.1000000015
8794  -32.744  -74.942  -37.249 0.1000000015
6654  -32.705  -78.594  -40.249 0.1000000015
6653  -31.871  -78.385  -39.823 0.1000000015
6628  -31.688  -77.726  -39.206 0.1000000015
83340  -31.838  -77.114  -38.708 0.1000000015
5955  -33.151  -79.088  -40.980 0.1000000015
81963  -31.200  -78.086  -39.727 0.1000000015
6652  -31.156  -78.628  -40.359 0.1000000015
5969  -33.314  -79.554  -41.840 0.1000000015
9503  -33.388  -74.605  -36.991 0.1000000015
8057  -31.870  -75.872  -37.921 0.1000000015
9494  -32.720  -74.310  -36.466 0.1000000015
6641  -32.538  -77.982  -39.523 0.1000000015
7350  -32.476  -77.334  -38.988 0.1000000015
6642  -33.374  -78.052  -39.821 0.1000000015
5986  -34.251  -79.353  -43.136 0.1000000015
5970  -33.967  -78.923  -41.292 0.1000000015
8074  -32.427  -76.542  -38.420 0.1000000015
8072  -30.641  -76.524  -38.371 0.1000000015
6655  -33.674  -78.562  -40.502 0.1000000015
8056  -31.033  -75.865  -37.916 0.1000000015
6656  -34.490  -78.443  -40.749 0.1000000015
7378  -34.919  -77.964  -40.306 0.1000000015
7379  -35.546  -77.772  -40.600 0.1000000015
7367  -33.119  -77.555  -39.316 0.1000000015
6643  -34.206  -78.064  -40.054 0.1000000015
7368  -33.962  -77.433  -39.402 0.1000000015
87230  -34.671  -77.639  -39.768 0.1000000015
7351  -33.262  -76.923  -38.879 0.1000000015
7388  -35.118  -78.217  -40.910 0.1000000015
5293  -39.704  -80.734  -31.329 0.3000000119
5343  -40.271  -79.687  -37.174 0.1000000015
6485  -44.707  -77.868  -24.264 0.1000000015
7175  -44.686  -77.238  -23.356 0.1000000015
7183  -44.935  -77.579  -23.783 0.3000000119
7195  -46.595  -76.599  -24.731 0.3000000119
7205  -44.894  -77.711  -24.909 0.4000000060
7298  -36.043  -77.795  -33.059 0.1000000015
7910  -46.044  -76.516  -23.441 0.3000000119
7921  -47.492  -76.046  -23.857 0.3000000119
7929  -47.370  -76.252  -24.294 0.3000000119
7979  -44.908  -76.415  -29.824 0.5000000000
7989  -44.304  -76.842  -31.110 0.3000000119
8651  -46.889  -75.982  -23.507 0.3000000119
8676  -46.181  -75.756  -26.215 0.5000000000
8724  -44.107  -75.321  -31.158 0.5000000000
8772  -37.224  -75.345  -35.474 0.1000000015
9359  -46.124  -74.312  -23.503 0.3000000119
9383  -45.981  -74.571  -25.430 0.5000000000
10138  -46.333  -73.832  -23.858 0.3000000119
10848  -38.857  -72.578  -32.365 0.1000000015
10863  -45.056  -72.033  -35.498 0.1000000015
11513  -45.365  -71.870  -35.811 0.1000000015
12216  -45.200  -71.612  -36.090 0.1000000015
13643  -41.682  -68.017  -41.900 0.1000000015
14250  -44.336  -67.289  -39.403 0.1000000015
14251  -45.104  -67.632  -39.704 0.1000000015
14270  -43.900  -67.139  -42.784 0.1000000015
14988  -44.604  -67.222  -41.003 0.1000000015
15620  -35.518  -65.343  -31.580 0.1000000015
15632  -36.175  -65.671  -31.942 0.1000000015
16775  -38.537  -63.911  -22.794 0.1000000015
71930  -44.499  -69.182  -41.243 0.1000000015
71936  -43.329  -67.662  -43.694 0.1000000015
71938  -44.482  -67.286  -42.067 0.1000000015
73780  -45.284  -67.926  -41.657 0.1000000015
74376  -41.925  -68.373  -42.109 0.1000000015
74529  -44.904  -67.704  -42.506 0.1000000015
76755  -46.945  -74.775  -24.202 0.3000000119
79862  -45.368  -67.760  -40.587 0.1000000015
82702  -34.501  -64.170  -31.285 0.1000000015
85990  -44.311  -75.811  -31.398 0.4000000060
87059  -47.451  -75.937  -24.646 0.3000000119
