#!ascii label  , from subject sub-01 vox2ras=TkReg
268
8000  -43.461  -76.349  -31.765 0.0000000000
10856  -41.709  -72.384  -34.690 0.0000000000
10147  -41.177  -72.972  -28.029 0.0000000000
7997  -40.342  -75.956  -32.572 0.0000000000
11492  -39.389  -71.161  -29.811 0.0000000000
8675  -45.632  -75.563  -26.842 0.0000000000
12179  -41.993  -70.914  -24.204 0.0000000000
74968  -41.992  -69.118  -20.457 0.0000000000
12912  -40.022  -70.409  -26.388 0.0000000000
10831  -39.895  -72.181  -28.901 0.0000000000
12914  -38.794  -69.668  -27.539 0.0000000000
10821  -43.997  -72.110  -25.525 0.0000000000
11470  -44.204  -71.636  -23.567 0.0000000000
14129  -43.538  -67.030  -20.109 0.0000000000
83282  -41.213  -67.746  -20.904 0.0000000000
6585  -41.545  -78.272  -32.769 0.0000000000
10169  -40.486  -73.614  -34.051 0.0000000000
89248  -40.989  -75.618  -34.868 0.0000000000
10183  -43.196  -73.071  -35.733 0.0000000000
9434  -43.162  -74.588  -29.831 0.0000000000
7998  -41.386  -76.467  -31.682 0.0000000000
10157  -39.040  -73.297  -31.512 0.0000000000
11502  -39.037  -71.302  -32.459 0.0000000000
85949  -43.486  -73.959  -27.727 0.0000000000
11482  -42.364  -71.658  -25.992 0.0000000000
12900  -40.496  -69.696  -24.610 0.0000000000
11466  -42.287  -71.375  -21.781 0.0000000000
12891  -41.516  -70.628  -22.640 0.0000000000
13519  -40.332  -68.367  -22.505 0.0000000000
14148  -39.572  -67.058  -22.851 0.0000000000
8033  -40.915  -77.178  -34.281 0.0000000000
12932  -41.291  -68.744  -33.137 0.0000000000
12210  -43.164  -70.748  -35.423 0.0000000000
12984  -44.653  -68.865  -39.458 0.0000000000
12905  -39.469  -69.079  -25.680 0.0000000000
12185  -39.330  -70.094  -27.012 0.0000000000
82890  -42.131  -77.113  -31.829 0.0000000000
10170  -41.186  -73.243  -34.581 0.0000000000
10177  -41.645  -73.672  -34.994 0.0000000000
10178  -42.735  -72.942  -35.248 0.0000000000
10190  -43.939  -72.828  -36.152 0.0000000000
10862  -44.389  -72.043  -35.027 0.0000000000
10150  -41.750  -73.636  -28.480 0.0000000000
10149  -40.861  -73.342  -28.780 0.0000000000
11488  -39.618  -71.473  -28.920 0.0000000000
74943  -39.371  -72.793  -30.177 0.0000000000
10840  -39.156  -71.971  -30.462 0.0000000000
10844  -38.785  -72.553  -31.730 0.0000000000
11496  -39.161  -71.242  -30.803 0.0000000000
9418  -44.226  -74.715  -28.516 0.0000000000
9403  -44.418  -74.364  -27.417 0.0000000000
11478  -43.571  -71.605  -24.988 0.0000000000
11483  -43.174  -71.875  -25.726 0.0000000000
11476  -41.890  -71.185  -25.507 0.0000000000
12177  -40.868  -70.260  -25.016 0.0000000000
12178  -41.144  -70.299  -24.297 0.0000000000
12885  -41.686  -69.923  -21.020 0.0000000000
74590  -41.660  -70.745  -21.795 0.0000000000
12884  -41.441  -69.155  -20.928 0.0000000000
14141  -41.133  -66.947  -20.986 0.0000000000
14150  -40.651  -67.865  -21.588 0.0000000000
14847  -40.542  -66.828  -21.608 0.0000000000
14154  -39.865  -67.881  -23.097 0.0000000000
86571  -40.584  -76.413  -31.906 0.0000000000
8012  -40.885  -76.928  -32.753 0.0000000000
8754  -40.675  -76.347  -33.107 0.0000000000
8047  -41.209  -76.713  -35.798 0.0000000000
14188  -41.682  -68.103  -33.214 0.0000000000
76128  -41.494  -69.685  -34.389 0.0000000000
12964  -42.654  -69.011  -37.845 0.0000000000
11480  -40.623  -71.113  -26.686 0.0000000000
10832  -40.440  -72.572  -28.489 0.0000000000
12188  -39.782  -70.811  -27.224 0.0000000000
83405  -39.169  -70.376  -27.813 0.0000000000
12187  -38.787  -69.806  -28.287 0.0000000000
10146  -45.366  -74.302  -25.919 0.0000000000
11479  -44.455  -71.817  -24.744 0.0000000000
89300  -42.607  -71.112  -23.958 0.0000000000
77016  -42.530  -67.509  -20.218 0.0000000000
13512  -41.703  -68.213  -20.539 0.0000000000
14142  -41.876  -67.177  -20.634 0.0000000000
14836  -42.007  -66.168  -20.825 0.0000000000
9463  -40.250  -74.546  -33.605 0.0000000000
8755  -40.734  -75.847  -34.084 0.0000000000
9474  -41.150  -74.781  -34.817 0.0000000000
9487  -41.446  -74.914  -35.494 0.0000000000
9499  -41.828  -74.342  -36.589 0.0000000000
10189  -42.757  -73.411  -36.448 0.0000000000
10878  -44.546  -72.202  -36.957 0.0000000000
11531  -44.208  -71.812  -37.432 0.0000000000
8723  -43.481  -75.284  -31.228 0.0000000000
7999  -42.400  -76.472  -31.655 0.0000000000
8721  -41.342  -75.613  -30.973 0.0000000000
8720  -40.207  -75.445  -31.232 0.0000000000
10835  -39.960  -72.939  -29.292 0.0000000000
9442  -39.765  -74.440  -30.824 0.0000000000
88718  -39.426  -74.684  -32.225 0.0000000000
10164  -39.155  -73.367  -32.594 0.0000000000
10849  -39.179  -72.684  -32.939 0.0000000000
11505  -40.162  -71.465  -33.836 0.0000000000
9447  -44.366  -75.233  -30.309 0.0000000000
9417  -43.357  -74.300  -28.900 0.0000000000
10148  -42.024  -73.189  -27.765 0.0000000000
88403  -44.024  -73.663  -26.910 0.0000000000
10825  -42.782  -72.282  -26.403 0.0000000000
10824  -41.966  -72.047  -26.696 0.0000000000
12186  -40.936  -70.729  -25.743 0.0000000000
12906  -40.169  -69.862  -25.526 0.0000000000
13526  -39.395  -68.471  -24.936 0.0000000000
12166  -42.399  -71.314  -22.685 0.0000000000
12172  -42.137  -71.054  -23.453 0.0000000000
12171  -41.355  -70.451  -23.471 0.0000000000
13511  -41.053  -68.644  -21.205 0.0000000000
12896  -40.896  -69.861  -22.682 0.0000000000
12895  -40.658  -69.622  -23.618 0.0000000000
13523  -40.179  -68.720  -23.361 0.0000000000
13522  -39.631  -68.194  -23.955 0.0000000000
7280  -41.374  -76.939  -31.914 0.0000000000
6593  -41.151  -78.179  -33.622 0.0000000000
8766  -40.879  -76.406  -34.542 0.0000000000
7324  -41.229  -77.537  -35.662 0.0000000000
12197  -39.382  -70.429  -31.202 0.0000000000
12202  -39.477  -70.802  -32.786 0.0000000000
12201  -40.791  -70.633  -33.961 0.0000000000
12204  -41.750  -70.818  -34.670 0.0000000000
11509  -43.169  -71.603  -34.935 0.0000000000
12212  -44.875  -71.634  -35.599 0.0000000000
12224  -44.128  -71.397  -37.343 0.0000000000
13532  -38.982  -68.379  -25.873 0.0000000000
6577  -42.352  -78.028  -31.811 0.0000000000
7281  -42.877  -77.277  -31.610 0.0000000000
10171  -42.012  -72.904  -34.976 0.0000000000
10857  -42.793  -72.344  -34.941 0.0000000000
10179  -43.701  -72.360  -35.026 0.0000000000
10858  -43.595  -72.018  -34.789 0.0000000000
10154  -41.470  -74.089  -29.163 0.0000000000
7964  -45.710  -75.988  -27.057 0.0000000000
9404  -45.289  -75.639  -27.752 0.0000000000
77278  -44.815  -75.014  -27.841 0.0000000000
9392  -45.160  -74.875  -26.934 0.0000000000
11477  -42.720  -71.418  -25.260 0.0000000000
86563  -42.233  -71.099  -24.871 0.0000000000
12184  -41.526  -70.738  -24.941 0.0000000000
13500  -42.419  -68.375  -20.025 0.0000000000
14835  -41.059  -66.104  -21.143 0.0000000000
14149  -40.161  -67.446  -22.295 0.0000000000
79973  -40.419  -66.000  -21.641 0.0000000000
8011  -40.755  -76.680  -32.212 0.0000000000
83407  -42.303  -69.641  -35.546 0.0000000000
12944  -42.590  -69.507  -36.777 0.0000000000
11485  -40.333  -71.495  -27.494 0.0000000000
90211  -38.997  -69.468  -26.905 0.0000000000
11474  -43.951  -71.452  -24.235 0.0000000000
12173  -43.157  -71.352  -23.635 0.0000000000
14113  -43.104  -67.883  -19.683 0.0000000000
5902  -41.356  -79.170  -33.515 0.0000000000
87789  -40.724  -75.041  -34.100 0.0000000000
9465  -40.898  -74.196  -34.399 0.0000000000
9475  -41.999  -73.845  -35.502 0.0000000000
9488  -42.242  -73.987  -35.997 0.0000000000
10191  -44.967  -72.337  -36.118 0.0000000000
10873  -44.627  -72.424  -36.478 0.0000000000
11525  -44.966  -71.875  -36.852 0.0000000000
9445  -42.933  -74.956  -30.549 0.0000000000
8736  -43.097  -75.809  -31.570 0.0000000000
11489  -40.055  -71.871  -28.241 0.0000000000
10158  -39.329  -73.474  -30.817 0.0000000000
10161  -39.327  -74.031  -31.398 0.0000000000
9451  -39.152  -74.018  -32.046 0.0000000000
11499  -38.676  -71.899  -32.089 0.0000000000
82049  -38.960  -71.986  -32.798 0.0000000000
10854  -39.526  -72.222  -33.484 0.0000000000
11504  -39.425  -71.381  -33.184 0.0000000000
9435  -43.956  -74.732  -29.681 0.0000000000
10151  -42.615  -73.812  -28.231 0.0000000000
76545  -42.744  -73.366  -27.514 0.0000000000
10141  -45.047  -73.392  -25.585 0.0000000000
10145  -44.695  -73.941  -26.476 0.0000000000
10827  -44.200  -72.984  -26.105 0.0000000000
10830  -42.389  -72.741  -27.089 0.0000000000
11481  -41.504  -71.407  -26.277 0.0000000000
12899  -39.924  -69.207  -24.996 0.0000000000
13520  -40.713  -68.982  -22.042 0.0000000000
85334  -40.525  -69.152  -22.817 0.0000000000
14153  -39.307  -67.397  -23.644 0.0000000000
7300  -40.973  -77.352  -33.483 0.0000000000
7289  -41.241  -77.447  -32.721 0.0000000000
85049  -40.997  -77.790  -34.171 0.0000000000
76080  -41.168  -76.978  -36.520 0.0000000000
8042  -41.013  -76.967  -35.078 0.0000000000
12200  -39.902  -70.153  -32.695 0.0000000000
12203  -39.998  -70.673  -33.343 0.0000000000
12206  -42.531  -70.792  -35.105 0.0000000000
12207  -43.970  -71.417  -35.180 0.0000000000
12211  -44.130  -71.009  -35.818 0.0000000000
81422  -43.407  -70.480  -37.809 0.0000000000
12215  -44.201  -71.047  -36.711 0.0000000000
12236  -43.295  -69.935  -38.856 0.0000000000
12911  -39.473  -69.648  -26.315 0.0000000000
13538  -38.924  -68.892  -26.467 0.0000000000
14128  -42.767  -66.686  -20.566 0.0000000000
88936  -43.550  -66.362  -20.566 0.0000000000
77000  -41.760  -77.572  -32.218 0.0000000000
89416  -43.589  -72.637  -35.327 0.0000000000
85491  -44.444  -72.382  -35.540 0.0000000000
10867  -45.454  -72.056  -35.932 0.0000000000
9416  -42.436  -74.215  -29.061 0.0000000000
10153  -40.520  -73.825  -29.459 0.0000000000
76315  -39.535  -72.070  -29.606 0.0000000000
10839  -39.016  -72.648  -30.999 0.0000000000
11495  -38.828  -71.911  -31.304 0.0000000000
11500  -38.992  -71.242  -31.671 0.0000000000
12890  -41.137  -69.789  -21.696 0.0000000000
14846  -39.974  -66.594  -22.164 0.0000000000
8022  -40.787  -76.708  -33.667 0.0000000000
8773  -41.110  -75.985  -35.454 0.0000000000
75379  -41.417  -68.659  -33.657 0.0000000000
80478  -41.576  -69.187  -34.491 0.0000000000
12934  -42.166  -69.978  -35.132 0.0000000000
12939  -42.979  -70.246  -35.686 0.0000000000
12945  -43.232  -70.047  -37.422 0.0000000000
12965  -43.489  -69.172  -38.666 0.0000000000
10828  -40.792  -72.189  -27.774 0.0000000000
11484  -39.645  -71.113  -28.074 0.0000000000
12189  -39.264  -70.542  -28.776 0.0000000000
10822  -44.777  -72.491  -25.203 0.0000000000
12180  -42.930  -71.250  -24.451 0.0000000000
9457  -40.001  -75.215  -32.970 0.0000000000
9464  -40.501  -75.557  -33.436 0.0000000000
8774  -41.566  -75.120  -36.100 0.0000000000
10201  -43.712  -72.731  -36.771 0.0000000000
10886  -43.351  -72.411  -37.365 0.0000000000
11530  -43.310  -71.713  -37.885 0.0000000000
8735  -42.012  -76.001  -31.410 0.0000000000
8734  -40.879  -76.042  -31.533 0.0000000000
8733  -39.994  -75.877  -31.875 0.0000000000
10152  -39.761  -73.654  -30.052 0.0000000000
9452  -39.554  -74.925  -31.738 0.0000000000
76806  -39.737  -75.244  -32.355 0.0000000000
9456  -39.541  -74.413  -32.761 0.0000000000
10168  -39.709  -73.372  -33.422 0.0000000000
10855  -40.509  -72.556  -34.151 0.0000000000
11506  -41.229  -71.576  -34.407 0.0000000000
8737  -43.865  -75.690  -31.702 0.0000000000
9446  -43.729  -74.892  -30.600 0.0000000000
10826  -43.491  -72.435  -26.116 0.0000000000
10144  -43.293  -73.064  -26.822 0.0000000000
10829  -41.573  -72.493  -27.379 0.0000000000
11486  -41.152  -71.771  -27.057 0.0000000000
13527  -40.087  -68.960  -24.254 0.0000000000
90006  -38.713  -68.328  -26.404 0.0000000000
86107  -38.968  -69.820  -28.978 0.0000000000
12192  -39.237  -70.221  -29.622 0.0000000000
12195  -39.325  -70.606  -30.356 0.0000000000
12198  -39.823  -69.831  -31.914 0.0000000000
12199  -39.341  -70.603  -32.143 0.0000000000
12933  -41.079  -69.735  -33.830 0.0000000000
11507  -42.464  -71.794  -34.783 0.0000000000
11510  -44.111  -71.880  -34.903 0.0000000000
11511  -44.747  -71.865  -35.302 0.0000000000
11519  -45.480  -71.959  -36.225 0.0000000000
12225  -45.095  -71.720  -36.545 0.0000000000
89847  -44.335  -71.716  -37.382 0.0000000000
8724  -44.107  -75.321  -31.158 0.0000000000
10848  -38.857  -72.578  -32.365 0.0000000000
10863  -45.056  -72.033  -35.498 0.0000000000
11513  -45.365  -71.870  -35.811 0.0000000000
12216  -45.200  -71.612  -36.090 0.0000000000
