#!ascii label  , from subject sub-01 vox2ras=TkReg
704
35707  -28.718  -33.159  -29.920 0.4285714328
36907  -28.664  -31.425  -30.056 0.2857142985
37520  -29.359  -30.886  -29.876 0.4285714328
86161  -28.427  -29.816  -30.056 0.2857142985
38120  -29.166  -29.998  -29.903 0.4285714328
38102  -29.741  -29.257  -29.680 0.4285714328
38657  -28.501  -28.485  -30.235 0.4285714328
38658  -29.377  -28.161  -29.888 0.4285714328
88051  -28.577  -27.106  -30.671 0.4285714328
39237  -29.170  -27.194  -30.151 0.4285714328
40456  -28.580  -25.969  -30.927 0.5714285970
39854  -28.863  -26.560  -30.558 0.5714285970
39835  -29.440  -26.543  -30.046 0.4285714328
40442  -29.611  -26.001  -29.943 0.2857142985
77868  -28.936  -25.416  -30.845 0.7142857313
41048  -29.397  -25.403  -30.358 0.7142857313
41067  -29.778  -24.737  -30.231 0.7142857313
41659  -30.201  -23.882  -30.500 0.5714285970
41658  -29.787  -24.210  -30.823 0.5714285970
41672  -30.217  -23.665  -31.170 0.5714285970
42302  -30.712  -23.029  -31.432 0.5714285970
41673  -30.708  -23.214  -30.859 0.5714285970
90269  -31.078  -22.448  -31.565 0.5714285970
43019  -31.671  -21.238  -31.926 0.5714285970
42315  -30.518  -22.477  -32.086 0.7142857313
43667  -32.053  -20.546  -31.790 0.5714285970
42314  -29.362  -22.649  -32.380 0.5714285970
43665  -31.004  -20.992  -32.249 0.8571428657
86158  -32.023  -19.915  -32.110 0.7142857313
76687  -30.190  -20.870  -32.468 0.7142857313
80430  -29.359  -20.919  -32.680 0.5714285970
44955  -31.652  -18.648  -32.412 0.7142857313
44290  -32.384  -19.783  -31.660 0.5714285970
44301  -30.680  -19.989  -32.449 0.7142857313
44302  -31.500  -19.510  -32.314 0.7142857313
45582  -31.891  -17.822  -32.538 0.5714285970
44956  -32.377  -18.415  -32.248 0.5714285970
82803  -30.823  -18.928  -32.523 0.7142857313
45592  -32.145  -17.053  -32.651 0.7142857313
45583  -32.582  -17.610  -32.344 0.7142857313
45581  -31.066  -18.009  -32.583 0.7142857313
45591  -31.411  -17.173  -32.709 0.7142857313
46185  -31.758  -16.415  -32.863 0.7142857313
46772  -32.103  -15.612  -32.902 0.7142857313
46186  -32.479  -16.372  -32.684 0.5714285970
44954  -30.075  -18.225  -32.682 0.5714285970
46763  -32.535  -15.039  -32.589 0.5714285970
47420  -32.230  -14.327  -32.633 0.5714285970
46184  -30.961  -16.525  -32.836 0.8571428657
45590  -30.551  -17.294  -32.731 0.8571428657
47434  -31.641  -14.257  -32.832 0.7142857313
83023  -31.270  -15.796  -32.938 0.8571428657
46771  -31.442  -15.005  -32.925 0.7142857313
48643  -31.150  -12.066  -32.679 0.8571428657
48624  -31.624  -12.796  -32.630 0.5714285970
48063  -31.223  -13.492  -32.805 0.8571428657
48062  -30.384  -13.314  -32.949 0.8571428657
46770  -30.610  -15.237  -32.947 0.8571428657
47433  -30.744  -14.267  -32.927 0.8571428657
49307  -30.763  -11.310  -32.738 0.8571428657
73432  -30.378  -10.389  -32.872 0.8571428657
84887  -30.212  -8.945  -32.868 0.8571428657
79754  -30.827  -12.705  -32.827 0.8571428657
72776  -29.733  -9.560  -33.248 1.0000000000
48642  -30.385  -11.975  -32.949 0.8571428657
49970  -29.535  -10.456  -33.425 1.0000000000
84491  -29.153  -8.248  -33.524 1.0000000000
84290  -28.014  -6.911  -33.512 0.7142857313
85232  -29.611  -8.793  -33.269 1.0000000000
73335  -29.059  -8.976  -33.726 1.0000000000
84686  -28.988  -7.749  -33.440 1.0000000000
84066  -27.096  -4.877  -32.185 1.0000000000
84152  -27.004  -2.559  -32.116 0.8571428657
73091  -26.912  -3.639  -31.957 1.0000000000
55432  -28.775  0.060  -34.107 0.8571428657
54875  -28.488  -1.148  -33.147 0.8571428657
73759  -27.413  -1.638  -32.714 1.0000000000
56558  -29.050  1.249  -34.728 0.8571428657
77040  -28.742  1.977  -35.218 0.7142857313
55979  -27.869  0.969  -34.457 0.5714285970
57533  -28.772  3.849  -36.608 0.7142857313
83290  -29.169  3.281  -36.035 0.5714285970
57531  -27.267  4.103  -36.537 0.5714285970
57075  -27.754  2.840  -35.958 0.5714285970
57946  -26.989  4.695  -36.179 0.4285714328
58902  -27.673  6.584  -36.593 0.4285714328
59397  -27.390  6.891  -35.614 0.2857142985
59398  -28.378  7.461  -34.769 0.2857142985
58894  -27.104  6.264  -35.759 0.2857142985
37519  -28.578  -30.589  -30.031 0.2857142985
44303  -32.183  -19.229  -32.168 0.5714285970
48047  -32.191  -13.119  -32.430 0.5714285970
82713  -32.023  -14.849  -32.852 0.7142857313
49291  -31.498  -11.476  -32.462 0.8571428657
81576  -31.225  -10.702  -32.463 0.8571428657
84118  -30.448  -9.579  -32.766 0.8571428657
84684  -28.499  -6.486  -32.925 0.8571428657
81033  -29.694  6.714  -32.503 0.1428571492
37518  -28.038  -30.317  -30.091 0.2857142985
38119  -28.270  -29.157  -30.129 0.2857142985
76849  -28.909  -29.146  -29.988 0.2857142985
90378  -29.611  -27.520  -29.794 0.4285714328
40457  -29.137  -25.985  -30.457 0.5714285970
41066  -29.355  -24.796  -30.783 0.7142857313
41081  -29.390  -24.135  -31.419 0.5714285970
42303  -31.538  -22.008  -30.823 0.4285714328
42301  -30.057  -23.385  -31.836 0.7142857313
78796  -31.087  -22.565  -31.120 0.7142857313
43005  -31.441  -21.938  -31.450 0.5714285970
43666  -31.554  -20.380  -32.202 0.7142857313
43017  -29.831  -21.706  -32.453 0.5714285970
43664  -29.725  -20.110  -32.642 0.5714285970
44304  -32.692  -18.958  -31.781 0.5714285970
45593  -32.718  -16.944  -32.416 0.5714285970
88384  -31.721  -12.106  -32.467 0.5714285970
73215  -28.331  -7.782  -33.921 0.8571428657
72798  -27.717  -6.051  -32.872 0.7142857313
84130  -28.325  -5.797  -32.326 1.0000000000
90210  -26.833  -5.768  -32.891 0.7142857313
55420  -28.230  -0.432  -33.674 0.8571428657
84067  -28.094  -2.091  -32.426 1.0000000000
84715  -27.570  -3.084  -31.513 1.0000000000
56557  -28.295  1.480  -34.898 0.7142857313
88536  -27.587  5.838  -36.695 0.7142857313
57068  -28.002  2.169  -35.450 0.5714285970
57532  -27.921  3.875  -36.878 0.7142857313
57951  -28.348  4.479  -36.927 0.7142857313
57527  -26.717  3.954  -35.984 0.4285714328
59402  -27.738  7.708  -35.752 0.2857142985
59404  -27.759  7.515  -36.199 0.4285714328
77756  -28.686  5.795  -36.911 0.4285714328
59866  -28.510  8.458  -34.684 0.2857142985
59868  -27.646  8.698  -36.089 0.4285714328
58901  -27.150  6.090  -36.139 0.4285714328
57950  -27.601  4.587  -36.793 0.7142857313
59401  -27.163  6.830  -36.054 0.2857142985
59865  -27.800  8.965  -35.408 0.2857142985
36326  -28.729  -32.276  -30.036 0.4285714328
36908  -29.441  -31.766  -29.879 0.4285714328
36906  -28.012  -31.026  -30.102 0.2857142985
39236  -28.599  -27.716  -30.429 0.2857142985
42316  -31.185  -21.863  -32.011 0.7142857313
43006  -31.902  -21.239  -31.230 0.5714285970
43018  -30.572  -21.591  -32.279 0.7142857313
44300  -29.968  -19.251  -32.652 0.7142857313
48064  -31.929  -13.609  -32.672 0.8571428657
49306  -29.964  -11.211  -33.119 1.0000000000
55980  -28.562  0.741  -34.451 0.8571428657
88832  -28.815  2.883  -35.980 0.7142857313
57076  -28.465  2.584  -35.809 0.5714285970
57528  -27.452  3.490  -36.397 0.5714285970
58895  -27.730  6.447  -34.864 0.2857142985
59394  -29.229  7.591  -33.731 0.2857142985
80396  -28.893  -24.845  -31.201 0.2857142985
58419  -28.004  5.263  -37.022 0.5714285970
83920  -28.035  13.049  -35.849 0.2857142985
84105  -28.697  12.884  -33.969 0.1428571492
60799  -27.013  11.786  -36.109 0.2857142985
73102  -28.135  11.877  -36.759 0.2857142985
72908  -27.610  13.183  -33.408 0.1428571492
73142  -29.497  11.980  -33.303 0.1428571492
60796  -26.756  11.505  -34.431 0.1428571492
60798  -26.866  11.587  -35.509 0.2857142985
61200  -26.574  12.220  -33.285 0.1428571492
59410  -29.607  7.828  -37.106 0.2857142985
81471  -27.841  10.891  -36.761 0.2857142985
57942  -31.735  4.115  -34.700 0.2857142985
89005  -30.911  6.128  -36.377 0.2857142985
72905  -29.311  11.630  -31.621 0.1428571492
59870  -28.068  8.634  -36.478 0.2857142985
57521  -30.028  3.321  -35.412 0.2857142985
60331  -27.709  9.813  -36.361 0.2857142985
80858  -30.682  1.494  -34.532 0.1428571492
57941  -30.651  4.324  -35.291 0.2857142985
76746  -30.368  6.281  -36.603 0.2857142985
74175  -26.916  12.706  -32.481 0.1428571492
58904  -29.465  6.431  -36.813 0.2857142985
59405  -28.481  7.507  -36.752 0.2857142985
55424  -32.201  -0.415  -33.420 0.1428571492
55436  -31.791  0.112  -33.978 0.1428571492
57522  -30.991  3.325  -34.753 0.4285714328
90529  -29.411  4.985  -36.526 0.2857142985
54867  -30.149  -1.415  -32.820 0.2857142985
81095  -29.845  1.104  -34.580 0.4285714328
88107  -28.007  5.988  -37.054 0.2857142985
54280  -31.203  -2.251  -32.014 0.1428571492
55435  -30.918  0.062  -34.080 0.2857142985
81340  -29.634  1.815  -34.862 0.4285714328
80237  -29.724  -0.368  -33.804 0.5714285970
72795  -30.258  -2.733  -31.063 0.1428571492
73809  -30.010  -2.185  -32.111 0.1428571492
55981  -29.434  0.502  -34.352 0.7142857313
57069  -29.298  2.607  -35.471 0.4285714328
54876  -29.686  -0.897  -33.314 0.4285714328
73189  -29.823  -3.416  -30.032 0.2857142985
73035  -29.132  -3.471  -30.759 0.7142857313
55421  -29.050  -0.467  -33.707 0.7142857313
73323  -28.671  -2.525  -31.691 0.8571428657
84248  -30.397  -4.417  -29.450 0.2857142985
54866  -29.224  -1.672  -32.647 0.7142857313
54874  -27.523  -0.925  -33.179 0.5714285970
72779  -30.747  -5.833  -29.634 0.1428571492
49304  -27.994  -11.856  -34.107 0.5714285970
84493  -29.002  -9.784  -33.873 0.8571428657
73774  -28.579  -8.467  -34.020 0.8571428657
72791  -28.317  -9.066  -34.266 0.4285714328
73736  -27.954  -4.763  -31.883 0.8571428657
84197  -29.113  -6.346  -32.280 0.8571428657
84475  -27.802  -3.843  -31.796 0.8571428657
84120  -30.227  -7.088  -30.725 0.2857142985
84445  -28.557  -5.217  -31.246 0.8571428657
72781  -28.503  -4.008  -31.165 0.8571428657
84428  -31.837  -6.773  -30.063 0.4285714328
73131  -29.060  -5.915  -31.031 0.7142857313
84534  -29.166  -3.778  -30.694 0.7142857313
49969  -28.907  -10.631  -33.920 0.5714285970
49314  -28.238  -10.883  -34.182 0.5714285970
73645  -28.935  -7.179  -33.161 0.8571428657
84685  -29.787  -6.659  -31.664 0.8571428657
73123  -31.106  -7.864  -30.725 0.4285714328
45588  -28.802  -17.399  -32.944 0.7142857313
89346  -28.844  -15.843  -33.052 0.4285714328
45589  -29.658  -17.336  -32.823 0.7142857313
47431  -29.850  -14.695  -33.033 0.8571428657
47430  -28.803  -14.805  -33.230 0.5714285970
82163  -28.364  -13.757  -33.523 0.5714285970
48059  -27.521  -13.468  -33.640 0.4285714328
47432  -29.834  -13.890  -33.086 0.8571428657
86224  -28.794  -13.161  -33.530 0.5714285970
48640  -28.809  -12.373  -33.669 0.5714285970
81870  -30.117  -12.574  -33.029 0.8571428657
48641  -29.550  -11.958  -33.355 0.7142857313
73772  -31.032  -9.894  -32.451 0.7142857313
84209  -30.870  -9.117  -32.428 0.7142857313
84492  -30.270  -7.738  -32.612 0.7142857313
73348  -31.626  -9.787  -31.436 0.2857142985
90270  -31.434  -9.119  -31.218 0.4285714328
84119  -31.198  -8.565  -31.767 0.5714285970
44953  -29.269  -18.805  -32.807 0.4285714328
82098  -30.545  -15.960  -32.899 0.7142857313
48061  -29.511  -12.995  -33.274 0.8571428657
77647  -31.829  -10.585  -31.456 0.2857142985
49956  -31.624  -10.193  -32.085 0.5714285970
76338  -28.547  -19.453  -32.945 0.5714285970
79725  -29.252  -18.021  -32.847 0.5714285970
48625  -32.180  -12.477  -32.291 0.4285714328
83258  -32.084  -11.735  -32.173 0.4285714328
49292  -31.896  -10.962  -32.136 0.4285714328
44957  -33.006  -18.148  -31.903 0.4285714328
46764  -33.142  -15.192  -32.152 0.4285714328
48049  -32.790  -13.922  -31.759 0.4285714328
48048  -32.440  -13.742  -32.315 0.4285714328
39220  -29.790  -27.139  -29.672 0.1428571492
46177  -33.096  -16.478  -32.278 0.4285714328
40443  -30.173  -25.978  -29.409 0.1428571492
41660  -30.712  -23.406  -29.843 0.2857142985
43656  -32.746  -20.373  -30.521 0.2857142985
44292  -33.627  -18.932  -29.930 0.2857142985
44278  -33.121  -19.639  -30.463 0.2857142985
44947  -33.509  -18.033  -30.350 0.2857142985
44945  -33.040  -18.661  -30.989 0.2857142985
80479  -32.622  -19.924  -31.040 0.2857142985
45585  -33.463  -17.076  -31.523 0.2857142985
44946  -33.319  -17.732  -31.349 0.4285714328
39836  -30.123  -26.639  -29.428 0.1428571492
41049  -30.205  -25.280  -29.482 0.2857142985
41068  -30.345  -24.354  -29.543 0.2857142985
42288  -31.710  -21.999  -29.755 0.2857142985
42289  -32.472  -21.564  -29.466 0.2857142985
42992  -32.851  -21.019  -29.870 0.2857142985
83073  -30.934  -26.544  -28.930 0.1428571492
78801  -32.244  -25.171  -28.093 0.2857142985
40444  -30.931  -25.922  -28.943 0.2857142985
41069  -31.264  -23.981  -28.367 0.2857142985
41050  -30.956  -25.128  -28.702 0.2857142985
41661  -31.409  -22.754  -29.004 0.2857142985
37503  -30.034  -30.232  -29.675 0.2857142985
81134  -30.079  -27.771  -29.513 0.1428571492
39221  -30.475  -27.391  -29.208 0.1428571492
38103  -30.655  -29.481  -29.436 0.2857142985
36311  -29.498  -32.614  -29.844 0.1428571492
35008  -28.367  -33.875  -29.841 0.2857142985
46171  -33.562  -16.541  -31.172 0.2857142985
46170  -33.521  -15.977  -31.939 0.4285714328
49282  -32.099  -11.422  -31.399 0.2857142985
84689  -31.622  -10.142  -30.643 0.2857142985
83899  -30.866  -7.718  -31.941 0.7142857313
55969  -28.036  0.215  -34.107 0.4285714328
84042  -31.879  -8.618  -31.042 0.2857142985
84476  -28.579  -3.463  -31.284 0.8571428657
55422  -30.411  -0.408  -33.707 0.4285714328
60795  -28.765  11.108  -31.206 0.1428571492
55983  -31.306  0.733  -34.227 0.1428571492
59406  -30.293  7.149  -37.091 0.2857142985
36325  -27.982  -31.940  -30.121 0.2857142985
36891  -30.305  -31.250  -29.660 0.1428571492
38642  -30.344  -28.552  -29.427 0.1428571492
82082  -31.809  -26.496  -28.369 0.1428571492
42290  -33.416  -21.667  -29.172 0.2857142985
41674  -31.149  -22.666  -30.397 0.2857142985
43642  -33.451  -20.401  -29.890 0.2857142985
44309  -29.287  -19.551  -32.780 0.5714285970
42304  -32.058  -21.426  -30.324 0.2857142985
44962  -28.482  -18.386  -32.953 0.2857142985
45575  -33.533  -17.269  -30.768 0.2857142985
80812  -33.536  -15.906  -31.136 0.2857142985
46182  -29.215  -16.559  -32.942 0.7142857313
46183  -30.108  -16.557  -32.846 0.5714285970
47429  -27.899  -15.121  -33.262 0.4285714328
48060  -28.150  -12.879  -33.830 0.5714285970
46757  -33.350  -15.357  -31.420 0.2857142985
46773  -32.886  -15.774  -32.521 0.4285714328
82162  -29.111  -13.819  -33.312 0.7142857313
49313  -27.449  -10.942  -34.277 0.2857142985
48038  -32.847  -14.158  -30.876 0.1428571492
77427  -32.574  -13.090  -31.859 0.4285714328
48614  -32.568  -12.895  -30.793 0.1428571492
84198  -29.536  -7.738  -33.083 0.8571428657
72785  -31.430  -9.411  -32.021 0.5714285970
84131  -29.709  -5.808  -30.268 0.7142857313
89736  -31.682  -5.957  -28.804 0.2857142985
73238  -30.612  -3.453  -29.145 0.1428571492
85916  -29.596  -3.153  -30.286 0.1428571492
60793  -26.409  12.024  -32.050 0.1428571492
54868  -30.956  -1.562  -32.682 0.1428571492
57070  -30.337  2.477  -34.892 0.2857142985
55982  -30.397  0.613  -34.347 0.2857142985
54877  -30.688  -0.920  -33.202 0.2857142985
54878  -31.554  -0.962  -33.079 0.1428571492
80037  -32.011  3.155  -34.448 0.2857142985
57072  -32.413  2.279  -34.210 0.1428571492
56559  -31.761  1.504  -34.302 0.1428571492
55985  -32.895  1.049  -33.769 0.1428571492
35718  -28.197  -32.663  -30.042 0.2857142985
85206  -29.745  -25.458  -29.901 0.1428571492
47421  -32.752  -14.467  -32.231 0.4285714328
73021  -30.646  -8.376  -32.515 0.7142857313
90463  -29.336  -11.149  -33.538 0.8571428657
73003  -29.941  -8.295  -33.010 0.8571428657
57947  -29.156  4.520  -36.559 0.2857142985
57530  -29.655  3.999  -36.068 0.2857142985
41684  -29.226  -23.536  -32.095 0.5714285970
45584  -33.198  -17.241  -32.016 0.4285714328
58903  -28.528  6.558  -36.987 0.2857142985
60316  -27.039  10.770  -35.298 0.2857142985
61592  -27.529  12.733  -35.868 0.2857142985
73275  -27.938  13.300  -34.699 0.1428571492
84408  -27.575  12.906  -34.849 0.2857142985
73745  -28.244  13.363  -32.751 0.1428571492
61589  -26.946  12.304  -34.996 0.2857142985
60332  -28.282  9.724  -36.618 0.2857142985
61588  -27.021  12.661  -34.021 0.1428571492
61201  -26.711  12.091  -34.581 0.1428571492
59871  -28.935  8.553  -36.674 0.2857142985
88774  -30.552  5.650  -36.211 0.2857142985
73338  -27.875  12.599  -30.601 0.1428571492
57948  -30.010  4.881  -36.135 0.2857142985
78886  -29.269  7.106  -37.018 0.2857142985
58413  -29.625  5.572  -36.558 0.2857142985
55970  -32.590  0.295  -33.699 0.1428571492
55984  -32.164  0.815  -34.070 0.1428571492
57071  -31.381  2.361  -34.518 0.1428571492
55434  -30.066  0.007  -34.130 0.4285714328
55423  -31.281  -0.419  -33.608 0.2857142985
84247  -29.130  -2.913  -30.955 0.4285714328
73378  -29.304  -4.797  -30.219 0.5714285970
49305  -28.816  -11.476  -33.843 0.5714285970
49982  -28.353  -10.026  -34.258 0.5714285970
85506  -29.754  -7.160  -32.556 0.8571428657
73160  -30.350  -7.218  -32.082 0.7142857313
46769  -29.702  -15.670  -32.958 0.7142857313
89106  -29.388  -14.302  -33.178 0.7142857313
84969  -27.755  -14.371  -33.411 0.2857142985
44291  -32.714  -19.388  -31.223 0.2857142985
47414  -33.062  -14.653  -31.598 0.4285714328
46178  -33.450  -16.649  -31.853 0.4285714328
43655  -32.276  -20.439  -31.182 0.2857142985
43007  -32.289  -20.867  -30.626 0.2857142985
39837  -30.905  -27.076  -28.929 0.1428571492
35708  -29.665  -33.552  -29.762 0.1428571492
89401  -28.922  -33.787  -29.811 0.1428571492
48626  -32.342  -12.258  -31.550 0.2857142985
60297  -27.920  11.010  -30.987 0.1428571492
36312  -30.371  -32.786  -29.691 0.1428571492
60306  -27.550  10.609  -32.868 0.1428571492
74772  -26.702  -1.372  -32.787 0.5714285970
84285  -26.162  -3.182  -32.173 0.4285714328
84381  -25.464  -2.897  -32.563 0.4285714328
72801  -26.408  -2.148  -32.499 0.5714285970
73208  -26.214  -4.179  -32.058 0.4285714328
84850  -26.916  -6.590  -33.523 0.4285714328
73370  -26.139  -5.824  -33.292 0.4285714328
84380  -26.184  -5.006  -32.633 0.5714285970
44280  -34.711  -19.230  -29.248 0.1428571492
45576  -33.850  -17.484  -29.759 0.1428571492
44263  -35.574  -19.909  -29.070 0.1428571492
44262  -34.766  -20.020  -29.332 0.1428571492
78449  -35.922  -19.167  -28.949 0.1428571492
39853  -28.250  -26.637  -30.946 0.2857142985
42993  -33.832  -21.073  -29.374 0.1428571492
42976  -34.769  -21.213  -29.149 0.1428571492
44264  -36.700  -19.860  -28.959 0.1428571492
44266  -38.584  -19.386  -29.318 0.1428571492
44265  -37.678  -19.428  -29.050 0.1428571492
44921  -38.232  -18.700  -29.084 0.1428571492
39852  -27.512  -26.634  -30.763 0.2857142985
41645  -33.709  -23.167  -28.466 0.1428571492
81503  -32.730  -22.240  -28.662 0.1428571492
42977  -35.687  -21.278  -28.974 0.1428571492
42272  -35.226  -22.042  -28.937 0.1428571492
43627  -36.150  -20.591  -28.954 0.1428571492
43628  -37.128  -20.676  -29.011 0.1428571492
43629  -37.961  -20.790  -29.336 0.1428571492
39235  -27.927  -27.429  -30.768 0.2857142985
39234  -26.956  -27.422  -30.281 0.2857142985
38656  -27.477  -28.145  -30.340 0.2857142985
41051  -32.852  -24.401  -27.994 0.1428571492
82437  -33.835  -24.100  -28.385 0.1428571492
80368  -34.240  -22.475  -28.773 0.1428571492
42273  -36.151  -22.737  -28.825 0.1428571492
42274  -37.131  -22.200  -29.030 0.1428571492
42979  -37.586  -21.417  -29.213 0.1428571492
44281  -39.292  -19.338  -29.550 0.1428571492
82982  -39.007  -20.128  -29.612 0.1428571492
41052  -33.848  -25.295  -28.478 0.1428571492
41053  -34.707  -24.572  -28.596 0.1428571492
41648  -36.527  -23.626  -28.888 0.1428571492
41646  -34.766  -23.591  -28.621 0.1428571492
41647  -35.677  -23.447  -28.767 0.1428571492
43630  -38.707  -20.834  -29.769 0.1428571492
42275  -38.009  -22.081  -29.517 0.1428571492
81092  -32.845  -26.069  -28.320 0.1428571492
40445  -31.671  -25.868  -28.266 0.1428571492
40446  -35.189  -25.402  -28.720 0.1428571492
88609  -34.499  -25.895  -28.681 0.1428571492
41054  -35.742  -24.335  -28.793 0.1428571492
41649  -37.505  -23.708  -29.286 0.1428571492
41055  -36.941  -24.426  -29.053 0.1428571492
82061  -37.094  -23.037  -29.027 0.1428571492
42980  -38.384  -21.506  -29.730 0.1428571492
82625  -35.890  -26.794  -28.921 0.1428571492
39841  -35.028  -26.427  -28.788 0.1428571492
40447  -36.378  -25.212  -29.003 0.1428571492
39842  -36.038  -26.064  -28.902 0.1428571492
41662  -38.309  -23.751  -30.044 0.1428571492
81924  -35.220  -22.867  -28.747 0.1428571492
82746  -38.259  -20.133  -29.334 0.1428571492
81862  -37.563  -20.175  -29.109 0.1428571492
44279  -33.978  -19.804  -29.703 0.1428571492
44935  -34.198  -18.283  -29.450 0.1428571492
87964  -28.066  -28.102  -30.540 0.2857142985
42292  -38.769  -22.367  -30.242 0.1428571492
42994  -39.144  -21.557  -30.378 0.1428571492
82352  -39.649  -20.084  -29.831 0.1428571492
44937  -39.604  -18.603  -29.546 0.1428571492
83948  -27.259  -7.445  -34.044 0.4285714328
44936  -38.955  -18.656  -29.349 0.1428571492
79562  -36.846  -19.111  -28.868 0.1428571492
46172  -33.617  -16.846  -30.195 0.1428571492
55419  -27.402  -0.280  -33.603 0.4285714328
78596  -32.784  3.066  -34.215 0.1428571492
41070  -32.628  -23.340  -28.067 0.1428571492
47415  -33.106  -14.860  -30.674 0.1428571492
44918  -35.292  -18.411  -28.992 0.1428571492
45554  -35.867  -17.677  -28.805 0.1428571492
82275  -34.322  -21.714  -29.100 0.1428571492
43643  -34.324  -20.513  -29.409 0.1428571492
43626  -35.213  -20.588  -29.146 0.1428571492
80292  -36.161  -21.915  -28.870 0.1428571492
42978  -36.646  -21.329  -28.922 0.1428571492
39840  -33.920  -26.414  -28.655 0.1428571492
42291  -37.960  -22.905  -29.604 0.1428571492
81561  -38.702  -23.181  -30.363 0.1428571492
78508  -27.691  -33.843  -29.655 0.1428571492
35706  -27.981  -33.219  -29.931 0.1428571492
78663  -27.334  -33.000  -29.559 0.1428571492
83328  -27.770  -32.607  -29.926 0.1428571492
36890  -27.410  -31.309  -29.870 0.1428571492
37502  -27.526  -30.478  -29.935 0.1428571492
38117  -27.201  -28.949  -29.985 0.1428571492
79837  -27.872  -28.737  -30.263 0.1428571492
37501  -26.835  -30.699  -29.623 0.1428571492
38101  -26.994  -29.830  -29.760 0.1428571492
39219  -26.184  -27.781  -29.794 0.1428571492
79282  -26.123  -27.114  -29.724 0.1428571492
40455  -27.923  -25.921  -31.099 0.1428571492
41065  -28.329  -25.217  -31.306 0.1428571492
40454  -27.119  -25.805  -30.621 0.2857142985
41080  -28.487  -24.493  -31.653 0.2857142985
43016  -28.113  -21.623  -32.776 0.4285714328
43674  -28.942  -20.218  -32.845 0.4285714328
84291  -28.026  -8.351  -34.340 0.2857142985
73259  -24.867  -3.954  -32.916 0.2857142985
73842  -25.733  -1.868  -32.741 0.4285714328
41064  -27.427  -25.012  -31.061 0.2857142985
38640  -25.830  -28.333  -29.540 0.1428571492
39851  -26.665  -26.495  -30.189 0.1428571492
41079  -27.836  -24.574  -31.626 0.2857142985
41683  -28.310  -23.117  -32.386 0.4285714328
74837  -27.649  -9.501  -34.466 0.2857142985
84552  -27.334  -8.560  -34.478 0.2857142985
84553  -27.391  -8.065  -34.383 0.2857142985
73034  -26.457  -7.949  -34.455 0.2857142985
83964  -26.252  -7.230  -34.073 0.2857142985
83977  -25.455  -4.989  -33.067 0.2857142985
84382  -24.773  -4.920  -33.523 0.2857142985
88579  -26.865  -8.225  -34.497 0.2857142985
73393  -26.711  -9.072  -34.487 0.2857142985
84851  -25.027  -6.359  -33.966 0.2857142985
84908  -25.866  -6.512  -33.753 0.2857142985
84523  -25.339  -5.752  -33.602 0.2857142985
84522  -25.561  -8.108  -34.603 0.2857142985
84907  -25.470  -7.660  -34.379 0.2857142985
83893  -25.426  -7.035  -34.056 0.2857142985
87236  -28.456  -22.293  -32.588 0.4285714328
82528  -28.936  -21.695  -32.641 0.4285714328
38118  -27.761  -29.621  -30.058 0.1428571492
41671  -28.669  -23.915  -32.024 0.4285714328
84521  -25.550  -4.072  -32.396 0.2857142985
38641  -26.659  -28.286  -29.936 0.1428571492
36310  -27.328  -32.133  -29.734 0.1428571492
38100  -26.299  -29.129  -29.559 0.1428571492
41063  -26.681  -25.045  -30.285 0.2857142985
83956  -24.656  -7.129  -34.271 0.2857142985
43673  -28.190  -20.348  -33.002 0.2857142985
58907  -33.781  7.244  -37.037 0.1428571492
58898  -34.132  6.807  -36.178 0.1428571492
58906  -32.817  7.249  -37.059 0.1428571492
58896  -32.198  6.585  -36.445 0.1428571492
57949  -31.632  5.051  -35.257 0.1428571492
58908  -34.774  7.232  -37.196 0.1428571492
59872  -29.947  8.488  -36.961 0.1428571492
75176  -30.464  9.342  -36.086 0.1428571492
57943  -32.621  4.796  -34.768 0.1428571492
58415  -33.556  6.233  -35.537 0.1428571492
58407  -32.581  5.845  -35.506 0.1428571492
80097  -30.848  5.187  -35.721 0.1428571492
59411  -30.621  7.964  -37.392 0.1428571492
58414  -31.426  5.884  -36.009 0.1428571492
59412  -31.564  8.030  -37.508 0.1428571492
60334  -30.203  9.058  -36.581 0.1428571492
59873  -30.871  8.416  -37.107 0.1428571492
84085  -28.501  10.719  -36.566 0.1428571492
73111  -28.313  12.722  -35.859 0.1428571492
60333  -29.175  9.367  -36.447 0.1428571492
58905  -31.234  6.693  -36.743 0.1428571492
43663  -28.567  -20.971  -32.850 0.2857142985
59413  -34.551  7.829  -38.684 0.1428571492
58897  -33.152  6.705  -36.229 0.1428571492
59407  -31.357  7.578  -37.331 0.1428571492
59408  -32.394  7.788  -37.637 0.1428571492
59414  -35.584  7.623  -39.721 0.1428571492
83949  -25.618  -8.716  -34.568 0.1428571492
84289  -26.252  -8.300  -34.605 0.1428571492
72807  -23.548  -5.799  -33.789 0.1428571492
74109  -23.762  -5.015  -33.978 0.1428571492
49981  -27.074  -10.063  -34.409 0.1428571492
72784  -24.723  -5.620  -33.889 0.1428571492
83985  -23.866  -3.574  -33.641 0.1428571492
83986  -24.194  -2.990  -33.411 0.1428571492
73002  -23.753  -2.592  -33.342 0.2857142985
82164  -28.280  -15.624  -33.174 0.2857142985
81829  -27.582  -15.767  -33.108 0.1428571492
49303  -26.958  -11.660  -34.097 0.1428571492
49980  -26.095  -9.713  -34.373 0.1428571492
84503  -32.513  -7.661  -30.756 0.1428571492
84849  -25.100  -8.219  -34.653 0.1428571492
73273  -24.290  -3.953  -33.519 0.1428571492
84210  -24.744  -2.768  -33.033 0.1428571492
73018  -24.386  -2.194  -33.229 0.2857142985
72804  -25.645  -1.195  -32.968 0.2857142985
56541  -26.593  1.621  -33.825 0.2857142985
56536  -25.910  1.231  -33.044 0.2857142985
57520  -26.700  3.400  -35.211 0.2857142985
60317  -27.495  10.038  -34.754 0.1428571492
58403  -28.401  6.190  -33.767 0.1428571492
90391  -26.215  -1.279  -32.862 0.2857142985
72793  -25.020  -1.885  -32.961 0.2857142985
74664  -26.613  -0.792  -33.138 0.2857142985
77947  -26.557  -0.060  -33.492 0.2857142985
55966  -25.632  0.193  -33.125 0.2857142985
56556  -27.625  1.768  -34.886 0.2857142985
86531  -27.118  3.269  -35.819 0.2857142985
77672  -27.012  5.226  -35.230 0.1428571492
77797  -26.338  2.110  -33.230 0.2857142985
59857  -29.841  8.458  -33.171 0.1428571492
55960  -24.969  0.741  -32.662 0.1428571492
55959  -24.226  0.521  -32.444 0.1428571492
57514  -26.648  3.848  -34.478 0.1428571492
58402  -27.567  5.527  -34.319 0.1428571492
90308  -26.953  4.250  -33.680 0.1428571492
83926  -23.391  -3.089  -33.270 0.2857142985
57045  -26.428  2.707  -32.445 0.1428571492
58394  -28.291  5.224  -32.454 0.1428571492
57503  -26.827  3.421  -32.505 0.1428571492
73250  -23.553  -5.454  -30.738 0.1428571492
73612  -31.947  -10.988  -30.191 0.1428571492
48639  -27.294  -12.559  -33.878 0.1428571492
49968  -26.528  -10.726  -34.208 0.1428571492
84671  -24.414  -8.213  -34.718 0.1428571492
84372  -24.078  -8.025  -34.740 0.1428571492
72783  -24.223  -7.580  -34.549 0.1428571492
74146  -23.802  -6.677  -34.125 0.1428571492
74514  -24.280  -5.030  -33.934 0.1428571492
85254  -23.210  -4.094  -33.360 0.1428571492
85158  -24.702  -1.403  -33.076 0.1428571492
73343  -25.090  -0.628  -33.011 0.1428571492
55418  -25.928  -0.514  -33.175 0.2857142985
57043  -26.324  2.467  -31.758 0.1428571492
56537  -25.990  2.001  -32.409 0.2857142985
57513  -26.766  3.616  -33.491 0.1428571492
57504  -27.181  4.133  -32.762 0.1428571492
58406  -27.158  5.806  -35.318 0.1428571492
57921  -27.767  4.597  -32.123 0.1428571492
90055  -28.156  5.545  -33.275 0.1428571492
73661  -32.281  -9.363  -30.784 0.1428571492
72772  -32.861  -8.805  -30.430 0.1428571492
57067  -27.264  2.598  -35.301 0.2857142985
59393  -28.639  6.907  -34.116 0.1428571492
57066  -26.759  2.683  -34.750 0.2857142985
80630  -26.592  4.090  -35.279 0.2857142985
58412  -26.947  5.476  -35.839 0.2857142985
59399  -29.103  8.216  -33.940 0.1428571492
85896  -27.789  -10.302  -34.401 0.1428571492
73041  -24.693  -7.985  -34.642 0.1428571492
84550  -24.118  -6.822  -34.326 0.1428571492
83955  -24.622  -8.442  -34.688 0.1428571492
84909  -25.045  -9.282  -34.377 0.1428571492
73589  -24.335  -6.000  -34.144 0.1428571492
84549  -24.037  -5.248  -34.127 0.1428571492
72789  -23.960  -4.488  -33.935 0.1428571492
72790  -23.474  -3.460  -33.424 0.1428571492
80029  -26.596  2.374  -34.057 0.2857142985
56555  -26.981  2.044  -34.584 0.2857142985
57519  -26.638  3.130  -34.267 0.2857142985
58886  -28.932  5.944  -32.746 0.1428571492
55968  -27.297  0.466  -33.895 0.2857142985
55967  -26.575  0.772  -33.546 0.2857142985
56542  -27.213  1.297  -34.190 0.2857142985
57936  -26.942  4.639  -34.571 0.1428571492
57054  -26.578  2.877  -33.334 0.2857142985
59863  -29.421  9.307  -33.390 0.1428571492
57929  -27.520  4.880  -33.263 0.1428571492
41047  -26.186  -24.327  -29.727 0.1428571492
41657  -27.139  -23.895  -31.079 0.1428571492
41641  -26.437  -23.598  -30.140 0.1428571492
42287  -26.586  -22.784  -30.676 0.1428571492
42299  -26.655  -22.335  -31.559 0.1428571492
41669  -27.048  -23.138  -31.533 0.1428571492
41670  -27.759  -23.814  -31.979 0.1428571492
42312  -26.808  -21.974  -32.129 0.1428571492
42300  -27.288  -22.840  -32.131 0.1428571492
42313  -27.668  -22.247  -32.507 0.1428571492
43004  -26.238  -21.498  -31.722 0.1428571492
43014  -26.257  -21.204  -32.105 0.1428571492
76709  -27.910  -20.993  -32.905 0.1428571492
43672  -27.693  -19.811  -33.017 0.1428571492
44961  -27.532  -18.438  -32.965 0.1428571492
45587  -27.943  -17.584  -33.003 0.1428571492
73025  -23.531  -2.446  -33.176 0.1428571492
83161  -26.116  -25.078  -29.673 0.1428571492
77568  -25.422  1.381  -32.230 0.1428571492
82070  -28.194  -16.539  -33.060 0.1428571492
80408  -26.796  -24.363  -30.473 0.1428571492
42268  -26.055  -22.953  -29.711 0.1428571492
43015  -27.243  -21.348  -32.550 0.1428571492
42990  -26.333  -21.789  -31.053 0.1428571492
82630  -25.563  -24.742  -29.265 0.1428571492
55433  -29.408  -0.076  -34.063 0.7142857313
57529  -28.348  3.189  -36.376 0.7142857313
57940  -26.794  4.665  -35.604 0.2857142985
58418  -27.318  5.329  -36.427 0.4285714328
58420  -28.831  5.069  -36.775 0.2857142985
58912  -34.373  7.514  -37.882 0.1428571492
58913  -35.244  7.439  -38.427 0.1428571492
60307  -28.591  10.336  -32.277 0.1428571492
60324  -27.385  9.817  -35.814 0.2857142985
60788  -27.475  12.095  -30.405 0.1428571492
60789  -27.991  11.533  -30.325 0.1428571492
60790  -27.027  11.943  -30.922 0.1428571492
60791  -27.071  11.469  -31.505 0.1428571492
60792  -28.405  11.483  -30.466 0.1428571492
60797  -27.066  10.841  -34.156 0.1428571492
60800  -27.508  11.765  -36.532 0.2857142985
60801  -29.498  10.068  -36.073 0.1428571492
61199  -27.109  12.454  -31.146 0.1428571492
61202  -26.955  12.150  -35.636 0.2857142985
61203  -27.246  12.299  -36.117 0.2857142985
61590  -27.499  12.742  -35.538 0.2857142985
61591  -27.276  12.500  -35.732 0.2857142985
72906  -29.007  12.792  -32.038 0.1428571492
72907  -27.579  11.665  -30.495 0.1428571492
73391  -23.949  -5.905  -34.156 0.1428571492
73527  -28.818  11.625  -30.827 0.1428571492
73629  -28.678  12.253  -30.705 0.1428571492
79716  -26.460  11.917  -33.438 0.1428571492
80444  -27.220  10.938  -36.190 0.2857142985
80524  -31.995  7.228  -37.066 0.1428571492
84232  -27.705  12.510  -36.324 0.2857142985
84269  -27.667  13.192  -31.752 0.1428571492
84494  -28.348  13.012  -31.381 0.1428571492
84546  -27.996  11.927  -30.031 0.1428571492
84877  -27.733  12.927  -35.432 0.2857142985
89519  -27.779  -5.436  -32.309 1.0000000000
