#!ascii label  , from subject sub-01 vox2ras=TkReg
260
41673  -30.708  -23.214  -30.859 0.0000000000
44953  -29.269  -18.805  -32.807 0.0000000000
73208  -26.214  -4.179  -32.058 0.0000000000
84491  -29.153  -8.248  -33.524 0.0000000000
79754  -30.827  -12.705  -32.827 0.0000000000
44957  -33.006  -18.148  -31.903 0.0000000000
73842  -25.733  -1.868  -32.741 0.0000000000
49970  -29.535  -10.456  -33.425 0.0000000000
86224  -28.794  -13.161  -33.530 0.0000000000
76687  -30.190  -20.870  -32.468 0.0000000000
45581  -31.066  -18.009  -32.583 0.0000000000
43667  -32.053  -20.546  -31.790 0.0000000000
88051  -28.577  -27.106  -30.671 0.0000000000
41684  -29.226  -23.536  -32.095 0.0000000000
88536  -27.587  5.838  -36.695 0.0000000000
57076  -28.465  2.584  -35.809 0.0000000000
55432  -28.775  0.060  -34.107 0.0000000000
84067  -28.094  -2.091  -32.426 0.0000000000
84476  -28.579  -3.463  -31.284 0.0000000000
72798  -27.717  -6.051  -32.872 0.0000000000
73131  -29.060  -5.915  -31.031 0.0000000000
83899  -30.866  -7.718  -31.941 0.0000000000
49956  -31.624  -10.193  -32.085 0.0000000000
77427  -32.574  -13.090  -31.859 0.0000000000
82098  -30.545  -15.960  -32.899 0.0000000000
46772  -32.103  -15.612  -32.902 0.0000000000
48640  -28.809  -12.373  -33.669 0.0000000000
48059  -27.521  -13.468  -33.640 0.0000000000
90269  -31.078  -22.448  -31.565 0.0000000000
43665  -31.004  -20.992  -32.249 0.0000000000
43005  -31.441  -21.938  -31.450 0.0000000000
37520  -29.359  -30.886  -29.876 0.0000000000
38120  -29.166  -29.998  -29.903 0.0000000000
76849  -28.909  -29.146  -29.988 0.0000000000
87236  -28.456  -22.293  -32.588 0.0000000000
41683  -28.310  -23.117  -32.386 0.0000000000
56557  -28.295  1.480  -34.898 0.0000000000
84381  -25.464  -2.897  -32.563 0.0000000000
73759  -27.413  -1.638  -32.714 0.0000000000
84152  -27.004  -2.559  -32.116 0.0000000000
84715  -27.570  -3.084  -31.513 0.0000000000
73091  -26.912  -3.639  -31.957 0.0000000000
84290  -28.014  -6.911  -33.512 0.0000000000
84130  -28.325  -5.797  -32.326 0.0000000000
73645  -28.935  -7.179  -33.161 0.0000000000
84685  -29.787  -6.659  -31.664 0.0000000000
73003  -29.941  -8.295  -33.010 0.0000000000
48642  -30.385  -11.975  -32.949 0.0000000000
73432  -30.378  -10.389  -32.872 0.0000000000
49291  -31.498  -11.476  -32.462 0.0000000000
83258  -32.084  -11.735  -32.173 0.0000000000
48624  -31.624  -12.796  -32.630 0.0000000000
45588  -28.802  -17.399  -32.944 0.0000000000
89346  -28.844  -15.843  -33.052 0.0000000000
45589  -29.658  -17.336  -32.823 0.0000000000
45582  -31.891  -17.822  -32.538 0.0000000000
46185  -31.758  -16.415  -32.863 0.0000000000
45593  -32.718  -16.944  -32.416 0.0000000000
46773  -32.886  -15.774  -32.521 0.0000000000
46178  -33.450  -16.649  -31.853 0.0000000000
39237  -29.170  -27.194  -30.151 0.0000000000
40456  -28.580  -25.969  -30.927 0.0000000000
40457  -29.137  -25.985  -30.457 0.0000000000
41048  -29.397  -25.403  -30.358 0.0000000000
72791  -28.317  -9.066  -34.266 0.0000000000
73335  -29.059  -8.976  -33.726 0.0000000000
49969  -28.907  -10.631  -33.920 0.0000000000
48641  -29.550  -11.958  -33.355 0.0000000000
48061  -29.511  -12.995  -33.274 0.0000000000
43664  -29.725  -20.110  -32.642 0.0000000000
44954  -30.075  -18.225  -32.682 0.0000000000
44301  -30.680  -19.989  -32.449 0.0000000000
44302  -31.500  -19.510  -32.314 0.0000000000
44290  -32.384  -19.783  -31.660 0.0000000000
38658  -29.377  -28.161  -29.888 0.0000000000
76338  -28.547  -19.453  -32.945 0.0000000000
80430  -29.359  -20.919  -32.680 0.0000000000
43017  -29.831  -21.706  -32.453 0.0000000000
42301  -30.057  -23.385  -31.836 0.0000000000
59404  -27.759  7.515  -36.199 0.0000000000
57527  -26.717  3.954  -35.984 0.0000000000
57532  -27.921  3.875  -36.878 0.0000000000
57069  -29.298  2.607  -35.471 0.0000000000
81340  -29.634  1.815  -34.862 0.0000000000
55981  -29.434  0.502  -34.352 0.0000000000
54874  -27.523  -0.925  -33.179 0.0000000000
55421  -29.050  -0.467  -33.707 0.0000000000
54876  -29.686  -0.897  -33.314 0.0000000000
54866  -29.224  -1.672  -32.647 0.0000000000
73809  -30.010  -2.185  -32.111 0.0000000000
73035  -29.132  -3.471  -30.759 0.0000000000
90210  -26.833  -5.768  -32.891 0.0000000000
73736  -27.954  -4.763  -31.883 0.0000000000
72781  -28.503  -4.008  -31.165 0.0000000000
73189  -29.823  -3.416  -30.032 0.0000000000
84131  -29.709  -5.808  -30.268 0.0000000000
73123  -31.106  -7.864  -30.725 0.0000000000
84887  -30.212  -8.945  -32.868 0.0000000000
72785  -31.430  -9.411  -32.021 0.0000000000
47430  -28.803  -14.805  -33.230 0.0000000000
89106  -29.388  -14.302  -33.178 0.0000000000
47433  -30.744  -14.267  -32.927 0.0000000000
45590  -30.551  -17.294  -32.731 0.0000000000
83023  -31.270  -15.796  -32.938 0.0000000000
47434  -31.641  -14.257  -32.832 0.0000000000
47420  -32.230  -14.327  -32.633 0.0000000000
48049  -32.790  -13.922  -31.759 0.0000000000
41081  -29.390  -24.135  -31.419 0.0000000000
41658  -29.787  -24.210  -30.823 0.0000000000
41659  -30.201  -23.882  -30.500 0.0000000000
42302  -30.712  -23.029  -31.432 0.0000000000
78796  -31.087  -22.565  -31.120 0.0000000000
84285  -26.162  -3.182  -32.173 0.0000000000
73774  -28.579  -8.467  -34.020 0.0000000000
73215  -28.331  -7.782  -33.921 0.0000000000
84686  -28.988  -7.749  -33.440 0.0000000000
84198  -29.536  -7.738  -33.083 0.0000000000
49307  -30.763  -11.310  -32.738 0.0000000000
48643  -31.150  -12.066  -32.679 0.0000000000
88384  -31.721  -12.106  -32.467 0.0000000000
79725  -29.252  -18.021  -32.847 0.0000000000
44956  -32.377  -18.415  -32.248 0.0000000000
45583  -32.582  -17.610  -32.344 0.0000000000
46177  -33.096  -16.478  -32.278 0.0000000000
45584  -33.198  -17.241  -32.016 0.0000000000
44946  -33.319  -17.732  -31.349 0.0000000000
39835  -29.440  -26.543  -30.046 0.0000000000
49982  -28.353  -10.026  -34.258 0.0000000000
49314  -28.238  -10.883  -34.182 0.0000000000
44300  -29.968  -19.251  -32.652 0.0000000000
43019  -31.671  -21.238  -31.926 0.0000000000
43666  -31.554  -20.380  -32.202 0.0000000000
86158  -32.023  -19.915  -32.110 0.0000000000
44303  -32.183  -19.229  -32.168 0.0000000000
36907  -28.664  -31.425  -30.056 0.0000000000
36326  -28.729  -32.276  -30.036 0.0000000000
90378  -29.611  -27.520  -29.794 0.0000000000
43674  -28.942  -20.218  -32.845 0.0000000000
42314  -29.362  -22.649  -32.380 0.0000000000
58901  -27.150  6.090  -36.139 0.0000000000
58902  -27.673  6.584  -36.593 0.0000000000
57075  -27.754  2.840  -35.958 0.0000000000
57528  -27.452  3.490  -36.397 0.0000000000
57951  -28.348  4.479  -36.927 0.0000000000
57533  -28.772  3.849  -36.608 0.0000000000
83290  -29.169  3.281  -36.035 0.0000000000
88832  -28.815  2.883  -35.980 0.0000000000
55980  -28.562  0.741  -34.451 0.0000000000
56558  -29.050  1.249  -34.728 0.0000000000
74772  -26.702  -1.372  -32.787 0.0000000000
54875  -28.488  -1.148  -33.147 0.0000000000
73323  -28.671  -2.525  -31.691 0.0000000000
84247  -29.130  -2.913  -30.955 0.0000000000
83948  -27.259  -7.445  -34.044 0.0000000000
84850  -26.916  -6.590  -33.523 0.0000000000
84066  -27.096  -4.877  -32.185 0.0000000000
84197  -29.113  -6.346  -32.280 0.0000000000
84445  -28.557  -5.217  -31.246 0.0000000000
84534  -29.166  -3.778  -30.694 0.0000000000
73378  -29.304  -4.797  -30.219 0.0000000000
73160  -30.350  -7.218  -32.082 0.0000000000
84120  -30.227  -7.088  -30.725 0.0000000000
72776  -29.733  -9.560  -33.248 0.0000000000
81576  -31.225  -10.702  -32.463 0.0000000000
73772  -31.032  -9.894  -32.451 0.0000000000
90270  -31.434  -9.119  -31.218 0.0000000000
73348  -31.626  -9.787  -31.436 0.0000000000
47429  -27.899  -15.121  -33.262 0.0000000000
46769  -29.702  -15.670  -32.958 0.0000000000
47431  -29.850  -14.695  -33.033 0.0000000000
46770  -30.610  -15.237  -32.947 0.0000000000
46771  -31.442  -15.005  -32.925 0.0000000000
82713  -32.023  -14.849  -32.852 0.0000000000
46763  -32.535  -15.039  -32.589 0.0000000000
46764  -33.142  -15.192  -32.152 0.0000000000
47414  -33.062  -14.653  -31.598 0.0000000000
41066  -29.355  -24.796  -30.783 0.0000000000
41067  -29.778  -24.737  -30.231 0.0000000000
49304  -27.994  -11.856  -34.107 0.0000000000
48060  -28.150  -12.879  -33.830 0.0000000000
82163  -28.364  -13.757  -33.523 0.0000000000
43018  -30.572  -21.591  -32.279 0.0000000000
42316  -31.185  -21.863  -32.011 0.0000000000
43006  -31.902  -21.239  -31.230 0.0000000000
42303  -31.538  -22.008  -30.823 0.0000000000
36908  -29.441  -31.766  -29.879 0.0000000000
38102  -29.741  -29.257  -29.680 0.0000000000
43016  -28.113  -21.623  -32.776 0.0000000000
57068  -28.002  2.169  -35.450 0.0000000000
55979  -27.869  0.969  -34.457 0.0000000000
55969  -28.036  0.215  -34.107 0.0000000000
72801  -26.408  -2.148  -32.499 0.0000000000
84475  -27.802  -3.843  -31.796 0.0000000000
84684  -28.499  -6.486  -32.925 0.0000000000
85506  -29.754  -7.160  -32.556 0.0000000000
84492  -30.270  -7.738  -32.612 0.0000000000
49306  -29.964  -11.211  -33.119 0.0000000000
49292  -31.896  -10.962  -32.136 0.0000000000
48625  -32.180  -12.477  -32.291 0.0000000000
46182  -29.215  -16.559  -32.942 0.0000000000
46183  -30.108  -16.557  -32.846 0.0000000000
44955  -31.652  -18.648  -32.412 0.0000000000
45591  -31.411  -17.173  -32.709 0.0000000000
45592  -32.145  -17.053  -32.651 0.0000000000
46186  -32.479  -16.372  -32.684 0.0000000000
46170  -33.521  -15.977  -31.939 0.0000000000
46171  -33.562  -16.541  -31.172 0.0000000000
45585  -33.463  -17.076  -31.523 0.0000000000
39854  -28.863  -26.560  -30.558 0.0000000000
77868  -28.936  -25.416  -30.845 0.0000000000
84493  -29.002  -9.784  -33.873 0.0000000000
49305  -28.816  -11.476  -33.843 0.0000000000
90463  -29.336  -11.149  -33.538 0.0000000000
81870  -30.117  -12.574  -33.029 0.0000000000
48062  -30.384  -13.314  -32.949 0.0000000000
82803  -30.823  -18.928  -32.523 0.0000000000
44304  -32.692  -18.958  -31.781 0.0000000000
35707  -28.718  -33.159  -29.920 0.0000000000
38657  -28.501  -28.485  -30.235 0.0000000000
39236  -28.599  -27.716  -30.429 0.0000000000
44309  -29.287  -19.551  -32.780 0.0000000000
82528  -28.936  -21.695  -32.641 0.0000000000
42315  -30.518  -22.477  -32.086 0.0000000000
59868  -27.646  8.698  -36.089 0.0000000000
57946  -26.989  4.695  -36.179 0.0000000000
57531  -27.267  4.103  -36.537 0.0000000000
57950  -27.601  4.587  -36.793 0.0000000000
58419  -28.004  5.263  -37.022 0.0000000000
77756  -28.686  5.795  -36.911 0.0000000000
77040  -28.742  1.977  -35.218 0.0000000000
81095  -29.845  1.104  -34.580 0.0000000000
55434  -30.066  0.007  -34.130 0.0000000000
55419  -27.402  -0.280  -33.603 0.0000000000
55420  -28.230  -0.432  -33.674 0.0000000000
80237  -29.724  -0.368  -33.804 0.0000000000
55422  -30.411  -0.408  -33.707 0.0000000000
54867  -30.149  -1.415  -32.820 0.0000000000
73370  -26.139  -5.824  -33.292 0.0000000000
84380  -26.184  -5.006  -32.633 0.0000000000
84428  -31.837  -6.773  -30.063 0.0000000000
85232  -29.611  -8.793  -33.269 0.0000000000
73021  -30.646  -8.376  -32.515 0.0000000000
84118  -30.448  -9.579  -32.766 0.0000000000
84209  -30.870  -9.117  -32.428 0.0000000000
84119  -31.198  -8.565  -31.767 0.0000000000
77647  -31.829  -10.585  -31.456 0.0000000000
82162  -29.111  -13.819  -33.312 0.0000000000
47432  -29.834  -13.890  -33.086 0.0000000000
46184  -30.961  -16.525  -32.836 0.0000000000
48063  -31.223  -13.492  -32.805 0.0000000000
48064  -31.929  -13.609  -32.672 0.0000000000
48047  -32.191  -13.119  -32.430 0.0000000000
48048  -32.440  -13.742  -32.315 0.0000000000
47421  -32.752  -14.467  -32.231 0.0000000000
41671  -28.669  -23.915  -32.024 0.0000000000
41672  -30.217  -23.665  -31.170 0.0000000000
55433  -29.408  -0.076  -34.063 0.0000000000
57529  -28.348  3.189  -36.376 0.0000000000
58418  -27.318  5.329  -36.427 0.0000000000
89519  -27.779  -5.436  -32.309 0.0000000000
