#!ascii label  , from subject sub-01 vox2ras=TkReg
689
79065  27.787  -33.869  22.833 0.0000000000
41776  40.924  -19.177  26.080 0.0000000000
75453  34.729  -24.448  22.878 0.0000000000
82888  15.130  -35.832  33.980 0.0000000000
89548  21.673  -34.492  26.434 0.0000000000
39181  36.210  -22.853  25.264 0.0000000000
30621  17.564  -35.365  29.379 0.0000000000
29960  17.792  -35.863  34.096 0.0000000000
29293  19.643  -37.007  27.416 0.0000000000
42434  43.833  -18.221  24.124 0.0000000000
35271  26.443  -28.706  25.298 0.0000000000
35278  30.122  -28.536  24.357 0.0000000000
32572  30.456  -32.297  26.378 0.0000000000
43131  41.315  -17.330  22.421 0.0000000000
81795  44.795  -14.882  22.124 0.0000000000
41115  38.165  -19.568  28.103 0.0000000000
78472  41.330  -20.053  27.943 0.0000000000
76788  39.369  -21.083  26.159 0.0000000000
38586  39.142  -23.758  22.719 0.0000000000
28721  27.662  -38.307  26.526 0.0000000000
27541  14.613  -40.564  34.627 0.0000000000
27543  11.634  -40.592  34.607 0.0000000000
27528  8.212  -40.139  35.158 0.0000000000
31274  24.516  -35.461  23.145 0.0000000000
86147  23.805  -37.924  26.536 0.0000000000
37344  29.986  -25.125  25.097 0.0000000000
35266  34.208  -28.238  25.199 0.0000000000
46286  47.301  -11.565  21.723 0.0000000000
41793  42.377  -18.465  24.810 0.0000000000
41757  42.379  -18.998  26.835 0.0000000000
33915  27.617  -30.937  23.544 0.0000000000
33903  28.349  -30.314  23.757 0.0000000000
31938  29.257  -33.025  23.963 0.0000000000
41777  39.447  -18.944  25.744 0.0000000000
41812  39.189  -18.459  24.072 0.0000000000
41795  40.750  -18.608  24.698 0.0000000000
42446  42.587  -17.828  23.256 0.0000000000
24715  7.144  -45.546  35.320 0.0000000000
40498  38.979  -20.119  27.818 0.0000000000
85997  37.987  -21.129  27.294 0.0000000000
86129  34.635  -23.389  23.658 0.0000000000
39194  36.844  -23.135  23.548 0.0000000000
37988  36.415  -23.997  22.622 0.0000000000
36588  37.290  -26.035  23.796 0.0000000000
30588  16.079  -35.353  34.425 0.0000000000
29930  17.606  -36.695  35.862 0.0000000000
29206  15.942  -36.570  35.605 0.0000000000
27539  16.182  -40.245  34.766 0.0000000000
28616  15.150  -37.904  34.748 0.0000000000
28631  11.738  -37.929  34.430 0.0000000000
27545  9.756  -40.596  34.787 0.0000000000
30656  23.177  -35.274  24.748 0.0000000000
29336  23.829  -36.825  23.898 0.0000000000
30004  22.110  -36.626  25.764 0.0000000000
29252  20.257  -37.974  30.070 0.0000000000
28672  22.075  -38.787  30.273 0.0000000000
34579  31.589  -29.814  26.022 0.0000000000
35268  32.562  -28.762  25.256 0.0000000000
39161  36.772  -22.347  27.398 0.0000000000
74624  34.722  -23.497  25.669 0.0000000000
38561  32.898  -23.488  23.958 0.0000000000
29254  18.800  -36.970  30.694 0.0000000000
29238  19.000  -36.964  32.922 0.0000000000
76717  17.366  -35.749  31.368 0.0000000000
31199  15.817  -34.933  32.171 0.0000000000
31191  14.907  -34.884  32.885 0.0000000000
30006  20.514  -36.219  26.331 0.0000000000
31238  19.175  -34.339  27.093 0.0000000000
29989  18.525  -36.366  28.133 0.0000000000
36564  26.345  -26.400  26.559 0.0000000000
36578  28.256  -26.181  24.986 0.0000000000
35280  28.505  -28.561  24.292 0.0000000000
34591  30.655  -30.023  25.059 0.0000000000
44367  43.520  -14.578  22.240 0.0000000000
43129  42.580  -16.740  22.140 0.0000000000
42462  44.125  -17.064  22.582 0.0000000000
41760  39.503  -19.358  26.487 0.0000000000
41740  40.855  -19.626  27.116 0.0000000000
41129  39.486  -20.141  27.440 0.0000000000
40504  40.649  -20.404  27.140 0.0000000000
39882  41.185  -21.685  25.426 0.0000000000
39180  37.435  -22.086  25.850 0.0000000000
39186  39.091  -22.669  23.687 0.0000000000
30038  27.996  -36.220  23.583 0.0000000000
30645  30.209  -35.661  26.081 0.0000000000
41761  37.930  -19.008  27.117 0.0000000000
29943  13.832  -35.919  33.107 0.0000000000
28629  13.375  -38.156  34.214 0.0000000000
26991  13.267  -41.379  34.424 0.0000000000
25882  12.283  -43.754  33.552 0.0000000000
25884  10.387  -43.692  33.523 0.0000000000
25873  9.125  -43.028  33.804 0.0000000000
77261  7.023  -42.962  34.120 0.0000000000
26997  6.330  -41.771  35.050 0.0000000000
31272  26.376  -34.674  23.058 0.0000000000
85822  26.221  -37.062  24.278 0.0000000000
28723  26.036  -38.256  27.091 0.0000000000
29290  22.259  -37.732  27.028 0.0000000000
37353  31.638  -24.427  23.668 0.0000000000
36594  29.691  -26.903  24.159 0.0000000000
35948  32.249  -27.222  23.891 0.0000000000
36590  34.309  -26.271  23.524 0.0000000000
82604  30.912  -33.924  27.576 0.0000000000
85748  48.849  -11.250  19.844 0.0000000000
44959  45.684  -13.065  22.514 0.0000000000
46285  48.075  -11.832  21.753 0.0000000000
75834  41.223  -18.807  25.420 0.0000000000
41774  42.631  -18.621  25.877 0.0000000000
41775  41.756  -18.899  26.115 0.0000000000
32601  27.638  -32.233  22.930 0.0000000000
33252  28.325  -31.676  23.113 0.0000000000
31945  28.550  -33.128  23.235 0.0000000000
75833  40.392  -18.923  25.485 0.0000000000
41796  39.856  -18.660  24.822 0.0000000000
41794  41.584  -18.531  24.683 0.0000000000
24737  6.842  -44.923  34.534 0.0000000000
40500  37.932  -20.778  28.033 0.0000000000
39854  37.324  -21.004  28.564 0.0000000000
87200  35.148  -23.861  22.950 0.0000000000
38589  35.896  -23.739  22.842 0.0000000000
37989  35.453  -24.055  22.703 0.0000000000
37976  36.934  -24.441  22.828 0.0000000000
89575  35.410  -25.163  23.023 0.0000000000
30577  15.790  -35.586  34.904 0.0000000000
29940  16.119  -35.830  35.724 0.0000000000
29941  15.512  -36.075  35.036 0.0000000000
28615  15.863  -37.582  35.255 0.0000000000
29207  15.316  -36.889  34.852 0.0000000000
31258  22.616  -35.121  25.512 0.0000000000
30032  22.843  -35.768  24.794 0.0000000000
30657  22.098  -35.777  25.496 0.0000000000
29245  20.101  -37.935  31.037 0.0000000000
37316  29.281  -24.969  27.359 0.0000000000
34578  32.470  -29.399  26.199 0.0000000000
37952  33.543  -23.651  25.168 0.0000000000
88092  18.050  -36.166  30.216 0.0000000000
29979  18.073  -36.358  30.873 0.0000000000
30615  17.576  -35.689  30.330 0.0000000000
31205  16.057  -34.826  31.278 0.0000000000
31206  15.273  -34.430  31.616 0.0000000000
31200  14.891  -34.532  32.404 0.0000000000
31924  19.879  -33.960  26.860 0.0000000000
31227  17.353  -34.236  28.200 0.0000000000
31226  17.949  -34.959  27.988 0.0000000000
30626  18.043  -35.761  28.609 0.0000000000
29265  18.995  -37.105  29.807 0.0000000000
35941  27.264  -27.303  24.939 0.0000000000
35281  27.731  -28.790  24.375 0.0000000000
33231  30.020  -31.500  24.945 0.0000000000
33894  29.682  -30.696  24.377 0.0000000000
33230  30.467  -31.609  25.862 0.0000000000
33883  30.879  -31.058  26.194 0.0000000000
33221  30.687  -31.738  26.726 0.0000000000
42449  39.800  -18.042  23.132 0.0000000000
43146  42.042  -16.324  21.739 0.0000000000
43130  41.930  -16.913  22.120 0.0000000000
87438  43.331  -17.865  23.416 0.0000000000
42463  43.257  -17.201  22.637 0.0000000000
42445  43.995  -17.638  23.179 0.0000000000
41130  38.759  -19.730  27.689 0.0000000000
41741  39.748  -19.795  27.053 0.0000000000
87569  38.880  -19.970  27.860 0.0000000000
39874  39.185  -20.583  27.108 0.0000000000
40505  39.806  -20.081  27.539 0.0000000000
89450  39.857  -20.566  26.720 0.0000000000
39873  40.343  -21.086  25.927 0.0000000000
39884  39.604  -21.591  25.231 0.0000000000
39170  36.321  -22.818  26.370 0.0000000000
39169  37.044  -22.118  26.617 0.0000000000
75189  36.970  -22.555  24.940 0.0000000000
38587  38.175  -23.734  22.819 0.0000000000
39187  38.280  -22.515  24.167 0.0000000000
38576  39.639  -23.260  23.056 0.0000000000
39185  40.130  -22.726  23.644 0.0000000000
29332  27.882  -37.547  24.905 0.0000000000
29317  29.335  -36.968  25.570 0.0000000000
41727  37.612  -19.194  28.159 0.0000000000
41742  38.071  -19.267  27.690 0.0000000000
73718  38.728  -19.394  27.097 0.0000000000
29230  18.444  -36.456  33.373 0.0000000000
29951  18.226  -36.186  34.921 0.0000000000
27540  15.455  -40.386  34.640 0.0000000000
26974  15.894  -41.598  34.980 0.0000000000
26975  15.142  -42.044  34.967 0.0000000000
26393  14.400  -42.686  34.741 0.0000000000
30590  12.815  -35.633  33.165 0.0000000000
29953  13.693  -36.702  33.427 0.0000000000
78242  12.481  -36.426  33.294 0.0000000000
74010  11.824  -39.782  34.816 0.0000000000
74937  12.580  -39.475  34.656 0.0000000000
26992  12.302  -41.315  34.302 0.0000000000
26395  12.846  -42.190  34.114 0.0000000000
74184  11.986  -42.019  33.930 0.0000000000
25883  11.316  -43.682  33.466 0.0000000000
26396  11.156  -42.094  33.895 0.0000000000
27527  9.205  -40.021  35.049 0.0000000000
26398  9.427  -42.217  34.076 0.0000000000
26995  8.805  -41.616  34.476 0.0000000000
26400  7.735  -42.703  34.098 0.0000000000
27547  8.010  -41.013  34.834 0.0000000000
31941  24.379  -33.911  24.686 0.0000000000
31940  25.074  -33.569  24.140 0.0000000000
31273  25.321  -35.089  23.088 0.0000000000
30040  26.198  -36.113  23.202 0.0000000000
30041  25.041  -35.978  23.074 0.0000000000
29306  24.205  -37.798  25.828 0.0000000000
29322  24.765  -37.530  25.097 0.0000000000
29288  24.607  -38.118  26.830 0.0000000000
29997  20.071  -36.733  26.839 0.0000000000
29309  20.870  -36.953  26.694 0.0000000000
75859  21.137  -37.865  27.955 0.0000000000
28671  23.025  -38.956  30.076 0.0000000000
41128  41.844  -19.853  28.108 0.0000000000
41726  42.352  -19.463  28.024 0.0000000000
81900  31.425  -24.557  25.612 0.0000000000
37342  31.350  -24.323  24.376 0.0000000000
36573  30.783  -25.055  23.927 0.0000000000
35952  29.360  -27.804  24.248 0.0000000000
36595  29.163  -26.976  24.264 0.0000000000
35951  29.861  -27.703  24.178 0.0000000000
35267  33.370  -28.432  25.147 0.0000000000
35276  32.506  -28.093  24.503 0.0000000000
35275  33.410  -27.674  24.451 0.0000000000
74531  32.963  -26.887  23.792 0.0000000000
35939  34.512  -27.603  24.727 0.0000000000
35945  35.987  -26.973  24.434 0.0000000000
30654  30.372  -34.740  26.298 0.0000000000
85354  47.774  -11.343  21.340 0.0000000000
88660  44.094  -14.979  22.207 0.0000000000
44366  44.253  -13.933  22.547 0.0000000000
44365  45.227  -13.937  22.383 0.0000000000
81180  47.386  -13.054  22.262 0.0000000000
45639  48.485  -12.705  21.714 0.0000000000
31228  16.686  -33.948  28.749 0.0000000000
31218  16.499  -34.349  29.568 0.0000000000
41808  42.906  -18.263  24.044 0.0000000000
41791  43.989  -18.406  25.240 0.0000000000
41792  43.196  -18.406  24.982 0.0000000000
34603  27.138  -30.038  24.588 0.0000000000
34602  27.630  -29.656  24.223 0.0000000000
33914  28.107  -30.928  23.365 0.0000000000
33251  28.913  -31.700  23.524 0.0000000000
32581  30.120  -32.291  25.501 0.0000000000
41797  38.339  -18.527  24.835 0.0000000000
88855  39.076  -18.638  25.040 0.0000000000
41811  40.265  -18.402  23.924 0.0000000000
42448  40.773  -17.997  23.106 0.0000000000
42447  41.696  -17.881  23.174 0.0000000000
41810  41.191  -18.355  23.883 0.0000000000
41809  42.058  -18.285  23.940 0.0000000000
24714  7.960  -45.594  35.535 0.0000000000
41116  37.814  -19.724  28.463 0.0000000000
40487  38.468  -19.942  28.215 0.0000000000
40499  38.382  -20.243  28.158 0.0000000000
39865  38.516  -20.626  27.580 0.0000000000
39875  38.511  -21.192  26.618 0.0000000000
39190  35.373  -23.125  24.620 0.0000000000
76873  36.669  -22.861  24.107 0.0000000000
39195  36.058  -23.096  23.673 0.0000000000
38588  36.957  -23.667  22.969 0.0000000000
37986  38.569  -24.030  22.611 0.0000000000
37975  38.003  -24.390  22.853 0.0000000000
37352  38.093  -25.839  23.877 0.0000000000
87930  27.756  -38.679  27.909 0.0000000000
30598  16.861  -35.397  34.452 0.0000000000
29952  17.385  -35.753  35.115 0.0000000000
30576  16.497  -35.547  35.227 0.0000000000
29195  16.750  -36.537  35.773 0.0000000000
28613  17.041  -38.126  35.685 0.0000000000
28076  15.647  -39.577  34.719 0.0000000000
76274  14.988  -38.852  34.756 0.0000000000
29954  11.754  -36.368  33.814 0.0000000000
28057  11.093  -38.484  34.898 0.0000000000
28079  10.966  -39.928  34.873 0.0000000000
27544  10.621  -40.770  34.625 0.0000000000
28058  10.366  -39.110  35.069 0.0000000000
28059  9.546  -39.405  35.229 0.0000000000
28060  8.603  -39.302  35.507 0.0000000000
31264  23.726  -34.776  24.323 0.0000000000
30043  23.700  -35.862  23.390 0.0000000000
76465  23.141  -36.092  24.273 0.0000000000
30017  23.287  -36.564  24.410 0.0000000000
77932  23.354  -37.559  25.864 0.0000000000
29263  19.994  -37.762  29.100 0.0000000000
29275  21.383  -38.131  28.689 0.0000000000
28673  21.171  -38.422  30.146 0.0000000000
39864  41.639  -20.556  27.444 0.0000000000
37330  30.240  -24.834  26.139 0.0000000000
34590  31.108  -29.638  25.228 0.0000000000
35277  31.718  -28.459  24.619 0.0000000000
35269  31.745  -29.155  25.341 0.0000000000
34589  33.348  -28.956  25.885 0.0000000000
46272  45.602  -11.758  22.276 0.0000000000
25370  5.472  -44.247  34.294 0.0000000000
39182  35.481  -23.228  25.519 0.0000000000
38560  34.553  -23.358  24.843 0.0000000000
38570  33.830  -23.405  23.752 0.0000000000
38581  33.251  -23.682  23.459 0.0000000000
29246  19.354  -37.394  31.474 0.0000000000
29237  19.561  -37.399  32.479 0.0000000000
85775  18.991  -37.030  32.164 0.0000000000
29975  17.875  -36.272  31.924 0.0000000000
30610  17.193  -35.682  32.400 0.0000000000
30616  16.836  -35.196  30.862 0.0000000000
30611  16.606  -35.301  31.819 0.0000000000
30606  16.443  -35.266  32.801 0.0000000000
30599  16.305  -35.223  33.712 0.0000000000
31182  15.529  -35.188  33.543 0.0000000000
31183  14.550  -34.892  33.019 0.0000000000
31248  21.060  -34.903  26.352 0.0000000000
31249  20.444  -34.497  26.634 0.0000000000
31250  19.738  -34.938  26.737 0.0000000000
89035  19.578  -36.548  27.035 0.0000000000
31911  18.527  -33.734  27.371 0.0000000000
30636  18.428  -35.669  27.699 0.0000000000
87700  19.297  -37.019  27.774 0.0000000000
29264  19.278  -37.272  28.993 0.0000000000
29253  19.480  -37.522  30.453 0.0000000000
36549  26.882  -25.757  27.092 0.0000000000
36562  28.020  -25.640  25.860 0.0000000000
36579  27.558  -26.406  25.273 0.0000000000
35940  28.081  -27.058  24.627 0.0000000000
35279  29.301  -28.501  24.316 0.0000000000
34601  28.295  -29.488  24.072 0.0000000000
34600  29.159  -29.189  24.258 0.0000000000
34599  30.461  -29.380  24.702 0.0000000000
33892  31.016  -30.307  25.731 0.0000000000
33869  31.676  -30.827  27.308 0.0000000000
43744  42.165  -15.509  21.642 0.0000000000
43145  42.750  -16.009  21.837 0.0000000000
43128  43.533  -15.669  22.026 0.0000000000
42464  42.229  -17.320  22.607 0.0000000000
82583  43.214  -16.452  22.121 0.0000000000
85005  40.147  -19.240  26.064 0.0000000000
41758  41.467  -19.296  26.859 0.0000000000
41759  40.449  -19.484  26.580 0.0000000000
82929  40.767  -19.945  27.668 0.0000000000
40497  40.393  -20.023  27.530 0.0000000000
39872  41.356  -21.069  26.378 0.0000000000
39160  37.421  -21.584  27.567 0.0000000000
39876  37.719  -21.631  26.653 0.0000000000
39885  38.748  -21.644  25.606 0.0000000000
39188  37.446  -22.685  24.175 0.0000000000
39179  37.986  -22.163  25.049 0.0000000000
39178  38.927  -22.092  24.667 0.0000000000
39890  39.794  -22.119  24.343 0.0000000000
30673  27.823  -35.436  23.085 0.0000000000
31263  28.911  -34.931  24.059 0.0000000000
30664  28.990  -35.758  24.439 0.0000000000
30003  29.972  -36.562  26.112 0.0000000000
73973  38.636  -19.037  26.457 0.0000000000
31174  13.967  -34.786  32.984 0.0000000000
30578  14.277  -35.658  33.189 0.0000000000
29208  14.532  -37.244  34.212 0.0000000000
28628  14.335  -38.111  34.419 0.0000000000
76643  14.138  -38.986  34.621 0.0000000000
78839  12.459  -37.644  33.996 0.0000000000
76779  13.323  -39.163  34.539 0.0000000000
27542  13.692  -40.623  34.577 0.0000000000
76375  13.689  -42.163  34.435 0.0000000000
25871  13.211  -43.916  33.956 0.0000000000
25380  9.921  -44.346  33.800 0.0000000000
26397  10.291  -42.123  33.949 0.0000000000
25885  9.553  -43.720  33.624 0.0000000000
25381  9.098  -44.280  33.881 0.0000000000
25382  8.322  -44.109  33.833 0.0000000000
25875  7.503  -43.683  33.849 0.0000000000
25876  6.612  -43.588  34.025 0.0000000000
26996  7.100  -41.354  34.967 0.0000000000
26401  6.258  -42.691  34.536 0.0000000000
25877  5.827  -43.522  34.287 0.0000000000
32602  26.855  -32.816  23.293 0.0000000000
31939  25.853  -33.177  23.689 0.0000000000
31271  27.394  -34.683  22.916 0.0000000000
30674  26.885  -35.497  23.022 0.0000000000
30027  27.463  -36.617  23.824 0.0000000000
29319  27.317  -37.739  25.186 0.0000000000
29335  24.529  -37.114  24.089 0.0000000000
29321  25.564  -37.658  25.403 0.0000000000
28722  26.789  -38.233  26.772 0.0000000000
30005  21.306  -36.442  26.088 0.0000000000
29308  21.707  -37.113  26.461 0.0000000000
75483  23.101  -37.857  26.757 0.0000000000
28701  22.070  -38.354  28.856 0.0000000000
28700  22.787  -38.415  28.616 0.0000000000
28699  23.789  -38.449  28.363 0.0000000000
85353  42.154  -19.299  27.433 0.0000000000
37960  32.096  -23.783  24.293 0.0000000000
37966  32.127  -23.814  23.640 0.0000000000
74964  32.605  -24.261  23.216 0.0000000000
36561  28.686  -25.426  25.702 0.0000000000
36576  29.043  -25.947  24.606 0.0000000000
36575  29.525  -25.811  24.425 0.0000000000
35949  31.476  -27.562  24.093 0.0000000000
36593  30.334  -26.728  24.039 0.0000000000
36574  30.101  -25.545  24.227 0.0000000000
81944  31.981  -25.937  23.529 0.0000000000
37364  32.695  -25.182  23.247 0.0000000000
37362  34.534  -25.415  23.142 0.0000000000
74862  35.477  -26.147  23.549 0.0000000000
78119  29.441  -34.174  24.669 0.0000000000
31255  30.111  -33.971  25.701 0.0000000000
82548  30.560  -32.873  26.748 0.0000000000
31892  31.100  -33.267  28.205 0.0000000000
32550  30.911  -32.435  27.839 0.0000000000
47054  48.444  -10.868  19.466 0.0000000000
45628  45.179  -12.283  22.751 0.0000000000
45627  46.141  -12.359  22.455 0.0000000000
44958  46.628  -13.124  22.344 0.0000000000
45626  47.045  -12.440  22.278 0.0000000000
46270  47.446  -11.983  22.072 0.0000000000
46303  48.318  -11.431  21.013 0.0000000000
78313  49.357  -11.673  19.785 0.0000000000
31947  27.644  -33.024  22.889 0.0000000000
31953  27.942  -32.521  22.759 0.0000000000
78784  28.240  -33.929  23.047 0.0000000000
25369  6.238  -44.291  34.132 0.0000000000
86008  34.669  -24.061  22.922 0.0000000000
37977  35.876  -24.483  22.728 0.0000000000
30589  15.289  -35.417  33.794 0.0000000000
31247  22.347  -34.487  26.260 0.0000000000
31259  21.765  -35.167  26.009 0.0000000000
28648  20.831  -38.282  32.376 0.0000000000
37317  28.406  -25.113  27.529 0.0000000000
30627  17.572  -35.023  28.635 0.0000000000
30620  18.039  -36.043  29.601 0.0000000000
35270  27.108  -28.240  24.799 0.0000000000
35282  27.094  -29.168  24.748 0.0000000000
42465  40.336  -17.493  22.402 0.0000000000
24735  9.807  -45.364  34.779 0.0000000000
77424  36.800  -22.454  25.805 0.0000000000
38577  38.813  -23.316  23.071 0.0000000000
29302  28.015  -38.034  25.639 0.0000000000
29301  28.845  -37.702  25.953 0.0000000000
28720  28.386  -38.178  26.390 0.0000000000
89290  18.495  -36.370  34.180 0.0000000000
26989  15.262  -41.190  34.702 0.0000000000
26408  11.818  -42.828  33.668 0.0000000000
26993  11.393  -41.365  34.249 0.0000000000
27546  8.984  -40.808  34.790 0.0000000000
86570  24.574  -34.569  23.618 0.0000000000
28712  24.582  -38.361  27.802 0.0000000000
29292  20.431  -37.449  27.484 0.0000000000
37329  30.979  -24.718  26.221 0.0000000000
37343  30.581  -24.915  24.782 0.0000000000
35938  35.522  -27.623  25.070 0.0000000000
46287  46.409  -11.382  21.662 0.0000000000
47020  47.101  -11.068  21.117 0.0000000000
31897  16.204  -33.219  28.385 0.0000000000
32554  15.823  -32.474  28.008 0.0000000000
85015  16.854  -33.494  28.068 0.0000000000
33904  27.515  -30.349  23.998 0.0000000000
32599  28.765  -32.328  23.332 0.0000000000
32591  29.240  -32.158  23.826 0.0000000000
32582  29.670  -32.259  24.542 0.0000000000
31930  29.821  -33.127  25.060 0.0000000000
24736  7.806  -45.127  34.750 0.0000000000
40488  37.847  -20.248  28.531 0.0000000000
39196  35.317  -23.137  23.910 0.0000000000
38579  35.357  -23.480  23.310 0.0000000000
37987  37.505  -23.999  22.663 0.0000000000
36600  36.438  -25.409  23.213 0.0000000000
37361  37.522  -25.161  23.261 0.0000000000
29205  16.584  -37.317  35.644 0.0000000000
28614  16.435  -38.273  35.366 0.0000000000
28627  15.844  -38.673  34.955 0.0000000000
31246  23.135  -34.370  26.143 0.0000000000
31257  23.371  -34.628  25.317 0.0000000000
30666  23.397  -35.677  23.961 0.0000000000
30018  22.595  -36.222  25.062 0.0000000000
29324  22.921  -36.900  25.309 0.0000000000
29262  20.841  -38.119  29.329 0.0000000000
37331  29.940  -24.862  26.545 0.0000000000
34577  33.407  -29.411  26.698 0.0000000000
80380  5.078  -43.565  34.430 0.0000000000
79257  33.801  -23.353  24.296 0.0000000000
29247  18.590  -36.775  31.581 0.0000000000
29969  17.833  -36.023  32.947 0.0000000000
31884  15.861  -34.011  29.991 0.0000000000
31212  16.308  -34.630  30.407 0.0000000000
31190  15.712  -35.048  32.858 0.0000000000
31922  21.202  -34.027  26.804 0.0000000000
31923  20.503  -33.755  26.919 0.0000000000
30007  19.666  -36.002  26.662 0.0000000000
30635  19.041  -35.375  27.099 0.0000000000
88947  19.056  -36.432  27.424 0.0000000000
29988  18.992  -36.945  28.213 0.0000000000
79220  18.428  -36.556  30.037 0.0000000000
36563  27.179  -25.976  26.153 0.0000000000
36580  26.738  -26.788  25.674 0.0000000000
35954  27.879  -27.907  24.452 0.0000000000
35953  28.686  -27.794  24.341 0.0000000000
78697  29.010  -30.000  24.067 0.0000000000
33893  30.488  -30.746  25.219 0.0000000000
81099  29.962  -29.863  24.529 0.0000000000
80029  29.817  -29.102  24.440 0.0000000000
33220  31.124  -31.276  27.006 0.0000000000
33882  31.376  -30.558  26.530 0.0000000000
42450  38.820  -18.078  23.102 0.0000000000
88058  42.336  -14.721  21.801 0.0000000000
79518  43.880  -16.465  22.234 0.0000000000
89122  38.084  -21.746  25.960 0.0000000000
30665  28.447  -35.600  23.689 0.0000000000
78919  28.522  -36.227  24.129 0.0000000000
29300  29.555  -37.357  26.351 0.0000000000
74125  37.822  -18.737  26.430 0.0000000000
29229  19.643  -37.233  33.389 0.0000000000
26973  16.518  -40.999  35.178 0.0000000000
31184  13.771  -34.060  33.140 0.0000000000
30579  13.182  -34.857  33.284 0.0000000000
29942  14.714  -36.381  33.944 0.0000000000
29219  13.809  -37.495  33.950 0.0000000000
29221  11.847  -37.088  34.100 0.0000000000
28630  12.551  -38.541  34.386 0.0000000000
74564  12.656  -40.447  34.623 0.0000000000
85373  13.256  -39.928  34.669 0.0000000000
25872  12.695  -43.024  33.881 0.0000000000
26394  13.510  -42.960  34.269 0.0000000000
25379  10.801  -44.394  33.701 0.0000000000
25365  10.299  -44.889  34.205 0.0000000000
81479  10.651  -41.519  34.223 0.0000000000
26994  9.803  -41.375  34.439 0.0000000000
25886  8.887  -43.736  33.717 0.0000000000
25367  8.510  -44.714  34.279 0.0000000000
74616  6.950  -44.259  33.982 0.0000000000
26976  7.079  -40.419  35.467 0.0000000000
26998  5.546  -42.069  35.150 0.0000000000
33254  27.092  -31.684  23.499 0.0000000000
31949  25.554  -34.114  23.398 0.0000000000
31948  26.332  -33.717  23.283 0.0000000000
30028  26.626  -36.608  23.730 0.0000000000
29333  27.162  -37.192  24.447 0.0000000000
30030  24.320  -36.519  23.389 0.0000000000
29305  25.107  -37.872  26.033 0.0000000000
29304  26.059  -37.979  26.168 0.0000000000
85876  26.600  -38.397  27.485 0.0000000000
30646  21.198  -35.750  25.999 0.0000000000
29291  21.384  -37.557  27.250 0.0000000000
29307  22.545  -37.310  26.166 0.0000000000
28687  21.676  -38.430  29.470 0.0000000000
28685  23.388  -38.724  29.274 0.0000000000
37953  32.443  -24.289  25.765 0.0000000000
87047  31.550  -23.849  23.889 0.0000000000
36592  31.078  -26.397  23.844 0.0000000000
36591  33.244  -26.222  23.449 0.0000000000
36601  33.668  -25.616  23.216 0.0000000000
89449  29.376  -35.170  24.780 0.0000000000
30655  29.886  -34.960  25.461 0.0000000000
31235  30.716  -34.694  27.117 0.0000000000
31918  30.554  -33.746  26.705 0.0000000000
31929  30.303  -33.043  26.023 0.0000000000
46314  48.372  -11.071  20.276 0.0000000000
46313  49.103  -11.186  19.158 0.0000000000
44368  42.838  -14.164  22.115 0.0000000000
44960  44.760  -12.958  22.767 0.0000000000
45625  47.800  -12.493  22.123 0.0000000000
86744  41.911  -18.662  25.392 0.0000000000
33253  27.822  -31.563  23.068 0.0000000000
33259  27.995  -32.048  22.781 0.0000000000
32600  28.212  -32.431  22.903 0.0000000000
28617  10.329  -38.122  35.243 0.0000000000
30019  21.803  -36.149  25.644 0.0000000000
28674  20.748  -38.306  30.744 0.0000000000
28658  20.754  -38.344  31.509 0.0000000000
37332  29.311  -25.000  26.514 0.0000000000
33881  32.012  -30.117  26.830 0.0000000000
34564  32.796  -29.888  27.112 0.0000000000
31213  15.585  -34.262  30.782 0.0000000000
31240  17.958  -34.182  27.659 0.0000000000
29983  18.575  -36.619  29.040 0.0000000000
35942  26.465  -27.717  25.379 0.0000000000
39883  40.430  -21.798  24.939 0.0000000000
78972  37.946  -23.127  23.433 0.0000000000
30026  28.143  -36.897  24.324 0.0000000000
30016  28.937  -36.562  24.792 0.0000000000
29318  28.569  -37.353  25.171 0.0000000000
41743  37.379  -18.819  27.695 0.0000000000
29218  19.008  -36.819  33.802 0.0000000000
26988  15.922  -40.908  34.732 0.0000000000
26387  15.138  -42.793  35.172 0.0000000000
29220  13.022  -37.243  33.663 0.0000000000
28078  11.831  -38.913  34.700 0.0000000000
88545  12.348  -42.513  33.877 0.0000000000
26409  10.818  -42.863  33.668 0.0000000000
26399  8.570  -42.420  34.120 0.0000000000
25874  8.353  -43.288  33.831 0.0000000000
75736  7.893  -41.860  34.493 0.0000000000
30675  25.966  -35.545  23.050 0.0000000000
30029  25.441  -36.696  23.628 0.0000000000
29323  23.774  -37.271  24.818 0.0000000000
29287  25.426  -38.143  26.726 0.0000000000
28710  26.008  -38.411  27.860 0.0000000000
28711  25.322  -38.321  27.434 0.0000000000
28686  22.505  -38.631  29.439 0.0000000000
41739  41.620  -19.568  27.574 0.0000000000
36596  28.706  -27.002  24.426 0.0000000000
36577  28.653  -26.059  24.796 0.0000000000
35947  33.921  -26.988  23.975 0.0000000000
35946  34.965  -26.944  24.211 0.0000000000
30644  30.545  -35.392  26.742 0.0000000000
31225  31.047  -34.770  27.877 0.0000000000
47019  47.799  -10.997  20.743 0.0000000000
45651  48.769  -12.053  21.172 0.0000000000
31217  17.097  -34.681  29.079 0.0000000000
77771  16.026  -33.670  29.195 0.0000000000
31912  17.541  -33.209  27.553 0.0000000000
41773  43.459  -18.494  25.869 0.0000000000
34608  27.925  -30.265  23.749 0.0000000000
33902  28.793  -30.921  23.672 0.0000000000
33242  29.417  -31.513  24.092 0.0000000000
76641  8.787  -45.358  34.938 0.0000000000
39189  36.103  -22.929  24.369 0.0000000000
38578  36.189  -23.391  23.202 0.0000000000
37974  38.966  -24.459  22.841 0.0000000000
37360  38.475  -25.096  23.320 0.0000000000
28708  28.283  -38.446  27.226 0.0000000000
77152  28.460  -38.625  28.137 0.0000000000
29939  17.001  -36.004  35.735 0.0000000000
28075  16.302  -39.445  34.997 0.0000000000
28077  14.825  -39.723  34.696 0.0000000000
89014  11.212  -39.250  34.891 0.0000000000
27526  10.092  -39.988  34.995 0.0000000000
31275  23.900  -35.425  23.429 0.0000000000
30031  23.602  -36.228  23.608 0.0000000000
29277  19.666  -37.474  28.155 0.0000000000
29276  20.553  -37.859  28.440 0.0000000000
79389  21.456  -38.686  30.986 0.0000000000
40486  42.207  -20.007  28.546 0.0000000000
34598  31.026  -28.907  24.666 0.0000000000
34588  33.993  -28.655  25.717 0.0000000000
38569  34.538  -23.234  24.130 0.0000000000
38580  34.322  -23.732  23.261 0.0000000000
37978  33.636  -24.069  23.059 0.0000000000
29236  20.115  -37.912  31.981 0.0000000000
29968  18.454  -36.608  32.461 0.0000000000
30605  17.077  -35.506  33.460 0.0000000000
31211  16.995  -34.991  29.948 0.0000000000
30647  20.389  -35.412  26.417 0.0000000000
31239  18.499  -34.726  27.444 0.0000000000
81597  19.581  -37.545  29.679 0.0000000000
37334  27.758  -25.421  26.798 0.0000000000
43733  42.856  -15.145  21.944 0.0000000000
43732  44.369  -15.761  21.985 0.0000000000
76508  40.512  -22.348  24.285 0.0000000000
39177  41.114  -22.299  24.673 0.0000000000
86577  27.963  -34.582  22.899 0.0000000000
31270  28.361  -34.778  23.321 0.0000000000
81234  29.650  -35.994  25.264 0.0000000000
41778  38.503  -18.723  25.717 0.0000000000
29217  19.613  -37.025  34.336 0.0000000000
84955  12.264  -36.965  33.627 0.0000000000
76069  13.990  -39.850  34.659 0.0000000000
26990  14.318  -41.537  34.600 0.0000000000
25870  14.060  -43.672  34.560 0.0000000000
25378  11.717  -44.450  33.637 0.0000000000
25366  9.403  -44.829  34.290 0.0000000000
26410  9.935  -42.914  33.712 0.0000000000
25368  7.650  -44.506  34.141 0.0000000000
81182  7.068  -42.205  34.553 0.0000000000
76326  27.116  -33.802  23.024 0.0000000000
30039  27.222  -36.119  23.301 0.0000000000
30042  24.047  -35.964  23.080 0.0000000000
29334  25.476  -37.274  24.568 0.0000000000
29320  26.409  -37.600  25.123 0.0000000000
29303  27.060  -38.039  25.890 0.0000000000
28709  27.323  -38.479  27.364 0.0000000000
29274  21.998  -38.048  28.014 0.0000000000
29273  22.958  -38.165  27.688 0.0000000000
29289  23.815  -38.133  27.357 0.0000000000
28698  24.647  -38.605  28.522 0.0000000000
78984  33.724  -24.196  26.664 0.0000000000
37967  32.637  -23.676  23.572 0.0000000000
37979  32.756  -23.876  23.359 0.0000000000
37333  28.620  -25.194  26.618 0.0000000000
36560  29.116  -25.257  25.576 0.0000000000
36559  29.512  -25.175  25.336 0.0000000000
35950  30.669  -27.921  24.197 0.0000000000
37363  33.598  -24.773  23.048 0.0000000000
36589  36.571  -26.436  23.947 0.0000000000
31269  28.811  -34.004  23.662 0.0000000000
82914  31.174  -34.124  28.203 0.0000000000
31903  30.776  -33.064  27.382 0.0000000000
32560  30.647  -32.341  27.138 0.0000000000
33205  30.857  -31.856  27.471 0.0000000000
81727  43.455  -13.508  22.529 0.0000000000
45629  44.344  -12.198  23.010 0.0000000000
46271  46.679  -11.887  22.109 0.0000000000
46302  48.872  -11.577  20.460 0.0000000000
31946  28.063  -33.126  22.831 0.0000000000
