#!ascii label  , from subject sub-01 vox2ras=TkReg
641
34553  15.973  -29.696  28.582 0.0000000000
33115  22.960  -30.473  37.025 0.0000000000
39854  37.324  -21.004  28.564 0.0000000000
37304  28.094  -25.180  28.417 0.0000000000
33797  26.721  -30.702  32.637 0.0000000000
44369  42.116  -13.918  21.883 0.0000000000
81767  36.347  -23.068  30.303 0.0000000000
87653  33.930  -24.436  27.677 0.0000000000
31865  14.344  -33.171  31.424 0.0000000000
84467  21.053  -28.818  31.719 0.0000000000
32518  22.491  -32.490  31.209 0.0000000000
33209  19.666  -31.578  27.354 0.0000000000
41779  37.642  -18.528  25.605 0.0000000000
36507  17.617  -26.296  32.638 0.0000000000
35192  13.942  -28.087  32.966 0.0000000000
41730  35.433  -18.504  28.014 0.0000000000
33132  13.575  -31.606  34.966 0.0000000000
30591  11.890  -35.578  33.847 0.0000000000
78584  32.115  -25.432  30.263 0.0000000000
35883  25.961  -27.494  30.355 0.0000000000
33206  26.195  -31.741  27.629 0.0000000000
31871  24.923  -33.076  29.822 0.0000000000
74539  36.426  -24.247  31.223 0.0000000000
37940  35.352  -24.072  28.240 0.0000000000
37934  34.578  -24.657  29.968 0.0000000000
39136  36.015  -22.749  31.646 0.0000000000
32554  15.823  -32.474  28.008 0.0000000000
31884  15.861  -34.011  29.991 0.0000000000
33189  14.770  -31.685  29.672 0.0000000000
34522  18.837  -28.658  29.925 0.0000000000
33840  20.445  -30.071  29.555 0.0000000000
33858  17.881  -30.341  27.897 0.0000000000
31240  17.958  -34.182  27.659 0.0000000000
40488  37.847  -20.248  28.531 0.0000000000
39841  35.425  -20.953  29.920 0.0000000000
41101  36.562  -19.687  29.134 0.0000000000
41728  36.889  -18.758  28.194 0.0000000000
35180  13.416  -28.531  35.223 0.0000000000
34487  13.580  -30.082  34.201 0.0000000000
33777  13.382  -30.313  36.037 0.0000000000
31166  11.636  -34.384  38.511 0.0000000000
31170  12.348  -33.784  36.241 0.0000000000
85988  10.791  -35.710  35.421 0.0000000000
28617  10.329  -38.122  35.243 0.0000000000
28618  9.393  -38.583  35.514 0.0000000000
79859  27.429  -27.723  33.013 0.0000000000
35196  26.558  -28.998  32.083 0.0000000000
34533  25.344  -29.141  28.883 0.0000000000
33824  26.272  -30.988  30.341 0.0000000000
32543  22.332  -32.902  28.840 0.0000000000
31872  23.800  -33.297  30.655 0.0000000000
31906  23.556  -33.638  27.793 0.0000000000
31920  24.351  -33.595  26.661 0.0000000000
37289  30.474  -25.453  29.675 0.0000000000
77253  31.611  -25.024  28.231 0.0000000000
37332  29.311  -25.000  26.514 0.0000000000
46288  45.475  -11.185  21.545 0.0000000000
45629  44.344  -12.198  23.010 0.0000000000
80368  36.474  -22.052  29.531 0.0000000000
38546  36.165  -23.125  27.461 0.0000000000
39141  35.349  -21.991  30.702 0.0000000000
33782  21.487  -29.759  34.564 0.0000000000
32492  22.568  -31.739  33.412 0.0000000000
33811  21.676  -30.425  31.841 0.0000000000
33195  21.065  -31.687  28.627 0.0000000000
31909  20.906  -33.250  27.188 0.0000000000
41781  35.895  -18.271  25.265 0.0000000000
42451  37.861  -18.048  23.009 0.0000000000
42484  39.917  -17.010  21.740 0.0000000000
43745  41.263  -15.872  21.382 0.0000000000
35885  16.536  -27.381  30.544 0.0000000000
35217  14.978  -28.715  30.579 0.0000000000
36516  15.620  -26.609  31.730 0.0000000000
75198  19.362  -27.192  31.863 0.0000000000
41763  36.428  -18.294  26.863 0.0000000000
33813  14.023  -30.213  31.948 0.0000000000
77300  13.706  -32.364  33.453 0.0000000000
86226  13.582  -33.231  33.692 0.0000000000
78778  13.284  -32.414  36.662 0.0000000000
31840  13.077  -33.185  34.955 0.0000000000
26976  7.079  -40.419  35.467 0.0000000000
37267  33.750  -25.141  31.302 0.0000000000
37272  29.091  -25.848  31.013 0.0000000000
74757  27.841  -26.492  32.021 0.0000000000
36528  26.228  -26.311  29.256 0.0000000000
35922  25.096  -27.494  27.715 0.0000000000
33885  25.996  -30.176  26.453 0.0000000000
32592  26.210  -32.274  23.936 0.0000000000
32490  23.606  -32.424  33.694 0.0000000000
77844  24.714  -32.559  33.192 0.0000000000
32515  26.043  -32.179  30.938 0.0000000000
32552  25.852  -32.423  28.703 0.0000000000
32584  25.515  -32.606  25.605 0.0000000000
83056  32.924  -24.881  28.868 0.0000000000
37328  32.140  -24.731  26.768 0.0000000000
37923  36.117  -24.607  31.620 0.0000000000
76586  35.440  -24.475  29.945 0.0000000000
89246  35.659  -24.680  31.399 0.0000000000
38526  36.898  -23.876  31.738 0.0000000000
84139  15.760  -31.155  28.015 0.0000000000
84145  15.334  -32.126  28.435 0.0000000000
33843  15.657  -30.362  28.623 0.0000000000
34536  17.259  -29.039  28.801 0.0000000000
76618  18.059  -29.256  28.762 0.0000000000
33859  16.933  -30.326  27.915 0.0000000000
33212  16.838  -31.737  27.423 0.0000000000
87359  37.316  -20.409  28.820 0.0000000000
40472  36.793  -20.571  29.213 0.0000000000
40473  35.998  -20.223  29.678 0.0000000000
40471  37.310  -19.991  28.878 0.0000000000
30563  11.000  -34.879  37.972 0.0000000000
30566  11.011  -34.930  36.891 0.0000000000
30571  10.502  -35.453  36.390 0.0000000000
29944  10.489  -36.460  35.430 0.0000000000
75423  9.854  -36.854  35.995 0.0000000000
29197  9.634  -37.664  35.743 0.0000000000
34490  27.328  -29.096  33.376 0.0000000000
34498  26.669  -29.849  32.256 0.0000000000
76210  26.236  -30.286  30.893 0.0000000000
33810  26.462  -30.687  31.690 0.0000000000
73899  23.424  -31.153  36.763 0.0000000000
31237  22.104  -33.946  26.833 0.0000000000
31895  22.987  -33.337  28.392 0.0000000000
31236  22.950  -33.956  26.869 0.0000000000
31246  23.135  -34.370  26.143 0.0000000000
37303  29.180  -25.102  28.379 0.0000000000
75301  30.016  -24.907  27.902 0.0000000000
82043  40.917  -14.744  21.260 0.0000000000
79062  41.353  -13.837  21.535 0.0000000000
44962  41.848  -13.008  21.907 0.0000000000
85771  43.056  -12.283  22.610 0.0000000000
87950  43.387  -12.660  22.747 0.0000000000
39145  36.365  -22.766  29.619 0.0000000000
39153  36.502  -22.560  28.979 0.0000000000
78268  36.287  -23.215  29.105 0.0000000000
37945  34.617  -24.140  27.500 0.0000000000
38547  35.388  -23.694  27.366 0.0000000000
38554  34.590  -23.754  26.464 0.0000000000
39139  36.469  -23.191  31.126 0.0000000000
87970  36.202  -22.724  30.566 0.0000000000
39828  36.212  -22.211  30.118 0.0000000000
31875  14.688  -33.052  30.604 0.0000000000
31855  14.185  -33.831  32.443 0.0000000000
33799  21.352  -29.233  32.708 0.0000000000
33798  21.760  -30.222  32.814 0.0000000000
33812  21.197  -29.779  31.340 0.0000000000
33856  19.709  -30.480  28.080 0.0000000000
33188  20.647  -30.817  28.918 0.0000000000
33196  20.526  -31.192  28.050 0.0000000000
33207  20.792  -31.979  27.767 0.0000000000
80263  20.164  -32.105  27.243 0.0000000000
31910  19.301  -33.329  27.106 0.0000000000
35942  26.465  -27.717  25.379 0.0000000000
41780  36.726  -18.370  25.549 0.0000000000
41814  37.201  -18.299  23.763 0.0000000000
41813  38.145  -18.391  23.883 0.0000000000
42449  39.800  -18.042  23.132 0.0000000000
42465  40.336  -17.493  22.402 0.0000000000
43147  40.784  -16.837  21.769 0.0000000000
35874  16.808  -26.784  31.314 0.0000000000
36522  16.007  -26.832  31.052 0.0000000000
36515  16.255  -26.403  31.616 0.0000000000
76733  18.634  -26.909  32.023 0.0000000000
35872  18.495  -27.259  31.411 0.0000000000
74281  35.649  -18.298  26.732 0.0000000000
41745  35.926  -18.225  27.532 0.0000000000
41743  37.379  -18.819  27.695 0.0000000000
35202  14.584  -28.564  31.331 0.0000000000
34507  14.621  -29.284  30.983 0.0000000000
83161  13.891  -29.875  32.505 0.0000000000
33783  13.562  -30.894  34.592 0.0000000000
33790  13.663  -30.828  33.656 0.0000000000
32481  13.582  -32.364  34.297 0.0000000000
80501  13.684  -33.037  33.474 0.0000000000
32460  13.147  -32.116  37.974 0.0000000000
31177  12.037  -34.256  35.363 0.0000000000
31837  12.951  -33.082  36.250 0.0000000000
30580  12.363  -34.698  34.245 0.0000000000
30579  13.182  -34.857  33.284 0.0000000000
74848  29.990  -25.801  30.997 0.0000000000
35864  27.083  -27.374  32.211 0.0000000000
36505  27.866  -27.106  32.933 0.0000000000
35871  27.052  -26.745  31.363 0.0000000000
86098  27.047  -26.377  30.725 0.0000000000
35897  26.201  -26.809  29.966 0.0000000000
36539  25.676  -26.669  28.701 0.0000000000
81061  25.267  -27.761  29.128 0.0000000000
75079  25.921  -30.973  27.898 0.0000000000
33871  25.730  -30.200  27.303 0.0000000000
33870  26.067  -31.107  26.924 0.0000000000
33884  26.196  -30.804  25.956 0.0000000000
33222  26.177  -31.524  26.252 0.0000000000
32506  22.369  -31.666  32.770 0.0000000000
32491  23.043  -32.160  33.502 0.0000000000
77330  23.074  -32.692  32.020 0.0000000000
79908  24.319  -33.313  30.185 0.0000000000
31863  23.881  -33.130  31.617 0.0000000000
32531  24.913  -32.857  30.958 0.0000000000
32516  25.406  -32.537  31.342 0.0000000000
32530  25.413  -32.641  30.450 0.0000000000
32529  26.141  -32.196  30.110 0.0000000000
31893  25.060  -33.036  28.857 0.0000000000
31256  23.942  -34.195  25.246 0.0000000000
31919  25.016  -33.048  26.347 0.0000000000
37277  33.149  -25.181  30.526 0.0000000000
89403  33.278  -24.932  29.673 0.0000000000
37287  32.574  -25.162  29.647 0.0000000000
37329  30.979  -24.718  26.221 0.0000000000
37313  31.856  -24.883  27.495 0.0000000000
47021  46.216  -10.878  21.015 0.0000000000
38530  36.533  -23.772  30.732 0.0000000000
38540  35.922  -23.815  28.885 0.0000000000
37933  35.904  -24.193  29.584 0.0000000000
73782  35.360  -24.297  29.098 0.0000000000
84898  34.534  -24.439  28.501 0.0000000000
39135  36.724  -23.368  32.070 0.0000000000
77771  16.026  -33.670  29.195 0.0000000000
31885  15.054  -32.924  29.783 0.0000000000
33178  14.390  -31.682  30.506 0.0000000000
35212  20.235  -28.786  30.629 0.0000000000
34506  20.743  -29.218  30.893 0.0000000000
34521  19.621  -29.014  29.950 0.0000000000
33842  19.338  -29.963  28.634 0.0000000000
33873  19.243  -31.008  27.623 0.0000000000
32566  18.532  -32.745  27.218 0.0000000000
32567  17.679  -32.223  27.289 0.0000000000
84393  16.928  -32.367  27.470 0.0000000000
41778  38.503  -18.723  25.717 0.0000000000
75518  16.769  -25.928  32.855 0.0000000000
40474  35.052  -20.186  29.589 0.0000000000
41102  35.628  -19.401  29.125 0.0000000000
85617  35.730  -18.777  28.530 0.0000000000
41729  36.164  -18.415  28.161 0.0000000000
41118  36.349  -18.982  28.672 0.0000000000
41116  37.814  -19.724  28.463 0.0000000000
35187  13.586  -28.556  34.291 0.0000000000
34494  13.645  -29.275  33.816 0.0000000000
34488  13.511  -29.346  34.716 0.0000000000
33784  13.472  -30.176  35.121 0.0000000000
33776  13.529  -30.983  35.486 0.0000000000
31835  12.618  -33.435  37.219 0.0000000000
79865  12.148  -34.034  37.049 0.0000000000
31171  11.597  -34.416  36.269 0.0000000000
30592  11.310  -35.867  34.477 0.0000000000
29955  11.383  -36.576  34.434 0.0000000000
35195  26.986  -28.376  32.679 0.0000000000
35210  26.051  -28.211  31.022 0.0000000000
35211  25.676  -28.369  30.204 0.0000000000
34518  25.987  -29.227  30.726 0.0000000000
33825  25.994  -30.110  30.098 0.0000000000
84804  26.289  -31.527  29.207 0.0000000000
32532  22.475  -32.840  29.777 0.0000000000
31864  23.190  -33.008  31.066 0.0000000000
31883  23.119  -33.221  29.333 0.0000000000
77328  23.712  -33.480  28.880 0.0000000000
31894  24.304  -33.486  28.425 0.0000000000
31921  23.708  -33.896  26.861 0.0000000000
31245  23.857  -34.102  26.042 0.0000000000
37288  31.322  -25.488  29.984 0.0000000000
87473  31.892  -25.356  29.578 0.0000000000
74775  30.806  -24.973  28.141 0.0000000000
37315  30.392  -24.835  27.432 0.0000000000
87052  43.518  -11.603  22.147 0.0000000000
46274  44.022  -11.782  22.704 0.0000000000
39855  36.790  -21.683  29.010 0.0000000000
39866  37.036  -21.858  28.186 0.0000000000
76474  36.655  -22.508  28.228 0.0000000000
80247  35.876  -23.638  28.070 0.0000000000
38553  35.491  -23.396  26.466 0.0000000000
88044  34.801  -22.270  31.509 0.0000000000
39822  34.577  -22.007  30.969 0.0000000000
39830  34.943  -21.526  30.317 0.0000000000
39829  35.725  -21.706  30.236 0.0000000000
39840  36.196  -21.272  29.721 0.0000000000
33774  22.089  -30.438  35.734 0.0000000000
33131  22.406  -31.139  35.160 0.0000000000
33788  21.852  -30.425  33.863 0.0000000000
33156  22.073  -31.102  32.361 0.0000000000
33167  21.815  -31.252  31.508 0.0000000000
75888  20.818  -29.961  30.490 0.0000000000
33177  20.943  -30.744  30.042 0.0000000000
32533  21.943  -32.263  30.345 0.0000000000
32544  21.721  -32.325  29.262 0.0000000000
32563  21.286  -32.738  27.650 0.0000000000
31922  21.202  -34.027  26.804 0.0000000000
42468  37.556  -17.683  22.195 0.0000000000
42450  38.820  -18.078  23.102 0.0000000000
42467  38.485  -17.633  22.310 0.0000000000
42485  39.055  -17.152  21.660 0.0000000000
43746  40.314  -16.286  21.254 0.0000000000
44379  41.694  -14.766  21.525 0.0000000000
44368  42.838  -14.164  22.115 0.0000000000
82881  16.279  -28.282  29.541 0.0000000000
35232  15.761  -28.560  29.610 0.0000000000
35899  15.996  -27.928  30.027 0.0000000000
35887  15.057  -27.858  30.987 0.0000000000
35868  14.480  -27.481  32.375 0.0000000000
36509  15.485  -26.306  32.564 0.0000000000
35862  14.263  -27.327  33.318 0.0000000000
35856  13.661  -27.768  34.662 0.0000000000
33116  22.310  -30.166  36.562 0.0000000000
33775  21.597  -29.829  35.465 0.0000000000
34486  21.090  -28.991  34.357 0.0000000000
34499  21.012  -28.481  32.612 0.0000000000
35190  20.548  -27.906  33.166 0.0000000000
76850  20.662  -27.898  32.094 0.0000000000
35201  19.303  -27.746  31.110 0.0000000000
75695  18.080  -28.217  29.998 0.0000000000
75656  35.351  -18.364  25.886 0.0000000000
84054  36.093  -18.260  26.110 0.0000000000
74124  37.046  -18.473  26.320 0.0000000000
41744  36.660  -18.414  27.645 0.0000000000
41762  37.197  -18.602  27.082 0.0000000000
74125  37.822  -18.737  26.430 0.0000000000
34523  14.926  -29.658  30.155 0.0000000000
33827  14.274  -31.066  30.942 0.0000000000
33168  14.079  -31.707  31.368 0.0000000000
33800  13.829  -30.732  32.650 0.0000000000
33157  13.886  -31.648  32.245 0.0000000000
74214  14.058  -33.194  32.202 0.0000000000
76937  13.849  -33.155  32.880 0.0000000000
31192  14.020  -34.022  32.878 0.0000000000
33126  13.475  -31.213  36.266 0.0000000000
32467  13.511  -31.931  36.346 0.0000000000
32473  13.344  -32.532  35.780 0.0000000000
31839  13.374  -32.741  34.686 0.0000000000
31175  13.334  -33.578  33.855 0.0000000000
86767  8.500  -38.564  35.905 0.0000000000
37265  35.487  -24.859  31.922 0.0000000000
37279  31.445  -25.606  30.822 0.0000000000
37280  30.627  -25.647  30.529 0.0000000000
37281  29.766  -25.645  30.279 0.0000000000
37291  28.564  -25.358  29.201 0.0000000000
36513  28.284  -26.037  31.375 0.0000000000
36521  27.422  -25.961  30.320 0.0000000000
37305  27.275  -25.460  28.551 0.0000000000
36550  26.052  -26.138  27.482 0.0000000000
35921  25.643  -26.922  27.085 0.0000000000
35259  25.844  -28.248  25.993 0.0000000000
34549  25.157  -29.014  28.121 0.0000000000
35260  25.458  -28.782  26.715 0.0000000000
34580  26.001  -29.308  26.005 0.0000000000
33895  26.628  -30.582  25.049 0.0000000000
33254  27.092  -31.684  23.499 0.0000000000
33143  26.525  -31.537  33.211 0.0000000000
32471  23.266  -32.071  35.048 0.0000000000
32478  23.776  -32.305  34.512 0.0000000000
75280  24.219  -32.478  33.894 0.0000000000
32504  23.732  -32.879  32.415 0.0000000000
75525  23.952  -32.781  33.103 0.0000000000
32489  25.079  -32.272  34.086 0.0000000000
74415  25.738  -32.193  33.415 0.0000000000
32502  26.073  -32.080  32.579 0.0000000000
33155  26.429  -31.539  32.210 0.0000000000
33175  26.362  -31.730  30.602 0.0000000000
32541  26.253  -32.101  29.316 0.0000000000
78966  26.014  -32.243  27.866 0.0000000000
31904  24.892  -33.155  27.919 0.0000000000
32562  25.458  -32.694  27.278 0.0000000000
32561  26.120  -32.067  26.928 0.0000000000
32593  25.542  -32.798  24.545 0.0000000000
37276  34.294  -24.871  30.731 0.0000000000
37301  33.942  -24.705  29.242 0.0000000000
37941  33.551  -24.664  28.255 0.0000000000
37302  32.283  -24.992  28.301 0.0000000000
37312  32.694  -24.835  27.851 0.0000000000
37946  33.116  -24.588  27.224 0.0000000000
81727  43.455  -13.508  22.529 0.0000000000
37922  36.716  -24.309  32.018 0.0000000000
76098  16.150  -30.349  28.105 0.0000000000
34552  16.622  -29.643  28.390 0.0000000000
30567  10.427  -35.357  37.383 0.0000000000
29931  10.136  -36.086  36.125 0.0000000000
79196  10.031  -35.812  36.896 0.0000000000
34491  27.010  -29.913  33.023 0.0000000000
33125  22.751  -31.006  36.119 0.0000000000
31907  22.647  -33.534  27.500 0.0000000000
31247  22.347  -34.487  26.260 0.0000000000
44961  42.723  -13.080  22.315 0.0000000000
78984  33.724  -24.196  26.664 0.0000000000
84915  14.913  -33.783  31.100 0.0000000000
31854  14.550  -33.899  31.866 0.0000000000
86557  21.443  -29.687  32.085 0.0000000000
33872  20.010  -30.973  27.695 0.0000000000
87757  20.226  -30.665  28.217 0.0000000000
33208  20.245  -31.505  27.550 0.0000000000
32564  20.119  -33.009  27.030 0.0000000000
32565  19.434  -32.376  27.149 0.0000000000
35271  26.443  -28.706  25.298 0.0000000000
41798  37.432  -18.418  24.699 0.0000000000
36514  17.752  -26.756  31.817 0.0000000000
75430  16.865  -26.235  32.008 0.0000000000
36506  18.293  -26.668  32.466 0.0000000000
41119  35.035  -19.053  28.494 0.0000000000
41746  35.157  -18.514  27.285 0.0000000000
35197  14.184  -28.379  32.123 0.0000000000
34500  14.196  -29.358  31.816 0.0000000000
75821  13.861  -29.075  32.852 0.0000000000
33137  13.641  -31.621  34.043 0.0000000000
77973  26.468  -27.444  31.274 0.0000000000
85957  26.531  -26.839  30.657 0.0000000000
35898  25.705  -27.156  29.393 0.0000000000
81389  25.515  -27.812  29.725 0.0000000000
32519  22.239  -32.017  32.022 0.0000000000
32505  22.751  -32.185  32.777 0.0000000000
77565  24.377  -33.149  30.922 0.0000000000
84160  24.775  -33.046  30.472 0.0000000000
37927  36.152  -24.237  30.314 0.0000000000
87889  34.789  -24.509  29.361 0.0000000000
39131  36.095  -22.833  32.543 0.0000000000
33197  15.132  -31.693  28.906 0.0000000000
32545  14.998  -32.271  29.249 0.0000000000
32534  14.631  -32.337  30.098 0.0000000000
35213  19.538  -28.408  30.543 0.0000000000
34550  18.444  -29.784  28.424 0.0000000000
33857  18.847  -30.413  28.011 0.0000000000
33874  18.289  -31.028  27.620 0.0000000000
33210  18.666  -31.769  27.283 0.0000000000
33211  17.738  -31.586  27.406 0.0000000000
32568  16.208  -32.132  27.502 0.0000000000
31913  16.559  -32.780  27.745 0.0000000000
41117  37.111  -19.393  28.579 0.0000000000
31167  12.183  -33.875  37.900 0.0000000000
30570  10.993  -35.052  35.949 0.0000000000
30581  11.492  -35.025  35.024 0.0000000000
30593  10.998  -36.251  34.934 0.0000000000
29210  10.402  -37.257  35.372 0.0000000000
29209  11.018  -37.639  34.895 0.0000000000
34497  26.898  -29.235  32.678 0.0000000000
35199  26.469  -28.154  31.838 0.0000000000
81495  26.234  -28.828  31.460 0.0000000000
33838  26.166  -30.888  29.587 0.0000000000
78549  31.246  -25.243  29.065 0.0000000000
78548  30.243  -25.167  28.779 0.0000000000
77685  29.865  -24.866  27.171 0.0000000000
37331  29.940  -24.862  26.545 0.0000000000
45630  43.687  -12.169  22.964 0.0000000000
46273  44.716  -11.886  22.710 0.0000000000
38539  36.262  -23.181  28.417 0.0000000000
39132  35.143  -22.419  32.075 0.0000000000
39140  35.993  -22.367  30.831 0.0000000000
79247  35.317  -22.348  31.258 0.0000000000
33781  21.931  -30.497  34.822 0.0000000000
34520  20.289  -29.419  30.127 0.0000000000
33187  21.262  -31.552  29.631 0.0000000000
33176  21.525  -31.410  30.620 0.0000000000
84225  20.624  -32.588  27.358 0.0000000000
31908  21.737  -33.404  27.322 0.0000000000
31911  18.527  -33.734  27.371 0.0000000000
41800  35.645  -18.258  24.384 0.0000000000
41812  39.189  -18.459  24.072 0.0000000000
42466  39.411  -17.588  22.373 0.0000000000
35231  16.596  -27.939  29.946 0.0000000000
35875  15.481  -27.176  31.173 0.0000000000
35876  15.022  -27.290  31.663 0.0000000000
36517  15.065  -26.861  32.227 0.0000000000
37253  15.947  -25.825  33.073 0.0000000000
36501  14.706  -26.683  33.765 0.0000000000
35855  14.126  -27.191  34.188 0.0000000000
35193  13.780  -27.883  33.802 0.0000000000
33769  21.832  -29.805  36.175 0.0000000000
34492  21.050  -28.736  33.440 0.0000000000
35866  20.047  -27.325  32.450 0.0000000000
35865  20.067  -27.533  31.702 0.0000000000
35873  17.534  -27.279  30.993 0.0000000000
35884  18.266  -27.748  30.702 0.0000000000
35215  17.345  -27.799  30.253 0.0000000000
35230  17.112  -28.355  29.486 0.0000000000
87426  36.549  -18.337  26.230 0.0000000000
41761  37.930  -19.008  27.117 0.0000000000
35233  15.314  -28.887  29.941 0.0000000000
80416  14.390  -30.185  31.087 0.0000000000
80111  14.030  -30.925  31.711 0.0000000000
34493  13.720  -29.983  33.282 0.0000000000
33145  13.736  -31.612  33.136 0.0000000000
32493  13.836  -32.413  32.655 0.0000000000
31184  13.771  -34.060  33.140 0.0000000000
33117  13.344  -31.499  37.008 0.0000000000
31176  12.617  -33.784  35.037 0.0000000000
28603  8.155  -38.336  36.640 0.0000000000
28061  7.488  -39.575  35.718 0.0000000000
37268  33.021  -25.388  31.547 0.0000000000
37269  31.590  -25.699  31.645 0.0000000000
37270  30.697  -25.800  31.453 0.0000000000
37282  28.847  -25.624  30.061 0.0000000000
74348  26.730  -26.313  30.078 0.0000000000
36527  27.126  -25.774  29.422 0.0000000000
37306  26.623  -25.805  28.708 0.0000000000
37319  26.646  -25.647  27.968 0.0000000000
36538  26.031  -26.126  28.334 0.0000000000
36551  25.435  -26.651  27.965 0.0000000000
35931  25.339  -27.823  26.787 0.0000000000
34519  25.649  -29.215  29.770 0.0000000000
35228  25.346  -28.408  29.385 0.0000000000
34565  25.366  -29.337  27.443 0.0000000000
34581  25.684  -29.568  26.779 0.0000000000
80642  26.308  -30.077  25.743 0.0000000000
33232  26.272  -31.421  25.415 0.0000000000
33243  26.550  -31.459  24.409 0.0000000000
33136  22.349  -31.236  34.156 0.0000000000
87094  22.887  -31.667  35.411 0.0000000000
33130  22.760  -31.786  34.676 0.0000000000
32479  23.202  -32.128  34.240 0.0000000000
31853  24.335  -32.889  32.386 0.0000000000
32503  25.284  -32.519  32.322 0.0000000000
75522  26.027  -32.156  31.791 0.0000000000
33166  26.339  -31.651  31.372 0.0000000000
32551  26.262  -31.786  28.486 0.0000000000
31905  24.278  -33.574  27.512 0.0000000000
76345  24.795  -33.204  27.170 0.0000000000
32574  25.638  -32.479  26.461 0.0000000000
32573  26.014  -32.069  25.967 0.0000000000
37266  34.534  -24.990  31.630 0.0000000000
37275  35.145  -24.734  31.180 0.0000000000
37286  33.843  -24.851  30.032 0.0000000000
81353  32.116  -25.158  28.952 0.0000000000
37953  32.443  -24.289  25.765 0.0000000000
47039  46.188  -10.526  20.352 0.0000000000
76107  46.890  -10.529  20.074 0.0000000000
47056  47.053  -10.548  19.312 0.0000000000
37928  35.769  -24.551  30.868 0.0000000000
37929  35.067  -24.623  30.524 0.0000000000
32555  15.678  -31.866  27.839 0.0000000000
88614  15.435  -31.621  28.314 0.0000000000
33860  15.382  -31.101  28.726 0.0000000000
84528  15.069  -31.174  29.359 0.0000000000
35229  18.063  -28.756  29.326 0.0000000000
34535  18.942  -29.241  29.161 0.0000000000
34551  17.515  -29.690  28.291 0.0000000000
33875  17.320  -31.025  27.618 0.0000000000
33876  16.437  -31.046  27.685 0.0000000000
35174  13.246  -28.845  35.990 0.0000000000
84944  9.210  -37.350  36.576 0.0000000000
34505  26.351  -29.634  31.512 0.0000000000
84654  26.329  -31.108  30.990 0.0000000000
31896  22.149  -33.009  27.960 0.0000000000
37290  29.527  -25.399  29.401 0.0000000000
37316  29.281  -24.969  27.359 0.0000000000
87649  40.493  -15.482  21.099 0.0000000000
43747  39.728  -15.692  20.845 0.0000000000
31874  15.245  -33.603  30.317 0.0000000000
31200  14.891  -34.532  32.404 0.0000000000
33789  21.436  -29.574  33.626 0.0000000000
33841  20.082  -30.205  28.717 0.0000000000
31923  20.503  -33.755  26.919 0.0000000000
31924  19.879  -33.960  26.860 0.0000000000
35930  25.986  -27.283  26.190 0.0000000000
41799  36.524  -18.316  24.557 0.0000000000
80899  41.469  -16.697  21.821 0.0000000000
85253  13.209  -31.725  37.638 0.0000000000
32462  13.334  -32.049  37.221 0.0000000000
86931  12.779  -34.251  34.146 0.0000000000
37271  29.766  -26.004  31.714 0.0000000000
75751  27.602  -26.170  31.108 0.0000000000
35910  25.270  -27.292  28.566 0.0000000000
33855  25.517  -29.960  28.243 0.0000000000
32480  22.772  -31.848  33.998 0.0000000000
75295  23.393  -32.554  32.910 0.0000000000
32517  24.688  -32.914  31.604 0.0000000000
32542  25.630  -32.589  29.541 0.0000000000
31932  24.410  -33.666  25.751 0.0000000000
31931  24.924  -33.197  25.193 0.0000000000
31940  25.074  -33.569  24.140 0.0000000000
37314  30.914  -24.817  27.243 0.0000000000
38533  36.284  -23.658  29.762 0.0000000000
84257  15.509  -33.423  29.629 0.0000000000
31898  15.507  -32.872  28.908 0.0000000000
32520  14.276  -32.411  30.955 0.0000000000
87885  20.639  -28.714  31.105 0.0000000000
34534  19.836  -29.595  29.310 0.0000000000
41797  38.339  -18.527  24.835 0.0000000000
40475  34.048  -20.370  29.386 0.0000000000
41103  34.590  -19.649  29.011 0.0000000000
41727  37.612  -19.194  28.159 0.0000000000
89380  13.728  -28.572  33.537 0.0000000000
31833  12.630  -33.186  38.166 0.0000000000
29221  11.847  -37.088  34.100 0.0000000000
29223  11.003  -36.879  34.970 0.0000000000
35189  27.491  -28.270  33.347 0.0000000000
33839  25.750  -30.040  29.234 0.0000000000
33854  26.020  -30.881  28.776 0.0000000000
89086  22.654  -32.790  30.539 0.0000000000
31873  23.192  -33.141  30.212 0.0000000000
31882  23.768  -33.417  29.796 0.0000000000
31881  24.332  -33.390  29.349 0.0000000000
46289  44.713  -11.509  22.141 0.0000000000
46275  43.317  -11.935  22.574 0.0000000000
46272  45.602  -11.758  22.276 0.0000000000
33144  22.203  -31.075  33.225 0.0000000000
75205  21.936  -31.953  31.174 0.0000000000
33826  21.366  -30.583  30.972 0.0000000000
32553  21.534  -32.426  28.323 0.0000000000
89548  21.673  -34.492  26.434 0.0000000000
37318  27.476  -25.326  27.714 0.0000000000
42486  38.164  -17.229  21.581 0.0000000000
43148  39.500  -16.542  21.161 0.0000000000
88058  42.336  -14.721  21.801 0.0000000000
34537  16.278  -28.913  28.982 0.0000000000
34538  15.535  -29.457  29.259 0.0000000000
35216  15.439  -28.203  30.253 0.0000000000
35886  15.699  -27.496  30.608 0.0000000000
78792  14.595  -27.883  31.654 0.0000000000
36508  16.118  -26.019  32.222 0.0000000000
36500  15.312  -26.201  33.400 0.0000000000
36510  14.861  -26.778  32.926 0.0000000000
35200  20.325  -28.170  31.228 0.0000000000
35214  18.803  -28.169  30.466 0.0000000000
76038  35.044  -18.294  25.045 0.0000000000
33844  15.208  -30.430  29.357 0.0000000000
76302  14.717  -30.843  30.147 0.0000000000
32507  14.016  -32.441  31.825 0.0000000000
84072  13.565  -31.587  35.731 0.0000000000
32472  13.547  -32.108  35.371 0.0000000000
75185  13.014  -32.654  37.436 0.0000000000
76243  13.117  -33.992  34.048 0.0000000000
74584  8.837  -37.996  36.154 0.0000000000
28060  8.603  -39.302  35.507 0.0000000000
27528  8.212  -40.139  35.158 0.0000000000
28039  7.755  -38.848  36.078 0.0000000000
37278  32.275  -25.507  31.112 0.0000000000
36512  28.855  -26.176  31.928 0.0000000000
36520  28.178  -25.804  30.644 0.0000000000
37283  27.969  -25.571  29.820 0.0000000000
37292  27.794  -25.396  29.093 0.0000000000
36549  26.882  -25.757  27.092 0.0000000000
35243  25.033  -28.208  28.490 0.0000000000
35250  25.086  -28.430  27.525 0.0000000000
34592  26.596  -29.630  25.241 0.0000000000
34603  27.138  -30.038  24.588 0.0000000000
33905  27.080  -30.817  24.103 0.0000000000
33787  26.979  -30.680  33.515 0.0000000000
32466  23.450  -31.726  35.955 0.0000000000
32470  23.946  -32.129  35.369 0.0000000000
32477  24.609  -32.196  34.824 0.0000000000
32476  25.409  -32.058  34.817 0.0000000000
80144  26.323  -31.784  34.037 0.0000000000
33186  26.355  -31.653  29.860 0.0000000000
82305  25.473  -32.703  28.135 0.0000000000
32583  26.029  -32.117  24.967 0.0000000000
86421  43.972  -12.792  22.923 0.0000000000
33213  16.094  -31.622  27.586 0.0000000000
