#!ascii label  , from subject sub-01 vox2ras=TkReg
1088
24692  12.852  -46.107  36.317 0.0000000000
39175  42.508  -22.482  25.428 0.0000000000
28096  27.330  -40.049  32.016 0.0000000000
28636  34.841  -38.438  33.697 0.0000000000
88069  20.969  -38.196  33.074 0.0000000000
76062  18.220  -42.991  40.239 0.0000000000
84102  46.887  -15.877  21.469 0.0000000000
41140  49.005  -19.776  26.134 0.0000000000
33851  33.435  -30.516  28.637 0.0000000000
46324  50.131  -11.446  18.000 0.0000000000
27498  27.635  -40.882  37.466 0.0000000000
25326  15.905  -44.921  38.412 0.0000000000
42441  46.626  -18.800  23.077 0.0000000000
41755  44.343  -18.627  27.205 0.0000000000
37327  42.865  -25.723  26.001 0.0000000000
37949  46.278  -24.547  27.442 0.0000000000
35935  38.790  -26.864  25.474 0.0000000000
29986  31.248  -36.042  28.775 0.0000000000
27023  31.623  -40.873  30.842 0.0000000000
27501  23.624  -41.400  37.898 0.0000000000
26328  21.749  -43.102  41.952 0.0000000000
28585  20.260  -38.416  37.805 0.0000000000
27524  17.325  -39.678  35.933 0.0000000000
28100  23.503  -39.793  32.208 0.0000000000
43751  53.252  -15.871  21.008 0.0000000000
42496  49.166  -16.633  20.949 0.0000000000
39852  45.625  -20.679  28.860 0.0000000000
34545  37.075  -29.132  28.549 0.0000000000
31861  32.837  -33.695  31.626 0.0000000000
45638  49.221  -12.927  21.132 0.0000000000
45684  53.237  -13.156  16.671 0.0000000000
47118  56.081  -9.972  15.479 0.0000000000
26918  26.906  -42.364  40.007 0.0000000000
24690  14.377  -45.278  36.690 0.0000000000
86487  13.850  -46.952  40.379 0.0000000000
74156  11.926  -46.374  40.054 0.0000000000
41791  43.989  -18.406  25.240 0.0000000000
36547  41.851  -26.892  27.122 0.0000000000
36544  44.408  -26.262  28.046 0.0000000000
23968  6.986  -46.335  38.005 0.0000000000
37359  39.362  -25.125  23.376 0.0000000000
28681  27.163  -39.075  29.194 0.0000000000
28666  29.704  -39.194  29.635 0.0000000000
27567  29.867  -40.620  31.504 0.0000000000
28610  22.458  -39.235  35.149 0.0000000000
28018  21.742  -39.369  37.716 0.0000000000
28612  20.755  -37.840  35.785 0.0000000000
28646  22.140  -39.043  32.344 0.0000000000
28073  23.908  -40.664  34.875 0.0000000000
26338  19.983  -42.735  41.477 0.0000000000
43728  49.978  -15.649  22.581 0.0000000000
43155  52.546  -16.442  21.278 0.0000000000
42482  48.438  -16.254  21.347 0.0000000000
79886  48.176  -19.227  25.442 0.0000000000
41820  47.290  -19.197  22.453 0.0000000000
39871  42.251  -21.226  26.711 0.0000000000
40484  43.470  -20.215  29.169 0.0000000000
39159  43.974  -21.746  27.196 0.0000000000
34562  34.163  -29.473  27.192 0.0000000000
34574  35.922  -28.864  26.957 0.0000000000
34547  35.553  -29.602  28.527 0.0000000000
77682  32.295  -37.104  31.013 0.0000000000
31210  31.675  -34.733  30.228 0.0000000000
30603  33.517  -35.793  32.551 0.0000000000
43731  45.158  -15.758  21.822 0.0000000000
44363  47.274  -13.939  22.188 0.0000000000
44362  48.303  -14.315  21.978 0.0000000000
44389  51.175  -14.618  20.869 0.0000000000
47850  54.782  -9.135  16.051 0.0000000000
83202  52.730  -10.935  16.656 0.0000000000
46368  54.269  -11.970  16.490 0.0000000000
45670  51.357  -12.732  17.823 0.0000000000
28069  27.320  -39.955  34.689 0.0000000000
27537  29.469  -40.653  34.937 0.0000000000
88712  29.183  -41.321  36.985 0.0000000000
25318  16.996  -44.160  39.264 0.0000000000
24639  17.351  -46.487  40.208 0.0000000000
23933  15.726  -47.275  40.523 0.0000000000
42461  45.147  -17.206  22.310 0.0000000000
42459  46.241  -17.509  21.543 0.0000000000
42432  45.546  -18.425  24.057 0.0000000000
87130  46.249  -18.753  25.770 0.0000000000
41735  46.635  -18.978  27.947 0.0000000000
37959  43.018  -24.265  25.122 0.0000000000
38551  44.578  -23.381  26.197 0.0000000000
37325  44.481  -25.318  26.675 0.0000000000
33204  31.337  -31.485  27.740 0.0000000000
81715  35.537  -36.918  35.371 0.0000000000
24712  10.952  -45.932  35.223 0.0000000000
74829  10.118  -46.449  39.091 0.0000000000
74810  7.802  -46.438  39.088 0.0000000000
38568  41.019  -23.024  23.979 0.0000000000
37348  41.257  -25.009  24.178 0.0000000000
75414  40.625  -26.559  25.683 0.0000000000
35926  39.969  -27.256  26.798 0.0000000000
29285  30.106  -37.476  27.598 0.0000000000
28664  31.565  -38.430  29.939 0.0000000000
28105  34.166  -40.052  32.129 0.0000000000
26986  31.748  -41.630  34.581 0.0000000000
26984  33.272  -41.234  34.696 0.0000000000
26920  25.255  -42.138  40.281 0.0000000000
25827  24.099  -43.786  42.088 0.0000000000
27469  23.068  -41.111  40.175 0.0000000000
27993  20.644  -39.887  40.034 0.0000000000
27998  19.112  -39.985  39.269 0.0000000000
29937  18.778  -36.576  35.495 0.0000000000
28019  18.780  -39.076  37.683 0.0000000000
26949  17.710  -41.141  37.722 0.0000000000
26380  17.006  -41.941  36.647 0.0000000000
25867  15.434  -43.238  35.618 0.0000000000
25870  14.060  -43.672  34.560 0.0000000000
28668  25.738  -39.188  29.794 0.0000000000
28670  23.922  -39.030  29.931 0.0000000000
28110  25.602  -39.803  31.556 0.0000000000
78553  25.605  -40.872  35.081 0.0000000000
78646  25.877  -41.477  37.795 0.0000000000
88283  50.624  -16.719  18.092 0.0000000000
42458  46.943  -17.178  20.991 0.0000000000
41725  43.095  -19.343  28.387 0.0000000000
41099  44.723  -19.666  29.262 0.0000000000
41097  47.277  -19.975  29.279 0.0000000000
39157  45.916  -22.347  27.541 0.0000000000
75880  48.432  -21.901  28.683 0.0000000000
35937  36.445  -27.471  25.221 0.0000000000
35920  37.842  -27.883  26.974 0.0000000000
35240  39.040  -28.027  28.669 0.0000000000
31891  31.426  -33.211  28.949 0.0000000000
33174  32.705  -31.826  30.438 0.0000000000
31189  34.829  -34.384  33.245 0.0000000000
32512  34.123  -32.102  32.068 0.0000000000
33172  34.759  -31.157  30.946 0.0000000000
33820  36.621  -30.571  30.793 0.0000000000
34516  38.441  -29.623  30.814 0.0000000000
45660  49.868  -12.375  19.701 0.0000000000
44986  51.212  -13.851  19.085 0.0000000000
44408  52.568  -14.957  18.124 0.0000000000
25833  27.589  -43.454  40.667 0.0000000000
24691  13.671  -45.775  36.705 0.0000000000
81977  13.094  -46.426  38.942 0.0000000000
23962  12.364  -46.386  38.624 0.0000000000
35915  42.094  -27.069  28.049 0.0000000000
88734  42.921  -26.952  28.554 0.0000000000
24696  6.593  -46.009  35.937 0.0000000000
28120  27.581  -39.562  30.663 0.0000000000
74917  28.395  -39.682  30.692 0.0000000000
28109  28.436  -39.997  31.428 0.0000000000
28638  21.411  -38.458  33.571 0.0000000000
28611  21.418  -38.483  35.221 0.0000000000
88470  20.589  -37.725  34.318 0.0000000000
28657  21.428  -38.722  31.903 0.0000000000
28647  21.499  -38.614  32.768 0.0000000000
28637  22.236  -38.995  33.337 0.0000000000
25842  18.797  -43.378  40.921 0.0000000000
25839  18.548  -44.173  40.943 0.0000000000
82015  47.964  -15.593  21.654 0.0000000000
43123  49.940  -16.054  22.519 0.0000000000
43125  47.565  -16.278  21.309 0.0000000000
41768  48.487  -19.425  26.233 0.0000000000
41805  48.748  -19.400  24.371 0.0000000000
39168  42.821  -21.957  26.122 0.0000000000
39870  43.109  -21.454  27.017 0.0000000000
39167  43.588  -22.249  26.432 0.0000000000
34564  32.796  -29.888  27.112 0.0000000000
34563  33.487  -29.763  27.397 0.0000000000
74610  34.855  -29.520  27.805 0.0000000000
33850  34.259  -30.321  28.900 0.0000000000
28645  34.109  -38.029  32.254 0.0000000000
29966  33.099  -36.402  32.133 0.0000000000
29228  34.426  -37.141  33.109 0.0000000000
82532  45.975  -15.755  21.684 0.0000000000
43730  46.619  -14.886  21.916 0.0000000000
43729  47.635  -14.931  21.867 0.0000000000
81053  48.712  -15.177  21.916 0.0000000000
46370  51.828  -10.874  16.689 0.0000000000
46343  52.492  -11.848  17.025 0.0000000000
45671  50.834  -11.757  17.786 0.0000000000
84034  28.019  -39.927  36.066 0.0000000000
28047  28.418  -40.048  35.536 0.0000000000
27497  28.508  -40.880  37.102 0.0000000000
25325  16.417  -44.215  38.500 0.0000000000
24649  16.758  -45.991  39.718 0.0000000000
75036  15.246  -46.908  39.989 0.0000000000
79164  12.997  -47.313  41.854 0.0000000000
23909  14.227  -47.702  42.313 0.0000000000
42445  43.995  -17.638  23.179 0.0000000000
42443  45.258  -17.881  22.923 0.0000000000
77489  44.674  -18.070  23.592 0.0000000000
41772  44.117  -18.483  26.226 0.0000000000
42426  44.641  -18.457  25.602 0.0000000000
41754  45.268  -18.713  27.269 0.0000000000
41753  46.205  -18.875  27.254 0.0000000000
37340  42.499  -25.071  25.170 0.0000000000
37339  43.296  -24.906  25.735 0.0000000000
37326  43.637  -25.488  26.417 0.0000000000
42462  44.125  -17.064  22.582 0.0000000000
24005  9.819  -46.281  36.764 0.0000000000
24693  8.973  -46.077  36.421 0.0000000000
38575  40.503  -23.453  23.167 0.0000000000
38574  41.200  -23.789  23.490 0.0000000000
37972  40.453  -24.475  23.090 0.0000000000
36587  38.525  -26.378  24.609 0.0000000000
37350  39.783  -25.703  24.080 0.0000000000
36569  39.757  -26.702  25.521 0.0000000000
36558  40.082  -26.946  26.146 0.0000000000
35927  39.381  -27.132  26.238 0.0000000000
29286  29.034  -37.987  26.744 0.0000000000
28118  30.686  -39.672  30.204 0.0000000000
28665  30.671  -39.011  29.718 0.0000000000
28117  31.514  -39.317  30.097 0.0000000000
28107  33.022  -39.211  30.843 0.0000000000
27565  32.999  -40.894  31.336 0.0000000000
26958  30.528  -41.352  36.009 0.0000000000
26987  30.763  -41.280  34.604 0.0000000000
87654  31.254  -41.679  36.072 0.0000000000
26970  33.099  -41.508  35.570 0.0000000000
88760  34.367  -40.580  34.812 0.0000000000
27478  24.127  -41.511  39.289 0.0000000000
27468  23.932  -41.422  40.037 0.0000000000
27479  23.271  -40.989  39.542 0.0000000000
28576  20.943  -38.878  37.902 0.0000000000
77475  20.936  -39.605  39.378 0.0000000000
27996  20.176  -39.406  39.520 0.0000000000
27994  19.912  -39.872  40.056 0.0000000000
89233  19.575  -38.924  38.487 0.0000000000
84969  18.965  -36.601  34.725 0.0000000000
29194  17.492  -37.425  35.907 0.0000000000
76763  18.232  -37.222  36.063 0.0000000000
85548  17.820  -39.412  36.552 0.0000000000
27503  18.157  -40.386  37.985 0.0000000000
82482  17.759  -40.511  37.290 0.0000000000
26371  17.296  -41.857  37.397 0.0000000000
27513  17.135  -40.625  35.866 0.0000000000
25868  14.812  -43.499  35.115 0.0000000000
81333  25.933  -38.659  28.514 0.0000000000
28712  24.582  -38.361  27.802 0.0000000000
28655  22.708  -39.174  30.928 0.0000000000
28124  23.585  -39.296  30.643 0.0000000000
28123  24.433  -39.366  30.558 0.0000000000
28099  24.939  -40.011  32.032 0.0000000000
28087  25.422  -40.444  33.366 0.0000000000
28088  24.558  -40.483  33.227 0.0000000000
78346  23.767  -41.373  36.593 0.0000000000
28033  24.452  -41.667  36.190 0.0000000000
27500  24.733  -41.734  37.691 0.0000000000
27477  25.738  -41.744  39.255 0.0000000000
26334  23.366  -42.969  41.809 0.0000000000
23927  8.795  -46.884  40.868 0.0000000000
23926  9.773  -46.864  40.907 0.0000000000
43165  53.364  -16.160  19.506 0.0000000000
43157  50.291  -16.714  20.827 0.0000000000
43180  51.394  -16.681  19.366 0.0000000000
43168  50.286  -16.797  19.751 0.0000000000
42517  49.303  -16.974  19.129 0.0000000000
42442  45.862  -18.342  22.867 0.0000000000
41821  46.486  -18.617  21.941 0.0000000000
41829  47.074  -17.913  20.601 0.0000000000
79259  44.051  -20.027  29.576 0.0000000000
40470  43.679  -19.958  29.408 0.0000000000
40469  45.253  -19.924  29.385 0.0000000000
41111  45.635  -19.714  29.153 0.0000000000
40482  46.161  -20.114  29.241 0.0000000000
38550  46.084  -23.907  26.826 0.0000000000
39165  45.450  -23.075  26.700 0.0000000000
38545  46.260  -23.274  27.302 0.0000000000
35938  35.522  -27.623  25.070 0.0000000000
34559  36.883  -28.827  27.810 0.0000000000
34560  36.651  -28.627  27.099 0.0000000000
35242  37.592  -28.661  28.120 0.0000000000
89069  38.599  -27.988  28.014 0.0000000000
35227  38.566  -28.577  29.091 0.0000000000
30634  30.865  -35.654  27.476 0.0000000000
30625  31.175  -35.502  28.326 0.0000000000
31862  32.299  -34.240  31.320 0.0000000000
31880  31.641  -33.775  29.675 0.0000000000
32528  32.020  -33.110  30.256 0.0000000000
32539  32.121  -32.246  29.991 0.0000000000
32527  32.484  -32.562  30.740 0.0000000000
30587  35.218  -35.874  34.501 0.0000000000
33154  34.968  -31.902  32.314 0.0000000000
33164  34.489  -31.607  31.604 0.0000000000
33163  35.454  -31.346  31.661 0.0000000000
33821  35.630  -30.774  30.713 0.0000000000
33809  36.219  -31.000  31.358 0.0000000000
44957  48.052  -13.349  22.106 0.0000000000
44988  49.870  -13.065  20.396 0.0000000000
44987  50.476  -13.267  19.552 0.0000000000
44376  52.338  -15.418  21.852 0.0000000000
44388  52.439  -15.103  20.473 0.0000000000
44387  53.249  -15.536  19.963 0.0000000000
44407  53.120  -15.722  18.329 0.0000000000
47849  55.361  -9.348  16.117 0.0000000000
45683  54.004  -12.812  16.410 0.0000000000
45006  53.915  -13.586  16.065 0.0000000000
45001  52.803  -14.027  16.910 0.0000000000
27486  27.293  -41.294  38.134 0.0000000000
26939  28.420  -41.781  38.471 0.0000000000
26928  28.059  -42.157  39.198 0.0000000000
24689  14.995  -45.052  37.066 0.0000000000
23947  14.498  -46.810  39.833 0.0000000000
23948  13.596  -46.605  39.554 0.0000000000
74061  12.945  -46.682  40.316 0.0000000000
23912  11.664  -47.218  42.101 0.0000000000
41773  43.459  -18.494  25.869 0.0000000000
41756  43.366  -18.728  26.862 0.0000000000
36555  42.366  -26.414  26.497 0.0000000000
36554  43.200  -26.200  26.808 0.0000000000
36546  42.655  -26.697  27.432 0.0000000000
36537  43.939  -26.738  28.782 0.0000000000
24694  8.089  -45.903  36.337 0.0000000000
24695  7.359  -45.931  36.091 0.0000000000
23988  5.845  -46.352  37.350 0.0000000000
37974  38.966  -24.459  22.841 0.0000000000
75032  37.824  -26.493  24.432 0.0000000000
77152  28.460  -38.625  28.137 0.0000000000
28667  28.748  -39.402  29.914 0.0000000000
79318  29.135  -39.653  30.242 0.0000000000
27566  30.801  -41.050  31.519 0.0000000000
28035  22.879  -39.780  36.811 0.0000000000
28017  22.600  -39.784  37.499 0.0000000000
28036  22.107  -39.254  36.845 0.0000000000
28600  21.366  -38.637  36.632 0.0000000000
29191  20.242  -37.334  36.287 0.0000000000
27525  16.769  -40.030  35.273 0.0000000000
88796  16.361  -38.888  35.181 0.0000000000
87872  22.061  -38.937  30.903 0.0000000000
28113  22.763  -39.391  31.827 0.0000000000
28089  23.686  -40.023  33.160 0.0000000000
28090  22.995  -39.526  33.496 0.0000000000
73752  23.384  -39.919  35.538 0.0000000000
26329  20.798  -42.876  41.723 0.0000000000
43742  52.473  -15.751  22.946 0.0000000000
43141  53.009  -16.104  21.876 0.0000000000
43116  51.792  -16.093  24.440 0.0000000000
89452  50.467  -16.328  22.627 0.0000000000
86489  49.390  -16.272  21.638 0.0000000000
42430  47.353  -18.869  24.231 0.0000000000
41807  47.157  -19.158  23.000 0.0000000000
41789  48.178  -19.059  24.532 0.0000000000
41806  48.178  -19.214  23.645 0.0000000000
40486  42.207  -20.007  28.546 0.0000000000
39863  42.485  -20.757  27.745 0.0000000000
39862  43.466  -20.904  28.152 0.0000000000
39861  44.401  -21.284  27.919 0.0000000000
38538  47.572  -24.019  28.617 0.0000000000
34588  33.993  -28.655  25.717 0.0000000000
35257  35.539  -28.700  26.359 0.0000000000
34575  35.036  -29.117  26.868 0.0000000000
34561  35.661  -29.202  27.647 0.0000000000
74169  36.449  -29.567  28.935 0.0000000000
29978  31.600  -36.320  30.155 0.0000000000
30619  31.522  -35.501  29.834 0.0000000000
29974  31.898  -36.380  30.943 0.0000000000
30609  32.004  -35.637  31.423 0.0000000000
31198  32.775  -34.574  31.867 0.0000000000
81796  45.674  -14.870  22.016 0.0000000000
44364  46.193  -13.969  22.254 0.0000000000
44970  48.938  -13.828  21.669 0.0000000000
44390  49.970  -13.982  21.131 0.0000000000
44378  49.831  -14.633  21.837 0.0000000000
43743  50.439  -15.315  22.544 0.0000000000
47106  53.132  -10.247  16.194 0.0000000000
81882  55.055  -10.939  16.181 0.0000000000
46366  55.565  -11.437  15.975 0.0000000000
46369  53.425  -11.975  16.778 0.0000000000
45669  52.267  -12.879  17.216 0.0000000000
76783  27.736  -39.982  32.844 0.0000000000
79486  28.403  -40.141  32.734 0.0000000000
28046  28.812  -40.275  35.030 0.0000000000
27509  29.789  -40.949  35.935 0.0000000000
26959  29.940  -41.468  36.581 0.0000000000
25847  17.619  -43.574  39.833 0.0000000000
89487  18.133  -45.166  40.252 0.0000000000
24644  17.579  -45.582  39.947 0.0000000000
23932  16.739  -46.642  40.109 0.0000000000
23934  14.692  -47.160  40.604 0.0000000000
23922  14.903  -47.568  41.441 0.0000000000
84067  45.984  -16.619  21.528 0.0000000000
42460  45.597  -17.419  22.079 0.0000000000
42431  46.493  -18.674  24.012 0.0000000000
42433  44.699  -18.366  24.665 0.0000000000
42425  45.463  -18.547  25.419 0.0000000000
42424  46.308  -18.686  24.940 0.0000000000
41769  46.929  -18.963  25.540 0.0000000000
75048  47.627  -19.143  26.181 0.0000000000
41751  48.091  -19.209  27.187 0.0000000000
82149  42.795  -23.141  25.206 0.0000000000
38552  43.902  -22.951  26.181 0.0000000000
38557  43.828  -23.553  25.873 0.0000000000
37957  44.447  -24.084  25.992 0.0000000000
37950  45.708  -24.538  26.691 0.0000000000
84073  43.994  -25.904  27.169 0.0000000000
37310  45.689  -25.560  27.712 0.0000000000
37309  46.385  -25.253  28.085 0.0000000000
33853  31.929  -31.114  28.062 0.0000000000
29215  35.314  -37.481  34.778 0.0000000000
43732  44.369  -15.761  21.985 0.0000000000
43127  44.701  -16.607  22.166 0.0000000000
43126  45.434  -16.562  21.839 0.0000000000
47093  50.085  -10.666  16.705 0.0000000000
46325  49.367  -11.088  18.284 0.0000000000
24711  11.812  -46.054  35.272 0.0000000000
84885  11.064  -46.458  38.045 0.0000000000
23983  10.465  -46.415  37.441 0.0000000000
23965  9.430  -46.422  38.531 0.0000000000
77083  8.096  -46.723  40.423 0.0000000000
23967  7.826  -46.337  38.188 0.0000000000
39176  41.819  -22.290  25.056 0.0000000000
39177  41.114  -22.299  24.673 0.0000000000
38559  42.212  -23.019  24.883 0.0000000000
38567  41.836  -23.587  24.311 0.0000000000
37964  42.330  -24.242  24.594 0.0000000000
37341  41.696  -25.500  24.922 0.0000000000
37358  40.148  -25.090  23.453 0.0000000000
36584  41.003  -25.804  24.753 0.0000000000
36568  41.291  -26.152  25.383 0.0000000000
36556  41.439  -26.598  26.243 0.0000000000
36548  41.177  -27.031  26.966 0.0000000000
35907  40.531  -27.522  28.343 0.0000000000
29271  30.649  -37.188  28.256 0.0000000000
29261  29.908  -38.570  29.007 0.0000000000
29260  30.786  -37.801  28.966 0.0000000000
29259  31.379  -37.046  29.566 0.0000000000
29243  32.150  -37.853  30.490 0.0000000000
82681  33.651  -38.625  31.488 0.0000000000
28644  34.550  -38.713  32.919 0.0000000000
78373  29.049  -40.423  33.146 0.0000000000
80094  30.685  -41.253  32.969 0.0000000000
27010  31.800  -41.712  32.303 0.0000000000
26971  32.049  -41.779  35.686 0.0000000000
26985  32.577  -41.567  34.976 0.0000000000
78638  32.737  -41.458  33.293 0.0000000000
27551  33.815  -40.664  33.257 0.0000000000
27534  34.780  -40.191  34.384 0.0000000000
28067  35.096  -39.224  34.215 0.0000000000
26343  25.608  -42.701  40.641 0.0000000000
26913  24.790  -42.538  40.813 0.0000000000
88828  23.850  -42.739  41.500 0.0000000000
26916  22.232  -41.989  41.064 0.0000000000
27480  22.425  -40.540  39.692 0.0000000000
27470  22.117  -40.851  40.213 0.0000000000
26917  21.399  -41.772  40.945 0.0000000000
76684  20.085  -41.206  40.670 0.0000000000
26926  19.391  -41.367  40.400 0.0000000000
27474  18.804  -41.433  39.988 0.0000000000
29217  19.613  -37.025  34.336 0.0000000000
29204  19.626  -36.787  35.387 0.0000000000
29192  19.791  -37.171  36.448 0.0000000000
29929  18.510  -36.808  35.938 0.0000000000
29193  19.080  -37.395  36.327 0.0000000000
28578  19.402  -38.718  37.971 0.0000000000
28007  19.184  -39.390  38.613 0.0000000000
26941  18.241  -41.120  38.649 0.0000000000
26933  18.078  -42.020  39.017 0.0000000000
26359  17.465  -42.523  38.665 0.0000000000
26360  16.924  -42.960  38.224 0.0000000000
85804  16.025  -44.245  37.860 0.0000000000
26961  16.897  -41.535  35.928 0.0000000000
26381  16.527  -42.422  36.134 0.0000000000
25865  15.675  -43.632  36.295 0.0000000000
25350  15.120  -44.003  35.786 0.0000000000
25351  14.387  -44.396  35.215 0.0000000000
25352  13.614  -44.987  35.122 0.0000000000
25362  12.967  -44.842  34.427 0.0000000000
24733  11.519  -45.564  34.621 0.0000000000
28696  26.854  -38.682  28.268 0.0000000000
28682  26.250  -38.945  29.110 0.0000000000
28121  26.825  -39.487  30.513 0.0000000000
28669  24.842  -39.166  29.837 0.0000000000
28122  25.391  -39.449  30.630 0.0000000000
74075  26.473  -39.970  31.853 0.0000000000
28086  26.329  -40.183  33.539 0.0000000000
28070  26.674  -40.116  34.328 0.0000000000
28031  26.414  -40.732  36.262 0.0000000000
28072  24.846  -40.911  34.587 0.0000000000
28050  25.832  -40.955  35.711 0.0000000000
27499  26.801  -41.166  37.607 0.0000000000
27476  26.331  -41.663  38.850 0.0000000000
26919  26.075  -42.236  40.163 0.0000000000
74155  10.881  -46.424  39.709 0.0000000000
23913  10.810  -47.151  41.742 0.0000000000
43166  52.630  -16.518  20.046 0.0000000000
42483  47.822  -16.870  20.856 0.0000000000
79376  46.707  -18.215  21.256 0.0000000000
42497  48.076  -16.993  20.262 0.0000000000
41738  42.849  -19.097  27.651 0.0000000000
75932  43.748  -18.898  28.047 0.0000000000
40485  42.947  -19.960  29.074 0.0000000000
41724  43.699  -19.333  28.756 0.0000000000
41723  44.316  -19.227  28.778 0.0000000000
41722  45.152  -19.239  28.711 0.0000000000
41721  46.925  -19.249  28.444 0.0000000000
41127  48.401  -19.389  28.031 0.0000000000
39166  44.406  -22.562  26.584 0.0000000000
39158  44.948  -21.994  27.223 0.0000000000
39152  46.337  -21.672  28.283 0.0000000000
39151  47.677  -23.071  28.675 0.0000000000
81820  47.318  -22.060  28.585 0.0000000000
39851  46.776  -20.939  28.755 0.0000000000
39838  47.712  -20.403  29.085 0.0000000000
84877  48.869  -20.139  28.554 0.0000000000
36572  36.853  -26.998  24.742 0.0000000000
36571  37.551  -26.949  24.958 0.0000000000
35256  36.280  -28.412  26.320 0.0000000000
35928  37.577  -27.637  26.185 0.0000000000
75415  38.466  -27.410  26.429 0.0000000000
35918  39.212  -27.445  27.058 0.0000000000
35908  39.676  -27.694  28.328 0.0000000000
35239  39.905  -27.802  29.129 0.0000000000
31224  31.281  -34.755  28.608 0.0000000000
33194  31.074  -31.959  28.075 0.0000000000
33852  32.155  -31.379  28.836 0.0000000000
33837  32.914  -31.068  29.155 0.0000000000
29950  35.014  -36.521  34.175 0.0000000000
30602  34.224  -35.176  32.915 0.0000000000
31197  33.415  -34.001  32.130 0.0000000000
31851  34.733  -33.582  32.949 0.0000000000
31860  33.355  -33.143  31.971 0.0000000000
32526  33.039  -32.099  31.159 0.0000000000
33173  33.447  -31.582  30.745 0.0000000000
33836  33.736  -30.818  29.440 0.0000000000
33835  34.569  -30.599  29.657 0.0000000000
34532  35.853  -29.939  29.375 0.0000000000
78277  36.555  -29.873  29.591 0.0000000000
33808  37.015  -30.855  31.645 0.0000000000
80085  37.616  -30.228  31.037 0.0000000000
75160  38.364  -29.154  29.795 0.0000000000
35226  39.319  -28.424  29.713 0.0000000000
46313  49.103  -11.186  19.158 0.0000000000
46312  49.831  -11.742  18.912 0.0000000000
45667  50.567  -12.159  18.382 0.0000000000
44996  50.858  -13.063  18.648 0.0000000000
44995  51.634  -13.909  18.324 0.0000000000
44399  51.300  -14.213  19.901 0.0000000000
45002  52.218  -13.860  17.546 0.0000000000
87516  52.612  -14.721  17.317 0.0000000000
26330  26.860  -43.398  40.834 0.0000000000
23981  12.660  -46.315  37.772 0.0000000000
24002  12.194  -46.364  36.979 0.0000000000
35906  41.619  -27.412  28.848 0.0000000000
87760  42.289  -27.225  28.737 0.0000000000
74418  27.811  -39.815  31.357 0.0000000000
28095  28.082  -40.086  32.072 0.0000000000
28625  21.105  -38.227  34.332 0.0000000000
28639  20.767  -37.957  33.679 0.0000000000
43124  48.838  -15.814  21.825 0.0000000000
41788  48.749  -19.546  25.234 0.0000000000
33867  33.093  -30.180  27.889 0.0000000000
34548  33.984  -29.901  28.071 0.0000000000
76740  34.558  -37.818  33.065 0.0000000000
29234  34.169  -37.303  32.630 0.0000000000
46345  50.518  -11.147  17.298 0.0000000000
46344  51.458  -11.630  17.274 0.0000000000
27511  27.907  -40.348  36.750 0.0000000000
24660  16.199  -45.715  39.155 0.0000000000
24661  15.502  -45.667  38.663 0.0000000000
42434  43.833  -18.221  24.124 0.0000000000
41771  44.936  -18.545  26.385 0.0000000000
41737  44.725  -18.849  28.077 0.0000000000
24713  9.469  -45.841  35.561 0.0000000000
38576  39.639  -23.260  23.056 0.0000000000
38585  39.986  -23.803  22.707 0.0000000000
37983  40.647  -23.978  22.921 0.0000000000
37984  40.113  -24.130  22.725 0.0000000000
36586  39.347  -26.304  24.761 0.0000000000
27574  30.684  -40.424  30.812 0.0000000000
85038  31.365  -40.083  30.324 0.0000000000
28116  32.272  -39.983  30.288 0.0000000000
27573  32.509  -40.751  30.861 0.0000000000
86833  30.860  -41.891  36.539 0.0000000000
27489  24.339  -41.654  38.473 0.0000000000
27490  23.431  -41.154  38.716 0.0000000000
28005  20.408  -39.007  38.678 0.0000000000
28006  19.789  -39.080  38.907 0.0000000000
28577  19.852  -38.629  38.293 0.0000000000
28055  17.637  -38.649  36.100 0.0000000000
27512  17.598  -40.188  36.605 0.0000000000
26960  17.341  -41.132  36.757 0.0000000000
28112  23.452  -39.540  31.395 0.0000000000
75887  24.150  -39.846  31.726 0.0000000000
88108  24.070  -39.588  31.088 0.0000000000
74146  25.005  -40.322  32.713 0.0000000000
74739  24.274  -40.178  32.481 0.0000000000
80621  23.840  -41.660  37.251 0.0000000000
26327  22.696  -43.350  42.114 0.0000000000
23315  8.408  -47.350  41.876 0.0000000000
43757  53.556  -15.921  19.860 0.0000000000
43154  53.344  -16.068  20.616 0.0000000000
42508  49.228  -16.840  20.066 0.0000000000
40483  44.875  -20.057  29.434 0.0000000000
38544  46.644  -23.943  27.835 0.0000000000
89057  34.952  -28.126  25.331 0.0000000000
34544  37.876  -28.937  28.880 0.0000000000
29987  31.023  -36.313  28.183 0.0000000000
31870  31.883  -33.995  30.638 0.0000000000
31869  32.379  -33.394  31.014 0.0000000000
32499  35.551  -32.325  32.994 0.0000000000
33162  36.389  -31.329  32.079 0.0000000000
45639  48.485  -12.705  21.714 0.0000000000
47103  55.812  -9.713  15.968 0.0000000000
47865  56.180  -8.900  15.149 0.0000000000
47135  56.134  -10.050  14.491 0.0000000000
27475  26.947  -41.639  38.762 0.0000000000
26940  27.670  -41.633  38.640 0.0000000000
26929  27.287  -42.031  39.306 0.0000000000
24675  14.359  -45.702  37.591 0.0000000000
24662  14.779  -45.992  38.525 0.0000000000
84137  13.834  -46.297  38.543 0.0000000000
23949  12.616  -46.422  39.510 0.0000000000
74728  12.134  -46.740  40.806 0.0000000000
84249  12.297  -47.069  41.581 0.0000000000
24009  6.136  -46.195  36.685 0.0000000000
89291  5.288  -46.496  37.638 0.0000000000
28695  27.820  -38.935  28.602 0.0000000000
28680  28.110  -39.211  29.399 0.0000000000
28108  29.158  -40.103  30.948 0.0000000000
27575  30.002  -40.122  30.707 0.0000000000
28053  22.731  -39.492  36.112 0.0000000000
28054  21.935  -38.869  35.998 0.0000000000
28626  20.679  -37.814  35.002 0.0000000000
74932  21.271  -38.341  36.032 0.0000000000
28601  20.716  -38.043  36.500 0.0000000000
29203  20.259  -37.184  35.608 0.0000000000
79389  21.456  -38.686  30.986 0.0000000000
28656  22.074  -39.011  31.472 0.0000000000
28101  22.869  -39.472  32.727 0.0000000000
28074  22.724  -39.331  34.188 0.0000000000
28034  23.392  -40.302  36.372 0.0000000000
25832  20.155  -43.439  41.942 0.0000000000
43727  51.137  -15.689  23.632 0.0000000000
43726  52.209  -15.776  24.074 0.0000000000
41790  47.609  -19.021  25.109 0.0000000000
42429  47.596  -18.978  23.760 0.0000000000
39864  41.639  -20.556  27.444 0.0000000000
75580  42.009  -20.256  28.220 0.0000000000
34576  34.143  -29.051  26.375 0.0000000000
80044  34.741  -29.880  28.495 0.0000000000
34546  36.312  -29.190  28.176 0.0000000000
30604  32.652  -35.552  32.029 0.0000000000
44361  49.343  -14.878  22.021 0.0000000000
86786  51.682  -15.460  23.004 0.0000000000
80234  54.236  -10.793  16.319 0.0000000000
85166  53.551  -11.123  16.571 0.0000000000
28085  27.355  -39.958  33.782 0.0000000000
28084  28.297  -39.985  33.570 0.0000000000
28068  28.150  -39.921  34.618 0.0000000000
27496  29.202  -40.871  36.402 0.0000000000
27523  29.146  -40.524  35.691 0.0000000000
25317  17.623  -44.491  39.961 0.0000000000
77498  17.006  -45.168  39.508 0.0000000000
23946  16.051  -46.607  39.727 0.0000000000
23921  15.744  -47.749  41.292 0.0000000000
23935  13.984  -47.279  41.222 0.0000000000
74603  46.672  -18.941  26.423 0.0000000000
41752  47.154  -19.035  27.214 0.0000000000
38558  43.250  -23.624  25.331 0.0000000000
37958  43.668  -24.187  25.654 0.0000000000
37951  44.019  -24.728  26.200 0.0000000000
81226  44.948  -24.653  26.334 0.0000000000
37311  44.894  -25.749  27.394 0.0000000000
37298  47.394  -25.764  28.519 0.0000000000
33869  31.676  -30.827  27.308 0.0000000000
79518  43.880  -16.465  22.234 0.0000000000
42444  44.655  -17.469  22.724 0.0000000000
46346  49.674  -10.905  17.425 0.0000000000
24023  11.231  -46.282  35.897 0.0000000000
24004  10.759  -46.356  36.619 0.0000000000
23985  8.787  -46.341  37.936 0.0000000000
23984  9.632  -46.375  37.692 0.0000000000
23966  8.580  -46.405  38.765 0.0000000000
23952  8.432  -46.466  39.426 0.0000000000
74322  7.901  -46.537  39.824 0.0000000000
24007  7.445  -46.054  36.875 0.0000000000
23986  7.432  -46.206  37.537 0.0000000000
39881  42.008  -21.755  25.808 0.0000000000
39882  41.185  -21.685  25.426 0.0000000000
76508  40.512  -22.348  24.285 0.0000000000
86631  41.619  -22.848  24.560 0.0000000000
37971  41.069  -24.314  23.423 0.0000000000
37965  41.637  -24.266  24.037 0.0000000000
37347  41.919  -24.808  24.544 0.0000000000
37973  39.777  -24.541  22.926 0.0000000000
36585  40.288  -26.185  24.841 0.0000000000
89234  40.816  -26.217  25.155 0.0000000000
36557  40.655  -26.971  26.512 0.0000000000
89079  40.589  -27.287  27.311 0.0000000000
29996  30.132  -37.011  26.859 0.0000000000
29284  30.606  -36.659  27.501 0.0000000000
28679  29.051  -39.004  29.231 0.0000000000
28693  29.196  -38.537  28.549 0.0000000000
87568  31.081  -39.086  29.918 0.0000000000
28678  30.506  -38.606  29.321 0.0000000000
29251  31.246  -38.049  29.555 0.0000000000
29244  31.742  -37.268  30.281 0.0000000000
28106  33.792  -39.684  31.428 0.0000000000
28653  34.241  -39.144  32.125 0.0000000000
28094  34.427  -39.634  32.850 0.0000000000
27538  28.911  -40.266  34.227 0.0000000000
27553  29.631  -40.643  33.962 0.0000000000
27552  30.372  -41.042  33.805 0.0000000000
27004  31.167  -41.416  33.687 0.0000000000
84464  31.349  -41.546  32.878 0.0000000000
27002  32.612  -41.499  34.114 0.0000000000
27001  33.278  -41.118  33.746 0.0000000000
27008  33.243  -41.154  32.838 0.0000000000
27535  33.980  -40.676  34.285 0.0000000000
79262  34.813  -39.752  33.929 0.0000000000
26332  25.086  -43.179  41.126 0.0000000000
26922  23.610  -41.770  40.597 0.0000000000
26914  24.077  -42.338  41.037 0.0000000000
26915  23.252  -42.274  41.216 0.0000000000
26923  22.718  -41.521  40.658 0.0000000000
28003  22.227  -39.828  38.340 0.0000000000
27481  21.528  -40.162  39.867 0.0000000000
27471  21.198  -40.569  40.328 0.0000000000
26924  21.767  -41.286  40.627 0.0000000000
26925  20.874  -41.187  40.654 0.0000000000
27472  20.357  -40.453  40.378 0.0000000000
27482  19.372  -40.194  39.822 0.0000000000
27473  19.695  -40.575  40.264 0.0000000000
89404  19.189  -40.805  40.029 0.0000000000
77767  19.925  -36.813  36.058 0.0000000000
29928  19.362  -36.801  36.015 0.0000000000
29938  17.863  -36.397  35.532 0.0000000000
29930  17.606  -36.695  35.862 0.0000000000
28037  18.372  -37.980  36.325 0.0000000000
28587  19.135  -38.298  37.019 0.0000000000
79170  17.659  -41.844  38.226 0.0000000000
26372  16.798  -42.618  37.243 0.0000000000
25860  16.408  -43.538  37.745 0.0000000000
26386  15.833  -42.453  35.424 0.0000000000
26385  16.388  -41.834  35.457 0.0000000000
26382  15.975  -43.014  36.002 0.0000000000
79186  15.344  -44.334  36.648 0.0000000000
24708  14.068  -45.168  35.909 0.0000000000
25377  12.502  -44.435  33.830 0.0000000000
25363  12.073  -45.038  34.126 0.0000000000
28129  26.577  -39.242  29.821 0.0000000000
86783  26.149  -39.400  30.357 0.0000000000
28684  24.299  -38.818  29.167 0.0000000000
74298  26.245  -39.635  31.019 0.0000000000
28097  26.852  -40.131  32.779 0.0000000000
28098  25.813  -40.170  32.550 0.0000000000
28071  25.787  -40.520  34.304 0.0000000000
28049  26.586  -40.326  35.254 0.0000000000
76902  23.502  -39.904  34.083 0.0000000000
74611  24.215  -40.515  33.961 0.0000000000
28014  25.465  -41.615  37.156 0.0000000000
28032  25.486  -41.415  36.379 0.0000000000
28013  26.226  -41.197  37.019 0.0000000000
27487  26.544  -41.431  38.290 0.0000000000
26931  25.698  -41.879  39.840 0.0000000000
25836  24.576  -43.533  41.653 0.0000000000
24638  18.124  -45.769  40.217 0.0000000000
23919  17.565  -46.778  40.388 0.0000000000
86791  10.938  -46.425  38.844 0.0000000000
74154  9.993  -46.457  39.756 0.0000000000
79174  9.282  -47.520  42.457 0.0000000000
84943  10.122  -47.076  41.470 0.0000000000
23914  10.095  -47.347  42.133 0.0000000000
23299  10.945  -47.473  42.581 0.0000000000
23285  10.127  -47.974  43.660 0.0000000000
43142  52.304  -16.418  22.625 0.0000000000
42509  48.386  -17.203  19.486 0.0000000000
41726  42.352  -19.463  28.024 0.0000000000
40496  42.682  -20.279  28.636 0.0000000000
41112  43.984  -19.656  29.283 0.0000000000
41110  46.648  -19.696  29.009 0.0000000000
41109  47.617  -19.548  28.765 0.0000000000
39860  45.274  -21.356  28.102 0.0000000000
39150  48.135  -22.500  28.773 0.0000000000
39850  47.740  -21.282  28.844 0.0000000000
39839  47.183  -20.395  29.024 0.0000000000
39849  48.288  -21.040  28.854 0.0000000000
35945  35.987  -26.973  24.434 0.0000000000
35936  37.216  -27.361  25.454 0.0000000000
35265  35.570  -28.299  25.763 0.0000000000
35249  37.365  -28.414  27.386 0.0000000000
35255  37.111  -28.171  26.638 0.0000000000
35919  38.535  -27.726  27.364 0.0000000000
35909  39.142  -27.718  27.849 0.0000000000
30624  31.349  -35.453  29.062 0.0000000000
31216  31.470  -34.699  29.379 0.0000000000
82753  31.377  -33.961  28.824 0.0000000000
31892  31.100  -33.267  28.205 0.0000000000
32550  30.911  -32.435  27.839 0.0000000000
32549  31.295  -32.420  28.620 0.0000000000
33185  31.747  -31.959  29.237 0.0000000000
33184  32.421  -31.604  29.634 0.0000000000
88963  35.227  -36.953  34.647 0.0000000000
79677  34.877  -35.122  33.577 0.0000000000
88202  34.503  -35.565  33.328 0.0000000000
31196  34.123  -34.258  32.617 0.0000000000
32500  34.656  -32.696  32.616 0.0000000000
32501  33.897  -32.718  32.174 0.0000000000
31852  34.026  -33.394  32.395 0.0000000000
32513  33.461  -32.417  31.743 0.0000000000
86647  34.093  -31.451  31.017 0.0000000000
33823  34.101  -31.119  30.289 0.0000000000
33822  34.877  -30.788  30.307 0.0000000000
33834  35.368  -30.410  29.875 0.0000000000
33833  36.158  -30.228  30.092 0.0000000000
33832  37.012  -30.055  30.161 0.0000000000
33796  37.241  -31.280  32.490 0.0000000000
33807  38.005  -30.644  32.155 0.0000000000
33819  38.452  -30.036  31.603 0.0000000000
34517  37.754  -29.729  30.226 0.0000000000
75033  39.226  -29.109  30.601 0.0000000000
44958  46.628  -13.124  22.344 0.0000000000
78313  49.357  -11.673  19.785 0.0000000000
45659  50.282  -12.518  19.015 0.0000000000
44398  52.277  -14.747  19.252 0.0000000000
44414  52.805  -15.401  17.584 0.0000000000
47857  54.645  -8.715  15.875 0.0000000000
48516  55.162  -8.016  15.962 0.0000000000
46367  55.006  -11.814  16.200 0.0000000000
26341  27.307  -42.937  40.413 0.0000000000
24676  13.451  -46.112  37.676 0.0000000000
23950  11.713  -46.380  39.254 0.0000000000
28128  27.381  -39.342  29.962 0.0000000000
28127  28.039  -39.432  30.150 0.0000000000
27560  28.872  -40.424  32.008 0.0000000000
28624  21.909  -38.766  34.292 0.0000000000
75717  19.378  -42.790  41.074 0.0000000000
25837  19.475  -43.430  41.502 0.0000000000
25838  19.049  -43.944  41.367 0.0000000000
25303  18.993  -44.520  41.153 0.0000000000
24637  18.795  -45.278  40.711 0.0000000000
43117  50.729  -16.000  23.585 0.0000000000
87471  33.463  -37.736  31.654 0.0000000000
29242  32.943  -37.069  31.568 0.0000000000
29235  33.627  -37.137  32.132 0.0000000000
29965  33.931  -36.605  32.691 0.0000000000
28048  27.675  -39.922  35.391 0.0000000000
27510  28.567  -40.362  36.263 0.0000000000
85470  16.510  -44.835  39.011 0.0000000000
23923  13.581  -47.409  41.803 0.0000000000
41770  45.802  -18.713  26.441 0.0000000000
41736  45.674  -18.904  28.014 0.0000000000
75827  10.233  -45.763  35.205 0.0000000000
24024  10.290  -46.158  35.888 0.0000000000
88324  9.628  -46.127  36.140 0.0000000000
81020  9.075  -46.263  37.210 0.0000000000
37351  38.927  -25.748  24.017 0.0000000000
89148  29.650  -37.621  27.031 0.0000000000
28119  29.851  -39.681  30.186 0.0000000000
28663  32.250  -38.781  30.339 0.0000000000
27572  33.128  -40.220  30.906 0.0000000000
27564  33.619  -40.512  31.634 0.0000000000
27522  30.166  -41.080  35.344 0.0000000000
27536  30.066  -40.943  34.553 0.0000000000
26972  31.075  -41.476  35.455 0.0000000000
26955  33.757  -41.596  36.107 0.0000000000
26969  33.976  -40.978  35.269 0.0000000000
27467  24.904  -41.736  39.764 0.0000000000
26921  24.425  -41.971  40.427 0.0000000000
28004  21.325  -39.415  38.559 0.0000000000
27997  19.592  -39.627  39.426 0.0000000000
28038  18.351  -38.862  36.808 0.0000000000
28020  18.107  -39.701  37.331 0.0000000000
28697  25.293  -38.525  28.208 0.0000000000
28683  25.280  -38.845  29.027 0.0000000000
28111  24.768  -39.651  31.262 0.0000000000
74825  24.947  -40.701  33.869 0.0000000000
28052  23.863  -41.030  35.837 0.0000000000
28015  24.629  -41.833  36.870 0.0000000000
27488  25.830  -41.624  38.553 0.0000000000
79231  25.210  -41.673  38.280 0.0000000000
74498  25.050  -41.683  38.943 0.0000000000
23938  9.450  -46.590  40.218 0.0000000000
23314  9.405  -47.176  41.608 0.0000000000
43156  51.404  -16.636  21.716 0.0000000000
43167  51.433  -16.699  20.481 0.0000000000
43181  50.288  -16.810  18.672 0.0000000000
41114  42.618  -19.776  28.588 0.0000000000
41100  44.344  -19.942  29.475 0.0000000000
41098  46.341  -19.960  29.329 0.0000000000
78403  45.345  -23.950  26.250 0.0000000000
86276  36.152  -27.958  25.656 0.0000000000
89363  36.289  -28.944  27.535 0.0000000000
35248  38.041  -28.182  27.713 0.0000000000
35241  38.285  -28.398  28.413 0.0000000000
31204  31.898  -34.866  31.021 0.0000000000
32540  31.697  -32.757  29.453 0.0000000000
29949  35.387  -36.306  34.990 0.0000000000
30586  35.649  -35.516  35.179 0.0000000000
30596  35.313  -35.247  34.341 0.0000000000
31188  35.480  -34.409  34.079 0.0000000000
81180  47.386  -13.054  22.262 0.0000000000
45650  49.359  -12.231  20.475 0.0000000000
44377  50.830  -15.030  21.814 0.0000000000
44397  53.257  -15.616  19.088 0.0000000000
48509  55.290  -8.448  16.138 0.0000000000
47848  55.805  -8.562  16.167 0.0000000000
48534  56.363  -7.984  14.528 0.0000000000
45682  54.732  -12.840  16.097 0.0000000000
45018  54.352  -13.310  15.791 0.0000000000
27485  28.066  -41.208  37.971 0.0000000000
26350  27.724  -42.499  39.921 0.0000000000
24674  15.211  -45.318  37.964 0.0000000000
23961  14.397  -46.462  39.155 0.0000000000
87408  13.456  -47.024  40.735 0.0000000000
75671  13.050  -47.099  41.139 0.0000000000
23911  12.528  -47.390  42.397 0.0000000000
23298  11.899  -47.542  43.019 0.0000000000
36545  43.497  -26.460  27.772 0.0000000000
75807  8.635  -45.777  35.745 0.0000000000
24714  7.960  -45.594  35.535 0.0000000000
23987  6.675  -46.240  37.335 0.0000000000
24008  6.851  -46.107  36.603 0.0000000000
23969  6.006  -46.480  38.206 0.0000000000
37352  38.093  -25.839  23.877 0.0000000000
84910  38.134  -26.803  25.036 0.0000000000
28694  28.531  -38.901  28.783 0.0000000000
27018  31.522  -41.441  31.645 0.0000000000
28016  23.265  -40.684  37.196 0.0000000000
28002  22.971  -40.473  38.099 0.0000000000
88289  21.392  -38.915  37.253 0.0000000000
77032  20.765  -38.421  37.197 0.0000000000
29181  20.159  -37.764  37.003 0.0000000000
28613  17.041  -38.126  35.685 0.0000000000
28056  16.854  -39.039  35.479 0.0000000000
84233  23.227  -39.747  34.772 0.0000000000
84486  52.978  -15.958  22.250 0.0000000000
43741  52.561  -16.056  23.265 0.0000000000
43122  51.028  -16.312  23.575 0.0000000000
43143  51.302  -16.518  22.916 0.0000000000
43144  50.358  -16.513  21.843 0.0000000000
39853  44.392  -20.617  28.933 0.0000000000
37944  47.030  -24.773  28.370 0.0000000000
35266  34.208  -28.238  25.199 0.0000000000
35258  34.804  -28.638  25.931 0.0000000000
29981  31.389  -36.182  29.399 0.0000000000
30614  31.723  -35.578  30.650 0.0000000000
29967  32.355  -36.350  31.621 0.0000000000
89325  32.286  -34.986  31.563 0.0000000000
47120  53.205  -9.749  15.599 0.0000000000
47851  54.004  -9.594  16.021 0.0000000000
47105  54.791  -10.038  16.128 0.0000000000
47104  55.486  -10.436  16.082 0.0000000000
46365  55.887  -10.795  15.751 0.0000000000
87758  29.629  -40.794  35.536 0.0000000000
26948  28.804  -41.495  37.682 0.0000000000
26947  29.572  -41.844  37.421 0.0000000000
26937  30.034  -42.456  38.079 0.0000000000
83216  20.313  -37.767  32.980 0.0000000000
25843  18.091  -43.862  40.519 0.0000000000
23920  16.644  -47.260  40.654 0.0000000000
24650  15.263  -46.361  39.272 0.0000000000
42423  46.993  -18.857  24.776 0.0000000000
41126  48.916  -19.720  27.129 0.0000000000
39174  43.261  -22.855  25.761 0.0000000000
37324  45.314  -25.163  26.901 0.0000000000
37323  45.868  -24.987  27.287 0.0000000000
33881  32.012  -30.117  26.830 0.0000000000
33868  32.350  -30.478  27.604 0.0000000000
80350  32.636  -30.786  28.369 0.0000000000
28623  35.198  -38.201  34.490 0.0000000000
28609  35.679  -37.866  35.403 0.0000000000
24022  12.063  -46.321  36.041 0.0000000000
24003  11.511  -46.384  36.546 0.0000000000
23964  10.267  -46.445  38.277 0.0000000000
23951  9.230  -46.462  39.404 0.0000000000
23939  8.649  -46.557  40.032 0.0000000000
24006  8.226  -46.120  37.232 0.0000000000
23940  7.351  -46.760  40.352 0.0000000000
23929  6.868  -47.102  41.014 0.0000000000
39872  41.356  -21.069  26.378 0.0000000000
38566  42.627  -23.672  24.849 0.0000000000
36567  42.052  -25.965  25.663 0.0000000000
37357  40.726  -24.872  23.610 0.0000000000
37349  40.549  -25.475  24.143 0.0000000000
35916  41.310  -27.229  27.749 0.0000000000
29995  30.460  -36.190  26.763 0.0000000000
29982  31.144  -36.769  28.867 0.0000000000
28707  29.262  -38.135  27.666 0.0000000000
29272  30.028  -38.005  28.339 0.0000000000
28654  32.861  -38.016  30.991 0.0000000000
27559  29.580  -40.703  32.386 0.0000000000
80120  29.928  -40.839  33.075 0.0000000000
27558  30.299  -41.034  32.261 0.0000000000
27011  31.056  -41.433  32.229 0.0000000000
27003  31.995  -41.701  33.323 0.0000000000
27009  32.563  -41.576  32.509 0.0000000000
27017  32.351  -41.432  31.546 0.0000000000
27016  33.187  -41.202  31.978 0.0000000000
27557  33.757  -40.671  32.400 0.0000000000
27556  34.136  -40.253  32.816 0.0000000000
27550  34.439  -40.138  33.580 0.0000000000
28083  34.743  -39.329  33.534 0.0000000000
26331  25.973  -43.305  40.998 0.0000000000
82109  24.387  -42.931  41.354 0.0000000000
26335  22.528  -42.681  41.633 0.0000000000
27491  22.693  -40.428  38.953 0.0000000000
27995  21.864  -39.920  39.190 0.0000000000
26336  21.555  -42.415  41.408 0.0000000000
26337  20.608  -42.034  41.102 0.0000000000
26344  19.715  -42.036  40.908 0.0000000000
26345  18.918  -42.293  40.502 0.0000000000
29216  20.226  -37.443  33.897 0.0000000000
76648  20.187  -37.271  34.765 0.0000000000
28586  19.768  -38.194  37.525 0.0000000000
29951  18.226  -36.186  34.921 0.0000000000
29182  19.656  -37.712  36.846 0.0000000000
27502  18.549  -39.717  38.102 0.0000000000
27492  18.650  -40.189  38.717 0.0000000000
77105  18.864  -40.729  39.439 0.0000000000
26932  18.495  -41.496  39.404 0.0000000000
26351  18.346  -42.146  39.824 0.0000000000
26352  17.796  -42.743  39.486 0.0000000000
25851  17.220  -43.247  39.049 0.0000000000
78986  17.206  -42.355  37.949 0.0000000000
25852  16.746  -43.611  38.584 0.0000000000
25864  16.205  -43.193  36.743 0.0000000000
25861  15.901  -43.955  37.106 0.0000000000
25333  15.552  -44.618  37.518 0.0000000000
25342  14.736  -44.708  36.198 0.0000000000
24709  13.349  -45.612  35.744 0.0000000000
25361  13.701  -44.375  34.570 0.0000000000
24731  13.002  -45.388  35.102 0.0000000000
24710  12.606  -45.908  35.507 0.0000000000
24732  12.368  -45.547  34.762 0.0000000000
25364  11.182  -44.980  34.121 0.0000000000
24734  10.667  -45.417  34.672 0.0000000000
25365  10.299  -44.889  34.205 0.0000000000
28709  27.323  -38.479  27.364 0.0000000000
28710  26.008  -38.411  27.860 0.0000000000
75954  27.045  -39.752  31.229 0.0000000000
28698  24.647  -38.605  28.522 0.0000000000
28030  27.300  -40.135  36.132 0.0000000000
28012  27.063  -40.741  36.908 0.0000000000
28051  24.831  -41.337  35.482 0.0000000000
26930  26.436  -41.908  39.481 0.0000000000
26342  26.472  -42.829  40.507 0.0000000000
25304  18.482  -44.866  40.630 0.0000000000
23982  11.861  -46.429  37.877 0.0000000000
23936  11.209  -46.616  40.525 0.0000000000
23937  10.311  -46.593  40.350 0.0000000000
23925  10.608  -46.861  41.024 0.0000000000
23924  11.461  -46.912  41.280 0.0000000000
41757  42.379  -18.998  26.835 0.0000000000
41113  43.332  -19.720  29.006 0.0000000000
85498  46.098  -19.289  28.550 0.0000000000
41734  47.515  -19.095  27.974 0.0000000000
39156  46.835  -22.956  28.147 0.0000000000
40468  47.141  -20.022  29.222 0.0000000000
40467  47.706  -20.102  29.209 0.0000000000
40481  48.749  -20.637  28.571 0.0000000000
40466  48.241  -20.169  29.024 0.0000000000
41096  47.880  -19.975  29.230 0.0000000000
83032  49.087  -19.888  28.051 0.0000000000
41135  49.266  -20.076  26.521 0.0000000000
85811  37.240  -26.630  24.370 0.0000000000
36570  37.961  -27.194  25.604 0.0000000000
35929  36.820  -27.852  25.914 0.0000000000
35917  39.851  -27.503  27.608 0.0000000000
82914  31.174  -34.124  28.203 0.0000000000
33193  31.513  -31.710  28.464 0.0000000000
81981  34.898  -37.412  33.901 0.0000000000
29959  34.533  -36.598  33.424 0.0000000000
30597  34.765  -35.856  33.783 0.0000000000
85730  34.202  -35.961  33.110 0.0000000000
80995  33.419  -34.921  32.347 0.0000000000
31850  35.434  -33.068  33.317 0.0000000000
31845  35.316  -33.758  33.556 0.0000000000
32514  32.892  -32.869  31.396 0.0000000000
33165  33.724  -31.818  31.446 0.0000000000
33183  33.183  -31.306  29.977 0.0000000000
33849  35.062  -30.119  29.139 0.0000000000
34531  37.310  -29.525  29.427 0.0000000000
44980  50.474  -13.825  20.339 0.0000000000
44416  52.639  -14.836  16.834 0.0000000000
23963  11.584  -46.422  38.553 0.0000000000
23980  13.076  -46.305  38.330 0.0000000000
24677  12.996  -46.187  37.086 0.0000000000
25310  18.121  -44.631  40.403 0.0000000000
26333  23.987  -43.255  41.831 0.0000000000
39837  48.080  -20.397  29.077 0.0000000000
41108  48.433  -19.813  28.724 0.0000000000
43111  52.281  -16.169  24.558 0.0000000000
43112  52.165  -16.125  24.642 0.0000000000
43114  52.290  -16.181  24.378 0.0000000000
43115  52.220  -16.312  24.676 0.0000000000
43121  52.070  -16.531  24.010 0.0000000000
43723  52.238  -15.998  24.548 0.0000000000
47856  56.032  -9.101  15.871 0.0000000000
76539  10.116  -47.674  42.981 0.0000000000
78829  56.088  -8.385  15.938 0.0000000000
83081  11.306  -46.426  37.252 0.0000000000
