#!ascii label  , from subject sub-01 vox2ras=TkReg
663
33722  10.980  -30.081  43.449 0.0000000000
28132  5.041  -39.190  28.982 0.0000000000
29166  7.429  -37.198  42.621 0.0000000000
33096  5.009  -31.757  41.103 0.0000000000
85160  5.774  -28.034  36.071 0.0000000000
31147  9.272  -35.165  44.694 0.0000000000
32438  6.696  -32.657  45.106 0.0000000000
35144  10.898  -29.073  40.695 0.0000000000
31825  12.082  -33.427  41.923 0.0000000000
29172  8.904  -36.901  41.106 0.0000000000
35778  6.176  -27.755  44.779 0.0000000000
34465  5.324  -29.354  38.716 0.0000000000
36429  7.921  -26.192  41.168 0.0000000000
28593  4.032  -39.420  38.028 0.0000000000
29946  4.618  -37.128  35.951 0.0000000000
82734  5.399  -34.686  42.435 0.0000000000
34408  5.474  -29.410  45.516 0.0000000000
86582  5.585  -34.782  35.001 0.0000000000
31856  5.330  -33.086  32.600 0.0000000000
32535  3.650  -32.228  29.603 0.0000000000
36493  5.393  -26.353  33.805 0.0000000000
85036  10.641  -32.440  43.452 0.0000000000
33076  9.213  -31.437  44.413 0.0000000000
34427  11.270  -29.571  42.299 0.0000000000
33095  12.636  -31.839  41.357 0.0000000000
32450  12.091  -32.114  42.848 0.0000000000
31155  10.709  -34.717  42.889 0.0000000000
36402  7.610  -26.761  42.600 0.0000000000
29180  6.945  -37.153  38.143 0.0000000000
29177  6.775  -36.414  38.627 0.0000000000
29911  6.454  -36.084  42.535 0.0000000000
34402  8.050  -29.525  47.039 0.0000000000
33079  5.095  -31.641  45.746 0.0000000000
28566  8.356  -37.554  41.940 0.0000000000
28580  7.827  -37.803  38.295 0.0000000000
28574  7.786  -37.526  38.892 0.0000000000
28023  4.357  -39.861  38.120 0.0000000000
75822  6.070  -33.932  38.624 0.0000000000
30582  5.247  -35.529  35.847 0.0000000000
31836  6.001  -33.394  37.286 0.0000000000
74798  5.533  -29.120  37.161 0.0000000000
33133  5.891  -31.759  35.460 0.0000000000
33791  5.181  -30.945  33.964 0.0000000000
88917  4.324  -32.532  31.056 0.0000000000
34496  4.282  -29.986  32.832 0.0000000000
29904  7.966  -36.954  45.002 0.0000000000
31149  6.653  -35.490  44.691 0.0000000000
31813  7.992  -33.494  44.751 0.0000000000
33715  8.187  -30.662  45.731 0.0000000000
35161  11.211  -28.453  38.522 0.0000000000
33765  12.729  -30.464  37.950 0.0000000000
33747  12.528  -31.025  39.776 0.0000000000
76938  12.588  -33.065  40.154 0.0000000000
30555  10.170  -35.560  41.999 0.0000000000
80610  9.941  -36.365  43.508 0.0000000000
34419  4.080  -29.437  42.819 0.0000000000
33738  5.212  -30.294  40.226 0.0000000000
35805  4.923  -28.559  41.104 0.0000000000
83108  4.922  -27.845  40.008 0.0000000000
36445  6.202  -26.893  39.347 0.0000000000
87405  11.654  -28.156  43.403 0.0000000000
35841  13.236  -27.522  36.330 0.0000000000
36463  13.273  -26.455  37.403 0.0000000000
36428  10.622  -26.866  39.873 0.0000000000
35801  10.974  -27.374  41.540 0.0000000000
28064  2.603  -40.147  35.596 0.0000000000
28620  3.014  -38.951  35.738 0.0000000000
29185  5.506  -37.374  36.548 0.0000000000
30562  6.320  -35.109  38.623 0.0000000000
31827  5.286  -33.392  41.270 0.0000000000
31814  5.051  -33.914  44.770 0.0000000000
31819  3.295  -33.023  44.260 0.0000000000
33724  3.224  -30.589  43.607 0.0000000000
35774  5.722  -28.231  45.155 0.0000000000
28640  3.817  -38.172  34.203 0.0000000000
29240  4.850  -37.818  32.678 0.0000000000
29248  5.575  -37.260  31.150 0.0000000000
80879  5.991  -32.227  36.905 0.0000000000
31185  5.763  -34.240  34.109 0.0000000000
76256  5.863  -36.359  30.571 0.0000000000
30622  5.159  -34.864  29.376 0.0000000000
30629  4.699  -34.980  27.686 0.0000000000
37180  8.807  -25.513  39.876 0.0000000000
37216  6.467  -25.525  37.455 0.0000000000
85174  5.711  -24.834  36.044 0.0000000000
35857  5.422  -27.774  34.529 0.0000000000
74030  3.935  -29.346  31.999 0.0000000000
33723  10.735  -30.505  43.669 0.0000000000
33082  10.321  -30.846  43.835 0.0000000000
34411  10.918  -29.988  44.180 0.0000000000
34418  11.202  -29.544  43.164 0.0000000000
86140  11.434  -30.296  42.758 0.0000000000
33092  11.239  -30.829  43.232 0.0000000000
33087  11.423  -31.758  43.233 0.0000000000
27591  5.048  -40.796  27.570 0.0000000000
75413  5.359  -39.175  28.233 0.0000000000
29173  7.498  -36.850  40.369 0.0000000000
29916  7.042  -36.322  41.017 0.0000000000
29913  6.939  -36.555  42.102 0.0000000000
80909  13.217  -29.543  36.174 0.0000000000
28564  7.997  -37.755  42.526 0.0000000000
28571  7.991  -37.515  40.146 0.0000000000
28568  7.833  -37.357  40.327 0.0000000000
28581  7.157  -37.654  37.844 0.0000000000
31832  5.897  -33.315  39.212 0.0000000000
31834  5.989  -33.334  38.219 0.0000000000
32461  5.804  -32.641  38.779 0.0000000000
35176  5.628  -28.186  36.849 0.0000000000
34478  5.726  -29.877  36.242 0.0000000000
34483  5.535  -29.339  35.175 0.0000000000
33792  4.584  -30.823  33.150 0.0000000000
34489  5.128  -29.277  34.092 0.0000000000
30541  8.838  -35.835  45.219 0.0000000000
30542  8.325  -35.999  45.579 0.0000000000
31148  8.607  -34.230  44.738 0.0000000000
33714  9.460  -30.876  45.381 0.0000000000
34400  10.082  -29.982  47.107 0.0000000000
35151  11.019  -28.848  39.170 0.0000000000
34452  12.108  -30.247  39.211 0.0000000000
33748  11.936  -30.359  40.171 0.0000000000
32453  12.479  -32.693  41.407 0.0000000000
32456  12.732  -32.467  40.648 0.0000000000
75226  12.372  -33.267  40.998 0.0000000000
31159  10.973  -34.750  41.836 0.0000000000
31153  10.371  -34.721  43.559 0.0000000000
75668  10.319  -35.528  43.613 0.0000000000
30545  10.051  -36.008  44.233 0.0000000000
77276  9.240  -36.746  44.240 0.0000000000
35780  4.986  -28.371  43.768 0.0000000000
35123  4.618  -28.937  42.209 0.0000000000
35785  5.464  -27.949  43.319 0.0000000000
36414  7.318  -26.701  41.660 0.0000000000
36415  6.503  -27.140  41.617 0.0000000000
36431  6.680  -26.859  40.884 0.0000000000
73640  5.480  -27.492  39.505 0.0000000000
36430  7.424  -26.285  40.392 0.0000000000
35825  11.766  -27.286  38.249 0.0000000000
28043  2.953  -39.892  37.246 0.0000000000
28606  3.130  -39.227  36.787 0.0000000000
29186  4.514  -38.419  37.008 0.0000000000
30556  6.351  -35.208  40.875 0.0000000000
29922  6.319  -35.954  38.084 0.0000000000
78169  6.075  -34.585  40.750 0.0000000000
88052  5.812  -33.925  40.718 0.0000000000
78926  5.575  -34.287  41.514 0.0000000000
83320  6.471  -33.566  44.952 0.0000000000
31150  5.683  -34.789  44.395 0.0000000000
31809  5.503  -33.351  45.041 0.0000000000
34407  5.866  -29.703  45.890 0.0000000000
32440  4.279  -32.246  45.811 0.0000000000
33081  3.570  -31.107  45.192 0.0000000000
33089  2.756  -31.404  44.036 0.0000000000
33718  3.957  -30.130  45.173 0.0000000000
34412  4.050  -29.282  44.666 0.0000000000
35113  5.445  -28.821  45.251 0.0000000000
33108  13.062  -31.701  38.289 0.0000000000
33117  13.344  -31.499  37.008 0.0000000000
29178  9.103  -36.468  39.583 0.0000000000
29184  8.893  -37.186  37.632 0.0000000000
28588  8.419  -37.597  37.984 0.0000000000
28021  6.376  -39.010  36.889 0.0000000000
28040  6.833  -39.223  36.449 0.0000000000
28024  3.813  -39.895  38.387 0.0000000000
27505  3.462  -40.085  38.000 0.0000000000
28632  3.589  -38.218  35.203 0.0000000000
28633  3.195  -38.823  34.700 0.0000000000
29212  3.999  -37.629  35.686 0.0000000000
85543  5.373  -35.566  35.245 0.0000000000
29224  5.096  -37.073  34.243 0.0000000000
29962  5.711  -36.423  33.746 0.0000000000
29249  4.985  -37.890  31.685 0.0000000000
29971  5.997  -36.522  32.717 0.0000000000
33749  5.362  -30.341  39.316 0.0000000000
81244  5.864  -32.060  37.620 0.0000000000
33118  5.816  -31.409  37.239 0.0000000000
32508  5.355  -32.608  33.557 0.0000000000
31846  5.754  -33.359  34.267 0.0000000000
31193  5.844  -34.013  33.068 0.0000000000
30612  6.236  -35.657  31.512 0.0000000000
82067  5.980  -34.741  31.513 0.0000000000
80664  5.505  -35.839  29.544 0.0000000000
31207  5.514  -33.964  31.072 0.0000000000
32521  3.759  -32.139  30.991 0.0000000000
31219  4.678  -33.950  29.250 0.0000000000
31887  4.122  -33.049  29.172 0.0000000000
37867  8.604  -24.980  39.231 0.0000000000
37868  7.788  -25.212  38.857 0.0000000000
37196  7.189  -25.156  38.098 0.0000000000
80745  5.624  -24.528  34.637 0.0000000000
37240  5.626  -25.131  35.415 0.0000000000
36485  5.645  -26.018  35.472 0.0000000000
75636  5.245  -27.188  33.699 0.0000000000
84357  4.475  -28.626  32.878 0.0000000000
35863  4.895  -27.440  32.947 0.0000000000
31817  10.151  -33.657  43.613 0.0000000000
32442  9.634  -32.621  43.815 0.0000000000
33083  9.903  -31.597  43.812 0.0000000000
34440  11.372  -29.678  41.389 0.0000000000
33737  11.971  -30.339  41.082 0.0000000000
33729  11.810  -30.229  41.934 0.0000000000
33090  12.298  -31.551  42.290 0.0000000000
31820  12.019  -32.927  42.625 0.0000000000
83133  11.224  -34.349  42.135 0.0000000000
32447  11.510  -32.797  43.035 0.0000000000
31152  10.845  -33.710  43.123 0.0000000000
86679  7.849  -26.852  44.718 0.0000000000
36395  6.924  -27.220  43.204 0.0000000000
36394  7.791  -26.863  43.561 0.0000000000
36401  8.498  -26.448  42.900 0.0000000000
37151  9.141  -25.937  42.287 0.0000000000
28592  4.948  -39.198  37.293 0.0000000000
83089  5.507  -38.188  36.643 0.0000000000
29914  6.521  -35.794  41.568 0.0000000000
87834  6.222  -35.612  42.163 0.0000000000
85800  7.007  -30.697  45.929 0.0000000000
77986  6.063  -31.163  45.713 0.0000000000
33710  6.739  -29.720  46.346 0.0000000000
89133  6.293  -29.647  46.187 0.0000000000
34404  6.492  -29.014  46.529 0.0000000000
35110  6.551  -28.305  47.023 0.0000000000
28565  8.573  -37.308  41.509 0.0000000000
28572  8.416  -37.294  39.596 0.0000000000
28573  8.136  -37.508  39.609 0.0000000000
28590  7.235  -38.227  37.251 0.0000000000
85040  7.352  -37.868  37.719 0.0000000000
28042  4.948  -40.069  37.887 0.0000000000
28591  6.360  -38.509  36.788 0.0000000000
80761  5.598  -35.514  36.812 0.0000000000
29932  5.149  -36.263  36.091 0.0000000000
30568  5.623  -34.838  36.669 0.0000000000
31172  5.642  -34.492  36.234 0.0000000000
31838  5.925  -33.742  36.492 0.0000000000
34471  5.477  -29.712  37.867 0.0000000000
33766  5.634  -30.565  37.602 0.0000000000
33778  5.843  -30.889  35.847 0.0000000000
33138  5.534  -31.833  34.387 0.0000000000
77723  5.224  -32.133  33.665 0.0000000000
31866  4.947  -32.938  31.634 0.0000000000
32495  4.512  -32.030  32.844 0.0000000000
33158  3.843  -31.455  32.192 0.0000000000
33159  3.655  -31.520  31.739 0.0000000000
37255  5.430  -25.681  33.425 0.0000000000
35869  4.676  -27.178  32.306 0.0000000000
74457  4.778  -26.829  32.042 0.0000000000
29160  7.872  -37.767  43.823 0.0000000000
29908  6.969  -36.758  44.041 0.0000000000
29902  7.837  -36.475  45.331 0.0000000000
78912  7.238  -34.594  44.978 0.0000000000
31808  7.284  -33.552  44.924 0.0000000000
33084  8.478  -31.894  44.422 0.0000000000
33085  7.855  -31.703  44.880 0.0000000000
33078  7.680  -31.233  45.361 0.0000000000
86152  8.970  -30.111  46.451 0.0000000000
35160  11.899  -28.885  37.972 0.0000000000
34470  12.608  -29.592  37.421 0.0000000000
34463  12.259  -29.849  38.311 0.0000000000
33736  12.451  -31.050  40.718 0.0000000000
76318  12.923  -32.327  39.716 0.0000000000
31831  12.698  -32.948  39.135 0.0000000000
29918  9.646  -35.859  40.240 0.0000000000
29915  9.667  -35.980  41.375 0.0000000000
86326  10.668  -34.963  42.443 0.0000000000
30552  10.216  -35.985  42.927 0.0000000000
29167  9.128  -36.766  42.482 0.0000000000
29163  9.063  -37.009  43.043 0.0000000000
29159  8.419  -37.698  43.721 0.0000000000
33731  4.525  -30.436  41.664 0.0000000000
86273  5.210  -31.137  40.463 0.0000000000
33739  4.969  -29.968  41.026 0.0000000000
34442  5.102  -29.443  40.399 0.0000000000
34455  5.022  -28.949  39.970 0.0000000000
35803  5.950  -27.558  42.037 0.0000000000
35814  5.054  -27.864  40.776 0.0000000000
35153  5.125  -28.745  39.356 0.0000000000
35820  5.092  -27.984  39.217 0.0000000000
35827  5.423  -27.817  38.288 0.0000000000
35835  5.658  -27.586  37.413 0.0000000000
34415  11.264  -29.451  44.117 0.0000000000
35175  12.910  -28.280  36.428 0.0000000000
37227  14.923  -25.633  36.515 0.0000000000
37214  14.560  -25.344  37.343 0.0000000000
77526  14.576  -26.209  36.078 0.0000000000
36472  13.477  -26.817  36.718 0.0000000000
35833  12.882  -27.177  37.083 0.0000000000
35167  12.370  -28.430  37.193 0.0000000000
35152  10.692  -28.195  39.155 0.0000000000
35145  10.375  -28.226  40.430 0.0000000000
36412  10.697  -26.990  40.636 0.0000000000
35135  10.596  -28.390  41.179 0.0000000000
35121  11.129  -28.714  42.702 0.0000000000
28619  3.458  -38.349  36.193 0.0000000000
29198  4.834  -37.354  36.281 0.0000000000
29924  5.845  -36.258  37.140 0.0000000000
30565  6.000  -35.331  37.631 0.0000000000
31164  6.225  -34.481  38.975 0.0000000000
31830  5.721  -33.318  40.223 0.0000000000
32454  4.924  -32.590  41.417 0.0000000000
86470  6.364  -36.123  44.019 0.0000000000
30550  5.900  -35.555  43.668 0.0000000000
87751  4.618  -34.596  43.781 0.0000000000
31810  4.521  -33.066  45.369 0.0000000000
31815  3.973  -33.534  44.858 0.0000000000
31158  4.596  -34.368  43.103 0.0000000000
31823  4.032  -33.624  42.865 0.0000000000
32451  3.742  -32.634  42.700 0.0000000000
33093  3.620  -31.608  42.569 0.0000000000
34420  3.652  -30.116  43.002 0.0000000000
35116  4.650  -28.822  44.393 0.0000000000
35769  6.181  -28.363  46.020 0.0000000000
35773  6.246  -27.878  45.816 0.0000000000
35777  6.838  -27.352  45.289 0.0000000000
74584  8.837  -37.996  36.154 0.0000000000
28589  7.969  -38.058  37.603 0.0000000000
29211  4.775  -37.034  35.223 0.0000000000
28649  3.943  -38.341  33.183 0.0000000000
28689  4.776  -38.674  30.066 0.0000000000
80499  5.574  -31.886  39.266 0.0000000000
86174  6.005  -32.693  37.276 0.0000000000
31841  5.846  -33.922  35.902 0.0000000000
76341  6.074  -32.433  36.111 0.0000000000
78333  5.922  -33.500  35.172 0.0000000000
80008  5.758  -34.064  34.875 0.0000000000
29970  6.382  -35.924  32.293 0.0000000000
29255  5.419  -37.253  30.137 0.0000000000
29267  5.155  -37.957  29.686 0.0000000000
28688  5.265  -37.835  28.826 0.0000000000
31214  5.208  -34.062  30.104 0.0000000000
30628  4.977  -35.536  28.507 0.0000000000
37158  9.567  -25.448  41.560 0.0000000000
37855  9.837  -24.739  41.065 0.0000000000
37168  8.412  -25.862  40.474 0.0000000000
36444  7.005  -26.277  39.537 0.0000000000
36456  6.197  -26.686  38.463 0.0000000000
36466  5.913  -26.775  37.101 0.0000000000
36474  5.808  -26.371  36.299 0.0000000000
35850  5.668  -27.496  35.476 0.0000000000
80009  4.582  -29.199  33.240 0.0000000000
34501  3.830  -29.978  32.198 0.0000000000
33815  3.758  -30.998  31.643 0.0000000000
33828  4.361  -30.429  30.627 0.0000000000
27585  4.734  -40.616  28.570 0.0000000000
76854  5.142  -39.816  28.672 0.0000000000
27590  5.476  -40.036  27.996 0.0000000000
29170  7.443  -36.977  41.601 0.0000000000
35174  13.246  -28.845  35.990 0.0000000000
34477  12.915  -29.109  36.631 0.0000000000
29169  7.774  -37.497  42.086 0.0000000000
28567  7.931  -37.535  41.354 0.0000000000
85994  7.752  -37.307  41.172 0.0000000000
32457  5.353  -32.596  40.655 0.0000000000
32459  5.629  -32.612  39.713 0.0000000000
74797  5.729  -28.816  36.155 0.0000000000
35181  5.595  -28.344  35.341 0.0000000000
34441  10.642  -28.680  39.798 0.0000000000
34453  11.251  -29.563  39.741 0.0000000000
86324  11.437  -29.845  40.592 0.0000000000
31826  11.745  -34.152  41.320 0.0000000000
81090  11.255  -34.626  41.204 0.0000000000
31811  9.887  -34.641  44.039 0.0000000000
31146  10.018  -35.455  44.233 0.0000000000
30546  9.466  -35.877  44.804 0.0000000000
35779  5.545  -28.053  44.259 0.0000000000
36413  8.259  -26.341  41.983 0.0000000000
88091  7.361  -26.495  41.015 0.0000000000
85972  6.621  -26.721  40.073 0.0000000000
28594  3.466  -39.663  37.846 0.0000000000
30553  6.012  -35.101  41.731 0.0000000000
85721  5.922  -32.826  45.235 0.0000000000
33717  4.953  -30.107  45.523 0.0000000000
33080  4.265  -31.150  45.728 0.0000000000
34409  4.756  -29.410  45.106 0.0000000000
29175  8.785  -36.925  40.117 0.0000000000
29179  8.618  -37.081  38.852 0.0000000000
28041  5.903  -39.821  37.090 0.0000000000
88820  5.415  -35.024  35.591 0.0000000000
30600  5.710  -35.441  34.250 0.0000000000
81438  5.328  -29.853  39.027 0.0000000000
33109  5.687  -31.235  38.039 0.0000000000
33758  5.474  -30.302  38.493 0.0000000000
80154  5.586  -33.246  33.443 0.0000000000
31201  5.752  -33.898  32.064 0.0000000000
30617  5.714  -35.095  30.507 0.0000000000
32536  3.526  -32.012  30.515 0.0000000000
37866  9.341  -24.402  39.418 0.0000000000
37878  8.817  -24.239  38.842 0.0000000000
37879  7.998  -24.461  38.470 0.0000000000
37247  5.521  -25.622  34.458 0.0000000000
76946  10.713  -30.344  44.602 0.0000000000
33091  11.889  -31.199  42.892 0.0000000000
33725  12.043  -30.827  42.345 0.0000000000
32449  12.337  -32.414  42.143 0.0000000000
36388  9.443  -26.254  43.997 0.0000000000
36400  9.275  -26.146  43.220 0.0000000000
37147  9.921  -25.622  43.615 0.0000000000
28582  6.345  -37.945  36.914 0.0000000000
33709  7.638  -29.897  46.421 0.0000000000
34403  7.162  -29.083  47.050 0.0000000000
34398  6.749  -28.485  47.339 0.0000000000
35107  6.691  -28.115  47.868 0.0000000000
28570  8.281  -37.488  40.895 0.0000000000
28575  7.558  -37.232  39.195 0.0000000000
76998  5.836  -34.722  37.262 0.0000000000
31169  5.831  -34.203  36.904 0.0000000000
75059  5.380  -28.995  38.029 0.0000000000
76710  5.610  -30.001  37.148 0.0000000000
77366  5.643  -30.264  35.328 0.0000000000
33785  5.597  -31.001  34.898 0.0000000000
33146  4.894  -31.576  33.413 0.0000000000
34495  4.863  -30.077  33.624 0.0000000000
33801  4.016  -30.763  32.440 0.0000000000
80512  5.507  -24.962  33.827 0.0000000000
37264  5.340  -25.747  32.700 0.0000000000
36511  5.013  -26.433  32.323 0.0000000000
29157  7.683  -37.302  44.332 0.0000000000
31807  7.875  -34.544  45.045 0.0000000000
31143  7.906  -35.528  45.409 0.0000000000
78440  9.119  -31.984  44.010 0.0000000000
32443  8.683  -32.824  44.319 0.0000000000
33077  8.479  -31.337  45.001 0.0000000000
84690  12.549  -30.539  38.601 0.0000000000
82086  12.631  -30.942  39.053 0.0000000000
33098  12.841  -31.741  40.257 0.0000000000
31162  12.230  -33.737  39.831 0.0000000000
31163  11.624  -34.444  39.686 0.0000000000
30554  10.728  -35.004  41.541 0.0000000000
30549  10.259  -36.028  43.613 0.0000000000
29912  9.664  -36.235  42.338 0.0000000000
29162  9.607  -36.563  43.057 0.0000000000
29155  8.620  -36.776  44.772 0.0000000000
29158  8.784  -37.264  44.075 0.0000000000
29156  8.194  -37.481  44.362 0.0000000000
33726  3.995  -30.159  42.309 0.0000000000
34428  4.672  -29.611  41.748 0.0000000000
83334  4.855  -28.628  41.775 0.0000000000
76692  5.035  -29.356  41.027 0.0000000000
35136  4.936  -29.022  41.379 0.0000000000
35146  4.996  -28.890  40.606 0.0000000000
35790  6.128  -27.602  42.851 0.0000000000
36403  6.755  -27.160  42.320 0.0000000000
35813  5.817  -27.468  41.200 0.0000000000
35154  4.873  -28.438  39.920 0.0000000000
36446  5.678  -27.351  38.787 0.0000000000
36457  5.823  -27.113  37.940 0.0000000000
88740  11.431  -28.940  43.570 0.0000000000
35117  11.936  -28.602  44.299 0.0000000000
35849  13.546  -27.611  35.500 0.0000000000
37215  13.736  -25.719  37.761 0.0000000000
36462  14.069  -26.132  36.819 0.0000000000
35834  12.244  -27.582  37.473 0.0000000000
35842  12.664  -27.791  36.840 0.0000000000
36443  11.284  -26.873  39.196 0.0000000000
35826  11.082  -27.710  38.656 0.0000000000
35818  10.614  -27.479  39.426 0.0000000000
80908  10.322  -28.012  39.747 0.0000000000
35812  10.307  -27.477  40.177 0.0000000000
36411  11.466  -26.680  41.073 0.0000000000
35802  10.468  -27.721  41.009 0.0000000000
35122  10.768  -28.106  41.839 0.0000000000
28063  2.699  -39.691  36.248 0.0000000000
28605  3.707  -38.789  37.165 0.0000000000
29199  4.031  -37.861  36.445 0.0000000000
80190  6.268  -37.013  37.345 0.0000000000
31161  6.091  -34.050  39.763 0.0000000000
30547  6.830  -36.175  44.542 0.0000000000
30548  6.133  -35.546  44.193 0.0000000000
31154  5.360  -34.952  43.944 0.0000000000
31157  5.328  -34.917  43.335 0.0000000000
31151  4.633  -34.351  44.242 0.0000000000
32439  5.127  -32.538  45.529 0.0000000000
31816  3.487  -32.699  44.991 0.0000000000
32446  3.898  -32.748  45.461 0.0000000000
31818  3.833  -34.050  43.888 0.0000000000
31824  3.485  -33.132  43.452 0.0000000000
32452  2.976  -32.191  43.541 0.0000000000
33094  3.124  -31.329  43.322 0.0000000000
33727  3.543  -30.759  42.803 0.0000000000
34417  3.604  -29.814  43.606 0.0000000000
35115  5.249  -28.482  44.581 0.0000000000
34469  12.947  -30.411  37.306 0.0000000000
28602  8.554  -37.798  37.104 0.0000000000
28579  8.179  -37.563  38.673 0.0000000000
27518  2.769  -40.102  36.564 0.0000000000
26981  2.922  -40.771  35.257 0.0000000000
28641  3.395  -38.697  33.859 0.0000000000
77778  3.291  -38.955  33.302 0.0000000000
29945  5.076  -36.301  35.617 0.0000000000
29232  4.614  -37.706  33.704 0.0000000000
28659  4.206  -38.366  32.145 0.0000000000
29239  5.581  -37.231  32.183 0.0000000000
29256  4.957  -38.047  30.671 0.0000000000
79294  5.382  -31.095  39.713 0.0000000000
77013  6.061  -32.989  36.681 0.0000000000
32474  6.057  -33.246  35.943 0.0000000000
33127  5.945  -31.604  36.404 0.0000000000
29961  6.122  -35.735  33.160 0.0000000000
75852  5.932  -34.875  33.456 0.0000000000
29266  5.322  -37.207  29.232 0.0000000000
29990  4.949  -36.293  28.032 0.0000000000
31876  4.870  -33.204  30.676 0.0000000000
31229  4.595  -34.544  28.504 0.0000000000
30637  4.833  -35.685  27.698 0.0000000000
37167  9.337  -25.445  40.544 0.0000000000
37169  7.897  -25.694  39.614 0.0000000000
37197  6.655  -25.982  38.232 0.0000000000
36465  6.187  -26.349  37.663 0.0000000000
37904  5.877  -24.296  36.202 0.0000000000
37903  6.277  -24.299  36.703 0.0000000000
37892  6.679  -24.698  37.270 0.0000000000
37228  6.079  -24.999  36.673 0.0000000000
74491  5.538  -26.744  34.725 0.0000000000
84492  5.717  -26.778  35.691 0.0000000000
35188  5.325  -28.599  34.533 0.0000000000
35194  4.160  -29.085  32.451 0.0000000000
34508  3.865  -30.070  31.803 0.0000000000
89222  4.404  -27.871  31.964 0.0000000000
33088  10.735  -31.318  43.521 0.0000000000
33719  11.234  -29.779  45.074 0.0000000000
29176  7.204  -36.750  39.235 0.0000000000
88693  7.853  -37.436  39.645 0.0000000000
75776  5.984  -34.010  37.684 0.0000000000
79646  5.338  -30.164  34.509 0.0000000000
29900  8.782  -36.166  45.218 0.0000000000
29901  8.174  -36.410  45.435 0.0000000000
31142  8.458  -35.385  45.251 0.0000000000
75531  10.410  -30.398  46.215 0.0000000000
34464  11.576  -29.324  38.779 0.0000000000
31829  12.178  -33.750  40.558 0.0000000000
30551  10.495  -35.274  42.370 0.0000000000
29906  9.841  -36.416  44.013 0.0000000000
29907  9.357  -36.842  43.670 0.0000000000
29903  9.398  -36.310  44.601 0.0000000000
35118  4.462  -28.738  43.264 0.0000000000
35786  4.904  -28.344  42.654 0.0000000000
35819  5.777  -27.311  40.240 0.0000000000
36484  13.940  -26.833  35.986 0.0000000000
35789  11.294  -27.771  42.480 0.0000000000
29920  6.636  -35.664  39.255 0.0000000000
30559  6.404  -34.925  39.825 0.0000000000
31822  4.874  -33.930  42.200 0.0000000000
31145  6.323  -34.441  44.674 0.0000000000
75800  5.371  -30.655  45.734 0.0000000000
32441  3.514  -31.995  45.431 0.0000000000
32448  2.934  -32.144  44.544 0.0000000000
33086  3.116  -31.504  44.746 0.0000000000
33721  3.270  -30.654  44.471 0.0000000000
34413  3.645  -29.794  44.331 0.0000000000
33764  13.066  -31.145  37.632 0.0000000000
85253  13.209  -31.725  37.638 0.0000000000
28604  7.343  -38.552  36.838 0.0000000000
27504  4.123  -40.160  38.246 0.0000000000
27517  3.207  -40.309  37.133 0.0000000000
29956  5.341  -36.342  34.759 0.0000000000
29231  5.365  -37.155  33.210 0.0000000000
33101  5.542  -31.129  38.870 0.0000000000
32494  5.711  -32.655  34.345 0.0000000000
30607  6.159  -34.999  32.448 0.0000000000
29980  5.480  -36.617  29.659 0.0000000000
31886  4.651  -33.354  29.889 0.0000000000
31877  4.125  -32.582  30.278 0.0000000000
31220  4.260  -33.760  28.566 0.0000000000
37229  5.746  -25.528  36.158 0.0000000000
84786  4.951  -28.265  33.512 0.0000000000
35198  4.470  -28.113  32.478 0.0000000000
31812  9.394  -33.838  44.168 0.0000000000
33720  10.020  -30.926  44.479 0.0000000000
33728  12.280  -30.980  41.651 0.0000000000
31821  11.466  -33.700  42.645 0.0000000000
35783  6.982  -27.313  44.202 0.0000000000
35784  6.206  -27.695  43.763 0.0000000000
36389  8.957  -26.306  44.836 0.0000000000
36393  8.726  -26.591  43.853 0.0000000000
29919  7.050  -36.204  39.842 0.0000000000
29917  6.687  -35.660  40.419 0.0000000000
32445  6.965  -31.674  45.249 0.0000000000
77717  5.969  -32.064  45.448 0.0000000000
33716  6.185  -30.263  45.997 0.0000000000
34405  6.043  -28.894  46.042 0.0000000000
28569  8.514  -37.294  40.530 0.0000000000
28022  5.243  -39.649  37.349 0.0000000000
88651  5.338  -35.854  36.385 0.0000000000
30572  5.399  -35.324  36.258 0.0000000000
88806  5.430  -34.949  35.913 0.0000000000
31178  5.651  -34.404  35.567 0.0000000000
33771  5.761  -30.736  36.768 0.0000000000
89020  5.046  -32.592  32.947 0.0000000000
31857  4.495  -32.384  32.280 0.0000000000
31867  3.958  -32.198  31.592 0.0000000000
33147  4.331  -31.381  32.752 0.0000000000
32509  3.731  -31.915  31.989 0.0000000000
32522  3.591  -31.838  31.318 0.0000000000
33169  3.627  -31.580  31.338 0.0000000000
36502  5.163  -26.568  32.992 0.0000000000
36519  5.131  -26.596  31.841 0.0000000000
27580  4.650  -39.929  29.293 0.0000000000
29165  7.854  -37.655  43.025 0.0000000000
29161  7.478  -37.371  43.549 0.0000000000
29905  7.485  -36.677  44.824 0.0000000000
30544  7.374  -36.150  45.168 0.0000000000
30543  7.898  -36.116  45.530 0.0000000000
31144  7.359  -35.510  45.091 0.0000000000
32444  7.690  -32.444  44.737 0.0000000000
33757  12.836  -31.126  38.450 0.0000000000
32458  13.023  -32.190  38.798 0.0000000000
33100  12.922  -31.625  39.206 0.0000000000
29174  9.158  -36.483  40.746 0.0000000000
29171  9.189  -36.540  41.721 0.0000000000
31156  10.422  -35.488  43.029 0.0000000000
29168  8.964  -36.830  41.903 0.0000000000
28562  8.674  -37.323  42.431 0.0000000000
74941  8.831  -37.380  43.553 0.0000000000
29164  8.589  -37.583  43.146 0.0000000000
28563  8.410  -37.657  42.693 0.0000000000
28561  8.222  -37.821  43.211 0.0000000000
33097  4.396  -31.261  41.752 0.0000000000
80709  5.386  -31.844  40.160 0.0000000000
33730  4.934  -30.793  41.064 0.0000000000
34454  5.216  -29.516  39.579 0.0000000000
35791  5.449  -27.888  42.519 0.0000000000
35804  5.084  -27.958  41.739 0.0000000000
86850  4.835  -28.391  40.474 0.0000000000
35162  5.268  -28.517  38.585 0.0000000000
35169  5.424  -28.345  37.731 0.0000000000
36427  11.192  -26.424  40.126 0.0000000000
35134  10.940  -28.942  41.729 0.0000000000
74419  5.401  -36.434  36.469 0.0000000000
77396  6.091  -34.562  38.091 0.0000000000
29910  6.934  -36.733  43.085 0.0000000000
29909  6.384  -36.166  43.401 0.0000000000
81370  5.995  -35.424  42.780 0.0000000000
31828  4.545  -33.050  42.075 0.0000000000
32455  4.331  -32.152  41.918 0.0000000000
34416  3.903  -29.108  43.854 0.0000000000
35768  6.477  -27.941  46.867 0.0000000000
34414  11.667  -29.182  44.892 0.0000000000
34476  13.043  -29.977  36.715 0.0000000000
33777  13.382  -30.313  36.037 0.0000000000
33770  13.223  -30.794  36.825 0.0000000000
28603  8.155  -38.336  36.640 0.0000000000
28091  2.838  -39.393  34.008 0.0000000000
29225  4.323  -37.624  34.715 0.0000000000
28650  3.459  -38.907  32.531 0.0000000000
89269  4.455  -38.441  31.366 0.0000000000
28703  5.078  -38.591  29.295 0.0000000000
77009  5.937  -32.692  37.910 0.0000000000
80498  5.729  -31.947  38.408 0.0000000000
32482  5.966  -32.594  35.218 0.0000000000
29976  6.117  -36.506  31.733 0.0000000000
28702  5.264  -38.454  28.498 0.0000000000
74678  5.208  -37.673  27.996 0.0000000000
89578  9.675  -25.695  42.831 0.0000000000
37159  8.816  -25.901  41.323 0.0000000000
37181  7.232  -25.799  38.862 0.0000000000
37182  6.674  -26.345  38.883 0.0000000000
36473  6.016  -25.917  36.886 0.0000000000
35843  5.789  -27.308  36.431 0.0000000000
33802  3.671  -30.821  31.971 0.0000000000
33179  3.523  -31.741  30.710 0.0000000000
35870  4.159  -28.609  31.983 0.0000000000
33814  4.034  -30.491  31.309 0.0000000000
32547  3.434  -31.871  29.999 0.0000000000
35878  4.834  -27.370  31.767 0.0000000000
76722  3.944  -30.829  42.166 0.0000000000
85993  3.347  -30.173  44.010 0.0000000000
