#!ascii label  , from subject sub-01 vox2ras=TkReg
1787
28041  5.903  -39.821  37.090 0.6250000000
28022  5.243  -39.649  37.349 0.6250000000
28591  6.360  -38.509  36.788 0.5000000000
27514  5.427  -40.343  37.182 0.6250000000
28042  4.948  -40.069  37.887 0.5000000000
27529  6.105  -40.359  36.333 0.6250000000
27515  4.665  -40.493  37.467 0.2500000000
27530  5.351  -40.877  36.410 0.5000000000
27504  4.123  -40.160  38.246 0.2500000000
26962  4.377  -41.011  36.719 0.3750000000
27516  3.850  -40.577  37.540 0.2500000000
26979  4.137  -41.533  35.929 0.2500000000
26963  3.623  -40.951  36.663 0.2500000000
28589  7.969  -38.058  37.603 0.6250000000
28604  7.343  -38.552  36.838 0.6250000000
28590  7.235  -38.227  37.251 0.6250000000
28021  6.376  -39.010  36.889 0.6250000000
85040  7.352  -37.868  37.719 0.6250000000
28603  8.155  -38.336  36.640 0.7500000000
28040  6.833  -39.223  36.449 0.6250000000
28039  7.755  -38.848  36.078 0.6250000000
28061  7.488  -39.575  35.718 0.6250000000
26976  7.079  -40.419  35.467 0.6250000000
28062  6.644  -39.849  36.185 0.6250000000
27505  3.462  -40.085  38.000 0.2500000000
28023  4.357  -39.861  38.120 0.3750000000
26977  6.272  -41.002  35.599 0.6250000000
26964  3.025  -40.563  36.221 0.2500000000
27517  3.207  -40.309  37.133 0.2500000000
87060  5.688  -41.430  35.590 0.5000000000
26978  4.916  -41.486  35.798 0.5000000000
26389  3.982  -42.245  35.113 0.2500000000
25877  5.827  -43.522  34.287 0.2500000000
80380  5.078  -43.565  34.430 0.3750000000
25876  6.612  -43.588  34.025 0.2500000000
25354  4.037  -45.182  34.538 0.3750000000
75410  4.171  -44.189  34.294 0.3750000000
29178  9.103  -36.468  39.583 0.6250000000
29179  8.618  -37.081  38.852 0.6250000000
28588  8.419  -37.597  37.984 0.6250000000
29184  8.893  -37.186  37.632 0.6250000000
28602  8.554  -37.798  37.104 0.6250000000
28043  2.953  -39.892  37.246 0.2500000000
86767  8.500  -38.564  35.905 1.0000000000
27518  2.769  -40.102  36.564 0.2500000000
26996  7.100  -41.354  34.967 0.7500000000
26997  6.330  -41.771  35.050 0.5000000000
27528  8.212  -40.139  35.158 0.8750000000
26981  2.922  -40.771  35.257 0.2500000000
26980  3.498  -41.296  35.724 0.2500000000
27547  8.010  -41.013  34.834 0.5000000000
26998  5.546  -42.069  35.150 0.5000000000
75736  7.893  -41.860  34.493 0.5000000000
81182  7.068  -42.205  34.553 0.3750000000
26402  5.331  -42.824  34.699 0.5000000000
77261  7.023  -42.962  34.120 0.3750000000
29918  9.646  -35.859  40.240 0.6250000000
74584  8.837  -37.996  36.154 0.7500000000
28063  2.699  -39.691  36.248 0.2500000000
28060  8.603  -39.302  35.507 1.0000000000
28081  2.457  -40.071  34.424 0.2500000000
28064  2.603  -40.147  35.596 0.2500000000
87545  2.638  -40.364  34.900 0.2500000000
27527  9.205  -40.021  35.049 0.8750000000
27546  8.984  -40.808  34.790 0.5000000000
26999  2.664  -40.884  34.205 0.2500000000
27545  9.756  -40.596  34.787 0.3750000000
74010  11.824  -39.782  34.816 0.3750000000
27543  11.634  -40.592  34.607 0.1250000000
27544  10.621  -40.770  34.625 0.3750000000
26995  8.805  -41.616  34.476 0.2500000000
89014  11.212  -39.250  34.891 0.5000000000
28079  10.966  -39.928  34.873 0.3750000000
74937  12.580  -39.475  34.656 0.5000000000
28078  11.831  -38.913  34.700 0.2500000000
30557  10.917  -34.939  40.038 0.5000000000
30564  10.354  -35.340  38.487 0.5000000000
29923  9.822  -35.861  37.837 0.5000000000
29921  9.674  -35.852  39.029 0.6250000000
84944  9.210  -37.350  36.576 0.7500000000
29196  9.579  -36.534  37.029 0.8750000000
28618  9.393  -38.583  35.514 1.0000000000
28058  10.366  -39.110  35.069 0.7500000000
28617  10.329  -38.122  35.243 0.7500000000
78839  12.459  -37.644  33.996 0.3750000000
28057  11.093  -38.484  34.898 0.7500000000
28629  13.375  -38.156  34.214 0.2500000000
28630  12.551  -38.541  34.386 0.3750000000
28631  11.738  -37.929  34.430 0.5000000000
30560  10.970  -34.864  39.071 0.5000000000
31166  11.636  -34.384  38.511 0.5000000000
30567  10.427  -35.357  37.383 0.7500000000
30563  11.000  -34.879  37.972 0.5000000000
79196  10.031  -35.812  36.896 0.8750000000
29197  9.634  -37.664  35.743 1.0000000000
29944  10.489  -36.460  35.430 0.7500000000
75423  9.854  -36.854  35.995 0.8750000000
85988  10.791  -35.710  35.421 0.8750000000
29210  10.402  -37.257  35.372 0.7500000000
29223  11.003  -36.879  34.970 0.8750000000
29209  11.018  -37.639  34.895 0.8750000000
29221  11.847  -37.088  34.100 0.6250000000
29222  11.439  -37.207  34.569 0.7500000000
29220  13.022  -37.243  33.663 0.5000000000
78242  12.481  -36.426  33.294 0.6250000000
29954  11.754  -36.368  33.814 0.6250000000
29955  11.383  -36.576  34.434 0.8750000000
31833  12.630  -33.186  38.166 0.6250000000
31167  12.183  -33.875  37.900 0.7500000000
31168  11.624  -34.423  37.450 0.7500000000
31835  12.618  -33.435  37.219 0.6250000000
79865  12.148  -34.034  37.049 0.7500000000
30566  11.011  -34.930  36.891 0.7500000000
30570  10.993  -35.052  35.949 0.8750000000
30593  10.998  -36.251  34.934 0.8750000000
30592  11.310  -35.867  34.477 0.8750000000
29943  13.832  -35.919  33.107 0.3750000000
30590  12.815  -35.633  33.165 0.7500000000
31174  13.967  -34.786  32.984 0.1250000000
85230  12.911  -32.559  38.319 0.5000000000
31170  12.348  -33.784  36.241 0.7500000000
31171  11.597  -34.416  36.269 0.8750000000
30581  11.492  -35.025  35.024 0.8750000000
31176  12.617  -33.784  35.037 1.0000000000
86931  12.779  -34.251  34.146 0.7500000000
30591  11.890  -35.578  33.847 0.8750000000
31175  13.334  -33.578  33.855 0.7500000000
30579  13.182  -34.857  33.284 0.7500000000
30580  12.363  -34.698  34.245 0.7500000000
31183  14.550  -34.892  33.019 0.2500000000
75185  13.014  -32.654  37.436 0.5000000000
78778  13.284  -32.414  36.662 0.8750000000
32473  13.344  -32.532  35.780 0.8750000000
31837  12.951  -33.082  36.250 1.0000000000
31840  13.077  -33.185  34.955 1.0000000000
31184  13.771  -34.060  33.140 0.7500000000
76243  13.117  -33.992  34.048 0.7500000000
31192  14.020  -34.022  32.878 0.8750000000
32467  13.511  -31.931  36.346 0.6250000000
32460  13.147  -32.116  37.974 0.5000000000
32472  13.547  -32.108  35.371 0.8750000000
32481  13.582  -32.364  34.297 0.8750000000
31839  13.374  -32.741  34.686 1.0000000000
86226  13.582  -33.231  33.692 1.0000000000
76937  13.849  -33.155  32.880 0.8750000000
80501  13.684  -33.037  33.474 1.0000000000
81597  19.581  -37.545  29.679 0.1250000000
29265  18.995  -37.105  29.807 0.5000000000
29264  19.278  -37.272  28.993 0.3750000000
29983  18.575  -36.619  29.040 0.7500000000
33132  13.575  -31.606  34.966 0.7500000000
33145  13.736  -31.612  33.136 0.8750000000
33137  13.641  -31.621  34.043 0.8750000000
77300  13.706  -32.364  33.453 0.8750000000
74214  14.058  -33.194  32.202 0.8750000000
84915  14.913  -33.783  31.100 0.7500000000
31854  14.550  -33.899  31.866 0.8750000000
29277  19.666  -37.474  28.155 0.2500000000
29263  19.994  -37.762  29.100 0.2500000000
87700  19.297  -37.019  27.774 0.5000000000
29989  18.525  -36.366  28.133 0.6250000000
30626  18.043  -35.761  28.609 0.7500000000
30627  17.572  -35.023  28.635 0.7500000000
33790  13.663  -30.828  33.656 0.8750000000
32493  13.836  -32.413  32.655 0.8750000000
32520  14.276  -32.411  30.955 0.8750000000
32507  14.016  -32.441  31.825 0.8750000000
31865  14.344  -33.171  31.424 0.8750000000
84257  15.509  -33.423  29.629 0.7500000000
31875  14.688  -33.052  30.604 0.7500000000
31884  15.861  -34.011  29.991 0.7500000000
31227  17.353  -34.236  28.200 0.7500000000
31228  16.686  -33.948  28.749 0.7500000000
89035  19.578  -36.548  27.035 0.7500000000
30636  18.428  -35.669  27.699 0.8750000000
31226  17.949  -34.959  27.988 0.7500000000
80111  14.030  -30.925  31.711 0.8750000000
33157  13.886  -31.648  32.245 0.8750000000
33168  14.079  -31.707  31.368 0.8750000000
32534  14.631  -32.337  30.098 0.7500000000
33178  14.390  -31.682  30.506 0.8750000000
31885  15.054  -32.924  29.783 0.7500000000
32554  15.823  -32.474  28.008 0.7500000000
77771  16.026  -33.670  29.195 0.7500000000
31897  16.204  -33.219  28.385 0.7500000000
31238  19.175  -34.339  27.093 0.8750000000
31239  18.499  -34.726  27.444 0.8750000000
31240  17.958  -34.182  27.659 0.8750000000
33788  21.852  -30.425  33.863 0.3750000000
33799  21.352  -29.233  32.708 0.6250000000
32492  22.568  -31.739  33.412 0.5000000000
33144  22.203  -31.075  33.225 0.6250000000
33798  21.760  -30.222  32.814 0.6250000000
86557  21.443  -29.687  32.085 0.7500000000
84467  21.053  -28.818  31.719 0.8750000000
87885  20.639  -28.714  31.105 0.7500000000
35200  20.325  -28.170  31.228 0.6250000000
35214  18.803  -28.169  30.466 0.8750000000
75695  18.080  -28.217  29.998 0.8750000000
35231  16.596  -27.939  29.946 0.8750000000
32505  22.751  -32.185  32.777 0.7500000000
32506  22.369  -31.666  32.770 0.7500000000
33156  22.073  -31.102  32.361 0.6250000000
33811  21.676  -30.425  31.841 1.0000000000
33812  21.197  -29.779  31.340 1.0000000000
34506  20.743  -29.218  30.893 1.0000000000
34521  19.621  -29.014  29.950 0.8750000000
34522  18.837  -28.658  29.925 0.8750000000
35230  17.112  -28.355  29.486 0.8750000000
82881  16.279  -28.282  29.541 0.8750000000
80416  14.390  -30.185  31.087 0.8750000000
32491  23.043  -32.160  33.502 0.7500000000
77330  23.074  -32.692  32.020 0.8750000000
75205  21.936  -31.953  31.174 0.8750000000
33176  21.525  -31.410  30.620 0.8750000000
33826  21.366  -30.583  30.972 1.0000000000
75888  20.818  -29.961  30.490 1.0000000000
34534  19.836  -29.595  29.310 0.8750000000
34535  18.942  -29.241  29.161 0.8750000000
34536  17.259  -29.039  28.801 0.8750000000
34537  16.278  -28.913  28.982 0.8750000000
34538  15.535  -29.457  29.259 0.8750000000
33844  15.208  -30.430  29.357 0.8750000000
76302  14.717  -30.843  30.147 0.8750000000
31864  23.190  -33.008  31.066 0.8750000000
32533  21.943  -32.263  30.345 0.8750000000
33177  20.943  -30.744  30.042 1.0000000000
33840  20.445  -30.071  29.555 1.0000000000
76618  18.059  -29.256  28.762 0.8750000000
34553  15.973  -29.696  28.582 0.8750000000
33843  15.657  -30.362  28.623 0.8750000000
84528  15.069  -31.174  29.359 0.8750000000
31873  23.192  -33.141  30.212 1.0000000000
32532  22.475  -32.840  29.777 0.8750000000
32544  21.721  -32.325  29.262 0.8750000000
33195  21.065  -31.687  28.627 1.0000000000
87757  20.226  -30.665  28.217 1.0000000000
33856  19.709  -30.480  28.080 1.0000000000
33857  18.847  -30.413  28.011 1.0000000000
33858  17.881  -30.341  27.897 0.8750000000
33859  16.933  -30.326  27.915 0.7500000000
84139  15.760  -31.155  28.015 0.7500000000
33860  15.382  -31.101  28.726 0.8750000000
33189  14.770  -31.685  29.672 0.7500000000
77328  23.712  -33.480  28.880 1.0000000000
31883  23.119  -33.221  29.333 1.0000000000
32543  22.332  -32.902  28.840 0.8750000000
33196  20.526  -31.192  28.050 1.0000000000
33873  19.243  -31.008  27.623 1.0000000000
33874  18.289  -31.028  27.620 0.8750000000
33875  17.320  -31.025  27.618 0.7500000000
33876  16.437  -31.046  27.685 0.7500000000
88614  15.435  -31.621  28.314 0.7500000000
84145  15.334  -32.126  28.435 0.7500000000
76345  24.795  -33.204  27.170 1.0000000000
31894  24.304  -33.486  28.425 1.0000000000
31896  22.149  -33.009  27.960 1.0000000000
32563  21.286  -32.738  27.650 1.0000000000
80263  20.164  -32.105  27.243 1.0000000000
33209  19.666  -31.578  27.354 0.8750000000
33210  18.666  -31.769  27.283 0.8750000000
32567  17.679  -32.223  27.289 0.7500000000
84393  16.928  -32.367  27.470 0.7500000000
32555  15.678  -31.866  27.839 0.7500000000
31920  24.351  -33.595  26.661 1.0000000000
31921  23.708  -33.896  26.861 0.8750000000
31236  22.950  -33.956  26.869 0.8750000000
31237  22.104  -33.946  26.833 0.8750000000
31908  21.737  -33.404  27.322 0.8750000000
84225  20.624  -32.588  27.358 0.8750000000
32564  20.119  -33.009  27.030 0.8750000000
31910  19.301  -33.329  27.106 0.8750000000
32566  18.532  -32.745  27.218 0.8750000000
31912  17.541  -33.209  27.553 0.8750000000
31913  16.559  -32.780  27.745 0.7500000000
31245  23.857  -34.102  26.042 1.0000000000
31246  23.135  -34.370  26.143 0.8750000000
31247  22.347  -34.487  26.260 0.8750000000
89548  21.673  -34.492  26.434 0.8750000000
31923  20.503  -33.755  26.919 0.8750000000
31924  19.879  -33.960  26.860 0.8750000000
31249  20.444  -34.497  26.634 0.8750000000
32490  23.606  -32.424  33.694 0.7500000000
75525  23.952  -32.781  33.103 0.7500000000
32504  23.732  -32.879  32.415 0.7500000000
31863  23.881  -33.130  31.617 1.0000000000
31872  23.800  -33.297  30.655 1.0000000000
77565  24.377  -33.149  30.922 1.0000000000
31871  24.923  -33.076  29.822 1.0000000000
31881  24.332  -33.390  29.349 1.0000000000
31893  25.060  -33.036  28.857 1.0000000000
32562  25.458  -32.694  27.278 1.0000000000
31853  24.335  -32.889  32.386 0.8750000000
32531  24.913  -32.857  30.958 1.0000000000
82305  25.473  -32.703  28.135 1.0000000000
32574  25.638  -32.479  26.461 1.0000000000
32573  26.014  -32.069  25.967 0.8750000000
33232  26.272  -31.421  25.415 0.8750000000
33895  26.628  -30.582  25.049 0.7500000000
33915  27.617  -30.937  23.544 0.7500000000
77844  24.714  -32.559  33.192 0.8750000000
32503  25.284  -32.519  32.322 0.8750000000
32517  24.688  -32.914  31.604 1.0000000000
32516  25.406  -32.537  31.342 1.0000000000
32530  25.413  -32.641  30.450 1.0000000000
32552  25.852  -32.423  28.703 1.0000000000
32551  26.262  -31.786  28.486 1.0000000000
32542  25.630  -32.589  29.541 1.0000000000
32541  26.253  -32.101  29.316 1.0000000000
33206  26.195  -31.741  27.629 1.0000000000
78966  26.014  -32.243  27.866 1.0000000000
32561  26.120  -32.067  26.928 1.0000000000
33870  26.067  -31.107  26.924 1.0000000000
33884  26.196  -30.804  25.956 1.0000000000
34603  27.138  -30.038  24.588 0.6250000000
35282  27.094  -29.168  24.748 0.6250000000
33914  28.107  -30.928  23.365 0.6250000000
34608  27.925  -30.265  23.749 0.7500000000
34602  27.630  -29.656  24.223 0.6250000000
35281  27.731  -28.790  24.375 0.6250000000
75522  26.027  -32.156  31.791 0.8750000000
32515  26.043  -32.179  30.938 1.0000000000
33175  26.362  -31.730  30.602 1.0000000000
32529  26.141  -32.196  30.110 1.0000000000
33186  26.355  -31.653  29.860 1.0000000000
84804  26.289  -31.527  29.207 1.0000000000
75079  25.921  -30.973  27.898 1.0000000000
33885  25.996  -30.176  26.453 1.0000000000
80642  26.308  -30.077  25.743 1.0000000000
34580  26.001  -29.308  26.005 0.7500000000
34592  26.596  -29.630  25.241 0.7500000000
35271  26.443  -28.706  25.298 0.7500000000
33166  26.339  -31.651  31.372 0.8750000000
33824  26.272  -30.988  30.341 0.8750000000
33838  26.166  -30.888  29.587 0.8750000000
33854  26.020  -30.881  28.776 1.0000000000
33871  25.730  -30.200  27.303 1.0000000000
34581  25.684  -29.568  26.779 1.0000000000
35270  27.108  -28.240  24.799 0.6250000000
84654  26.329  -31.108  30.990 0.8750000000
76210  26.236  -30.286  30.893 0.8750000000
34519  25.649  -29.215  29.770 1.0000000000
33825  25.994  -30.110  30.098 1.0000000000
33839  25.750  -30.040  29.234 1.0000000000
35228  25.346  -28.408  29.385 1.0000000000
33855  25.517  -29.960  28.243 1.0000000000
34533  25.344  -29.141  28.883 1.0000000000
34549  25.157  -29.014  28.121 1.0000000000
34565  25.366  -29.337  27.443 1.0000000000
35250  25.086  -28.430  27.525 1.0000000000
35931  25.339  -27.823  26.787 1.0000000000
35260  25.458  -28.782  26.715 1.0000000000
35259  25.844  -28.248  25.993 0.8750000000
35942  26.465  -27.717  25.379 0.6250000000
36580  26.738  -26.788  25.674 0.7500000000
35941  27.264  -27.303  24.939 0.6250000000
36579  27.558  -26.406  25.273 0.6250000000
35243  25.033  -28.208  28.490 1.0000000000
35922  25.096  -27.494  27.715 1.0000000000
35930  25.986  -27.283  26.190 1.0000000000
36564  26.345  -26.400  26.559 0.8750000000
81061  25.267  -27.761  29.128 1.0000000000
35910  25.270  -27.292  28.566 1.0000000000
36539  25.676  -26.669  28.701 1.0000000000
36551  25.435  -26.651  27.965 1.0000000000
35921  25.643  -26.922  27.085 1.0000000000
36563  27.179  -25.976  26.153 0.8750000000
36562  28.020  -25.640  25.860 0.7500000000
35898  25.705  -27.156  29.393 1.0000000000
36538  26.031  -26.126  28.334 1.0000000000
36550  26.052  -26.138  27.482 1.0000000000
36549  26.882  -25.757  27.092 1.0000000000
37334  27.758  -25.421  26.798 0.8750000000
37333  28.620  -25.194  26.618 0.8750000000
37332  29.311  -25.000  26.514 0.8750000000
37331  29.940  -24.862  26.545 0.8750000000
37344  29.986  -25.125  25.097 0.6250000000
85957  26.531  -26.839  30.657 0.8750000000
35897  26.201  -26.809  29.966 1.0000000000
36528  26.228  -26.311  29.256 1.0000000000
74348  26.730  -26.313  30.078 1.0000000000
36527  27.126  -25.774  29.422 1.0000000000
37306  26.623  -25.805  28.708 1.0000000000
37305  27.275  -25.460  28.551 1.0000000000
37319  26.646  -25.647  27.968 1.0000000000
37292  27.794  -25.396  29.093 1.0000000000
37318  27.476  -25.326  27.714 1.0000000000
37303  29.180  -25.102  28.379 1.0000000000
37317  28.406  -25.113  27.529 1.0000000000
37316  29.281  -24.969  27.359 0.8750000000
77685  29.865  -24.866  27.171 0.8750000000
37315  30.392  -24.835  27.432 1.0000000000
37329  30.979  -24.718  26.221 0.7500000000
37314  30.914  -24.817  27.243 0.8750000000
35871  27.052  -26.745  31.363 0.7500000000
86098  27.047  -26.377  30.725 0.8750000000
36521  27.422  -25.961  30.320 0.8750000000
36520  28.178  -25.804  30.644 0.8750000000
37283  27.969  -25.571  29.820 1.0000000000
37282  28.847  -25.624  30.061 0.8750000000
37291  28.564  -25.358  29.201 1.0000000000
37304  28.094  -25.180  28.417 1.0000000000
74775  30.806  -24.973  28.141 1.0000000000
75301  30.016  -24.907  27.902 1.0000000000
36505  27.866  -27.106  32.933 0.7500000000
74757  27.841  -26.492  32.021 0.7500000000
75751  27.602  -26.170  31.108 0.8750000000
36512  28.855  -26.176  31.928 0.8750000000
36513  28.284  -26.037  31.375 0.8750000000
37272  29.091  -25.848  31.013 0.8750000000
37280  30.627  -25.647  30.529 0.8750000000
37281  29.766  -25.645  30.279 1.0000000000
37290  29.527  -25.399  29.401 1.0000000000
37289  30.474  -25.453  29.675 1.0000000000
78548  30.243  -25.167  28.779 1.0000000000
77253  31.611  -25.024  28.231 1.0000000000
78549  31.246  -25.243  29.065 1.0000000000
37328  32.140  -24.731  26.768 0.8750000000
37313  31.856  -24.883  27.495 0.8750000000
36504  28.678  -26.605  32.751 0.6250000000
36495  30.342  -26.275  33.289 0.8750000000
36503  29.568  -26.285  32.572 0.8750000000
37262  31.071  -25.961  32.841 0.8750000000
37263  30.408  -26.024  32.337 0.8750000000
37271  29.766  -26.004  31.714 0.8750000000
37261  31.718  -25.769  32.427 0.5000000000
74162  31.089  -25.836  32.141 0.7500000000
74848  29.990  -25.801  30.997 0.8750000000
74127  32.320  -25.608  31.950 0.7500000000
37269  31.590  -25.699  31.645 0.7500000000
37270  30.697  -25.800  31.453 0.8750000000
37279  31.445  -25.606  30.822 0.8750000000
37278  32.275  -25.507  31.112 0.8750000000
78584  32.115  -25.432  30.263 1.0000000000
87473  31.892  -25.356  29.578 1.0000000000
37302  32.283  -24.992  28.301 1.0000000000
37312  32.694  -24.835  27.851 1.0000000000
37953  32.443  -24.289  25.765 0.7500000000
37960  32.096  -23.783  24.293 0.7500000000
35858  28.662  -27.119  33.544 0.5000000000
36496  29.431  -26.651  33.394 0.6250000000
75489  30.028  -26.655  33.998 0.5000000000
74262  32.455  -25.648  32.753 0.5000000000
37252  31.808  -25.836  33.245 0.5000000000
37260  32.944  -25.481  32.273 0.5000000000
37268  33.021  -25.388  31.547 0.5000000000
37277  33.149  -25.181  30.526 1.0000000000
37287  32.574  -25.162  29.647 1.0000000000
83056  32.924  -24.881  28.868 1.0000000000
37946  33.116  -24.588  27.224 1.0000000000
37989  35.453  -24.055  22.703 0.1250000000
38580  34.322  -23.732  23.261 0.2500000000
38581  33.251  -23.682  23.459 0.5000000000
38561  32.898  -23.488  23.958 0.5000000000
36487  29.418  -27.119  34.154 0.3750000000
36494  30.841  -26.379  34.274 0.7500000000
86922  31.480  -26.225  34.864 0.3750000000
37244  32.603  -25.675  34.566 0.2500000000
37245  31.799  -25.927  34.185 0.3750000000
88483  31.159  -26.075  33.569 0.3750000000
74378  33.432  -25.370  34.546 0.2500000000
37251  32.701  -25.617  33.706 0.3750000000
37250  33.567  -25.361  33.701 0.3750000000
87653  33.930  -24.436  27.677 0.8750000000
37952  33.543  -23.651  25.168 0.7500000000
78984  33.724  -24.196  26.664 0.8750000000
37988  36.415  -23.997  22.622 0.1250000000
87200  35.148  -23.861  22.950 0.1250000000
38570  33.830  -23.405  23.752 0.5000000000
38588  36.957  -23.667  22.969 0.1250000000
38589  35.896  -23.739  22.842 0.1250000000
35851  30.236  -27.074  34.780 0.2500000000
37183  33.577  -24.858  38.092 0.2500000000
37199  33.205  -25.549  37.895 0.2500000000
36478  31.020  -26.708  35.148 0.1250000000
36467  33.069  -25.867  37.178 0.2500000000
36468  32.733  -26.054  36.788 0.2500000000
36477  31.664  -26.308  35.644 0.2500000000
37219  33.565  -25.186  36.776 0.2500000000
36475  33.207  -25.458  36.210 0.2500000000
36476  32.424  -25.879  35.983 0.2500000000
37198  33.978  -24.690  36.958 0.2500000000
36486  32.147  -25.897  35.092 0.2500000000
73835  34.087  -25.050  35.854 0.2500000000
37234  32.917  -25.548  35.298 0.2500000000
37233  33.585  -25.245  35.394 0.2500000000
85482  34.082  -25.218  33.146 0.5000000000
37259  33.734  -25.259  32.189 0.5000000000
37267  33.750  -25.141  31.302 0.7500000000
37286  33.843  -24.851  30.032 1.0000000000
37301  33.942  -24.705  29.242 1.0000000000
86129  34.635  -23.389  23.658 0.5000000000
79257  33.801  -23.353  24.296 0.5000000000
38578  36.189  -23.391  23.202 0.1250000000
39195  36.058  -23.096  23.673 0.1250000000
89534  33.094  -25.695  37.447 0.2500000000
37218  34.657  -24.853  36.197 0.2500000000
75615  34.290  -25.078  35.017 0.2500000000
74282  34.340  -25.117  34.072 0.3750000000
37941  33.551  -24.664  28.255 1.0000000000
38560  34.553  -23.358  24.843 0.6250000000
39196  35.317  -23.137  23.910 0.3750000000
37232  35.040  -24.899  35.493 0.2500000000
75652  34.728  -25.023  32.513 0.5000000000
37266  34.534  -24.990  31.630 0.7500000000
37276  34.294  -24.871  30.731 1.0000000000
84898  34.534  -24.439  28.501 1.0000000000
38554  34.590  -23.754  26.464 1.0000000000
39190  35.373  -23.125  24.620 0.7500000000
88772  35.021  -24.942  33.983 0.5000000000
37258  34.895  -24.964  33.393 0.5000000000
37265  35.487  -24.859  31.922 1.0000000000
37934  34.578  -24.657  29.968 1.0000000000
87889  34.789  -24.509  29.361 1.0000000000
37945  34.617  -24.140  27.500 1.0000000000
74624  34.722  -23.497  25.669 1.0000000000
39181  36.210  -22.853  25.264 0.8750000000
39182  35.481  -23.228  25.519 1.0000000000
37243  35.207  -24.911  34.610 0.2500000000
37257  35.592  -24.833  32.853 0.5000000000
37275  35.145  -24.734  31.180 1.0000000000
37929  35.067  -24.623  30.524 1.0000000000
73782  35.360  -24.297  29.098 1.0000000000
38547  35.388  -23.694  27.366 1.0000000000
38553  35.491  -23.396  26.466 1.0000000000
39170  36.321  -22.818  26.370 0.6250000000
75189  36.970  -22.555  24.940 0.3750000000
39885  38.748  -21.644  25.606 0.1250000000
39180  37.435  -22.086  25.850 0.3750000000
37928  35.769  -24.551  30.868 1.0000000000
37923  36.117  -24.607  31.620 1.0000000000
89246  35.659  -24.680  31.399 1.0000000000
74539  36.426  -24.247  31.223 1.0000000000
37927  36.152  -24.237  30.314 1.0000000000
38530  36.533  -23.772  30.732 1.0000000000
76586  35.440  -24.475  29.945 1.0000000000
37933  35.904  -24.193  29.584 1.0000000000
81767  36.347  -23.068  30.303 1.0000000000
38533  36.284  -23.658  29.762 1.0000000000
38540  35.922  -23.815  28.885 1.0000000000
37940  35.352  -24.072  28.240 1.0000000000
78268  36.287  -23.215  29.105 1.0000000000
38539  36.262  -23.181  28.417 1.0000000000
80247  35.876  -23.638  28.070 1.0000000000
38546  36.165  -23.125  27.461 1.0000000000
39161  36.772  -22.347  27.398 0.8750000000
39876  37.719  -21.631  26.653 0.3750000000
39169  37.044  -22.118  26.617 0.5000000000
77424  36.800  -22.454  25.805 0.5000000000
89122  38.084  -21.746  25.960 0.1250000000
39145  36.365  -22.766  29.619 1.0000000000
39153  36.502  -22.560  28.979 1.0000000000
76474  36.655  -22.508  28.228 1.0000000000
39865  38.516  -20.626  27.580 0.3750000000
39875  38.511  -21.192  26.618 0.2500000000
39136  36.015  -22.749  31.646 0.7500000000
39135  36.724  -23.368  32.070 0.8750000000
79247  35.317  -22.348  31.258 0.8750000000
39140  35.993  -22.367  30.831 0.8750000000
39139  36.469  -23.191  31.126 1.0000000000
38526  36.898  -23.876  31.738 0.8750000000
87970  36.202  -22.724  30.566 0.8750000000
39855  36.790  -21.683  29.010 1.0000000000
39866  37.036  -21.858  28.186 1.0000000000
39160  37.421  -21.584  27.567 0.8750000000
39854  37.324  -21.004  28.564 0.7500000000
40499  38.382  -20.243  28.158 0.3750000000
40500  37.932  -20.778  28.033 0.6250000000
85997  37.987  -21.129  27.294 0.6250000000
40498  38.979  -20.119  27.818 0.1250000000
39141  35.349  -21.991  30.702 0.8750000000
39829  35.725  -21.706  30.236 1.0000000000
39828  36.212  -22.211  30.118 1.0000000000
39840  36.196  -21.272  29.721 1.0000000000
80368  36.474  -22.052  29.531 1.0000000000
40488  37.847  -20.248  28.531 0.7500000000
73718  38.728  -19.394  27.097 0.8750000000
41115  38.165  -19.568  28.103 0.3750000000
40487  38.468  -19.942  28.215 0.6250000000
41777  39.447  -18.944  25.744 0.3750000000
73973  38.636  -19.037  26.457 0.7500000000
41130  38.759  -19.730  27.689 0.5000000000
75833  40.392  -18.923  25.485 0.2500000000
41795  40.750  -18.608  24.698 0.2500000000
39830  34.943  -21.526  30.317 0.7500000000
39841  35.425  -20.953  29.920 0.8750000000
40473  35.998  -20.223  29.678 1.0000000000
40472  36.793  -20.571  29.213 1.0000000000
40471  37.310  -19.991  28.878 0.8750000000
87359  37.316  -20.409  28.820 0.8750000000
41727  37.612  -19.194  28.159 0.8750000000
41116  37.814  -19.724  28.463 0.6250000000
74125  37.822  -18.737  26.430 1.0000000000
41761  37.930  -19.008  27.117 1.0000000000
41742  38.071  -19.267  27.690 0.8750000000
41796  39.856  -18.660  24.822 0.6250000000
41810  41.191  -18.355  23.883 0.5000000000
41811  40.265  -18.402  23.924 0.8750000000
39831  33.990  -21.510  30.384 0.7500000000
39842  34.489  -20.945  29.872 0.8750000000
40474  35.052  -20.186  29.589 1.0000000000
41101  36.562  -19.687  29.134 1.0000000000
41118  36.349  -18.982  28.672 1.0000000000
74281  35.649  -18.298  26.732 1.0000000000
41763  36.428  -18.294  26.863 1.0000000000
41744  36.660  -18.414  27.645 1.0000000000
41728  36.889  -18.758  28.194 1.0000000000
41117  37.111  -19.393  28.579 1.0000000000
41762  37.197  -18.602  27.082 1.0000000000
87426  36.549  -18.337  26.230 1.0000000000
74124  37.046  -18.473  26.320 1.0000000000
41743  37.379  -18.819  27.695 1.0000000000
41779  37.642  -18.528  25.605 0.8750000000
41778  38.503  -18.723  25.717 0.8750000000
88855  39.076  -18.638  25.040 0.7500000000
42448  40.773  -17.997  23.106 0.7500000000
39843  33.520  -21.036  29.813 0.6250000000
40490  33.085  -20.600  29.270 0.6250000000
40475  34.048  -20.370  29.386 0.6250000000
41103  34.590  -19.649  29.011 0.8750000000
41102  35.628  -19.401  29.125 1.0000000000
41747  34.393  -18.787  26.986 0.5000000000
41119  35.035  -19.053  28.494 1.0000000000
41764  34.843  -18.544  26.481 0.6250000000
41746  35.157  -18.514  27.285 1.0000000000
41730  35.433  -18.504  28.014 1.0000000000
85617  35.730  -18.777  28.530 1.0000000000
41745  35.926  -18.225  27.532 1.0000000000
41729  36.164  -18.415  28.161 1.0000000000
75656  35.351  -18.364  25.886 0.7500000000
84054  36.093  -18.260  26.110 0.8750000000
41780  36.726  -18.370  25.549 0.7500000000
41798  37.432  -18.418  24.699 0.7500000000
41797  38.339  -18.527  24.835 0.7500000000
41812  39.189  -18.459  24.072 1.0000000000
43131  41.315  -17.330  22.421 0.6250000000
41136  33.445  -19.160  27.053 0.5000000000
41121  33.488  -19.447  27.978 0.5000000000
40489  33.516  -19.892  28.768 0.5000000000
41765  33.908  -18.771  26.284 0.5000000000
41120  34.230  -19.345  28.424 0.6250000000
41131  34.484  -18.940  27.768 0.6250000000
41782  34.470  -18.495  25.660 0.3750000000
41781  35.895  -18.271  25.265 0.6250000000
41799  36.524  -18.316  24.557 0.6250000000
41813  38.145  -18.391  23.883 0.7500000000
42450  38.820  -18.078  23.102 0.8750000000
42484  39.917  -17.010  21.740 0.8750000000
42465  40.336  -17.493  22.402 1.0000000000
42466  39.411  -17.588  22.373 0.8750000000
42449  39.800  -18.042  23.132 0.8750000000
43147  40.784  -16.837  21.769 1.0000000000
43130  41.930  -16.913  22.120 0.3750000000
41783  33.493  -18.585  25.455 0.3750000000
76038  35.044  -18.294  25.045 0.3750000000
41800  35.645  -18.258  24.384 0.5000000000
41814  37.201  -18.299  23.763 0.6250000000
42451  37.861  -18.048  23.009 0.6250000000
42467  38.485  -17.633  22.310 0.7500000000
42485  39.055  -17.152  21.660 0.8750000000
43745  41.263  -15.872  21.382 0.8750000000
75108  34.132  -18.364  24.838 0.3750000000
41815  36.278  -18.219  23.647 0.6250000000
42468  37.556  -17.683  22.195 0.6250000000
43148  39.500  -16.542  21.161 0.7500000000
43746  40.314  -16.286  21.254 0.8750000000
87649  40.493  -15.482  21.099 0.8750000000
41817  34.747  -18.232  24.205 0.3750000000
41816  35.372  -18.165  23.515 0.5000000000
42469  36.561  -17.765  21.956 0.3750000000
42452  36.922  -18.077  22.879 0.6250000000
42486  38.164  -17.229  21.581 0.3750000000
43149  38.700  -16.706  21.041 0.3750000000
43747  39.728  -15.692  20.845 0.3750000000
79666  40.125  -14.693  20.982 0.5000000000
82043  40.917  -14.744  21.260 0.7500000000
79062  41.353  -13.837  21.535 0.6250000000
44369  42.116  -13.918  21.883 0.8750000000
42487  37.300  -17.388  21.390 0.2500000000
43159  38.343  -16.242  20.479 0.1250000000
43752  38.920  -15.567  20.570 0.1250000000
42499  37.838  -16.873  20.881 0.1250000000
42488  36.587  -17.507  21.120 0.1250000000
42500  37.018  -17.146  20.636 0.1250000000
43160  37.448  -16.561  20.224 0.1250000000
43169  37.788  -15.960  19.921 0.1250000000
43753  38.301  -15.577  20.326 0.1250000000
44391  38.448  -14.715  20.584 0.1250000000
43754  37.769  -15.165  20.228 0.1250000000
44381  39.306  -14.703  20.793 0.2500000000
26388  4.688  -42.194  35.212 0.5000000000
25369  6.238  -44.291  34.132 0.2500000000
25370  5.472  -44.247  34.294 0.2500000000
25371  4.791  -44.221  34.367 0.3750000000
74638  4.103  -43.188  34.508 0.3750000000
29183  9.208  -36.510  38.318 0.6250000000
26390  3.275  -41.792  34.701 0.2500000000
26401  6.258  -42.691  34.536 0.6250000000
28080  2.693  -39.560  35.165 0.2500000000
28059  9.546  -39.405  35.229 0.8750000000
26405  2.776  -41.964  33.750 0.2500000000
26994  9.803  -41.375  34.439 0.3750000000
26992  12.302  -41.315  34.302 0.1250000000
74184  11.986  -42.019  33.930 0.1250000000
26993  11.393  -41.365  34.249 0.1250000000
81479  10.651  -41.519  34.223 0.2500000000
27526  10.092  -39.988  34.995 0.5000000000
84955  12.264  -36.965  33.627 0.6250000000
29931  10.136  -36.086  36.125 0.7500000000
30571  10.502  -35.453  36.390 0.7500000000
29953  13.693  -36.702  33.427 0.5000000000
30578  14.277  -35.658  33.189 0.3750000000
31177  12.037  -34.256  35.363 1.0000000000
32462  13.334  -32.049  37.221 0.5000000000
84072  13.565  -31.587  35.731 0.7500000000
33117  13.344  -31.499  37.008 0.6250000000
31855  14.185  -33.831  32.443 0.8750000000
79220  18.428  -36.556  30.037 0.5000000000
29254  18.800  -36.970  30.694 0.1250000000
29988  18.992  -36.945  28.213 0.3750000000
33783  13.562  -30.894  34.592 0.7500000000
88947  19.056  -36.432  27.424 0.5000000000
31898  15.507  -32.872  28.908 0.6250000000
31874  15.245  -33.603  30.317 0.7500000000
31213  15.585  -34.262  30.782 0.7500000000
85015  16.854  -33.494  28.068 0.8750000000
30007  19.666  -36.002  26.662 0.7500000000
30635  19.041  -35.375  27.099 0.8750000000
33827  14.274  -31.066  30.942 0.8750000000
32545  14.998  -32.271  29.249 0.7500000000
31250  19.738  -34.938  26.737 0.7500000000
31911  18.527  -33.734  27.371 0.8750000000
34499  21.012  -28.481  32.612 0.5000000000
35212  20.235  -28.786  30.629 0.8750000000
35213  19.538  -28.408  30.543 0.8750000000
35201  19.303  -27.746  31.110 0.6250000000
35884  18.266  -27.748  30.702 0.7500000000
35215  17.345  -27.799  30.253 0.7500000000
32519  22.239  -32.017  32.022 0.8750000000
33167  21.815  -31.252  31.508 0.8750000000
34520  20.289  -29.419  30.127 1.0000000000
35229  18.063  -28.756  29.326 0.8750000000
75295  23.393  -32.554  32.910 0.7500000000
32518  22.491  -32.490  31.209 0.7500000000
33842  19.338  -29.963  28.634 0.8750000000
34552  16.622  -29.643  28.390 0.8750000000
34523  14.926  -29.658  30.155 0.8750000000
89086  22.654  -32.790  30.539 0.8750000000
33187  21.262  -31.552  29.631 1.0000000000
33188  20.647  -30.817  28.918 1.0000000000
33841  20.082  -30.205  28.717 1.0000000000
34550  18.444  -29.784  28.424 0.8750000000
34551  17.515  -29.690  28.291 0.8750000000
76098  16.150  -30.349  28.105 0.8750000000
33197  15.132  -31.693  28.906 0.7500000000
31882  23.768  -33.417  29.796 1.0000000000
33872  20.010  -30.973  27.695 1.0000000000
33211  17.738  -31.586  27.406 0.7500000000
33212  16.838  -31.737  27.423 0.7500000000
31895  22.987  -33.337  28.392 1.0000000000
32553  21.534  -32.426  28.323 1.0000000000
33207  20.792  -31.979  27.767 1.0000000000
33208  20.245  -31.505  27.550 1.0000000000
32568  16.208  -32.132  27.502 0.7500000000
31905  24.278  -33.574  27.512 1.0000000000
31904  24.892  -33.155  27.919 1.0000000000
31906  23.556  -33.638  27.793 1.0000000000
31907  22.647  -33.534  27.500 1.0000000000
32565  19.434  -32.376  27.149 0.8750000000
31922  21.202  -34.027  26.804 0.8750000000
31909  20.906  -33.250  27.188 0.8750000000
31256  23.942  -34.195  25.246 1.0000000000
79908  24.319  -33.313  30.185 1.0000000000
84160  24.775  -33.046  30.472 1.0000000000
31919  25.016  -33.048  26.347 1.0000000000
33222  26.177  -31.524  26.252 1.0000000000
32592  26.210  -32.274  23.936 0.8750000000
33243  26.550  -31.459  24.409 0.8750000000
33254  27.092  -31.684  23.499 0.7500000000
33905  27.080  -30.817  24.103 0.7500000000
33904  27.515  -30.349  23.998 0.7500000000
32502  26.073  -32.080  32.579 0.7500000000
37330  30.240  -24.834  26.139 0.7500000000
81353  32.116  -25.158  28.952 1.0000000000
81900  31.425  -24.557  25.612 0.7500000000
37288  31.322  -25.488  29.984 1.0000000000
74128  33.243  -25.461  32.955 0.5000000000
89403  33.278  -24.932  29.673 1.0000000000
38579  35.357  -23.480  23.310 0.3750000000
38569  34.538  -23.234  24.130 0.6250000000
39132  35.143  -22.419  32.075 0.6250000000
87569  38.880  -19.970  27.860 0.1250000000
41760  39.503  -19.358  26.487 0.5000000000
85005  40.147  -19.240  26.064 0.3750000000
80899  41.469  -16.697  21.821 0.7500000000
44379  41.694  -14.766  21.525 0.8750000000
43158  39.096  -16.200  20.733 0.2500000000
31200  14.891  -34.532  32.404 0.6250000000
85775  18.991  -37.030  32.164 0.1250000000
29246  19.354  -37.394  31.474 0.1250000000
30605  17.077  -35.506  33.460 0.1250000000
29247  18.590  -36.775  31.581 0.2500000000
31199  15.817  -34.933  32.171 0.6250000000
31206  15.273  -34.430  31.616 0.6250000000
30646  21.198  -35.750  25.999 0.7500000000
30005  21.306  -36.442  26.088 0.6250000000
84969  18.965  -36.601  34.725 0.1250000000
29229  19.643  -37.233  33.389 0.1250000000
29218  19.008  -36.819  33.802 0.1250000000
89290  18.495  -36.370  34.180 0.1250000000
29238  19.000  -36.964  32.922 0.1250000000
29230  18.444  -36.456  33.373 0.1250000000
29969  17.833  -36.023  32.947 0.1250000000
29968  18.454  -36.608  32.461 0.1250000000
29975  17.875  -36.272  31.924 0.1250000000
30610  17.193  -35.682  32.400 0.2500000000
29979  18.073  -36.358  30.873 0.2500000000
76717  17.366  -35.749  31.368 0.2500000000
30611  16.606  -35.301  31.819 0.2500000000
31205  16.057  -34.826  31.278 0.6250000000
88092  18.050  -36.166  30.216 0.3750000000
30615  17.576  -35.689  30.330 0.3750000000
30616  16.836  -35.196  30.862 0.5000000000
30621  17.564  -35.365  29.379 0.6250000000
31211  16.995  -34.991  29.948 0.6250000000
31212  16.308  -34.630  30.407 0.6250000000
31248  21.060  -34.903  26.352 0.7500000000
30004  22.110  -36.626  25.764 0.6250000000
30019  21.803  -36.149  25.644 0.6250000000
30018  22.595  -36.222  25.062 0.6250000000
31217  17.097  -34.681  29.079 0.6250000000
31218  16.499  -34.349  29.568 0.6250000000
30657  22.098  -35.777  25.496 0.7500000000
31258  22.616  -35.121  25.512 0.7500000000
30032  22.843  -35.768  24.794 0.7500000000
29336  23.829  -36.825  23.898 0.5000000000
30017  23.287  -36.564  24.410 0.3750000000
32583  26.029  -32.117  24.967 0.7500000000
32593  25.542  -32.798  24.545 0.7500000000
31939  25.853  -33.177  23.689 0.6250000000
31949  25.554  -34.114  23.398 0.6250000000
32602  26.855  -32.816  23.293 0.7500000000
31948  26.332  -33.717  23.283 0.6250000000
31272  26.376  -34.674  23.058 0.6250000000
31273  25.321  -35.089  23.088 0.5000000000
30042  24.047  -35.964  23.080 0.5000000000
30043  23.700  -35.862  23.390 0.6250000000
76465  23.141  -36.092  24.273 0.5000000000
86570  24.574  -34.569  23.618 0.6250000000
31274  24.516  -35.461  23.145 0.6250000000
76326  27.116  -33.802  23.024 0.5000000000
31940  25.074  -33.569  24.140 0.6250000000
31275  23.900  -35.425  23.429 0.6250000000
30666  23.397  -35.677  23.961 0.7500000000
30656  23.177  -35.274  24.748 0.7500000000
33776  13.529  -30.983  35.486 0.6250000000
33126  13.475  -31.213  36.266 0.6250000000
35885  16.536  -27.381  30.544 0.6250000000
33800  13.829  -30.732  32.650 0.7500000000
32584  25.515  -32.606  25.605 0.7500000000
31931  24.924  -33.197  25.193 0.6250000000
31941  24.379  -33.911  24.686 0.6250000000
31264  23.726  -34.776  24.323 0.6250000000
35875  15.481  -27.176  31.173 0.5000000000
34500  14.196  -29.358  31.816 0.5000000000
35873  17.534  -27.279  30.993 0.6250000000
35886  15.699  -27.496  30.608 0.5000000000
35202  14.584  -28.564  31.331 0.6250000000
35899  15.996  -27.928  30.027 0.6250000000
35217  14.978  -28.715  30.579 0.6250000000
34507  14.621  -29.284  30.983 0.6250000000
33813  14.023  -30.213  31.948 0.7500000000
35233  15.314  -28.887  29.941 0.7500000000
35232  15.761  -28.560  29.610 0.7500000000
31932  24.410  -33.666  25.751 0.8750000000
34487  13.580  -30.082  34.201 0.6250000000
83161  13.891  -29.875  32.505 0.6250000000
31257  23.371  -34.628  25.317 0.7500000000
33155  26.429  -31.539  32.210 0.7500000000
33143  26.525  -31.537  33.211 0.6250000000
33797  26.721  -30.702  32.637 0.6250000000
33810  26.462  -30.687  31.690 0.6250000000
33787  26.979  -30.680  33.515 0.6250000000
34491  27.010  -29.913  33.023 0.7500000000
34505  26.351  -29.634  31.512 0.7500000000
34518  25.987  -29.227  30.726 0.7500000000
35210  26.051  -28.211  31.022 0.6250000000
35211  25.676  -28.369  30.204 0.7500000000
34498  26.669  -29.849  32.256 0.6250000000
35196  26.558  -28.998  32.083 0.6250000000
81495  26.234  -28.828  31.460 0.6250000000
35883  25.961  -27.494  30.355 0.7500000000
37342  31.350  -24.323  24.376 0.5000000000
79685  27.364  -30.013  33.798 0.3750000000
34490  27.328  -29.096  33.376 0.3750000000
34497  26.898  -29.235  32.678 0.6250000000
35195  26.986  -28.376  32.679 0.6250000000
35199  26.469  -28.154  31.838 0.6250000000
77973  26.468  -27.444  31.274 0.7500000000
34485  27.824  -29.440  34.155 0.2500000000
35184  27.880  -28.600  33.890 0.1250000000
35189  27.491  -28.270  33.347 0.5000000000
35864  27.083  -27.374  32.211 0.7500000000
35183  28.386  -28.949  34.499 0.1250000000
79859  27.429  -27.723  33.013 0.5000000000
81578  30.640  -20.053  30.903 0.2500000000
40449  31.002  -20.505  32.482 0.2500000000
39816  31.584  -21.218  32.103 0.2500000000
39815  32.285  -21.424  32.398 0.3750000000
39814  33.252  -21.792  32.320 0.3750000000
83276  31.109  -20.687  30.873 0.2500000000
39825  31.557  -21.185  31.346 0.3750000000
39823  33.530  -21.824  31.220 0.3750000000
39822  34.577  -22.007  30.969 0.6250000000
40461  30.900  -20.167  30.144 0.2500000000
40460  31.504  -20.680  29.914 0.2500000000
39833  31.930  -21.218  30.480 0.2500000000
39832  32.961  -21.447  30.503 0.3750000000
39845  31.976  -20.953  29.640 0.2500000000
39844  32.600  -21.067  29.784 0.2500000000
85761  28.955  -28.410  34.738 0.2500000000
86763  28.400  -28.264  34.197 0.2500000000
35852  28.798  -27.703  34.210 0.3750000000
35859  28.009  -27.768  33.643 0.3750000000
41078  31.031  -19.709  32.967 0.2500000000
41079  30.576  -19.690  32.231 0.2500000000
40448  31.813  -20.869  32.858 0.2500000000
40450  30.647  -20.285  31.638 0.2500000000
39133  34.232  -22.163  31.782 0.6250000000
78139  30.498  -19.359  30.446 0.2500000000
40477  31.298  -20.250  29.331 0.2500000000
88044  34.801  -22.270  31.509 0.7500000000
40476  31.797  -20.643  29.147 0.2500000000
86246  32.651  -20.370  28.773 0.3750000000
77746  32.661  -19.988  28.227 0.3750000000
39856  32.275  -20.756  29.141 0.2500000000
41086  30.507  -19.526  31.396 0.2500000000
41123  31.169  -19.795  28.703 0.2500000000
40492  31.649  -20.288  28.727 0.2500000000
41122  31.670  -19.997  28.140 0.3750000000
80732  32.600  -19.660  27.504 0.3750000000
40501  32.084  -20.077  27.878 0.3750000000
41104  30.776  -19.621  29.510 0.2500000000
41132  31.780  -19.651  27.348 0.3750000000
37256  36.255  -24.656  32.373 0.7500000000
37922  36.716  -24.309  32.018 0.7500000000
30620  18.039  -36.043  29.601 0.6250000000
81389  25.515  -27.812  29.725 0.8750000000
37343  30.581  -24.915  24.782 0.6250000000
41137  32.397  -19.407  26.828 0.3750000000
31259  21.765  -35.167  26.009 0.7500000000
31190  15.712  -35.048  32.858 0.6250000000
30606  16.443  -35.266  32.801 0.5000000000
29960  17.792  -35.863  34.096 0.1250000000
30031  23.602  -36.228  23.608 0.6250000000
30041  25.041  -35.978  23.074 0.6250000000
34493  13.720  -29.983  33.282 0.7500000000
35887  15.057  -27.858  30.987 0.5000000000
35216  15.439  -28.203  30.253 0.6250000000
77342  31.094  -20.848  31.717 0.2500000000
39824  32.365  -21.572  31.502 0.3750000000
40491  32.052  -20.459  28.489 0.3750000000
24064  2.031  -46.732  31.505 0.1250000000
24076  1.850  -45.856  31.183 0.1250000000
24075  2.330  -46.264  30.881 0.1250000000
24781  2.000  -45.330  30.458 0.1250000000
24088  2.560  -45.828  30.060 0.1250000000
24791  1.955  -44.926  29.520 0.1250000000
74983  1.606  -47.035  31.913 0.1250000000
24055  1.557  -46.288  31.754 0.1250000000
25390  1.554  -44.605  31.331 0.1250000000
85830  1.702  -44.975  30.858 0.1250000000
25394  1.561  -44.359  30.637 0.1250000000
25397  1.591  -44.448  29.988 0.1250000000
24027  2.105  -47.203  34.935 0.1250000000
24036  2.549  -46.710  34.380 0.1250000000
24741  2.748  -45.804  33.745 0.1250000000
24046  2.095  -46.236  33.506 0.1250000000
24752  1.918  -45.443  32.914 0.1250000000
24753  1.647  -45.963  32.844 0.1250000000
75403  1.589  -44.979  32.091 0.1250000000
25387  1.943  -44.484  32.603 0.1250000000
25893  1.651  -43.790  31.018 0.1250000000
25896  1.492  -44.065  30.227 0.1250000000
24026  2.467  -47.032  35.371 0.1250000000
24720  3.036  -46.534  34.751 0.1250000000
25879  3.728  -43.542  34.149 0.1250000000
25373  3.042  -44.792  33.643 0.1250000000
26404  3.696  -42.690  34.540 0.1250000000
25888  2.502  -43.921  33.124 0.1250000000
25890  1.940  -43.576  32.431 0.1250000000
26412  2.273  -43.042  32.852 0.1250000000
26415  1.948  -42.648  32.240 0.1250000000
78938  1.772  -43.380  31.818 0.1250000000
26419  1.971  -42.850  31.446 0.1250000000
26423  2.028  -43.096  30.642 0.1250000000
26428  1.957  -43.330  29.814 0.1250000000
88763  1.649  -43.753  30.222 0.1250000000
25900  1.403  -43.948  29.511 0.1250000000
25401  1.338  -44.155  28.892 0.1250000000
88653  4.275  -45.681  34.894 0.2500000000
24025  2.820  -46.821  35.698 0.1250000000
24700  3.250  -46.597  35.791 0.1250000000
24740  3.389  -45.690  34.249 0.2500000000
25355  3.766  -45.657  34.560 0.2500000000
25880  3.214  -43.767  33.705 0.1250000000
77836  3.242  -42.771  34.091 0.1250000000
25887  2.724  -42.935  33.448 0.1250000000
26411  2.340  -42.241  32.973 0.1250000000
26414  2.076  -41.789  32.396 0.1250000000
27019  2.343  -41.245  31.531 0.1250000000
26418  2.338  -42.194  31.094 0.1250000000
26422  2.491  -42.476  30.247 0.1250000000
80796  1.259  -43.961  28.686 0.1250000000
25899  1.707  -43.510  28.969 0.1250000000
25353  4.483  -44.920  34.559 0.2500000000
25878  4.512  -43.630  34.423 0.2500000000
26403  4.573  -42.945  34.727 0.2500000000
27005  2.368  -41.233  33.035 0.1250000000
27012  2.094  -41.139  32.179 0.1250000000
74500  2.208  -40.466  31.969 0.1250000000
84223  2.487  -39.917  31.825 0.1250000000
27024  2.804  -41.464  30.658 0.1250000000
27568  2.769  -40.476  31.226 0.1250000000
27028  2.978  -41.871  29.878 0.1250000000
26427  2.539  -42.650  29.314 0.1250000000
26426  3.153  -41.876  29.226 0.1250000000
26432  2.335  -42.984  28.413 0.1250000000
25902  1.454  -43.707  28.052 0.1250000000
87737  2.222  -40.573  32.599 0.1250000000
27561  2.381  -40.354  33.372 0.1250000000
28092  2.475  -39.865  33.476 0.1250000000
27027  3.404  -41.289  29.609 0.1250000000
26431  3.106  -42.216  28.618 0.1250000000
26435  3.091  -42.470  27.882 0.1250000000
26436  2.294  -43.106  27.536 0.1250000000
26442  3.116  -42.549  27.066 0.1250000000
27041  3.820  -42.060  26.587 0.1250000000
28103  2.343  -39.942  32.582 0.1250000000
28633  3.195  -38.823  34.700 0.1250000000
28620  3.014  -38.951  35.738 0.1250000000
28641  3.395  -38.697  33.859 0.1250000000
28660  3.697  -38.969  31.576 0.1250000000
76894  2.867  -39.431  32.109 0.1250000000
84115  3.370  -40.006  30.745 0.1250000000
27576  3.350  -40.707  30.264 0.1250000000
28125  3.780  -39.410  30.804 0.1250000000
87454  3.141  -41.316  30.105 0.1250000000
27581  4.000  -39.874  30.065 0.1250000000
27586  3.983  -40.630  29.429 0.1250000000
27031  3.789  -41.422  28.793 0.1250000000
27585  4.734  -40.616  28.570 0.1250000000
77735  3.669  -41.913  28.144 0.1250000000
27580  4.650  -39.929  29.293 0.1250000000
27034  4.348  -41.423  27.963 0.1250000000
27035  3.781  -41.970  27.447 0.1250000000
27591  5.048  -40.796  27.570 0.1250000000
27040  4.470  -41.448  27.049 0.1250000000
28593  4.032  -39.420  38.028 0.1250000000
28606  3.130  -39.227  36.787 0.1250000000
28594  3.466  -39.663  37.846 0.1250000000
28632  3.589  -38.218  35.203 0.1250000000
28619  3.458  -38.349  36.193 0.1250000000
28102  2.850  -39.450  32.992 0.1250000000
28649  3.943  -38.341  33.183 0.1250000000
28114  3.093  -39.665  31.375 0.1250000000
85899  4.330  -39.227  30.289 0.1250000000
82307  4.663  -39.267  29.679 0.1250000000
28132  5.041  -39.190  28.982 0.1250000000
27590  5.476  -40.036  27.996 0.1250000000
28592  4.948  -39.198  37.293 0.3750000000
29186  4.514  -38.419  37.008 0.1250000000
83089  5.507  -38.188  36.643 0.2500000000
29199  4.031  -37.861  36.445 0.1250000000
29185  5.506  -37.374  36.548 0.1250000000
29212  3.999  -37.629  35.686 0.1250000000
29198  4.834  -37.354  36.281 0.1250000000
29225  4.323  -37.624  34.715 0.1250000000
29946  4.618  -37.128  35.951 0.1250000000
28659  4.206  -38.366  32.145 0.1250000000
28650  3.459  -38.907  32.531 0.1250000000
89269  4.455  -38.441  31.366 0.1250000000
28675  4.354  -38.815  30.796 0.1250000000
31191  14.907  -34.884  32.885 0.5000000000
28703  5.078  -38.591  29.295 0.1250000000
28580  7.827  -37.803  38.295 0.5000000000
28581  7.157  -37.654  37.844 0.3750000000
28582  6.345  -37.945  36.914 0.3750000000
29180  6.945  -37.153  38.143 0.2500000000
29924  5.845  -36.258  37.140 0.1250000000
29232  4.614  -37.706  33.704 0.1250000000
80761  5.598  -35.514  36.812 0.1250000000
30565  6.000  -35.331  37.631 0.1250000000
34494  13.645  -29.275  33.816 0.5000000000
29211  4.775  -37.034  35.223 0.1250000000
29932  5.149  -36.263  36.091 0.1250000000
88651  5.338  -35.854  36.385 0.1250000000
29240  4.850  -37.818  32.678 0.1250000000
29224  5.096  -37.073  34.243 0.1250000000
29945  5.076  -36.301  35.617 0.1250000000
30572  5.399  -35.324  36.258 0.1250000000
29249  4.985  -37.890  31.685 0.1250000000
29256  4.957  -38.047  30.671 0.1250000000
28689  4.776  -38.674  30.066 0.1250000000
28579  8.179  -37.563  38.673 0.5000000000
28574  7.786  -37.526  38.892 0.5000000000
88693  7.853  -37.436  39.645 0.3750000000
28575  7.558  -37.232  39.195 0.3750000000
29176  7.204  -36.750  39.235 0.3750000000
80190  6.268  -37.013  37.345 0.1250000000
29919  7.050  -36.204  39.842 0.1250000000
35180  13.416  -28.531  35.223 0.2500000000
35174  13.246  -28.845  35.990 0.2500000000
34482  13.376  -29.458  35.562 0.3750000000
29920  6.636  -35.664  39.255 0.1250000000
29917  6.687  -35.660  40.419 0.1250000000
34488  13.511  -29.346  34.716 0.3750000000
29922  6.319  -35.954  38.084 0.1250000000
35187  13.586  -28.556  34.291 0.5000000000
33784  13.472  -30.176  35.121 0.3750000000
30562  6.320  -35.109  38.623 0.1250000000
77396  6.091  -34.562  38.091 0.1250000000
75821  13.861  -29.075  32.852 0.5000000000
30582  5.247  -35.529  35.847 0.1250000000
29956  5.341  -36.342  34.759 0.1250000000
29231  5.365  -37.155  33.210 0.1250000000
29239  5.581  -37.231  32.183 0.1250000000
28712  24.582  -38.361  27.802 0.1250000000
28572  8.416  -37.294  39.596 0.5000000000
28565  8.573  -37.308  41.509 0.5000000000
28570  8.281  -37.488  40.895 0.5000000000
29175  8.785  -36.925  40.117 0.5000000000
28567  7.931  -37.535  41.354 0.3750000000
28568  7.833  -37.357  40.327 0.3750000000
29170  7.443  -36.977  41.601 0.3750000000
29913  6.939  -36.555  42.102 0.2500000000
80909  13.217  -29.543  36.174 0.3750000000
30556  6.351  -35.208  40.875 0.1250000000
33777  13.382  -30.313  36.037 0.5000000000
89380  13.728  -28.572  33.537 0.3750000000
75859  21.137  -37.865  27.955 0.1250000000
29276  20.553  -37.859  28.440 0.1250000000
29273  22.958  -38.165  27.688 0.1250000000
29274  21.998  -38.048  28.014 0.1250000000
29288  24.607  -38.118  26.830 0.1250000000
86147  23.805  -37.924  26.536 0.1250000000
28722  26.789  -38.233  26.772 0.2500000000
29304  26.059  -37.979  26.168 0.2500000000
29319  27.317  -37.739  25.186 0.1250000000
29303  27.060  -38.039  25.890 0.2500000000
29321  25.564  -37.658  25.403 0.2500000000
29332  27.882  -37.547  24.905 0.1250000000
30038  27.996  -36.220  23.583 0.1250000000
30027  27.463  -36.617  23.824 0.1250000000
29915  9.667  -35.980  41.375 0.5000000000
29171  9.189  -36.540  41.721 0.3750000000
29172  8.904  -36.901  41.106 0.3750000000
35841  13.236  -27.522  36.330 0.2500000000
35175  12.910  -28.280  36.428 0.2500000000
34476  13.043  -29.977  36.715 0.2500000000
34469  12.947  -30.411  37.306 0.5000000000
35849  13.546  -27.611  35.500 0.2500000000
33770  13.223  -30.794  36.825 0.5000000000
35856  13.661  -27.768  34.662 0.3750000000
35855  14.126  -27.191  34.188 0.3750000000
35193  13.780  -27.883  33.802 0.3750000000
35192  13.942  -28.087  32.966 0.3750000000
29997  20.071  -36.733  26.839 0.2500000000
29291  21.384  -37.557  27.250 0.1250000000
75483  23.101  -37.857  26.757 0.1250000000
29290  22.259  -37.732  27.028 0.1250000000
29306  24.205  -37.798  25.828 0.1250000000
29305  25.107  -37.872  26.033 0.1250000000
85822  26.221  -37.062  24.278 0.2500000000
29333  27.162  -37.192  24.447 0.2500000000
30673  27.823  -35.436  23.085 0.2500000000
31945  28.550  -33.128  23.235 0.2500000000
31270  28.361  -34.778  23.321 0.2500000000
86577  27.963  -34.582  22.899 0.2500000000
32599  28.765  -32.328  23.332 0.2500000000
32600  28.212  -32.431  22.903 0.2500000000
36463  13.273  -26.455  37.403 0.2500000000
36464  12.539  -26.848  37.841 0.2500000000
35834  12.244  -27.582  37.473 0.2500000000
36462  14.069  -26.132  36.819 0.2500000000
35833  12.882  -27.177  37.083 0.2500000000
35168  11.604  -28.033  37.887 0.2500000000
36472  13.477  -26.817  36.718 0.2500000000
35842  12.664  -27.791  36.840 0.2500000000
35167  12.370  -28.430  37.193 0.2500000000
34470  12.608  -29.592  37.421 0.2500000000
77526  14.576  -26.209  36.078 0.2500000000
36484  13.940  -26.833  35.986 0.2500000000
34477  12.915  -29.109  36.631 0.2500000000
33765  12.729  -30.464  37.950 0.5000000000
36483  14.570  -26.441  35.388 0.2500000000
35848  14.050  -27.062  35.052 0.2500000000
36492  14.606  -26.597  34.589 0.3750000000
35868  14.480  -27.481  32.375 0.3750000000
35862  14.263  -27.327  33.318 0.3750000000
35876  15.022  -27.290  31.663 0.3750000000
78792  14.595  -27.883  31.654 0.3750000000
29309  20.870  -36.953  26.694 0.3750000000
29292  20.431  -37.449  27.484 0.2500000000
29308  21.707  -37.113  26.461 0.2500000000
29307  22.545  -37.310  26.166 0.1250000000
77932  23.354  -37.559  25.864 0.1250000000
29335  24.529  -37.114  24.089 0.2500000000
29322  24.765  -37.530  25.097 0.2500000000
29334  25.476  -37.274  24.568 0.2500000000
30039  27.222  -36.119  23.301 0.1250000000
30040  26.198  -36.113  23.202 0.2500000000
79065  27.787  -33.869  22.833 0.3750000000
31953  27.942  -32.521  22.759 0.3750000000
33251  28.913  -31.700  23.524 0.5000000000
33252  28.325  -31.676  23.113 0.3750000000
33894  29.682  -30.696  24.377 0.3750000000
33903  28.349  -30.314  23.757 0.3750000000
36455  12.211  -26.531  38.691 0.2500000000
35825  11.766  -27.286  38.249 0.2500000000
36454  12.992  -26.130  38.242 0.2500000000
35161  11.211  -28.453  38.522 0.2500000000
35151  11.019  -28.848  39.170 0.2500000000
35160  11.899  -28.885  37.972 0.2500000000
34463  12.259  -29.849  38.311 0.2500000000
33764  13.066  -31.145  37.632 0.5000000000
36501  14.706  -26.683  33.765 0.3750000000
36510  14.861  -26.778  32.926 0.3750000000
36517  15.065  -26.861  32.227 0.3750000000
87094  22.887  -31.667  35.411 0.3750000000
33136  22.349  -31.236  34.156 0.3750000000
33130  22.760  -31.786  34.676 0.3750000000
32480  22.772  -31.848  33.998 0.6250000000
30006  20.514  -36.219  26.331 0.3750000000
29324  22.921  -36.900  25.309 0.1250000000
30030  24.320  -36.519  23.389 0.2500000000
30029  25.441  -36.696  23.628 0.2500000000
30674  26.885  -35.497  23.022 0.3750000000
31271  27.394  -34.683  22.916 0.2500000000
33253  27.822  -31.563  23.068 0.5000000000
31947  27.644  -33.024  22.889 0.3750000000
78697  29.010  -30.000  24.067 0.2500000000
36443  11.284  -26.873  39.196 0.2500000000
35818  10.614  -27.479  39.426 0.2500000000
35152  10.692  -28.195  39.155 0.2500000000
36509  15.485  -26.306  32.564 0.3750000000
36516  15.620  -26.609  31.730 0.3750000000
33125  22.751  -31.006  36.119 0.3750000000
73899  23.424  -31.153  36.763 0.3750000000
32471  23.266  -32.071  35.048 0.3750000000
32479  23.202  -32.128  34.240 0.6250000000
32466  23.450  -31.726  35.955 0.3750000000
32470  23.946  -32.129  35.369 0.3750000000
32478  23.776  -32.305  34.512 0.3750000000
75280  24.219  -32.478  33.894 0.3750000000
32489  25.079  -32.272  34.086 0.5000000000
30647  20.389  -35.412  26.417 0.6250000000
81099  29.962  -29.863  24.529 0.1250000000
36515  16.255  -26.403  31.616 0.3750000000
36522  16.007  -26.832  31.052 0.3750000000
33124  24.049  -31.134  37.168 0.3750000000
32465  24.211  -31.678  36.252 0.3750000000
83319  25.503  -31.056  36.631 0.2500000000
33123  24.779  -31.069  36.872 0.2500000000
32468  25.320  -31.880  35.524 0.2500000000
32477  24.609  -32.196  34.824 0.2500000000
32476  25.409  -32.058  34.817 0.3750000000
35874  16.808  -26.784  31.314 0.3750000000
76850  20.662  -27.898  32.094 0.5000000000
33134  26.766  -31.230  34.152 0.3750000000
35865  20.067  -27.533  31.702 0.3750000000
33786  27.209  -30.725  34.306 0.2500000000
35872  18.495  -27.259  31.411 0.5000000000
36578  28.256  -26.181  24.986 0.5000000000
36561  28.686  -25.426  25.702 0.5000000000
36560  29.116  -25.257  25.576 0.6250000000
87438  43.331  -17.865  23.416 0.1250000000
42446  42.587  -17.828  23.256 0.1250000000
41809  42.058  -18.285  23.940 0.1250000000
42463  43.257  -17.201  22.637 0.1250000000
42447  41.696  -17.881  23.174 0.2500000000
43732  44.369  -15.761  21.985 0.1250000000
42464  42.229  -17.320  22.607 0.2500000000
79518  43.880  -16.465  22.234 0.1250000000
82583  43.214  -16.452  22.121 0.1250000000
81795  44.795  -14.882  22.124 0.1250000000
88660  44.094  -14.979  22.207 0.1250000000
43129  42.580  -16.740  22.140 0.1250000000
43128  43.533  -15.669  22.026 0.1250000000
44365  45.227  -13.937  22.383 0.1250000000
44959  45.684  -13.065  22.514 0.1250000000
43146  42.042  -16.324  21.739 0.2500000000
43145  42.750  -16.009  21.837 0.2500000000
44366  44.253  -13.933  22.547 0.2500000000
45627  46.141  -12.359  22.455 0.1250000000
43744  42.165  -15.509  21.642 0.3750000000
43733  42.856  -15.145  21.944 0.3750000000
44367  43.520  -14.578  22.240 0.3750000000
45626  47.045  -12.440  22.278 0.1250000000
88058  42.336  -14.721  21.801 0.5000000000
81727  43.455  -13.508  22.529 0.6250000000
44368  42.838  -14.164  22.115 0.5000000000
86421  43.972  -12.792  22.923 0.1250000000
45628  45.179  -12.283  22.751 0.1250000000
44960  44.760  -12.958  22.767 0.1250000000
28024  3.813  -39.895  38.387 0.1250000000
25372  3.639  -44.675  34.123 0.1250000000
29293  19.643  -37.007  27.416 0.2500000000
34601  28.295  -29.488  24.072 0.5000000000
35954  27.879  -27.907  24.452 0.5000000000
35177  30.248  -27.796  35.450 0.1250000000
24718  4.721  -45.654  34.999 0.2500000000
30675  25.966  -35.545  23.050 0.2500000000
35197  14.184  -28.379  32.123 0.3750000000
24056  1.381  -46.580  32.355 0.1250000000
24762  1.512  -45.814  32.232 0.1250000000
24772  1.594  -45.436  31.577 0.1250000000
24047  1.558  -46.597  33.207 0.1250000000
25383  2.455  -44.896  33.175 0.1250000000
84844  1.616  -44.112  31.906 0.1250000000
24719  3.464  -46.383  35.039 0.2500000000
27013  2.026  -41.937  31.813 0.1250000000
23992  2.046  -47.527  36.715 0.1250000000
26443  2.392  -43.122  26.640 0.1250000000
28091  2.838  -39.393  34.008 0.1250000000
77778  3.291  -38.955  33.302 0.1250000000
76854  5.142  -39.816  28.672 0.1250000000
28605  3.707  -38.789  37.165 0.1250000000
28640  3.817  -38.172  34.203 0.1250000000
74419  5.401  -36.434  36.469 0.1250000000
29177  6.775  -36.414  38.627 0.1250000000
28573  8.136  -37.508  39.609 0.5000000000
28571  7.991  -37.515  40.146 0.5000000000
29173  7.498  -36.850  40.369 0.3750000000
85994  7.752  -37.307  41.172 0.3750000000
29916  7.042  -36.322  41.017 0.2500000000
30559  6.404  -34.925  39.825 0.1250000000
29289  23.815  -38.133  27.357 0.1250000000
28569  8.514  -37.294  40.530 0.5000000000
28566  8.356  -37.554  41.940 0.5000000000
77308  13.239  -28.144  35.856 0.2500000000
30553  6.012  -35.101  41.731 0.1250000000
78169  6.075  -34.585  40.750 0.1250000000
28723  26.036  -38.256  27.091 0.2500000000
29287  25.426  -38.143  26.726 0.2500000000
29320  26.409  -37.600  25.123 0.2500000000
29174  9.158  -36.483  40.746 0.5000000000
29168  8.964  -36.830  41.903 0.3750000000
30028  26.626  -36.608  23.730 0.2500000000
78784  28.240  -33.929  23.047 0.2500000000
33259  27.995  -32.048  22.781 0.3750000000
29323  23.774  -37.271  24.818 0.1250000000
32601  27.638  -32.233  22.930 0.5000000000
35826  11.082  -27.710  38.656 0.2500000000
34453  11.251  -29.563  39.741 0.2500000000
34464  11.576  -29.324  38.779 0.2500000000
33131  22.406  -31.139  35.160 0.3750000000
80908  10.322  -28.012  39.747 0.2500000000
32464  25.078  -31.584  36.158 0.2500000000
32469  24.621  -31.978  35.655 0.2500000000
28561  8.222  -37.821  43.211 0.2500000000
29165  7.854  -37.655  43.025 0.2500000000
29169  7.774  -37.497  42.086 0.2500000000
28564  7.997  -37.755  42.526 0.2500000000
29158  8.784  -37.264  44.075 0.2500000000
29160  7.872  -37.767  43.823 0.2500000000
29166  7.429  -37.198  42.621 0.2500000000
29912  9.664  -36.235  42.338 0.2500000000
29167  9.128  -36.766  42.482 0.2500000000
29164  8.589  -37.583  43.146 0.2500000000
28562  8.674  -37.323  42.431 0.2500000000
35801  10.974  -27.374  41.540 0.1250000000
35134  10.940  -28.942  41.729 0.1250000000
86140  11.434  -30.296  42.758 0.1250000000
33091  11.889  -31.199  42.892 0.1250000000
32447  11.510  -32.797  43.035 0.1250000000
37178  12.738  -25.845  39.110 0.1250000000
36442  12.030  -26.251  39.591 0.1250000000
36427  11.192  -26.424  40.126 0.1250000000
36412  10.697  -26.990  40.636 0.1250000000
35802  10.468  -27.721  41.009 0.1250000000
33729  11.810  -30.229  41.934 0.1250000000
33090  12.298  -31.551  42.290 0.1250000000
32449  12.337  -32.414  42.143 0.1250000000
31821  11.466  -33.700  42.645 0.1250000000
31155  10.709  -34.717  42.889 0.1250000000
31156  10.422  -35.488  43.029 0.2500000000
30545  10.051  -36.008  44.233 0.2500000000
77276  9.240  -36.746  44.240 0.2500000000
29904  7.966  -36.954  45.002 0.2500000000
37177  13.223  -25.197  39.511 0.1250000000
36428  10.622  -26.866  39.873 0.1250000000
35812  10.307  -27.477  40.177 0.1250000000
35144  10.898  -29.073  40.695 0.1250000000
34440  11.372  -29.678  41.389 0.1250000000
33737  11.971  -30.339  41.082 0.1250000000
33728  12.280  -30.980  41.651 0.1250000000
33095  12.636  -31.839  41.357 0.1250000000
83133  11.224  -34.349  42.135 0.1250000000
86326  10.668  -34.963  42.443 0.2500000000
30552  10.216  -35.985  42.927 0.2500000000
80610  9.941  -36.365  43.508 0.2500000000
35145  10.375  -28.226  40.430 0.1250000000
86324  11.437  -29.845  40.592 0.1250000000
32453  12.479  -32.693  41.407 0.2500000000
31825  12.082  -33.427  41.923 0.1250000000
30554  10.728  -35.004  41.541 0.3750000000
30555  10.170  -35.560  41.999 0.3750000000
34441  10.642  -28.680  39.798 0.1250000000
86553  11.122  -34.759  40.696 0.3750000000
30558  10.369  -35.315  40.839 0.3750000000
30561  10.324  -35.352  39.638 0.3750000000
37195  13.441  -25.423  38.638 0.1250000000
31826  11.745  -34.152  41.320 0.3750000000
31159  10.973  -34.750  41.836 0.2500000000
33748  11.936  -30.359  40.171 0.1250000000
33098  12.841  -31.741  40.257 0.2500000000
75226  12.372  -33.267  40.998 0.2500000000
81090  11.255  -34.626  41.204 0.3750000000
33747  12.528  -31.025  39.776 0.1250000000
76318  12.923  -32.327  39.716 0.3750000000
76938  12.588  -33.065  40.154 0.3750000000
31829  12.178  -33.750  40.558 0.3750000000
37194  14.234  -25.061  38.247 0.1250000000
37215  13.736  -25.719  37.761 0.1250000000
34452  12.108  -30.247  39.211 0.1250000000
82086  12.631  -30.942  39.053 0.3750000000
33100  12.922  -31.625  39.206 0.3750000000
31162  12.230  -33.737  39.831 0.3750000000
31163  11.624  -34.444  39.686 0.3750000000
80128  24.871  -29.550  39.835 0.1250000000
33745  24.162  -29.788  39.468 0.1250000000
37214  14.560  -25.344  37.343 0.1250000000
31165  12.229  -33.781  38.881 0.3750000000
33753  25.003  -29.763  39.072 0.1250000000
33106  24.446  -30.111  38.556 0.1250000000
33754  23.806  -30.074  38.733 0.1250000000
33761  23.588  -30.231  38.142 0.1250000000
33762  23.115  -30.040  37.786 0.1250000000
33113  24.628  -30.506  37.709 0.1250000000
33107  24.039  -30.486  37.993 0.1250000000
33114  23.556  -30.644  37.514 0.2500000000
33115  22.960  -30.473  37.025 0.2500000000
33763  22.495  -29.745  37.353 0.1250000000
33116  22.310  -30.166  36.562 0.1250000000
34475  21.285  -29.153  36.216 0.1250000000
33774  22.089  -30.438  35.734 0.2500000000
33775  21.597  -29.829  35.465 0.2500000000
33781  21.931  -30.497  34.822 0.2500000000
33782  21.487  -29.759  34.564 0.2500000000
37890  15.055  -24.669  37.849 0.1250000000
32458  13.023  -32.190  38.798 0.3750000000
31831  12.698  -32.948  39.135 0.3750000000
33757  12.836  -31.126  38.450 0.3750000000
33752  25.844  -29.652  38.756 0.1250000000
33746  23.374  -29.604  39.367 0.1250000000
37213  15.378  -25.017  37.025 0.1250000000
33108  13.062  -31.701  38.289 0.3750000000
76106  26.030  -29.929  38.019 0.1250000000
33105  25.201  -30.026  38.259 0.1250000000
34450  22.841  -29.081  39.825 0.1250000000
33755  23.165  -29.720  38.595 0.1250000000
37227  14.923  -25.633  36.515 0.1250000000
85253  13.209  -31.725  37.638 0.3750000000
87045  26.242  -30.279  37.426 0.1250000000
77131  21.807  -28.282  39.063 0.1250000000
88781  22.693  -29.301  38.673 0.1250000000
33756  22.635  -29.420  38.140 0.1250000000
37239  15.222  -25.839  35.636 0.1250000000
33122  26.143  -30.771  36.842 0.1250000000
33112  25.477  -30.470  37.394 0.1250000000
34462  21.540  -28.232  38.206 0.1250000000
34461  22.240  -28.810  38.667 0.1250000000
34474  21.886  -29.393  36.873 0.1250000000
36482  15.033  -26.127  34.915 0.1250000000
34468  21.385  -28.614  37.179 0.1250000000
74743  20.808  -28.311  36.580 0.1250000000
34481  21.162  -29.140  35.249 0.2500000000
32463  25.977  -31.444  36.130 0.1250000000
35179  20.680  -28.478  35.066 0.2500000000
34486  21.090  -28.991  34.357 0.2500000000
35185  20.646  -28.258  34.153 0.2500000000
34492  21.050  -28.736  33.440 0.2500000000
33789  21.436  -29.574  33.626 0.2500000000
74415  25.738  -32.193  33.415 0.3750000000
37889  15.863  -24.406  37.512 0.1250000000
81391  26.789  -29.932  37.728 0.1250000000
37226  15.712  -25.359  36.279 0.1250000000
33121  26.703  -31.030  36.525 0.1250000000
37246  15.576  -25.755  34.779 0.1250000000
35158  21.533  -27.966  38.898 0.1250000000
35166  21.001  -27.911  37.396 0.1250000000
32475  26.003  -31.794  35.327 0.1250000000
33135  26.536  -31.612  34.928 0.1250000000
35838  20.418  -27.620  36.798 0.1250000000
36491  15.153  -26.134  34.217 0.2500000000
32488  25.880  -32.045  34.444 0.1250000000
80144  26.323  -31.784  34.037 0.5000000000
35186  20.240  -27.762  34.821 0.1250000000
35191  20.243  -27.628  33.996 0.1250000000
35866  20.047  -27.325  32.450 0.2500000000
35190  20.548  -27.906  33.166 0.2500000000
33120  27.207  -30.839  36.884 0.1250000000
37902  16.166  -24.865  36.827 0.1250000000
33111  26.797  -30.528  37.125 0.1250000000
33129  26.612  -31.443  35.858 0.1250000000
76550  16.575  -25.306  36.253 0.1250000000
37238  16.118  -25.438  35.462 0.1250000000
37225  17.465  -25.434  36.350 0.1250000000
76257  20.565  -26.959  37.333 0.1250000000
36481  16.867  -25.535  35.130 0.1250000000
36490  16.270  -25.546  34.579 0.1250000000
37254  15.761  -25.792  33.944 0.2500000000
35840  19.420  -26.580  36.603 0.1250000000
36498  17.596  -25.981  33.646 0.2500000000
36499  16.551  -25.711  33.751 0.2500000000
37253  15.947  -25.825  33.073 0.2500000000
36500  15.312  -26.201  33.400 0.2500000000
35839  19.799  -27.212  36.277 0.1250000000
36507  17.617  -26.296  32.638 0.2500000000
75518  16.769  -25.928  32.855 0.2500000000
36508  16.118  -26.019  32.222 0.2500000000
35853  19.721  -27.170  34.373 0.1250000000
35860  19.861  -27.215  33.414 0.1250000000
76733  18.634  -26.909  32.023 0.2500000000
36506  18.293  -26.668  32.466 0.2500000000
36514  17.752  -26.756  31.817 0.2500000000
75198  19.362  -27.192  31.863 0.1250000000
33773  27.669  -31.284  35.967 0.1250000000
33128  27.185  -31.162  36.332 0.1250000000
78786  27.063  -31.317  35.556 0.1250000000
33780  27.463  -31.052  35.050 0.1250000000
89315  27.024  -31.200  34.790 0.1250000000
36471  17.938  -25.820  35.925 0.1250000000
36470  18.687  -26.210  36.224 0.1250000000
36479  18.409  -26.193  35.483 0.1250000000
36488  18.071  -26.015  34.643 0.1250000000
35847  19.122  -26.732  35.816 0.1250000000
35854  18.953  -26.614  34.800 0.1250000000
78632  18.435  -26.332  34.009 0.1250000000
35861  19.090  -26.769  33.758 0.1250000000
35867  19.093  -26.951  32.732 0.1250000000
36592  31.078  -26.397  23.844 0.1250000000
36573  30.783  -25.055  23.927 0.1250000000
36575  29.525  -25.811  24.425 0.2500000000
36574  30.101  -25.545  24.227 0.1250000000
36559  29.512  -25.175  25.336 0.3750000000
37979  32.756  -23.876  23.359 0.2500000000
37966  32.127  -23.814  23.640 0.2500000000
37353  31.638  -24.427  23.668 0.2500000000
37967  32.637  -23.676  23.572 0.2500000000
39188  37.446  -22.685  24.175 0.2500000000
39179  37.986  -22.163  25.049 0.2500000000
39813  34.340  -22.082  32.720 0.3750000000
39131  36.095  -22.833  32.543 0.5000000000
39123  35.303  -22.407  33.077 0.5000000000
41696  30.928  -18.928  32.490 0.1250000000
41691  31.502  -18.914  33.122 0.1250000000
42395  30.878  -18.095  31.878 0.1250000000
41071  31.732  -19.679  33.510 0.1250000000
40440  32.244  -20.381  33.615 0.1250000000
40439  33.127  -20.769  33.924 0.1250000000
39806  32.710  -21.160  33.112 0.1250000000
39805  33.635  -21.518  33.367 0.2500000000
41705  30.484  -18.647  31.174 0.1250000000
87859  31.340  -19.196  27.233 0.2500000000
41766  32.738  -19.012  26.090 0.2500000000
41690  32.249  -18.895  33.600 0.1250000000
41070  32.479  -19.636  34.004 0.1250000000
39804  34.548  -21.910  33.688 0.1250000000
39130  36.776  -23.402  32.989 0.5000000000
38524  37.051  -23.826  32.613 0.6250000000
37920  36.787  -24.313  32.756 0.6250000000
37919  37.000  -24.066  32.443 0.6250000000
39795  33.948  -21.181  34.262 0.1250000000
39112  35.437  -22.350  34.026 0.1250000000
39122  36.184  -22.859  33.485 0.1250000000
39121  36.824  -23.454  33.915 0.3750000000
38521  37.089  -23.834  33.438 0.5000000000
37916  37.075  -24.045  33.077 0.6250000000
41683  33.592  -18.894  34.660 0.1250000000
88262  37.138  -24.015  33.746 0.5000000000
37917  36.872  -24.256  33.522 0.5000000000
37248  36.334  -24.608  33.201 0.3750000000
42453  35.999  -18.042  22.787 0.2500000000
37249  35.663  -24.811  33.795 0.2500000000
44962  41.848  -13.008  21.907 0.5000000000
85771  43.056  -12.283  22.610 0.5000000000
44961  42.723  -13.080  22.315 0.5000000000
39189  36.103  -22.929  24.369 0.2500000000
87047  31.550  -23.849  23.889 0.3750000000
40441  31.456  -20.270  33.175 0.1250000000
41697  30.609  -18.984  31.862 0.1250000000
41133  31.062  -19.332  27.870 0.1250000000
84690  12.549  -30.539  38.601 0.2500000000
29159  8.419  -37.698  43.721 0.2500000000
28563  8.410  -37.657  42.693 0.2500000000
29156  8.194  -37.481  44.362 0.2500000000
74941  8.831  -37.380  43.553 0.2500000000
29162  9.607  -36.563  43.057 0.2500000000
29163  9.063  -37.009  43.043 0.2500000000
35122  10.768  -28.106  41.839 0.1250000000
34427  11.270  -29.571  42.299 0.1250000000
33725  12.043  -30.827  42.345 0.1250000000
32450  12.091  -32.114  42.848 0.1250000000
31820  12.019  -32.927  42.625 0.1250000000
37166  12.612  -25.641  40.016 0.1250000000
35135  10.596  -28.390  41.179 0.1250000000
75668  10.319  -35.528  43.613 0.2500000000
29906  9.841  -36.416  44.013 0.2500000000
30549  10.259  -36.028  43.613 0.2500000000
29907  9.357  -36.842  43.670 0.2500000000
29903  9.398  -36.310  44.601 0.2500000000
30551  10.495  -35.274  42.370 0.2500000000
32456  12.732  -32.467  40.648 0.2500000000
33736  12.451  -31.050  40.718 0.1250000000
31160  11.734  -34.327  40.564 0.3750000000
33769  21.832  -29.805  36.175 0.2500000000
85331  20.789  -28.641  35.827 0.2500000000
34460  22.746  -29.221  39.161 0.1250000000
34467  22.057  -28.946  37.724 0.1250000000
35173  20.316  -27.914  35.864 0.1250000000
35159  21.222  -27.745  38.086 0.1250000000
35831  20.748  -27.411  37.404 0.1250000000
35832  20.096  -27.011  36.999 0.1250000000
35846  19.699  -27.228  35.358 0.1250000000
37212  16.704  -24.450  37.365 0.1250000000
86606  17.035  -24.986  36.835 0.1250000000
37237  17.103  -25.557  35.744 0.1250000000
36460  19.938  -26.289  37.212 0.1250000000
36489  17.172  -25.693  34.515 0.2500000000
36480  17.625  -25.746  35.276 0.1250000000
36497  18.357  -26.491  33.199 0.2500000000
75430  16.865  -26.235  32.008 0.2500000000
36593  30.334  -26.728  24.039 0.1250000000
40431  32.865  -20.172  34.193 0.1250000000
41748  31.598  -19.048  26.540 0.2500000000
37241  36.441  -24.550  34.016 0.3750000000
33902  28.793  -30.921  23.672 0.3750000000
44380  40.515  -13.789  21.221 0.5000000000
87950  43.387  -12.660  22.747 0.2500000000
33242  29.417  -31.513  24.092 0.2500000000
29161  7.478  -37.371  43.549 0.1250000000
29155  8.620  -36.776  44.772 0.1250000000
29157  7.683  -37.302  44.332 0.1250000000
29908  6.969  -36.758  44.041 0.1250000000
29910  6.934  -36.733  43.085 0.1250000000
29900  8.782  -36.166  45.218 0.1250000000
29909  6.384  -36.166  43.401 0.1250000000
29914  6.521  -35.794  41.568 0.1250000000
29902  7.837  -36.475  45.331 0.1250000000
30547  6.830  -36.175  44.542 0.1250000000
31263  28.911  -34.931  24.059 0.1250000000
81234  29.650  -35.994  25.264 0.1250000000
30665  28.447  -35.600  23.689 0.1250000000
31182  15.529  -35.188  33.543 0.3750000000
78119  29.441  -34.174  24.669 0.1250000000
31938  29.257  -33.025  23.963 0.1250000000
31930  29.821  -33.127  25.060 0.1250000000
35953  28.686  -27.794  24.341 0.3750000000
35940  28.081  -27.058  24.627 0.3750000000
36596  28.706  -27.002  24.426 0.3750000000
35952  29.360  -27.804  24.248 0.1250000000
35278  30.122  -28.536  24.357 0.1250000000
36595  29.163  -26.976  24.264 0.3750000000
35951  29.861  -27.703  24.178 0.1250000000
36577  28.653  -26.059  24.796 0.3750000000
36594  29.691  -26.903  24.159 0.1250000000
36576  29.043  -25.947  24.606 0.3750000000
36459  32.785  -26.748  37.590 0.1250000000
36469  31.987  -26.622  36.622 0.1250000000
36458  33.090  -26.351  37.986 0.1250000000
37881  34.474  -24.288  37.264 0.1250000000
37895  35.150  -24.562  36.434 0.1250000000
37231  36.020  -24.776  35.213 0.1250000000
37242  35.995  -24.770  34.485 0.1250000000
47054  48.444  -10.868  19.466 0.1250000000
75740  48.617  -10.769  18.580 0.1250000000
46346  49.674  -10.905  17.425 0.1250000000
46274  44.022  -11.782  22.704 0.1250000000
46288  45.475  -11.185  21.545 0.1250000000
46273  44.716  -11.886  22.710 0.1250000000
47055  47.709  -10.662  19.931 0.1250000000
77861  47.864  -10.583  18.938 0.1250000000
80266  48.853  -10.668  17.666 0.1250000000
47093  50.085  -10.666  16.705 0.1250000000
87052  43.518  -11.603  22.147 0.2500000000
46275  43.317  -11.935  22.574 0.2500000000
45631  42.368  -12.419  22.225 0.2500000000
47022  45.339  -10.653  20.691 0.1250000000
47023  44.626  -11.040  21.331 0.1250000000
47039  46.188  -10.526  20.352 0.1250000000
45630  43.687  -12.169  22.964 0.1250000000
76107  46.890  -10.529  20.074 0.1250000000
47109  50.567  -10.425  16.133 0.1250000000
75125  49.139  -10.531  16.741 0.1250000000
46276  42.532  -11.995  22.270 0.1250000000
45640  41.568  -12.181  21.917 0.1250000000
74871  45.645  -10.393  20.036 0.1250000000
46290  44.010  -11.354  21.869 0.1250000000
47057  46.273  -10.449  19.691 0.1250000000
47056  47.053  -10.548  19.312 0.1250000000
47074  48.074  -10.521  17.986 0.1250000000
47094  48.309  -10.467  17.078 0.1250000000
47110  49.729  -10.427  16.094 0.1250000000
46292  41.988  -11.548  21.689 0.1250000000
47024  43.282  -11.141  21.334 0.1250000000
44971  40.955  -12.921  21.540 0.2500000000
78218  43.939  -10.965  21.109 0.1250000000
46291  42.857  -11.590  21.905 0.1250000000
47040  44.366  -10.650  20.562 0.1250000000
47097  46.237  -10.932  18.066 0.1250000000
47076  46.305  -10.647  18.924 0.1250000000
47095  47.603  -10.600  17.332 0.1250000000
47075  47.163  -10.691  18.289 0.1250000000
47126  47.854  -10.507  15.808 0.1250000000
47112  47.768  -10.488  16.549 0.1250000000
47125  48.548  -10.483  15.609 0.1250000000
47111  48.425  -10.374  16.299 0.1250000000
47058  44.914  -10.417  19.990 0.1250000000
47096  46.843  -10.904  17.400 0.1250000000
47113  47.211  -10.747  16.776 0.1250000000
47077  45.498  -10.872  18.687 0.1250000000
47144  47.998  -10.747  15.040 0.1250000000
31269  28.811  -34.004  23.662 0.1250000000
32591  29.240  -32.158  23.826 0.1250000000
29911  6.454  -36.084  42.535 0.1250000000
29905  7.485  -36.677  44.824 0.1250000000
89449  29.376  -35.170  24.780 0.1250000000
30664  28.990  -35.758  24.439 0.1250000000
46289  44.713  -11.509  22.141 0.1250000000
47021  46.216  -10.878  21.015 0.1250000000
45629  44.344  -12.198  23.010 0.1250000000
86785  46.745  -10.727  20.614 0.1250000000
81734  45.540  -10.520  19.449 0.1250000000
47143  48.766  -10.720  14.843 0.1250000000
26398  9.427  -42.217  34.076 0.2500000000
29219  13.809  -37.495  33.950 0.1250000000
29942  14.714  -36.381  33.944 0.1250000000
35280  28.505  -28.561  24.292 0.2500000000
33893  30.488  -30.746  25.219 0.1250000000
37912  37.002  -24.179  34.400 0.1250000000
39194  36.844  -23.135  23.548 0.1250000000
76873  36.669  -22.861  24.107 0.1250000000
74634  31.892  -18.770  25.734 0.1250000000
42435  33.822  -18.139  24.039 0.1250000000
86255  34.448  -18.073  23.346 0.1250000000
77388  39.677  -13.813  20.990 0.2500000000
29208  14.532  -37.244  34.212 0.1250000000
33231  30.020  -31.500  24.945 0.1250000000
34600  29.159  -29.189  24.258 0.2500000000
24698  4.882  -46.133  35.831 0.1250000000
86879  4.232  -46.177  35.606 0.1250000000
24738  5.880  -44.933  34.591 0.1250000000
24739  5.106  -44.907  34.608 0.1250000000
24715  7.144  -45.546  35.320 0.1250000000
74616  6.950  -44.259  33.982 0.1250000000
24736  7.806  -45.127  34.750 0.1250000000
25368  7.650  -44.506  34.141 0.1250000000
25382  8.322  -44.109  33.833 0.1250000000
25875  7.503  -43.683  33.849 0.1250000000
25874  8.353  -43.288  33.831 0.1250000000
25885  9.553  -43.720  33.624 0.1250000000
25873  9.125  -43.028  33.804 0.1250000000
26399  8.570  -42.420  34.120 0.1250000000
26410  9.935  -42.914  33.712 0.1250000000
26397  10.291  -42.123  33.949 0.1250000000
85876  26.600  -38.397  27.485 0.1250000000
28721  27.662  -38.307  26.526 0.1250000000
35279  29.301  -28.501  24.316 0.1250000000
40497  40.393  -20.023  27.530 0.1250000000
41129  39.486  -20.141  27.440 0.1250000000
41741  39.748  -19.795  27.053 0.1250000000
26400  7.735  -42.703  34.098 0.1250000000
24717  5.420  -45.660  35.070 0.1250000000
26396  11.156  -42.094  33.895 0.1250000000
24699  3.865  -46.171  35.190 0.1250000000
24697  5.735  -46.080  35.911 0.1250000000
24716  6.275  -45.617  35.150 0.1250000000
24737  6.842  -44.923  34.534 0.1250000000
25367  8.510  -44.714  34.279 0.1250000000
25886  8.887  -43.736  33.717 0.1250000000
80029  29.817  -29.102  24.440 0.1250000000
82929  40.767  -19.945  27.668 0.1250000000
31946  28.063  -33.126  22.831 0.3750000000
33213  16.094  -31.622  27.586 0.7500000000
88994  23.782  -31.517  36.555 0.3750000000
