#!ascii label  , from subject sub-01 vox2ras=TkReg
1446
39915  43.672  -21.448  17.673 0.0000000000
26413  38.737  -42.867  31.926 0.0000000000
24759  24.089  -44.868  31.878 0.0000000000
22700  17.645  -48.828  34.531 0.0000000000
23973  32.497  -46.385  37.164 0.0000000000
73364  31.523  -46.905  27.387 0.0000000000
35988  38.733  -27.046  17.561 0.0000000000
87597  48.384  -17.786  16.285 0.0000000000
33891  40.861  -31.007  25.630 0.0000000000
29316  36.864  -37.340  25.113 0.0000000000
26468  35.754  -42.044  22.443 0.0000000000
24669  25.343  -44.965  37.796 0.0000000000
24045  20.600  -46.778  33.555 0.0000000000
86363  23.074  -47.909  39.761 0.0000000000
24032  28.312  -46.630  34.661 0.0000000000
34585  44.434  -29.100  25.984 0.0000000000
27494  39.366  -40.638  37.451 0.0000000000
28642  39.393  -38.786  32.569 0.0000000000
30623  38.404  -35.759  29.045 0.0000000000
27588  39.918  -40.273  27.408 0.0000000000
27602  36.517  -40.144  24.740 0.0000000000
26434  36.413  -42.543  27.134 0.0000000000
24850  27.261  -46.277  24.071 0.0000000000
24849  31.633  -45.425  23.084 0.0000000000
41173  45.719  -19.717  16.500 0.0000000000
41195  48.048  -19.032  10.890 0.0000000000
24819  23.732  -45.426  26.504 0.0000000000
23394  19.601  -47.142  27.201 0.0000000000
24723  35.855  -45.676  34.267 0.0000000000
75031  35.091  -45.260  29.799 0.0000000000
22712  32.272  -48.496  32.079 0.0000000000
24080  28.327  -46.439  29.906 0.0000000000
38608  40.979  -23.984  17.863 0.0000000000
22644  18.565  -47.700  41.041 0.0000000000
87245  13.605  -50.198  37.126 0.0000000000
87717  46.446  -21.133  21.438 0.0000000000
37997  45.194  -24.291  22.033 0.0000000000
35962  43.980  -27.898  21.229 0.0000000000
34617  40.582  -29.510  21.417 0.0000000000
77995  36.660  -30.705  21.921 0.0000000000
32538  41.131  -32.617  29.957 0.0000000000
31927  38.168  -33.305  26.260 0.0000000000
30690  34.336  -35.440  21.514 0.0000000000
27632  36.239  -40.564  20.857 0.0000000000
25408  33.253  -44.286  25.530 0.0000000000
24641  26.531  -44.850  40.439 0.0000000000
23957  24.471  -46.307  39.241 0.0000000000
24643  24.931  -45.772  40.632 0.0000000000
24655  28.064  -44.869  38.682 0.0000000000
26391  39.684  -42.379  34.269 0.0000000000
27555  40.198  -40.731  32.185 0.0000000000
28115  40.243  -39.505  30.501 0.0000000000
27571  39.341  -41.006  29.889 0.0000000000
27030  37.627  -41.581  28.190 0.0000000000
26424  37.420  -42.519  29.582 0.0000000000
22793  26.376  -47.869  23.419 0.0000000000
72059  28.609  -48.324  22.430 0.0000000000
40547  44.598  -20.474  16.569 0.0000000000
41186  45.623  -19.752  13.647 0.0000000000
39927  43.947  -21.197  14.047 0.0000000000
24788  23.529  -45.143  28.992 0.0000000000
24107  21.374  -46.433  25.990 0.0000000000
76294  21.818  -45.690  29.842 0.0000000000
22697  19.685  -47.874  33.965 0.0000000000
22730  18.514  -48.545  30.882 0.0000000000
22003  16.836  -49.488  31.235 0.0000000000
21342  15.357  -50.298  32.566 0.0000000000
25336  36.712  -44.590  36.538 0.0000000000
23994  34.600  -46.262  36.236 0.0000000000
24040  33.639  -47.217  33.535 0.0000000000
83516  32.712  -50.657  36.011 0.0000000000
24745  27.009  -45.831  33.951 0.0000000000
24059  28.282  -46.877  31.963 0.0000000000
24776  26.135  -45.508  30.437 0.0000000000
73932  26.087  -45.438  27.904 0.0000000000
37389  40.115  -25.813  17.924 0.0000000000
38035  40.078  -24.420  14.694 0.0000000000
36003  39.747  -26.630  14.084 0.0000000000
20792  12.440  -51.523  38.158 0.0000000000
37367  44.699  -25.716  21.486 0.0000000000
36599  45.885  -26.958  23.592 0.0000000000
34587  42.967  -29.630  25.652 0.0000000000
34605  42.660  -29.135  23.601 0.0000000000
33908  40.967  -30.088  23.599 0.0000000000
33930  38.113  -30.205  20.895 0.0000000000
33910  39.027  -31.007  23.375 0.0000000000
29283  37.917  -37.027  27.119 0.0000000000
31234  38.514  -34.491  27.570 0.0000000000
30653  36.779  -35.612  25.373 0.0000000000
83012  35.392  -34.099  23.780 0.0000000000
30037  35.596  -36.388  23.027 0.0000000000
29355  34.627  -38.151  20.938 0.0000000000
29347  35.617  -38.032  22.856 0.0000000000
27615  37.268  -41.114  22.479 0.0000000000
81183  33.301  -46.323  28.860 0.0000000000
24792  34.211  -45.212  28.131 0.0000000000
24814  32.490  -45.567  26.361 0.0000000000
24847  33.527  -45.195  23.152 0.0000000000
43206  50.306  -16.342  13.827 0.0000000000
42540  49.192  -17.250  13.735 0.0000000000
25346  24.992  -44.625  34.790 0.0000000000
24761  22.488  -45.365  32.490 0.0000000000
25349  22.725  -44.585  35.735 0.0000000000
24001  20.758  -46.340  36.386 0.0000000000
22674  19.976  -47.756  37.086 0.0000000000
24652  31.211  -45.145  38.348 0.0000000000
23343  31.146  -48.390  36.142 0.0000000000
24680  29.187  -45.912  36.980 0.0000000000
24682  27.382  -45.363  36.544 0.0000000000
35934  46.125  -28.131  25.599 0.0000000000
33865  43.563  -31.193  27.989 0.0000000000
29241  38.345  -37.347  31.003 0.0000000000
29269  39.258  -38.150  28.579 0.0000000000
28718  38.332  -38.850  26.665 0.0000000000
28734  36.707  -38.656  24.736 0.0000000000
27593  38.383  -40.165  26.402 0.0000000000
27038  37.039  -41.142  26.188 0.0000000000
26449  35.451  -41.619  25.101 0.0000000000
72716  28.938  -45.822  25.773 0.0000000000
24828  30.929  -45.219  25.247 0.0000000000
89421  29.347  -45.715  23.749 0.0000000000
41846  46.768  -18.887  16.586 0.0000000000
41854  47.914  -18.070  13.752 0.0000000000
41862  46.655  -18.831  13.448 0.0000000000
23385  20.117  -47.305  29.860 0.0000000000
25334  38.531  -44.398  36.640 0.0000000000
25375  37.663  -44.609  33.183 0.0000000000
25391  37.149  -44.330  30.943 0.0000000000
24756  35.491  -45.776  32.161 0.0000000000
23379  33.242  -47.066  31.089 0.0000000000
72808  31.495  -47.782  29.658 0.0000000000
72030  30.306  -47.718  33.789 0.0000000000
23371  29.906  -47.374  31.253 0.0000000000
24089  29.529  -46.561  28.584 0.0000000000
24099  27.674  -45.671  27.545 0.0000000000
24830  25.397  -46.073  25.199 0.0000000000
39223  42.270  -22.298  17.512 0.0000000000
39240  42.880  -22.146  13.927 0.0000000000
38636  41.778  -23.078  14.011 0.0000000000
22661  21.003  -47.707  40.037 0.0000000000
80303  18.500  -48.415  37.906 0.0000000000
21962  16.529  -48.990  38.392 0.0000000000
86887  15.528  -49.408  36.222 0.0000000000
81326  46.734  -19.315  19.273 0.0000000000
40537  45.913  -20.368  19.065 0.0000000000
39908  44.774  -21.529  19.098 0.0000000000
39214  44.423  -22.798  19.719 0.0000000000
38008  43.429  -24.291  19.573 0.0000000000
37385  42.635  -25.574  19.305 0.0000000000
35974  41.707  -27.767  19.356 0.0000000000
35287  44.417  -28.390  22.984 0.0000000000
35293  42.719  -28.657  21.273 0.0000000000
35307  39.734  -28.778  19.239 0.0000000000
34628  38.493  -29.573  19.503 0.0000000000
33937  36.245  -30.432  19.471 0.0000000000
33203  41.433  -32.050  27.464 0.0000000000
31222  39.189  -34.205  29.126 0.0000000000
31915  39.200  -33.174  27.276 0.0000000000
33228  39.091  -31.969  25.321 0.0000000000
33240  36.520  -31.354  24.548 0.0000000000
32609  34.582  -32.267  21.630 0.0000000000
28160  35.602  -39.847  22.836 0.0000000000
25398  36.249  -44.283  29.004 0.0000000000
25907  35.536  -43.590  26.869 0.0000000000
26451  34.288  -42.310  24.366 0.0000000000
25424  31.829  -44.482  23.740 0.0000000000
25432  33.751  -43.587  23.432 0.0000000000
24642  25.711  -45.257  40.542 0.0000000000
24633  25.325  -44.785  41.180 0.0000000000
26407  38.943  -42.905  32.817 0.0000000000
27000  40.007  -41.599  33.628 0.0000000000
27007  39.274  -42.155  32.266 0.0000000000
27020  39.487  -41.199  30.804 0.0000000000
26420  38.296  -42.206  30.685 0.0000000000
27022  38.024  -41.985  29.992 0.0000000000
26421  37.754  -42.837  30.464 0.0000000000
40544  44.108  -20.896  17.065 0.0000000000
40552  44.462  -20.423  15.717 0.0000000000
40553  43.770  -20.790  15.486 0.0000000000
24769  24.301  -44.964  31.040 0.0000000000
82544  22.686  -45.281  29.066 0.0000000000
24780  22.750  -45.326  30.951 0.0000000000
22699  18.365  -48.474  34.461 0.0000000000
22715  18.146  -48.699  33.138 0.0000000000
21996  17.312  -49.106  33.174 0.0000000000
80946  16.126  -49.914  32.683 0.0000000000
21990  16.427  -49.556  33.545 0.0000000000
24664  32.839  -45.288  37.676 0.0000000000
24663  33.838  -45.243  37.147 0.0000000000
73692  34.519  -45.529  36.679 0.0000000000
23995  33.775  -46.773  36.397 0.0000000000
23349  33.433  -48.146  35.834 0.0000000000
23341  32.593  -48.629  36.381 0.0000000000
24747  25.569  -45.229  32.748 0.0000000000
24043  26.503  -45.690  32.612 0.0000000000
84568  25.517  -45.320  31.554 0.0000000000
24777  25.478  -45.271  30.060 0.0000000000
36633  38.616  -26.238  17.038 0.0000000000
36639  38.474  -25.586  15.874 0.0000000000
36638  38.190  -26.159  15.847 0.0000000000
82456  46.865  -26.063  24.655 0.0000000000
36598  46.412  -26.265  23.885 0.0000000000
36582  46.422  -26.875  24.494 0.0000000000
33889  42.188  -30.231  25.958 0.0000000000
34597  42.050  -29.828  25.049 0.0000000000
85247  40.693  -30.545  24.129 0.0000000000
77734  40.301  -30.660  23.578 0.0000000000
33900  40.225  -31.062  24.281 0.0000000000
29299  37.524  -37.383  26.423 0.0000000000
30002  37.336  -36.343  26.553 0.0000000000
30015  36.758  -36.475  25.161 0.0000000000
30663  36.437  -35.871  24.463 0.0000000000
30025  36.454  -37.013  24.278 0.0000000000
30036  35.967  -37.162  23.350 0.0000000000
29331  36.585  -37.948  24.505 0.0000000000
89505  32.315  -46.946  27.803 0.0000000000
24097  32.764  -46.133  27.293 0.0000000000
24104  32.072  -46.413  26.889 0.0000000000
42535  49.292  -17.254  14.623 0.0000000000
42531  48.729  -17.611  15.143 0.0000000000
24684  25.743  -44.712  36.343 0.0000000000
25348  23.538  -44.340  35.585 0.0000000000
25332  23.934  -44.577  36.998 0.0000000000
86259  23.384  -47.353  39.470 0.0000000000
23977  22.288  -45.912  37.897 0.0000000000
23960  21.872  -46.631  38.401 0.0000000000
23345  20.344  -47.169  36.720 0.0000000000
80344  20.677  -47.396  38.302 0.0000000000
25322  31.007  -44.483  39.377 0.0000000000
24665  30.379  -45.596  37.761 0.0000000000
24653  29.988  -45.073  38.556 0.0000000000
24656  27.160  -44.935  38.399 0.0000000000
82056  27.434  -45.109  37.385 0.0000000000
75734  26.764  -44.960  37.137 0.0000000000
75366  25.964  -44.831  35.750 0.0000000000
28621  39.789  -38.768  34.169 0.0000000000
29227  38.284  -37.664  33.995 0.0000000000
81590  38.129  -37.656  32.610 0.0000000000
29972  38.034  -36.848  31.593 0.0000000000
28652  38.802  -38.164  31.502 0.0000000000
27582  40.366  -40.211  28.881 0.0000000000
89005  40.122  -39.106  29.299 0.0000000000
28131  40.183  -39.383  27.913 0.0000000000
28706  38.812  -38.541  27.312 0.0000000000
28133  40.059  -39.848  27.260 0.0000000000
28137  38.464  -39.653  26.492 0.0000000000
27592  39.393  -40.034  26.809 0.0000000000
26433  36.958  -42.041  27.726 0.0000000000
27033  37.409  -41.411  27.201 0.0000000000
26439  36.705  -41.828  26.667 0.0000000000
27039  36.236  -41.439  25.630 0.0000000000
26440  35.967  -42.106  26.150 0.0000000000
72066  28.765  -45.818  24.918 0.0000000000
75530  29.536  -45.647  25.301 0.0000000000
73303  28.700  -45.854  23.923 0.0000000000
41172  46.215  -19.271  16.107 0.0000000000
41856  46.729  -18.882  14.924 0.0000000000
41176  46.199  -19.249  15.220 0.0000000000
41198  45.872  -19.969  11.787 0.0000000000
24131  23.942  -46.636  24.998 0.0000000000
24119  22.740  -46.550  25.268 0.0000000000
24053  21.162  -46.282  32.952 0.0000000000
85246  21.197  -46.415  31.903 0.0000000000
23373  20.521  -47.167  31.647 0.0000000000
77197  17.216  -49.220  29.967 0.0000000000
22735  18.737  -48.366  29.435 0.0000000000
24678  36.176  -45.318  36.041 0.0000000000
25335  37.714  -44.417  36.853 0.0000000000
25344  37.227  -44.750  35.467 0.0000000000
25357  37.703  -44.586  34.178 0.0000000000
24742  37.105  -44.987  33.865 0.0000000000
24755  36.454  -45.314  32.553 0.0000000000
24744  35.715  -45.719  33.243 0.0000000000
23363  32.773  -48.054  32.445 0.0000000000
81641  34.024  -46.756  32.712 0.0000000000
23370  32.621  -47.961  31.528 0.0000000000
72893  32.585  -47.683  30.733 0.0000000000
83654  32.166  -48.252  30.824 0.0000000000
24017  29.261  -46.786  35.783 0.0000000000
23350  30.876  -48.574  35.646 0.0000000000
23358  29.593  -47.246  34.232 0.0000000000
24069  28.510  -46.733  30.902 0.0000000000
24058  29.141  -47.116  31.567 0.0000000000
76659  29.183  -46.805  30.122 0.0000000000
24079  29.782  -46.910  29.434 0.0000000000
75773  28.945  -46.482  29.245 0.0000000000
24098  28.349  -45.855  27.574 0.0000000000
84274  27.881  -45.800  28.204 0.0000000000
88839  24.892  -45.454  27.215 0.0000000000
24806  25.547  -45.515  27.024 0.0000000000
24831  24.761  -45.806  25.621 0.0000000000
38611  41.172  -23.365  17.574 0.0000000000
39230  41.268  -22.205  16.238 0.0000000000
39231  40.650  -22.777  16.360 0.0000000000
37421  41.580  -24.838  13.491 0.0000000000
22654  19.222  -47.837  40.556 0.0000000000
80095  19.084  -48.258  39.194 0.0000000000
22664  18.333  -48.451  39.591 0.0000000000
21312  14.353  -49.750  38.658 0.0000000000
21964  14.916  -49.469  37.934 0.0000000000
80403  15.955  -49.209  36.809 0.0000000000
21974  14.706  -49.716  36.258 0.0000000000
21329  14.287  -50.219  34.972 0.0000000000
21325  13.636  -50.580  35.438 0.0000000000
41161  47.088  -18.737  19.380 0.0000000000
40533  46.560  -20.153  20.433 0.0000000000
39904  46.183  -20.897  20.762 0.0000000000
39907  45.347  -21.083  19.358 0.0000000000
39901  45.874  -21.703  21.151 0.0000000000
87702  45.576  -23.561  22.294 0.0000000000
38599  44.910  -22.695  20.450 0.0000000000
38596  44.765  -23.953  21.199 0.0000000000
38602  43.955  -23.548  19.648 0.0000000000
38004  44.347  -24.498  20.612 0.0000000000
36606  44.679  -26.617  21.621 0.0000000000
37380  44.008  -26.016  20.231 0.0000000000
36622  43.525  -26.665  20.024 0.0000000000
35979  41.976  -26.943  19.244 0.0000000000
35966  42.941  -27.973  20.075 0.0000000000
35262  45.512  -28.399  25.376 0.0000000000
35273  45.485  -28.166  24.407 0.0000000000
35274  44.885  -28.542  24.621 0.0000000000
34611  41.532  -29.418  22.432 0.0000000000
35289  42.879  -28.737  22.113 0.0000000000
34620  41.115  -29.147  20.799 0.0000000000
35298  41.686  -28.796  20.216 0.0000000000
79734  40.088  -29.352  20.076 0.0000000000
35308  38.942  -29.032  19.039 0.0000000000
34622  39.594  -29.614  20.504 0.0000000000
33925  37.354  -30.532  21.466 0.0000000000
33931  37.270  -30.450  20.553 0.0000000000
33932  36.462  -30.660  20.264 0.0000000000
33264  35.186  -31.399  20.483 0.0000000000
74026  41.269  -32.487  28.979 0.0000000000
30618  38.401  -35.751  29.775 0.0000000000
31215  38.856  -34.908  29.856 0.0000000000
80219  38.703  -35.036  28.872 0.0000000000
31917  37.941  -34.013  26.470 0.0000000000
31902  38.981  -33.865  27.726 0.0000000000
32571  38.892  -32.927  26.536 0.0000000000
32570  39.611  -32.589  26.761 0.0000000000
32579  38.581  -32.554  25.868 0.0000000000
33229  38.194  -32.094  25.226 0.0000000000
32588  37.203  -32.171  25.062 0.0000000000
31279  35.056  -34.503  23.033 0.0000000000
32606  34.786  -32.943  23.124 0.0000000000
31955  34.360  -33.674  21.770 0.0000000000
80571  33.987  -33.872  20.005 0.0000000000
30701  33.860  -35.351  19.790 0.0000000000
81135  33.822  -36.413  20.066 0.0000000000
28178  34.821  -39.578  20.796 0.0000000000
28195  34.933  -39.549  19.616 0.0000000000
28145  36.865  -39.376  25.034 0.0000000000
28150  36.288  -39.429  24.076 0.0000000000
27609  36.141  -39.924  24.019 0.0000000000
24773  36.156  -45.039  30.864 0.0000000000
25395  36.454  -44.428  29.800 0.0000000000
25396  35.740  -44.798  29.535 0.0000000000
25407  33.974  -44.285  26.216 0.0000000000
25405  34.581  -44.628  27.295 0.0000000000
25913  34.325  -43.384  25.652 0.0000000000
25921  34.565  -42.594  25.177 0.0000000000
25922  33.908  -42.839  24.768 0.0000000000
25425  31.050  -44.876  23.848 0.0000000000
25417  31.329  -44.697  24.490 0.0000000000
80199  31.540  -44.887  23.416 0.0000000000
73695  33.199  -44.260  23.393 0.0000000000
73925  34.544  -43.744  23.095 0.0000000000
41867  47.263  -18.423  12.293 0.0000000000
42543  48.433  -17.695  12.343 0.0000000000
39248  43.918  -22.283  12.716 0.0000000000
24657  26.143  -45.134  38.962 0.0000000000
24658  24.828  -45.430  38.585 0.0000000000
23943  25.234  -45.769  39.390 0.0000000000
23944  24.668  -46.889  39.896 0.0000000000
23321  24.258  -47.804  40.044 0.0000000000
24647  26.824  -44.956  39.567 0.0000000000
26966  40.041  -42.308  35.932 0.0000000000
27506  40.552  -40.260  36.695 0.0000000000
26982  40.392  -40.979  34.760 0.0000000000
27548  40.532  -40.092  33.584 0.0000000000
28093  39.932  -39.301  32.205 0.0000000000
28651  39.317  -38.735  31.874 0.0000000000
83279  40.397  -39.909  31.102 0.0000000000
27570  40.044  -40.672  30.268 0.0000000000
27579  39.249  -40.851  28.936 0.0000000000
27584  39.198  -40.695  27.950 0.0000000000
27029  38.421  -41.174  28.575 0.0000000000
27026  37.837  -41.783  29.114 0.0000000000
26429  37.177  -42.267  28.688 0.0000000000
24128  26.584  -46.860  23.869 0.0000000000
73426  27.911  -47.136  22.857 0.0000000000
78900  27.148  -48.243  22.841 0.0000000000
40546  45.239  -20.221  16.924 0.0000000000
41177  45.654  -19.653  15.636 0.0000000000
40554  45.087  -20.136  15.192 0.0000000000
78710  45.134  -20.282  14.226 0.0000000000
85557  23.750  -45.277  27.850 0.0000000000
24820  22.832  -45.572  26.638 0.0000000000
24809  22.510  -45.397  27.559 0.0000000000
24092  21.550  -45.669  27.900 0.0000000000
24093  20.920  -46.106  28.673 0.0000000000
23359  20.148  -47.539  33.263 0.0000000000
23367  20.123  -47.751  32.303 0.0000000000
22705  19.487  -48.125  32.998 0.0000000000
22008  17.869  -48.903  31.083 0.0000000000
80229  15.076  -50.583  31.792 0.0000000000
75293  35.258  -45.544  36.337 0.0000000000
24028  35.307  -46.065  34.997 0.0000000000
24038  35.122  -46.111  33.995 0.0000000000
24029  34.580  -46.543  34.740 0.0000000000
84523  33.322  -47.679  34.203 0.0000000000
83461  32.497  -49.009  34.223 0.0000000000
24033  27.665  -46.276  34.305 0.0000000000
24042  28.239  -46.716  33.837 0.0000000000
79917  27.591  -46.321  33.442 0.0000000000
24060  27.562  -46.377  31.410 0.0000000000
24071  26.863  -45.811  30.041 0.0000000000
24082  26.902  -45.659  29.342 0.0000000000
24785  26.139  -45.416  29.533 0.0000000000
86348  24.891  -45.296  28.716 0.0000000000
37392  39.918  -25.039  17.441 0.0000000000
38619  39.495  -23.677  16.147 0.0000000000
38021  38.917  -24.680  16.148 0.0000000000
36653  39.354  -25.514  14.782 0.0000000000
20787  13.238  -50.630  39.070 0.0000000000
21317  13.365  -50.380  37.809 0.0000000000
20798  13.034  -50.953  35.963 0.0000000000
20245  12.077  -52.064  36.880 0.0000000000
80488  46.096  -24.983  23.229 0.0000000000
37372  45.027  -25.176  21.979 0.0000000000
37356  45.873  -25.899  23.194 0.0000000000
36603  45.429  -26.657  22.886 0.0000000000
36604  45.017  -27.024  22.319 0.0000000000
34586  43.738  -29.256  25.639 0.0000000000
34595  43.444  -28.966  24.244 0.0000000000
34596  42.721  -29.358  24.624 0.0000000000
34606  41.684  -29.542  23.326 0.0000000000
34612  40.732  -29.746  22.237 0.0000000000
34618  39.857  -29.737  21.280 0.0000000000
33917  40.125  -30.171  22.405 0.0000000000
74555  38.914  -30.636  22.656 0.0000000000
33911  37.987  -30.863  23.060 0.0000000000
29985  38.323  -36.316  28.492 0.0000000000
89288  38.417  -35.586  28.482 0.0000000000
30633  37.781  -36.073  27.365 0.0000000000
30643  37.576  -35.349  26.833 0.0000000000
77154  37.011  -34.746  25.636 0.0000000000
31936  36.110  -33.231  24.682 0.0000000000
31254  36.513  -34.933  24.881 0.0000000000
31268  35.655  -34.852  23.698 0.0000000000
80060  35.114  -36.045  22.503 0.0000000000
30062  34.179  -36.472  20.871 0.0000000000
30051  35.045  -36.836  22.259 0.0000000000
29348  35.050  -37.902  21.974 0.0000000000
28171  35.157  -39.686  21.679 0.0000000000
80392  35.810  -40.492  24.146 0.0000000000
27056  35.714  -40.506  23.166 0.0000000000
27066  36.580  -41.305  22.400 0.0000000000
27055  38.994  -41.679  23.575 0.0000000000
24784  33.800  -46.006  29.261 0.0000000000
24782  34.908  -45.102  28.970 0.0000000000
24793  33.662  -45.825  28.533 0.0000000000
24803  33.166  -45.520  26.951 0.0000000000
24813  33.242  -44.944  26.265 0.0000000000
86578  32.238  -45.289  23.027 0.0000000000
24138  33.511  -46.345  23.226 0.0000000000
43197  49.844  -16.919  14.885 0.0000000000
43207  49.710  -16.745  13.261 0.0000000000
42542  49.094  -17.228  12.764 0.0000000000
24727  24.834  -44.771  33.977 0.0000000000
24760  23.304  -44.990  32.168 0.0000000000
25359  23.511  -44.572  34.277 0.0000000000
24728  22.673  -44.928  34.180 0.0000000000
24707  21.556  -45.325  35.353 0.0000000000
24671  23.544  -45.119  37.667 0.0000000000
24688  21.516  -45.437  36.355 0.0000000000
24035  20.572  -46.583  34.479 0.0000000000
23351  20.152  -47.129  35.040 0.0000000000
22691  19.483  -48.003  35.611 0.0000000000
22692  18.625  -48.305  35.373 0.0000000000
74636  31.939  -45.763  37.755 0.0000000000
75984  32.196  -47.492  36.742 0.0000000000
23974  31.078  -46.126  37.274 0.0000000000
23975  30.043  -46.103  37.098 0.0000000000
23999  28.726  -46.266  36.272 0.0000000000
24668  28.114  -45.117  37.878 0.0000000000
24681  28.233  -45.616  36.940 0.0000000000
24000  27.922  -46.052  36.045 0.0000000000
24724  27.125  -45.727  34.813 0.0000000000
24726  25.608  -45.013  34.221 0.0000000000
35989  37.985  -27.354  16.939 0.0000000000
35995  37.889  -26.759  15.858 0.0000000000
36006  37.975  -27.751  15.181 0.0000000000
74607  47.061  -27.362  26.324 0.0000000000
34571  44.745  -29.366  26.828 0.0000000000
34572  43.893  -29.663  26.550 0.0000000000
34573  43.017  -30.205  26.637 0.0000000000
33880  42.317  -30.751  26.816 0.0000000000
82707  38.142  -36.434  31.093 0.0000000000
29977  38.242  -36.537  30.309 0.0000000000
28661  39.450  -38.726  31.026 0.0000000000
28677  39.238  -38.146  29.513 0.0000000000
29257  38.830  -37.574  29.119 0.0000000000
29282  38.497  -37.636  27.575 0.0000000000
29298  38.123  -37.947  26.904 0.0000000000
28719  37.675  -38.258  26.217 0.0000000000
29330  36.951  -38.019  25.134 0.0000000000
28144  37.710  -39.103  25.963 0.0000000000
27601  37.597  -39.830  25.756 0.0000000000
27037  37.905  -40.739  26.724 0.0000000000
27594  37.378  -40.459  25.797 0.0000000000
27047  36.452  -40.768  25.163 0.0000000000
27048  35.639  -40.969  24.539 0.0000000000
27049  34.957  -41.193  23.977 0.0000000000
73525  30.420  -46.070  26.511 0.0000000000
83702  30.995  -45.781  26.013 0.0000000000
72821  30.273  -45.662  25.687 0.0000000000
72063  30.301  -45.137  24.084 0.0000000000
83774  30.820  -45.820  23.193 0.0000000000
72064  28.820  -47.082  22.824 0.0000000000
72062  30.731  -47.550  22.505 0.0000000000
41845  47.361  -18.472  16.161 0.0000000000
41850  47.987  -18.060  14.727 0.0000000000
41851  47.329  -18.475  15.254 0.0000000000
41861  47.218  -18.423  13.186 0.0000000000
41873  46.796  -18.959  11.770 0.0000000000
41189  46.149  -19.383  12.112 0.0000000000
24062  22.068  -45.749  31.607 0.0000000000
24074  20.731  -46.753  30.134 0.0000000000
23389  19.858  -47.257  29.015 0.0000000000
23381  19.754  -47.824  30.468 0.0000000000
22739  19.058  -48.043  28.622 0.0000000000
25853  39.288  -43.253  37.047 0.0000000000
88914  39.221  -43.389  35.371 0.0000000000
25881  38.669  -43.622  33.300 0.0000000000
25385  37.936  -44.294  32.204 0.0000000000
25892  37.702  -44.032  31.357 0.0000000000
25388  37.303  -44.602  31.667 0.0000000000
24764  36.231  -45.279  31.641 0.0000000000
24765  35.509  -45.490  31.162 0.0000000000
24048  34.902  -46.191  32.990 0.0000000000
24766  34.744  -46.007  31.445 0.0000000000
24066  33.989  -46.299  30.884 0.0000000000
24078  33.234  -46.668  29.547 0.0000000000
72040  32.499  -47.406  29.360 0.0000000000
83699  31.349  -47.519  28.789 0.0000000000
22681  31.471  -49.705  36.326 0.0000000000
83813  31.481  -49.585  34.679 0.0000000000
83446  31.410  -48.454  32.218 0.0000000000
23372  29.123  -47.176  32.515 0.0000000000
23364  30.472  -47.814  31.895 0.0000000000
86350  31.218  -48.213  31.551 0.0000000000
72990  30.883  -47.609  30.173 0.0000000000
72029  30.364  -47.013  28.725 0.0000000000
83749  30.071  -46.624  27.906 0.0000000000
72057  29.213  -46.174  27.727 0.0000000000
72897  28.815  -45.878  26.713 0.0000000000
72061  27.926  -45.854  25.681 0.0000000000
24794  27.060  -45.544  27.919 0.0000000000
24816  26.983  -45.796  26.381 0.0000000000
77031  26.330  -46.115  24.989 0.0000000000
24839  25.848  -46.556  24.528 0.0000000000
39916  42.816  -21.697  17.128 0.0000000000
39924  43.034  -21.278  15.295 0.0000000000
39921  41.838  -21.778  16.034 0.0000000000
38034  40.627  -23.965  14.365 0.0000000000
38041  42.125  -24.293  13.076 0.0000000000
36004  39.359  -27.108  14.229 0.0000000000
25293  24.820  -44.304  41.759 0.0000000000
24635  23.823  -45.591  41.427 0.0000000000
23306  23.317  -47.460  40.493 0.0000000000
23307  22.282  -47.067  40.599 0.0000000000
22660  21.964  -47.793  40.071 0.0000000000
23333  20.550  -47.601  38.961 0.0000000000
22676  18.883  -48.266  37.341 0.0000000000
22685  18.039  -48.534  36.180 0.0000000000
22665  17.538  -48.679  39.541 0.0000000000
21961  17.214  -48.798  37.772 0.0000000000
21972  17.199  -48.815  36.802 0.0000000000
21985  16.395  -49.410  34.569 0.0000000000
75494  15.712  -49.787  34.168 0.0000000000
42523  47.973  -17.946  17.414 0.0000000000
41839  47.354  -18.443  17.039 0.0000000000
41840  46.803  -18.889  17.490 0.0000000000
41163  46.340  -19.461  17.874 0.0000000000
41159  46.828  -19.287  20.092 0.0000000000
78720  46.362  -19.682  18.755 0.0000000000
41164  45.871  -20.100  18.222 0.0000000000
40542  45.326  -20.417  17.755 0.0000000000
40539  44.857  -20.895  18.100 0.0000000000
39911  44.376  -21.440  18.437 0.0000000000
82243  45.315  -22.047  20.599 0.0000000000
73967  44.329  -22.095  19.117 0.0000000000
39217  43.700  -22.024  18.522 0.0000000000
39218  43.197  -22.530  18.557 0.0000000000
85767  42.344  -23.292  18.525 0.0000000000
38604  42.617  -23.909  19.042 0.0000000000
37379  44.360  -25.405  20.736 0.0000000000
77027  43.255  -25.109  19.569 0.0000000000
38011  42.043  -24.814  18.844 0.0000000000
75142  40.831  -25.837  18.410 0.0000000000
36630  40.550  -26.499  18.502 0.0000000000
35981  40.277  -27.351  18.647 0.0000000000
36583  45.945  -27.596  24.365 0.0000000000
35957  45.051  -28.019  23.134 0.0000000000
35291  44.244  -28.208  22.028 0.0000000000
35285  43.586  -28.758  23.333 0.0000000000
35288  43.646  -28.577  22.458 0.0000000000
35296  43.263  -28.209  20.796 0.0000000000
35304  42.166  -28.249  19.830 0.0000000000
35316  40.899  -27.988  19.054 0.0000000000
35982  39.466  -27.622  18.304 0.0000000000
35319  38.471  -28.628  18.374 0.0000000000
35320  37.665  -28.814  18.064 0.0000000000
34623  37.947  -30.122  19.981 0.0000000000
34630  36.789  -29.900  19.005 0.0000000000
33202  42.190  -31.958  27.788 0.0000000000
88521  41.009  -31.317  26.336 0.0000000000
31879  39.827  -33.638  29.671 0.0000000000
31223  38.882  -34.444  28.270 0.0000000000
31890  39.229  -33.880  28.368 0.0000000000
32548  39.965  -32.949  28.403 0.0000000000
32559  39.938  -32.679  27.635 0.0000000000
33219  40.057  -32.145  26.283 0.0000000000
33226  40.437  -31.634  25.913 0.0000000000
33237  39.592  -31.484  24.630 0.0000000000
33247  38.315  -31.178  23.973 0.0000000000
33913  36.115  -30.747  23.472 0.0000000000
32590  35.473  -32.456  24.399 0.0000000000
33257  35.105  -31.505  23.261 0.0000000000
33261  35.247  -31.397  22.336 0.0000000000
32611  34.354  -32.604  20.685 0.0000000000
29374  34.427  -37.880  19.648 0.0000000000
29373  36.589  -38.162  19.111 0.0000000000
28735  36.304  -38.751  23.931 0.0000000000
28741  35.773  -38.964  23.106 0.0000000000
28170  35.363  -39.996  22.247 0.0000000000
27616  36.147  -40.934  22.205 0.0000000000
27624  36.747  -40.822  22.183 0.0000000000
25894  37.437  -43.693  30.661 0.0000000000
25898  36.736  -43.859  29.421 0.0000000000
25901  36.461  -43.634  28.592 0.0000000000
25400  34.960  -44.742  28.139 0.0000000000
25404  35.493  -44.237  27.577 0.0000000000
25911  35.766  -42.880  26.577 0.0000000000
26441  35.272  -42.363  25.633 0.0000000000
26450  34.786  -41.876  24.654 0.0000000000
26459  34.691  -41.859  23.730 0.0000000000
89262  31.374  -45.498  25.734 0.0000000000
25416  32.064  -44.371  24.530 0.0000000000
25415  32.857  -43.893  24.563 0.0000000000
24848  32.656  -44.835  23.172 0.0000000000
25423  33.067  -43.650  23.757 0.0000000000
25923  33.425  -43.163  24.300 0.0000000000
25931  33.756  -42.960  23.805 0.0000000000
74439  34.562  -42.455  23.510 0.0000000000
42541  48.537  -17.658  13.289 0.0000000000
42547  49.033  -17.392  11.782 0.0000000000
42553  49.993  -17.823  10.769 0.0000000000
39928  43.267  -21.527  14.378 0.0000000000
27015  38.900  -41.997  31.292 0.0000000000
26416  38.268  -42.790  31.205 0.0000000000
74869  43.380  -21.150  16.717 0.0000000000
40548  43.888  -20.691  16.266 0.0000000000
24779  23.555  -45.034  30.499 0.0000000000
24770  23.456  -45.020  31.365 0.0000000000
22707  17.839  -48.800  33.859 0.0000000000
21989  17.116  -49.126  34.111 0.0000000000
24679  33.333  -46.135  36.952 0.0000000000
23996  32.941  -47.190  36.575 0.0000000000
23340  33.294  -47.882  36.116 0.0000000000
24758  24.741  -44.975  32.376 0.0000000000
88268  25.332  -45.232  32.058 0.0000000000
78058  24.881  -45.078  31.623 0.0000000000
81633  38.158  -26.630  16.712 0.0000000000
76950  46.913  -26.726  25.470 0.0000000000
33890  41.412  -30.406  25.362 0.0000000000
73655  40.774  -30.747  24.810 0.0000000000
30014  37.100  -36.904  25.812 0.0000000000
41844  48.102  -18.023  15.742 0.0000000000
75568  25.951  -44.849  37.068 0.0000000000
24685  24.972  -44.664  36.852 0.0000000000
23959  22.757  -46.499  38.757 0.0000000000
23331  22.405  -47.230  39.292 0.0000000000
23336  21.093  -46.934  37.957 0.0000000000
23332  21.376  -47.293  38.999 0.0000000000
25313  30.777  -44.047  40.059 0.0000000000
25324  29.495  -44.608  39.477 0.0000000000
77929  26.255  -44.990  37.936 0.0000000000
88061  26.889  -44.956  37.699 0.0000000000
28634  39.167  -38.579  33.287 0.0000000000
28635  39.000  -38.249  34.096 0.0000000000
29226  38.392  -38.050  33.282 0.0000000000
28643  38.695  -38.289  32.453 0.0000000000
27587  40.358  -40.070  27.910 0.0000000000
28130  40.327  -39.576  28.679 0.0000000000
24837  27.958  -46.011  24.508 0.0000000000
72067  27.952  -46.215  23.818 0.0000000000
24118  23.626  -46.271  25.248 0.0000000000
24105  23.228  -45.856  25.786 0.0000000000
24054  20.597  -46.985  32.595 0.0000000000
22018  17.154  -49.244  29.061 0.0000000000
24702  36.015  -45.611  35.227 0.0000000000
24701  36.673  -45.117  35.373 0.0000000000
24722  36.533  -45.266  34.510 0.0000000000
24721  37.145  -44.870  34.736 0.0000000000
24743  36.443  -45.326  33.576 0.0000000000
73235  32.088  -48.539  31.543 0.0000000000
23354  29.961  -47.280  35.284 0.0000000000
24031  29.038  -46.872  34.958 0.0000000000
24070  27.610  -46.263  30.467 0.0000000000
82290  28.137  -46.084  29.029 0.0000000000
24818  24.667  -45.510  26.470 0.0000000000
24832  24.066  -45.731  25.675 0.0000000000
24117  24.456  -46.233  25.129 0.0000000000
39225  40.715  -23.139  16.915 0.0000000000
22643  19.489  -47.306  40.861 0.0000000000
86399  18.983  -48.245  40.024 0.0000000000
22655  18.481  -48.181  40.561 0.0000000000
21316  14.103  -49.892  37.705 0.0000000000
21969  14.808  -49.586  37.020 0.0000000000
21319  14.156  -49.918  36.718 0.0000000000
21324  14.173  -50.022  35.857 0.0000000000
21320  13.542  -50.340  36.343 0.0000000000
41830  46.953  -18.960  20.818 0.0000000000
40520  47.095  -20.957  22.040 0.0000000000
39895  46.444  -21.712  21.903 0.0000000000
79054  45.229  -23.400  21.651 0.0000000000
36607  44.263  -27.116  21.025 0.0000000000
36616  44.025  -26.724  20.466 0.0000000000
35972  43.616  -27.440  20.471 0.0000000000
87689  43.094  -27.273  19.920 0.0000000000
35263  44.847  -28.736  25.463 0.0000000000
34616  41.329  -29.274  21.621 0.0000000000
34621  40.346  -29.404  20.649 0.0000000000
33926  36.545  -30.693  21.160 0.0000000000
33933  35.808  -30.948  20.862 0.0000000000
88715  38.596  -35.332  29.379 0.0000000000
31916  38.524  -33.758  26.968 0.0000000000
32580  37.749  -32.843  25.625 0.0000000000
31284  34.531  -34.533  22.111 0.0000000000
31285  34.125  -34.548  21.212 0.0000000000
30691  33.925  -35.472  20.627 0.0000000000
27626  35.171  -40.153  20.937 0.0000000000
27638  35.455  -40.442  20.214 0.0000000000
78115  37.019  -40.097  20.598 0.0000000000
24774  35.567  -45.157  30.356 0.0000000000
25393  36.124  -44.794  30.222 0.0000000000
25414  33.568  -43.576  25.148 0.0000000000
72060  31.127  -45.182  23.403 0.0000000000
41872  47.565  -18.630  11.551 0.0000000000
24648  25.938  -45.380  39.856 0.0000000000
23930  25.197  -46.108  40.085 0.0000000000
23931  24.572  -46.897  40.245 0.0000000000
24640  27.385  -44.536  40.307 0.0000000000
82483  40.056  -42.151  35.038 0.0000000000
26965  40.344  -41.492  35.340 0.0000000000
26983  40.192  -41.607  34.497 0.0000000000
27006  39.828  -41.493  32.690 0.0000000000
27549  40.275  -40.813  33.114 0.0000000000
27554  40.436  -40.026  32.642 0.0000000000
27562  40.379  -40.001  31.782 0.0000000000
27578  39.999  -40.595  29.329 0.0000000000
27025  38.565  -41.357  29.502 0.0000000000
26425  36.868  -43.051  29.109 0.0000000000
23425  26.584  -47.501  23.462 0.0000000000
24147  27.155  -47.310  23.183 0.0000000000
23434  26.864  -47.847  23.040 0.0000000000
40551  45.111  -20.074  16.086 0.0000000000
40555  44.401  -20.662  14.746 0.0000000000
40562  44.609  -20.832  13.705 0.0000000000
24797  24.156  -45.232  28.338 0.0000000000
24798  23.192  -45.232  28.235 0.0000000000
87363  22.214  -45.417  29.464 0.0000000000
24083  21.775  -45.614  29.012 0.0000000000
21995  17.826  -48.905  32.414 0.0000000000
22001  18.198  -48.732  31.682 0.0000000000
22002  17.400  -49.149  31.657 0.0000000000
22009  17.301  -49.180  30.810 0.0000000000
21366  15.903  -50.075  30.365 0.0000000000
21351  16.258  -49.938  31.189 0.0000000000
21341  15.871  -50.216  31.892 0.0000000000
82285  14.472  -50.999  31.683 0.0000000000
21343  14.541  -50.753  32.472 0.0000000000
25338  34.897  -44.943  36.804 0.0000000000
23993  35.373  -45.910  35.773 0.0000000000
24015  34.658  -46.472  35.606 0.0000000000
22688  33.113  -49.362  35.707 0.0000000000
23353  33.345  -47.880  35.092 0.0000000000
83883  32.711  -49.956  35.171 0.0000000000
79496  26.978  -45.885  33.191 0.0000000000
24767  26.086  -45.560  31.246 0.0000000000
24052  26.734  -45.904  31.769 0.0000000000
24061  26.831  -45.922  30.886 0.0000000000
24787  24.334  -45.128  29.198 0.0000000000
24786  25.187  -45.261  29.386 0.0000000000
38016  39.286  -24.719  16.688 0.0000000000
37393  38.738  -25.276  16.326 0.0000000000
36645  38.778  -25.874  15.189 0.0000000000
36644  39.492  -26.062  14.420 0.0000000000
75080  40.634  -26.360  13.851 0.0000000000
87238  12.821  -51.050  38.680 0.0000000000
89131  13.156  -50.585  38.429 0.0000000000
20791  12.879  -50.948  37.916 0.0000000000
20795  12.495  -51.421  37.336 0.0000000000
37982  45.503  -25.073  22.633 0.0000000000
35958  45.277  -27.396  23.007 0.0000000000
76933  43.383  -29.199  25.019 0.0000000000
87955  41.455  -29.808  23.891 0.0000000000
34607  41.059  -29.802  22.906 0.0000000000
33909  40.477  -30.208  22.938 0.0000000000
33901  39.703  -31.102  23.772 0.0000000000
76349  39.743  -30.617  22.946 0.0000000000
29994  38.233  -36.711  27.809 0.0000000000
30632  38.195  -35.814  27.972 0.0000000000
30652  37.146  -35.459  26.122 0.0000000000
31244  37.514  -34.635  26.322 0.0000000000
30671  35.996  -35.654  23.633 0.0000000000
31267  36.161  -35.100  24.200 0.0000000000
30672  35.387  -35.458  23.041 0.0000000000
79935  35.309  -38.880  22.254 0.0000000000
27057  35.258  -40.730  23.370 0.0000000000
26466  37.492  -41.959  22.796 0.0000000000
27065  37.892  -41.607  22.932 0.0000000000
74944  33.446  -45.681  27.721 0.0000000000
25376  24.079  -44.570  33.679 0.0000000000
25358  24.236  -44.479  34.483 0.0000000000
25360  23.060  -44.587  34.948 0.0000000000
24729  22.289  -44.934  35.060 0.0000000000
24730  21.803  -45.410  34.347 0.0000000000
24706  22.011  -44.888  35.830 0.0000000000
24670  24.436  -44.981  37.760 0.0000000000
24659  24.000  -45.639  38.458 0.0000000000
23978  21.432  -46.153  37.353 0.0000000000
24673  22.031  -45.469  37.142 0.0000000000
24020  21.000  -45.793  35.676 0.0000000000
24021  20.564  -46.432  35.386 0.0000000000
22682  19.942  -47.717  36.228 0.0000000000
22683  19.375  -48.080  36.626 0.0000000000
25321  31.806  -44.388  39.253 0.0000000000
24651  32.168  -44.893  38.478 0.0000000000
24666  29.691  -45.645  37.615 0.0000000000
23998  29.601  -46.504  36.420 0.0000000000
24645  28.598  -44.639  39.435 0.0000000000
24654  28.854  -45.009  38.588 0.0000000000
24703  27.242  -45.577  35.691 0.0000000000
24019  27.788  -46.170  35.166 0.0000000000
24705  25.776  -44.910  35.051 0.0000000000
35996  37.658  -27.353  15.822 0.0000000000
33878  44.596  -29.897  27.486 0.0000000000
33879  43.819  -30.424  27.400 0.0000000000
75597  43.073  -30.787  27.310 0.0000000000
33866  42.642  -31.349  27.571 0.0000000000
28044  40.554  -39.476  36.031 0.0000000000
29250  38.628  -37.442  29.964 0.0000000000
28104  39.931  -39.262  31.451 0.0000000000
28690  39.901  -38.798  28.844 0.0000000000
29270  38.690  -37.329  28.357 0.0000000000
28692  39.169  -38.237  27.898 0.0000000000
27032  38.249  -40.997  27.621 0.0000000000
27589  38.955  -40.421  27.094 0.0000000000
72028  29.626  -45.904  26.194 0.0000000000
72069  29.491  -45.470  24.316 0.0000000000
83751  29.982  -45.634  23.607 0.0000000000
73644  28.303  -47.718  22.457 0.0000000000
73494  29.167  -47.789  22.459 0.0000000000
72055  30.043  -48.041  22.441 0.0000000000
72068  30.731  -46.713  22.786 0.0000000000
41855  47.146  -18.550  14.213 0.0000000000
41868  46.641  -18.834  12.621 0.0000000000
41180  45.648  -19.667  14.693 0.0000000000
24100  21.929  -45.814  26.812 0.0000000000
24106  22.325  -46.174  25.935 0.0000000000
24120  21.677  -46.863  25.209 0.0000000000
81023  23.107  -44.938  32.847 0.0000000000
24771  22.804  -45.276  31.712 0.0000000000
24063  20.950  -46.691  30.981 0.0000000000
78811  21.490  -46.146  31.102 0.0000000000
24085  20.455  -46.695  29.275 0.0000000000
22722  19.292  -48.173  31.088 0.0000000000
23374  20.001  -47.836  31.372 0.0000000000
22740  18.303  -48.536  28.679 0.0000000000
83213  18.506  -48.283  27.955 0.0000000000
76090  36.190  -44.152  36.853 0.0000000000
82626  37.719  -44.470  35.994 0.0000000000
89327  37.800  -44.340  37.636 0.0000000000
25327  38.439  -44.104  37.203 0.0000000000
25862  39.155  -44.046  37.075 0.0000000000
26384  39.514  -43.166  36.046 0.0000000000
25866  38.927  -43.901  35.987 0.0000000000
25374  38.259  -44.199  33.717 0.0000000000
25384  38.247  -44.115  32.951 0.0000000000
24754  37.233  -44.848  32.411 0.0000000000
24763  36.837  -45.023  31.895 0.0000000000
24039  34.362  -46.620  33.723 0.0000000000
24057  33.996  -46.586  31.741 0.0000000000
24067  33.458  -46.677  30.353 0.0000000000
73116  32.220  -47.899  30.004 0.0000000000
83851  32.032  -47.900  29.196 0.0000000000
73454  32.179  -47.553  28.566 0.0000000000
76893  31.481  -47.362  36.660 0.0000000000
23342  31.838  -48.747  36.504 0.0000000000
83477  30.619  -47.886  34.699 0.0000000000
83447  31.015  -49.333  35.162 0.0000000000
72652  31.019  -48.554  34.071 0.0000000000
72042  31.762  -48.905  33.557 0.0000000000
74579  30.690  -47.977  32.974 0.0000000000
24050  28.255  -46.768  32.945 0.0000000000
23366  28.947  -47.046  33.486 0.0000000000
79856  29.674  -47.423  31.940 0.0000000000
72035  30.794  -47.783  30.949 0.0000000000
72025  30.057  -47.269  30.328 0.0000000000
72050  27.839  -45.722  26.853 0.0000000000
24795  26.555  -45.470  28.702 0.0000000000
24817  25.424  -45.716  26.051 0.0000000000
77547  26.138  -45.683  26.464 0.0000000000
75602  26.202  -45.855  25.751 0.0000000000
84368  26.922  -45.938  25.510 0.0000000000
39229  42.003  -21.947  16.672 0.0000000000
39243  40.982  -22.719  15.299 0.0000000000
39237  41.472  -22.183  15.562 0.0000000000
39242  41.562  -22.618  14.790 0.0000000000
38036  39.591  -24.188  15.273 0.0000000000
38628  39.557  -23.677  15.753 0.0000000000
37420  42.430  -25.190  13.092 0.0000000000
38051  42.981  -24.612  12.665 0.0000000000
36005  38.384  -27.279  14.910 0.0000000000
74405  38.455  -26.681  15.085 0.0000000000
25292  24.700  -43.936  41.901 0.0000000000
24626  23.392  -44.983  41.923 0.0000000000
24636  23.096  -45.750  41.439 0.0000000000
23916  23.585  -46.602  40.877 0.0000000000
23917  22.708  -46.496  40.930 0.0000000000
22640  21.734  -47.308  40.383 0.0000000000
23328  21.267  -47.638  39.701 0.0000000000
22662  20.405  -47.703  39.640 0.0000000000
22669  19.205  -48.202  38.195 0.0000000000
22684  18.632  -48.320  36.692 0.0000000000
22677  18.048  -48.537  37.258 0.0000000000
73769  15.920  -49.106  39.035 0.0000000000
21958  16.134  -48.929  39.917 0.0000000000
22666  16.752  -48.918  39.347 0.0000000000
79670  17.017  -48.521  40.476 0.0000000000
22672  17.309  -48.797  38.675 0.0000000000
21973  16.414  -49.094  36.426 0.0000000000
21979  16.366  -49.239  35.519 0.0000000000
21980  15.651  -49.599  35.089 0.0000000000
21334  14.417  -50.404  34.006 0.0000000000
20802  12.653  -51.683  35.561 0.0000000000
42519  47.930  -17.818  18.279 0.0000000000
41836  47.352  -18.355  17.937 0.0000000000
41837  46.859  -18.941  18.509 0.0000000000
40532  46.970  -19.721  20.989 0.0000000000
40534  45.983  -20.622  19.931 0.0000000000
40536  46.423  -19.917  19.593 0.0000000000
39910  45.369  -20.658  18.547 0.0000000000
87320  44.936  -21.112  18.720 0.0000000000
39208  45.927  -22.250  21.746 0.0000000000
39215  43.719  -22.812  19.104 0.0000000000
38007  44.083  -24.212  19.980 0.0000000000
38603  43.329  -23.528  19.280 0.0000000000
37998  44.702  -24.829  21.357 0.0000000000
37384  43.395  -25.849  19.748 0.0000000000
37388  41.367  -25.399  18.576 0.0000000000
37387  41.940  -25.655  18.956 0.0000000000
36629  41.427  -26.245  18.866 0.0000000000
35980  41.152  -27.152  18.962 0.0000000000
75981  46.620  -28.007  26.282 0.0000000000
35933  46.401  -27.547  25.322 0.0000000000
35944  45.926  -28.026  24.957 0.0000000000
35284  44.982  -28.330  23.746 0.0000000000
35959  44.815  -27.828  22.495 0.0000000000
35286  43.014  -28.835  22.834 0.0000000000
35292  43.496  -28.408  21.618 0.0000000000
35297  42.483  -28.496  20.473 0.0000000000
35306  40.517  -28.615  19.398 0.0000000000
35305  41.342  -28.479  19.598 0.0000000000
35317  40.064  -28.173  18.849 0.0000000000
35318  39.273  -28.406  18.633 0.0000000000
34634  38.105  -29.218  18.804 0.0000000000
34644  36.927  -29.057  17.694 0.0000000000
34635  37.272  -29.370  18.540 0.0000000000
33924  39.007  -29.942  21.168 0.0000000000
33936  37.100  -30.280  19.729 0.0000000000
34636  36.469  -29.586  18.200 0.0000000000
32557  41.590  -32.321  28.158 0.0000000000
33217  41.671  -31.426  27.032 0.0000000000
78969  39.462  -34.222  30.057 0.0000000000
79562  38.537  -35.110  28.079 0.0000000000
31901  39.489  -33.350  28.015 0.0000000000
31889  39.638  -33.476  28.794 0.0000000000
32578  39.359  -32.333  26.029 0.0000000000
33227  39.821  -31.865  25.492 0.0000000000
33239  37.701  -31.528  24.600 0.0000000000
33248  37.272  -30.973  23.978 0.0000000000
33249  36.405  -30.804  23.957 0.0000000000
31937  35.430  -33.362  24.131 0.0000000000
32607  34.595  -32.771  22.347 0.0000000000
32598  34.809  -32.216  23.238 0.0000000000
33258  34.795  -31.940  22.471 0.0000000000
86567  34.897  -31.737  21.778 0.0000000000
33262  34.733  -31.818  21.018 0.0000000000
31303  34.022  -34.441  19.529 0.0000000000
82207  34.256  -37.459  20.577 0.0000000000
30074  34.008  -37.534  20.079 0.0000000000
29365  34.300  -38.339  20.287 0.0000000000
28768  36.914  -38.797  19.462 0.0000000000
28769  36.151  -38.976  19.078 0.0000000000
28151  35.918  -39.487  23.473 0.0000000000
27617  35.606  -40.618  22.325 0.0000000000
27623  38.089  -40.682  22.343 0.0000000000
25406  34.888  -43.939  26.592 0.0000000000
25906  36.141  -43.478  27.565 0.0000000000
25912  35.073  -43.132  26.089 0.0000000000
24827  32.611  -44.689  25.464 0.0000000000
87081  32.437  -44.066  23.891 0.0000000000
24139  32.779  -45.692  23.024 0.0000000000
25431  35.446  -44.056  22.821 0.0000000000
25939  34.268  -43.008  23.430 0.0000000000
43210  50.278  -16.203  12.877 0.0000000000
24632  26.176  -44.507  41.099 0.0000000000
74866  39.155  -43.037  33.728 0.0000000000
26406  39.455  -42.250  33.231 0.0000000000
27014  39.674  -41.371  31.738 0.0000000000
27021  38.725  -41.578  30.382 0.0000000000
75839  23.631  -45.053  29.684 0.0000000000
88220  23.131  -45.161  29.419 0.0000000000
24789  22.698  -45.276  29.942 0.0000000000
79182  19.005  -48.223  33.836 0.0000000000
22706  18.768  -48.411  33.224 0.0000000000
86238  18.429  -48.516  33.707 0.0000000000
80565  17.175  -49.253  32.395 0.0000000000
21997  16.636  -49.659  31.974 0.0000000000
85443  16.727  -49.491  32.754 0.0000000000
21991  15.613  -50.005  33.342 0.0000000000
88665  34.383  -45.030  36.982 0.0000000000
88811  34.050  -46.003  36.683 0.0000000000
24016  34.058  -47.169  35.994 0.0000000000
22680  32.992  -49.412  36.088 0.0000000000
24746  26.226  -45.420  33.526 0.0000000000
24757  25.953  -45.515  31.998 0.0000000000
24768  25.292  -45.226  30.860 0.0000000000
24778  24.549  -45.066  30.095 0.0000000000
37390  39.167  -25.626  17.137 0.0000000000
36634  38.497  -25.764  16.468 0.0000000000
35994  38.921  -26.426  14.758 0.0000000000
20230  12.376  -51.664  38.994 0.0000000000
33899  41.289  -30.095  24.444 0.0000000000
85539  36.945  -36.161  25.847 0.0000000000
76029  36.169  -36.396  23.708 0.0000000000
29342  36.168  -37.974  23.670 0.0000000000
83605  32.754  -46.887  28.716 0.0000000000
72750  33.056  -46.310  28.158 0.0000000000
42530  49.496  -17.168  15.510 0.0000000000
42536  48.631  -17.661  14.222 0.0000000000
25339  25.153  -44.518  35.760 0.0000000000
25347  24.311  -44.357  35.302 0.0000000000
25340  24.205  -44.294  36.183 0.0000000000
25341  23.311  -44.486  36.368 0.0000000000
23958  23.687  -46.502  39.014 0.0000000000
23976  23.140  -45.775  38.219 0.0000000000
23979  20.807  -46.776  37.185 0.0000000000
23337  20.482  -47.322  37.540 0.0000000000
24667  28.979  -45.443  37.739 0.0000000000
24683  26.560  -44.995  36.256 0.0000000000
28065  40.359  -39.504  34.254 0.0000000000
29957  37.979  -37.044  33.127 0.0000000000
29963  38.006  -36.875  32.258 0.0000000000
29233  38.241  -37.586  31.906 0.0000000000
28126  40.324  -39.540  29.513 0.0000000000
28676  39.795  -38.762  29.941 0.0000000000
28691  39.747  -38.709  28.076 0.0000000000
28705  39.611  -39.066  27.556 0.0000000000
28134  39.176  -39.436  27.019 0.0000000000
41852  46.742  -18.876  15.721 0.0000000000
41179  46.277  -19.150  14.176 0.0000000000
40561  45.169  -20.420  13.236 0.0000000000
41190  45.590  -19.939  12.538 0.0000000000
24101  21.064  -46.204  26.962 0.0000000000
24751  21.867  -45.627  33.324 0.0000000000
88451  21.757  -45.904  32.453 0.0000000000
23380  20.346  -47.284  30.738 0.0000000000
22731  17.876  -48.860  30.382 0.0000000000
79559  18.426  -48.556  30.078 0.0000000000
22736  17.927  -48.812  29.471 0.0000000000
89048  17.687  -48.906  28.656 0.0000000000
25345  37.015  -44.769  36.097 0.0000000000
25343  38.303  -44.222  35.597 0.0000000000
81435  37.696  -44.493  35.084 0.0000000000
76268  36.995  -45.032  33.097 0.0000000000
24049  33.331  -47.446  32.822 0.0000000000
81109  33.340  -47.298  32.054 0.0000000000
83700  31.563  -48.074  30.392 0.0000000000
23344  30.238  -47.329  35.956 0.0000000000
24068  29.375  -47.046  30.838 0.0000000000
24090  28.685  -46.147  28.398 0.0000000000
24796  25.077  -45.379  27.910 0.0000000000
38610  41.896  -22.978  17.918 0.0000000000
39224  41.393  -22.618  17.023 0.0000000000
39238  40.717  -22.600  15.867 0.0000000000
78665  40.992  -25.510  13.787 0.0000000000
77086  40.767  -24.615  14.038 0.0000000000
36659  41.962  -25.625  13.393 0.0000000000
22642  20.260  -47.036  40.704 0.0000000000
22653  20.136  -47.491  40.290 0.0000000000
22663  19.637  -48.000  39.832 0.0000000000
22670  18.484  -48.437  38.637 0.0000000000
21310  14.652  -49.672  39.450 0.0000000000
82362  15.131  -49.393  38.809 0.0000000000
21963  15.710  -49.193  38.137 0.0000000000
21968  15.527  -49.294  37.249 0.0000000000
21981  14.891  -49.799  35.489 0.0000000000
76513  47.410  -18.278  18.791 0.0000000000
40528  46.758  -20.462  21.253 0.0000000000
39905  45.575  -21.365  20.285 0.0000000000
39201  45.713  -22.881  22.026 0.0000000000
39209  45.395  -22.590  21.242 0.0000000000
85826  44.961  -23.241  20.977 0.0000000000
38600  44.472  -23.559  20.374 0.0000000000
36615  44.379  -26.275  20.891 0.0000000000
36623  42.768  -26.592  19.570 0.0000000000
36628  42.158  -26.212  19.193 0.0000000000
35973  42.476  -27.517  19.640 0.0000000000
76278  46.055  -28.426  26.312 0.0000000000
79812  44.254  -28.655  23.961 0.0000000000
34610  42.311  -29.112  22.685 0.0000000000
34615  42.133  -29.055  21.834 0.0000000000
34619  41.932  -28.923  20.999 0.0000000000
34626  40.801  -29.088  19.989 0.0000000000
84537  40.125  -29.049  19.702 0.0000000000
34627  39.419  -29.367  19.730 0.0000000000
33919  38.304  -30.465  21.934 0.0000000000
76613  35.460  -30.762  19.111 0.0000000000
33938  35.704  -30.946  19.951 0.0000000000
33267  35.025  -31.390  19.575 0.0000000000
30613  38.501  -35.567  30.792 0.0000000000
31209  39.359  -34.535  30.999 0.0000000000
31243  37.986  -34.536  26.968 0.0000000000
31944  35.028  -33.535  23.448 0.0000000000
31952  34.677  -33.659  22.659 0.0000000000
88065  34.361  -32.964  21.448 0.0000000000
31956  34.090  -33.621  20.797 0.0000000000
31293  33.886  -34.550  20.313 0.0000000000
30086  34.222  -36.864  19.564 0.0000000000
28755  34.543  -38.988  20.529 0.0000000000
28762  34.384  -39.009  20.172 0.0000000000
27640  34.707  -39.949  20.012 0.0000000000
27648  35.873  -40.292  19.575 0.0000000000
28159  35.693  -40.225  23.165 0.0000000000
27614  38.564  -41.146  22.891 0.0000000000
25392  36.615  -44.586  30.544 0.0000000000
25399  35.608  -44.561  28.580 0.0000000000
24802  33.793  -45.074  27.110 0.0000000000
73326  30.701  -44.919  24.462 0.0000000000
74586  34.027  -44.381  23.200 0.0000000000
41860  47.878  -18.057  12.822 0.0000000000
39249  43.224  -22.575  13.171 0.0000000000
39936  43.550  -21.835  13.528 0.0000000000
85304  25.568  -45.182  38.557 0.0000000000
23945  24.188  -47.377  39.677 0.0000000000
23326  23.833  -48.155  39.967 0.0000000000
24646  27.715  -44.716  39.420 0.0000000000
26361  40.034  -41.835  37.018 0.0000000000
26950  40.255  -41.215  36.307 0.0000000000
27519  40.560  -40.517  35.527 0.0000000000
83006  40.549  -39.713  35.062 0.0000000000
27532  40.314  -40.913  34.004 0.0000000000
28082  40.110  -39.238  33.199 0.0000000000
27563  40.189  -40.638  31.201 0.0000000000
27569  40.403  -40.245  30.568 0.0000000000
27577  40.415  -40.229  29.828 0.0000000000
27583  40.017  -40.481  28.312 0.0000000000
26430  36.656  -42.819  28.170 0.0000000000
73850  27.528  -46.681  23.483 0.0000000000
23433  27.521  -47.840  22.611 0.0000000000
22808  28.012  -48.224  22.372 0.0000000000
22100  27.247  -48.756  23.071 0.0000000000
22099  27.965  -49.296  23.026 0.0000000000
24808  23.373  -45.314  27.369 0.0000000000
24799  22.321  -45.356  28.376 0.0000000000
23393  20.252  -46.550  27.065 0.0000000000
24094  20.109  -46.653  28.221 0.0000000000
22713  19.479  -48.187  31.970 0.0000000000
22723  18.844  -48.408  31.613 0.0000000000
22714  18.692  -48.488  32.436 0.0000000000
21352  15.479  -50.352  31.096 0.0000000000
25337  35.743  -44.836  36.579 0.0000000000
24030  33.855  -47.080  34.450 0.0000000000
23348  33.979  -47.144  35.433 0.0000000000
23357  32.923  -48.089  33.507 0.0000000000
73309  32.194  -48.687  33.140 0.0000000000
24041  28.806  -46.926  34.223 0.0000000000
24051  27.422  -46.280  32.471 0.0000000000
24081  27.531  -46.013  29.595 0.0000000000
84839  25.668  -45.350  28.703 0.0000000000
24807  24.246  -45.319  27.384 0.0000000000
38013  40.519  -24.492  17.664 0.0000000000
38612  40.399  -23.769  17.191 0.0000000000
38015  39.936  -24.385  17.110 0.0000000000
38020  39.201  -24.185  16.255 0.0000000000
37404  39.337  -24.853  15.117 0.0000000000
36646  38.828  -25.363  15.456 0.0000000000
37411  40.066  -25.108  14.403 0.0000000000
36652  40.036  -25.691  14.170 0.0000000000
21311  13.876  -50.214  39.413 0.0000000000
21313  13.650  -50.184  38.542 0.0000000000
20794  13.015  -50.779  36.995 0.0000000000
20799  12.555  -51.484  36.464 0.0000000000
20240  12.109  -51.932  37.629 0.0000000000
37366  45.142  -26.015  22.320 0.0000000000
35961  44.545  -27.498  21.753 0.0000000000
35264  44.128  -28.893  24.977 0.0000000000
78285  41.944  -29.579  24.168 0.0000000000
34613  40.162  -29.895  21.878 0.0000000000
33918  39.451  -30.188  22.047 0.0000000000
33920  37.244  -30.696  22.384 0.0000000000
31878  40.495  -33.199  30.246 0.0000000000
30642  38.079  -35.209  27.487 0.0000000000
31928  37.431  -33.805  25.841 0.0000000000
31935  36.911  -33.060  25.200 0.0000000000
31253  36.671  -34.007  25.125 0.0000000000
31262  35.973  -34.231  24.382 0.0000000000
30682  34.831  -35.367  22.356 0.0000000000
30061  34.665  -36.228  21.819 0.0000000000
82504  34.629  -37.183  21.384 0.0000000000
30050  35.444  -37.259  22.694 0.0000000000
28754  34.915  -38.909  21.326 0.0000000000
24783  34.458  -45.621  29.588 0.0000000000
78622  34.213  -45.554  28.911 0.0000000000
24146  32.156  -46.077  22.813 0.0000000000
23423  34.193  -47.042  23.610 0.0000000000
24137  34.324  -46.053  23.467 0.0000000000
43202  49.766  -16.818  14.181 0.0000000000
43211  49.708  -16.719  12.152 0.0000000000
80286  49.755  -17.278  11.293 0.0000000000
41209  48.562  -19.654  10.391 0.0000000000
24748  24.751  -44.853  33.174 0.0000000000
25386  23.902  -44.713  32.782 0.0000000000
24749  23.321  -44.770  33.512 0.0000000000
24750  22.598  -45.123  33.352 0.0000000000
77755  23.716  -44.401  34.912 0.0000000000
87736  22.222  -45.264  33.798 0.0000000000
24044  21.154  -46.081  33.914 0.0000000000
24686  23.168  -44.821  37.018 0.0000000000
24672  22.737  -45.285  37.429 0.0000000000
24687  22.442  -44.900  36.576 0.0000000000
24034  21.041  -45.875  34.852 0.0000000000
23355  20.158  -47.305  34.183 0.0000000000
22690  19.771  -47.690  34.838 0.0000000000
81674  20.230  -47.078  35.884 0.0000000000
86988  19.911  -47.593  35.520 0.0000000000
22698  19.193  -48.083  34.679 0.0000000000
22693  17.815  -48.670  35.230 0.0000000000
87705  31.841  -46.618  37.170 0.0000000000
23997  30.577  -46.907  36.529 0.0000000000
24018  28.469  -46.520  35.504 0.0000000000
24704  26.533  -45.205  35.335 0.0000000000
24725  26.397  -45.335  34.478 0.0000000000
86730  25.401  -45.050  33.525 0.0000000000
89371  46.643  -28.356  27.007 0.0000000000
34570  45.299  -28.847  26.419 0.0000000000
79758  45.397  -29.301  27.546 0.0000000000
79823  41.534  -30.806  26.208 0.0000000000
29258  38.397  -36.697  29.283 0.0000000000
28662  39.013  -38.119  30.533 0.0000000000
29315  37.211  -37.736  25.722 0.0000000000
28729  37.189  -38.507  25.502 0.0000000000
72065  30.657  -46.538  27.278 0.0000000000
73560  31.248  -46.303  26.693 0.0000000000
83717  30.168  -45.263  24.826 0.0000000000
76499  30.638  -45.265  23.615 0.0000000000
72070  28.360  -46.492  23.319 0.0000000000
83879  29.314  -46.273  23.292 0.0000000000
72033  29.858  -47.104  22.736 0.0000000000
72844  30.144  -46.294  23.106 0.0000000000
24140  31.458  -46.377  22.781 0.0000000000
42527  47.980  -18.054  16.583 0.0000000000
41185  46.118  -19.286  13.072 0.0000000000
23406  22.031  -47.359  24.725 0.0000000000
24072  22.004  -45.717  30.634 0.0000000000
24073  21.334  -46.192  30.376 0.0000000000
24084  21.150  -46.171  29.571 0.0000000000
22729  19.055  -48.229  30.238 0.0000000000
22734  19.479  -47.854  29.503 0.0000000000
85146  19.492  -47.658  28.874 0.0000000000
23390  19.498  -47.383  28.266 0.0000000000
22742  19.008  -47.803  27.532 0.0000000000
25328  37.183  -44.170  37.124 0.0000000000
26353  38.812  -42.184  37.807 0.0000000000
26943  39.435  -41.798  37.364 0.0000000000
26373  39.776  -42.555  37.129 0.0000000000
26383  39.617  -42.765  35.215 0.0000000000
26392  39.229  -43.210  34.624 0.0000000000
25356  38.245  -44.176  34.613 0.0000000000
25869  38.775  -43.732  34.162 0.0000000000
25889  38.502  -43.603  32.454 0.0000000000
25891  38.216  -43.546  31.685 0.0000000000
25389  36.725  -44.814  31.266 0.0000000000
24775  34.757  -45.688  30.482 0.0000000000
85698  34.654  -46.265  32.199 0.0000000000
24077  33.950  -46.149  30.030 0.0000000000
73385  32.862  -47.254  30.181 0.0000000000
72043  31.708  -47.475  27.985 0.0000000000
73040  32.148  -50.288  36.363 0.0000000000
83462  31.881  -51.437  36.225 0.0000000000
22689  31.056  -49.659  36.114 0.0000000000
72830  31.332  -50.659  35.561 0.0000000000
72659  32.131  -50.747  35.467 0.0000000000
83730  31.802  -49.946  34.854 0.0000000000
72914  31.959  -48.730  32.238 0.0000000000
81553  29.743  -47.401  33.230 0.0000000000
23365  29.917  -47.521  32.498 0.0000000000
86664  31.754  -48.561  31.698 0.0000000000
72034  31.667  -48.330  31.128 0.0000000000
76066  30.625  -47.344  29.534 0.0000000000
73168  30.933  -47.102  27.983 0.0000000000
73571  29.795  -46.180  27.082 0.0000000000
24829  27.153  -46.066  24.815 0.0000000000
24091  27.362  -45.705  28.796 0.0000000000
24804  27.228  -45.640  27.174 0.0000000000
24805  26.518  -45.581  27.145 0.0000000000
24838  26.610  -46.358  24.411 0.0000000000
23426  25.967  -47.493  23.882 0.0000000000
24116  25.069  -46.548  24.821 0.0000000000
24129  25.285  -47.104  24.470 0.0000000000
39920  42.582  -21.379  16.195 0.0000000000
39929  42.594  -21.843  14.719 0.0000000000
39236  42.005  -22.127  14.972 0.0000000000
39241  42.221  -22.427  14.316 0.0000000000
39232  40.018  -23.094  16.019 0.0000000000
38627  40.346  -23.136  15.509 0.0000000000
38637  40.942  -23.281  14.645 0.0000000000
38042  41.361  -23.894  13.747 0.0000000000
38052  42.635  -23.900  12.777 0.0000000000
36011  40.594  -27.190  13.819 0.0000000000
89486  25.159  -44.020  41.760 0.0000000000
24634  24.524  -45.197  41.317 0.0000000000
24625  24.063  -44.692  41.882 0.0000000000
23915  24.259  -46.337  40.783 0.0000000000
23305  24.038  -47.477  40.447 0.0000000000
22650  23.747  -47.974  40.248 0.0000000000
22659  23.152  -48.058  40.162 0.0000000000
22651  22.820  -47.791  40.277 0.0000000000
23327  22.267  -47.751  39.804 0.0000000000
22668  20.059  -47.821  38.046 0.0000000000
76350  19.840  -47.984  38.958 0.0000000000
22675  19.531  -48.061  37.439 0.0000000000
76981  18.840  -48.236  36.090 0.0000000000
82106  17.908  -48.601  38.899 0.0000000000
22671  17.904  -48.602  38.175 0.0000000000
21967  16.354  -49.054  37.365 0.0000000000
21978  17.142  -48.874  35.850 0.0000000000
21984  17.093  -49.049  34.973 0.0000000000
21328  15.006  -49.954  34.591 0.0000000000
21333  15.115  -50.066  33.862 0.0000000000
20801  13.201  -51.264  35.053 0.0000000000
41167  46.277  -19.333  16.974 0.0000000000
41168  45.802  -19.872  17.363 0.0000000000
40543  44.752  -20.660  17.366 0.0000000000
39914  44.365  -21.066  17.736 0.0000000000
39213  44.942  -21.942  19.806 0.0000000000
39222  43.006  -22.056  17.986 0.0000000000
39219  42.608  -22.699  18.240 0.0000000000
38606  42.960  -23.124  18.827 0.0000000000
38607  41.707  -23.813  18.381 0.0000000000
38005  43.931  -25.078  19.975 0.0000000000
38009  42.803  -24.737  19.267 0.0000000000
38012  41.221  -24.615  18.248 0.0000000000
75745  40.677  -25.210  18.045 0.0000000000
74345  39.529  -26.581  17.952 0.0000000000
35956  45.487  -27.807  23.662 0.0000000000
35983  38.718  -27.937  17.938 0.0000000000
33929  38.784  -29.831  20.270 0.0000000000
34629  37.637  -29.752  19.267 0.0000000000
31888  40.392  -32.965  29.179 0.0000000000
77832  40.673  -32.609  28.304 0.0000000000
32558  40.790  -32.314  27.557 0.0000000000
32569  40.237  -32.317  26.986 0.0000000000
33218  40.791  -31.896  26.797 0.0000000000
33236  40.270  -31.338  25.089 0.0000000000
33246  39.130  -31.337  24.038 0.0000000000
33238  38.708  -31.595  24.636 0.0000000000
33912  36.856  -30.764  23.294 0.0000000000
33921  36.364  -30.750  22.694 0.0000000000
32589  36.261  -32.283  24.776 0.0000000000
33241  35.652  -31.687  24.479 0.0000000000
32597  34.993  -32.675  23.797 0.0000000000
33250  35.055  -31.814  24.013 0.0000000000
84136  35.620  -31.046  23.984 0.0000000000
33922  35.677  -31.000  23.016 0.0000000000
33927  35.897  -30.933  21.924 0.0000000000
80507  35.270  -31.352  21.405 0.0000000000
33265  34.620  -31.932  20.103 0.0000000000
87850  34.028  -36.992  20.335 0.0000000000
28770  34.625  -38.801  19.632 0.0000000000
29386  35.011  -38.194  19.198 0.0000000000
28161  35.431  -39.523  22.457 0.0000000000
27625  35.569  -40.439  21.556 0.0000000000
26417  37.865  -43.387  31.084 0.0000000000
25897  37.193  -43.361  29.912 0.0000000000
25895  36.989  -44.095  30.185 0.0000000000
25403  36.073  -44.115  28.227 0.0000000000
77422  35.053  -42.166  22.967 0.0000000000
24815  31.705  -45.829  26.183 0.0000000000
79802  31.800  -45.127  25.437 0.0000000000
75747  32.049  -44.785  23.251 0.0000000000
25433  32.513  -44.300  23.496 0.0000000000
25930  33.891  -42.711  24.194 0.0000000000
26461  34.187  -42.685  23.702 0.0000000000
26460  34.207  -42.444  23.902 0.0000000000
41878  48.939  -18.804  10.669 0.0000000000
39919  43.263  -20.933  15.999 0.0000000000
40556  43.684  -21.067  14.801 0.0000000000
39935  44.211  -21.479  13.153 0.0000000000
22652  21.013  -47.356  40.296 0.0000000000
22791  27.647  -48.532  22.647 0.0000000000
26362  39.226  -42.722  37.263 0.0000000000
27531  40.568  -40.280  34.499 0.0000000000
27639  34.805  -39.987  20.421 0.0000000000
28186  34.554  -39.505  20.259 0.0000000000
28194  36.381  -39.759  19.437 0.0000000000
28207  35.359  -38.935  19.175 0.0000000000
28771  34.392  -39.327  20.022 0.0000000000
29375  34.189  -38.566  20.033 0.0000000000
31959  34.132  -33.236  20.098 0.0000000000
37396  38.684  -25.112  15.927 0.0000000000
37405  38.901  -24.916  15.671 0.0000000000
38026  39.137  -24.381  15.689 0.0000000000
38027  38.871  -24.651  15.928 0.0000000000
38613  39.647  -23.951  16.608 0.0000000000
38618  40.090  -23.353  16.492 0.0000000000
38620  39.073  -24.137  16.008 0.0000000000
38638  40.155  -23.748  15.060 0.0000000000
39925  42.230  -21.723  15.482 0.0000000000
72731  32.952  -48.646  34.658 0.0000000000
78752  17.838  -48.437  40.290 0.0000000000
79306  20.721  -46.140  27.803 0.0000000000
81610  38.772  -43.791  35.052 0.0000000000
83729  32.159  -49.607  34.492 0.0000000000
83731  31.361  -50.601  36.138 0.0000000000
83801  30.912  -50.008  35.893 0.0000000000
86052  35.677  -39.704  19.312 0.0000000000
87880  25.915  -46.999  24.208 0.0000000000
88526  35.604  -40.455  20.860 0.0000000000
89054  35.276  -40.115  19.672 0.0000000000
