#!ascii label  , from subject sub-01 vox2ras=TkReg
451
25834  26.326  -43.818  41.240 0.0000000000
35906  41.619  -27.412  28.848 0.0000000000
36566  47.630  -26.720  26.453 0.0000000000
31849  39.341  -33.764  33.032 0.0000000000
26945  31.244  -42.427  37.201 0.0000000000
25314  29.933  -44.150  40.260 0.0000000000
36525  45.565  -27.503  29.617 0.0000000000
34529  44.190  -29.812  29.857 0.0000000000
30574  36.457  -35.500  35.700 0.0000000000
26375  35.313  -42.360  36.635 0.0000000000
41830  46.953  -18.960  20.818 0.0000000000
38549  49.147  -23.275  27.426 0.0000000000
74488  35.851  -31.729  32.568 0.0000000000
33804  40.785  -30.195  32.374 0.0000000000
26927  28.828  -42.408  39.057 0.0000000000
25308  27.885  -44.049  40.756 0.0000000000
35905  43.583  -27.234  29.627 0.0000000000
35205  44.980  -28.416  30.343 0.0000000000
35207  43.070  -28.505  31.053 0.0000000000
76798  40.236  -39.014  35.199 0.0000000000
25849  32.383  -43.839  38.818 0.0000000000
26377  33.286  -42.291  36.621 0.0000000000
25330  34.317  -44.454  37.318 0.0000000000
41144  48.381  -19.600  23.256 0.0000000000
40527  47.303  -20.086  21.782 0.0000000000
40510  49.300  -20.400  24.388 0.0000000000
36532  48.405  -25.880  28.291 0.0000000000
38537  48.382  -23.538  28.712 0.0000000000
37336  48.472  -25.274  26.668 0.0000000000
38565  47.284  -23.927  23.997 0.0000000000
37355  46.665  -25.380  23.854 0.0000000000
30595  37.793  -34.886  33.654 0.0000000000
31844  35.969  -33.501  34.044 0.0000000000
32485  37.687  -32.562  33.361 0.0000000000
33795  38.732  -30.843  32.791 0.0000000000
33139  40.152  -32.000  33.678 0.0000000000
32510  41.807  -32.344  31.814 0.0000000000
82893  40.635  -33.562  32.019 0.0000000000
26346  30.853  -43.504  39.528 0.0000000000
37299  46.354  -26.117  28.404 0.0000000000
35914  47.416  -27.929  28.171 0.0000000000
35247  46.219  -28.869  28.062 0.0000000000
34558  44.973  -29.829  28.040 0.0000000000
28028  36.395  -38.931  35.822 0.0000000000
29187  38.061  -37.798  35.999 0.0000000000
29214  38.134  -37.334  34.736 0.0000000000
29964  38.083  -36.075  32.643 0.0000000000
30613  38.501  -35.567  30.792 0.0000000000
26967  35.386  -40.342  35.430 0.0000000000
26365  37.169  -42.658  37.136 0.0000000000
76513  47.410  -18.278  18.791 0.0000000000
39868  49.127  -21.062  27.236 0.0000000000
39184  48.119  -22.623  23.997 0.0000000000
39201  45.713  -22.881  22.026 0.0000000000
35209  40.895  -28.433  30.711 0.0000000000
33818  42.200  -30.125  31.321 0.0000000000
33181  42.760  -31.358  29.764 0.0000000000
24632  26.176  -44.507  41.099 0.0000000000
25300  27.256  -43.843  41.013 0.0000000000
25309  26.991  -44.249  40.968 0.0000000000
35894  42.596  -27.410  29.594 0.0000000000
81239  43.395  -27.629  30.430 0.0000000000
35882  42.777  -27.898  30.711 0.0000000000
25319  33.096  -43.883  38.081 0.0000000000
41141  49.149  -19.791  24.632 0.0000000000
40513  49.353  -19.928  24.170 0.0000000000
40509  49.371  -20.072  24.900 0.0000000000
36553  48.194  -26.801  27.458 0.0000000000
37308  48.896  -25.271  28.021 0.0000000000
37322  48.233  -26.012  26.734 0.0000000000
37346  47.349  -25.199  24.815 0.0000000000
31186  38.415  -34.276  33.051 0.0000000000
31842  37.753  -33.241  33.354 0.0000000000
76932  38.672  -33.438  33.193 0.0000000000
32483  39.727  -32.372  33.646 0.0000000000
83312  39.564  -33.003  33.388 0.0000000000
31858  40.548  -33.190  32.700 0.0000000000
31859  40.253  -33.867  32.410 0.0000000000
26347  30.108  -43.293  39.601 0.0000000000
25313  30.777  -44.047  40.059 0.0000000000
25312  31.521  -44.061  39.779 0.0000000000
36536  44.967  -26.747  28.932 0.0000000000
37300  45.375  -26.173  28.280 0.0000000000
36535  46.006  -26.888  28.893 0.0000000000
36534  47.025  -26.968  28.505 0.0000000000
35903  47.013  -27.732  28.713 0.0000000000
35237  46.750  -28.288  28.501 0.0000000000
35222  46.297  -28.030  29.266 0.0000000000
34510  44.473  -28.959  30.378 0.0000000000
34527  45.265  -29.058  29.160 0.0000000000
33847  44.294  -30.237  29.053 0.0000000000
33864  44.396  -30.502  28.159 0.0000000000
33848  43.814  -30.897  28.724 0.0000000000
28010  38.479  -39.287  37.944 0.0000000000
28598  37.731  -38.298  36.232 0.0000000000
28583  39.819  -38.603  38.064 0.0000000000
28622  39.501  -38.372  35.174 0.0000000000
29958  37.961  -36.684  33.912 0.0000000000
79002  33.996  -42.163  36.554 0.0000000000
26955  33.757  -41.596  36.107 0.0000000000
26953  35.309  -40.975  36.068 0.0000000000
87511  36.031  -41.101  36.222 0.0000000000
26374  36.186  -42.549  36.663 0.0000000000
41155  46.926  -19.023  21.533 0.0000000000
84594  47.405  -18.158  19.447 0.0000000000
40520  47.095  -20.957  22.040 0.0000000000
85706  49.376  -23.510  27.957 0.0000000000
39150  48.135  -22.500  28.773 0.0000000000
39148  49.259  -22.741  27.818 0.0000000000
40480  49.230  -20.981  27.991 0.0000000000
83132  49.098  -21.832  27.478 0.0000000000
39880  48.964  -21.266  25.525 0.0000000000
39173  48.720  -22.182  25.825 0.0000000000
37970  45.890  -24.139  22.884 0.0000000000
38573  46.644  -23.574  23.328 0.0000000000
29935  36.095  -35.981  36.225 0.0000000000
31181  35.781  -34.861  34.800 0.0000000000
32487  36.139  -32.715  33.591 0.0000000000
31850  35.434  -33.068  33.317 0.0000000000
33794  39.465  -30.766  32.944 0.0000000000
33819  38.452  -30.036  31.603 0.0000000000
34504  39.285  -29.581  31.628 0.0000000000
34515  39.892  -29.130  31.207 0.0000000000
34503  40.307  -29.441  31.928 0.0000000000
34502  41.349  -29.622  31.689 0.0000000000
33803  41.697  -30.661  32.044 0.0000000000
32524  41.847  -32.264  30.772 0.0000000000
33171  42.270  -31.757  31.414 0.0000000000
32537  41.871  -32.219  29.694 0.0000000000
33192  42.419  -32.041  28.461 0.0000000000
26339  28.865  -43.353  40.271 0.0000000000
25307  28.808  -44.015  40.663 0.0000000000
24645  28.598  -44.639  39.435 0.0000000000
25316  28.289  -44.348  40.226 0.0000000000
36526  44.583  -27.285  29.706 0.0000000000
35891  45.779  -27.969  29.992 0.0000000000
35893  44.229  -27.674  30.565 0.0000000000
35206  44.628  -28.276  30.768 0.0000000000
34511  43.960  -28.513  31.073 0.0000000000
26369  31.609  -42.914  37.917 0.0000000000
26378  32.479  -42.479  36.842 0.0000000000
25848  32.651  -43.484  37.946 0.0000000000
83339  33.466  -43.484  37.533 0.0000000000
25858  34.399  -43.547  37.225 0.0000000000
25857  35.497  -43.312  36.841 0.0000000000
25329  35.187  -44.239  37.025 0.0000000000
41147  47.670  -19.707  22.360 0.0000000000
41156  47.168  -19.500  21.522 0.0000000000
40518  48.535  -20.088  23.099 0.0000000000
40519  47.839  -20.433  22.539 0.0000000000
88226  47.633  -21.132  22.730 0.0000000000
37939  47.825  -24.978  28.708 0.0000000000
37296  48.578  -25.162  28.346 0.0000000000
37943  49.251  -24.495  27.946 0.0000000000
75074  48.838  -23.955  26.814 0.0000000000
38556  48.358  -23.875  25.678 0.0000000000
37956  47.946  -24.576  25.257 0.0000000000
37963  47.121  -24.701  24.097 0.0000000000
30584  37.020  -35.356  35.091 0.0000000000
31180  36.136  -34.392  34.563 0.0000000000
31179  37.007  -33.845  33.897 0.0000000000
31843  36.773  -33.136  33.762 0.0000000000
33142  37.333  -31.913  33.171 0.0000000000
33796  37.241  -31.280  32.490 0.0000000000
33141  38.491  -31.945  33.446 0.0000000000
33151  39.069  -31.379  33.312 0.0000000000
33149  40.559  -31.576  33.180 0.0000000000
33148  41.079  -31.128  32.575 0.0000000000
32496  41.350  -32.246  32.581 0.0000000000
32511  41.087  -32.910  32.104 0.0000000000
31878  40.495  -33.199  30.246 0.0000000000
26938  29.185  -42.115  38.245 0.0000000000
26937  30.034  -42.456  38.079 0.0000000000
26370  30.915  -42.684  38.060 0.0000000000
25850  31.912  -43.717  39.279 0.0000000000
87112  32.252  -44.239  39.016 0.0000000000
37298  47.394  -25.764  28.519 0.0000000000
36533  47.921  -26.389  28.488 0.0000000000
35913  47.959  -27.448  27.868 0.0000000000
35925  47.303  -27.932  27.284 0.0000000000
35254  46.115  -28.723  27.238 0.0000000000
79758  45.397  -29.301  27.546 0.0000000000
35238  45.961  -28.608  28.852 0.0000000000
34542  45.487  -29.305  28.337 0.0000000000
28045  35.807  -38.980  35.330 0.0000000000
29190  36.063  -37.607  36.049 0.0000000000
29189  36.481  -37.129  36.143 0.0000000000
29934  37.322  -36.257  35.730 0.0000000000
28607  39.478  -38.200  36.180 0.0000000000
29201  38.147  -37.564  35.449 0.0000000000
29948  37.427  -35.929  35.166 0.0000000000
30583  37.470  -35.468  34.422 0.0000000000
30601  38.194  -35.253  33.070 0.0000000000
79298  38.490  -35.391  32.409 0.0000000000
30608  38.895  -35.085  31.799 0.0000000000
29973  38.209  -36.002  31.790 0.0000000000
27520  36.004  -39.703  35.524 0.0000000000
27507  37.489  -40.388  36.741 0.0000000000
26354  38.322  -42.010  37.990 0.0000000000
25863  36.650  -43.477  36.990 0.0000000000
25855  38.135  -43.712  37.585 0.0000000000
42519  47.930  -17.818  18.279 0.0000000000
41125  49.284  -20.194  27.444 0.0000000000
39888  49.243  -20.504  25.246 0.0000000000
39893  48.953  -21.087  23.973 0.0000000000
86411  47.808  -21.601  23.121 0.0000000000
86312  47.824  -23.322  24.240 0.0000000000
73933  46.831  -22.725  23.019 0.0000000000
39895  46.444  -21.712  21.903 0.0000000000
31845  35.316  -33.758  33.556 0.0000000000
35225  40.298  -28.035  30.048 0.0000000000
35224  41.102  -27.911  30.330 0.0000000000
35208  41.911  -28.353  30.796 0.0000000000
34512  42.963  -29.309  30.876 0.0000000000
33817  42.646  -30.335  30.814 0.0000000000
33160  42.283  -31.139  31.528 0.0000000000
33170  42.484  -31.186  30.738 0.0000000000
33180  43.322  -31.104  29.232 0.0000000000
33191  42.947  -31.634  28.845 0.0000000000
31209  39.359  -34.535  30.999 0.0000000000
31208  40.035  -33.876  30.612 0.0000000000
25301  26.540  -44.068  41.313 0.0000000000
25302  25.716  -44.130  41.525 0.0000000000
35895  41.778  -27.712  30.057 0.0000000000
41139  49.234  -19.969  25.513 0.0000000000
37338  47.473  -25.991  25.636 0.0000000000
76950  46.913  -26.726  25.470 0.0000000000
31848  40.036  -33.478  33.083 0.0000000000
31194  39.793  -34.088  32.724 0.0000000000
25305  29.961  -43.934  40.352 0.0000000000
25323  30.292  -44.452  39.636 0.0000000000
35904  46.342  -27.668  29.194 0.0000000000
34528  44.686  -29.487  29.488 0.0000000000
33830  43.756  -30.452  29.600 0.0000000000
27483  38.985  -39.882  38.008 0.0000000000
28001  39.006  -39.354  38.048 0.0000000000
28009  39.489  -39.640  37.539 0.0000000000
26376  34.597  -42.628  36.770 0.0000000000
26954  34.695  -41.721  36.339 0.0000000000
26968  34.586  -40.955  35.795 0.0000000000
76581  35.669  -41.706  36.415 0.0000000000
41833  47.138  -18.422  20.047 0.0000000000
38542  49.377  -23.462  27.898 0.0000000000
39163  49.219  -22.617  27.789 0.0000000000
39164  48.944  -22.412  26.992 0.0000000000
73756  48.718  -23.126  26.277 0.0000000000
87702  45.576  -23.561  22.294 0.0000000000
30575  35.976  -35.591  35.828 0.0000000000
31173  36.084  -35.111  35.275 0.0000000000
32498  36.362  -32.121  33.179 0.0000000000
33805  39.842  -30.067  32.454 0.0000000000
32538  41.131  -32.617  29.957 0.0000000000
74026  41.269  -32.487  28.979 0.0000000000
25841  28.268  -43.745  40.615 0.0000000000
26340  28.084  -43.105  40.364 0.0000000000
25840  29.218  -43.848  40.514 0.0000000000
88734  42.921  -26.952  28.554 0.0000000000
35892  45.088  -27.874  30.433 0.0000000000
35881  43.781  -28.031  31.125 0.0000000000
26355  32.063  -43.378  38.533 0.0000000000
26368  32.234  -42.994  37.569 0.0000000000
25859  33.819  -43.926  37.730 0.0000000000
41143  48.980  -19.570  23.942 0.0000000000
81891  49.000  -19.860  23.659 0.0000000000
40514  49.064  -20.335  23.722 0.0000000000
40515  48.366  -20.909  23.252 0.0000000000
37297  48.159  -25.470  28.596 0.0000000000
37321  48.631  -25.506  27.352 0.0000000000
37948  48.878  -24.747  27.326 0.0000000000
37955  48.447  -24.651  26.219 0.0000000000
80488  46.096  -24.983  23.229 0.0000000000
76325  37.111  -34.692  34.236 0.0000000000
32486  36.828  -32.500  33.451 0.0000000000
33140  39.455  -31.952  33.681 0.0000000000
33150  39.865  -31.419  33.456 0.0000000000
32497  40.768  -32.134  33.214 0.0000000000
32525  41.138  -32.755  31.021 0.0000000000
31868  40.611  -33.393  31.239 0.0000000000
26939  28.420  -41.781  38.471 0.0000000000
26357  30.523  -43.006  38.871 0.0000000000
26356  31.399  -43.316  38.947 0.0000000000
37309  46.385  -25.253  28.085 0.0000000000
35902  47.671  -27.236  28.330 0.0000000000
35253  46.892  -28.469  27.772 0.0000000000
35879  45.087  -28.084  30.460 0.0000000000
35223  45.560  -28.317  29.839 0.0000000000
34543  44.862  -29.812  28.633 0.0000000000
33878  44.596  -29.897  27.486 0.0000000000
28029  36.036  -38.265  35.829 0.0000000000
29188  37.233  -37.461  36.013 0.0000000000
29925  37.010  -36.651  36.076 0.0000000000
29202  37.622  -36.992  35.756 0.0000000000
79025  40.232  -38.473  36.547 0.0000000000
29213  38.724  -38.020  34.682 0.0000000000
29200  38.804  -38.008  35.388 0.0000000000
29933  37.762  -36.668  35.250 0.0000000000
29947  37.745  -36.283  34.553 0.0000000000
76955  37.964  -36.121  33.291 0.0000000000
26971  32.049  -41.779  35.686 0.0000000000
26956  32.767  -41.943  36.255 0.0000000000
27521  34.758  -40.502  35.114 0.0000000000
27534  34.780  -40.191  34.384 0.0000000000
27533  35.395  -39.763  34.842 0.0000000000
88841  35.693  -39.730  35.197 0.0000000000
26952  36.670  -41.676  36.579 0.0000000000
27508  36.729  -40.771  36.298 0.0000000000
26951  37.268  -41.118  36.786 0.0000000000
27495  37.912  -40.896  37.668 0.0000000000
26364  37.725  -42.318  37.915 0.0000000000
25854  38.870  -43.605  37.048 0.0000000000
42510  47.837  -17.706  19.083 0.0000000000
40532  46.970  -19.721  20.989 0.0000000000
38538  47.572  -24.019  28.617 0.0000000000
40481  48.749  -20.637  28.571 0.0000000000
40495  49.235  -20.714  27.645 0.0000000000
40503  49.247  -20.393  26.888 0.0000000000
40507  49.313  -20.213  25.867 0.0000000000
39879  49.179  -20.711  26.247 0.0000000000
80202  48.632  -21.856  24.621 0.0000000000
39192  48.317  -21.774  23.662 0.0000000000
39193  47.583  -22.279  23.357 0.0000000000
38564  47.885  -23.872  24.745 0.0000000000
38563  48.304  -22.989  25.019 0.0000000000
38584  46.112  -23.196  22.687 0.0000000000
39200  46.321  -22.419  22.356 0.0000000000
80073  36.451  -33.783  34.207 0.0000000000
33152  38.157  -31.335  32.938 0.0000000000
34514  40.656  -29.035  31.220 0.0000000000
34530  40.019  -28.631  30.606 0.0000000000
87039  41.416  -28.957  31.093 0.0000000000
34513  42.182  -29.202  31.045 0.0000000000
33161  41.903  -31.679  32.244 0.0000000000
32523  42.397  -31.815  30.369 0.0000000000
33831  43.050  -30.641  30.086 0.0000000000
33202  42.190  -31.958  27.788 0.0000000000
31203  39.754  -34.476  32.097 0.0000000000
25833  27.589  -43.454  40.667 0.0000000000
87760  42.289  -27.225  28.737 0.0000000000
25320  32.713  -44.355  38.356 0.0000000000
25331  33.456  -44.424  37.754 0.0000000000
36542  48.522  -26.099  27.790 0.0000000000
37337  48.036  -25.313  25.834 0.0000000000
31187  37.703  -34.059  33.368 0.0000000000
32484  38.873  -32.589  33.476 0.0000000000
31847  40.270  -32.663  33.370 0.0000000000
26348  29.281  -43.014  39.698 0.0000000000
25846  29.683  -43.576  40.164 0.0000000000
25845  30.519  -43.821  40.017 0.0000000000
25844  31.411  -43.921  39.768 0.0000000000
36544  44.408  -26.262  28.046 0.0000000000
34509  45.033  -28.823  29.895 0.0000000000
33865  43.563  -31.193  27.989 0.0000000000
28027  37.838  -39.580  36.790 0.0000000000
74504  37.329  -38.932  36.240 0.0000000000
28026  38.277  -38.846  36.961 0.0000000000
28597  38.703  -38.353  36.755 0.0000000000
29227  38.284  -37.664  33.995 0.0000000000
29957  37.979  -37.044  33.127 0.0000000000
26969  33.976  -40.978  35.269 0.0000000000
42498  47.573  -17.674  19.815 0.0000000000
40528  46.758  -20.462  21.253 0.0000000000
38536  49.042  -23.895  28.312 0.0000000000
39149  48.873  -22.870  28.341 0.0000000000
75880  48.432  -21.901  28.683 0.0000000000
39848  48.966  -21.690  28.221 0.0000000000
39859  49.174  -21.665  27.791 0.0000000000
39869  48.968  -21.522  26.592 0.0000000000
29936  35.741  -36.120  35.812 0.0000000000
32499  35.551  -32.325  32.994 0.0000000000
33807  38.005  -30.644  32.155 0.0000000000
33806  38.949  -30.248  32.325 0.0000000000
75033  39.226  -29.109  30.601 0.0000000000
33182  42.461  -31.924  29.320 0.0000000000
86685  41.960  -32.241  28.867 0.0000000000
26349  28.493  -42.727  39.827 0.0000000000
25306  29.478  -44.004  40.568 0.0000000000
25324  29.495  -44.608  39.477 0.0000000000
25315  29.168  -44.275  40.268 0.0000000000
24640  27.385  -44.536  40.307 0.0000000000
36537  43.939  -26.738  28.782 0.0000000000
35880  44.528  -28.093  30.955 0.0000000000
33816  43.576  -29.649  30.466 0.0000000000
27493  40.224  -40.044  37.222 0.0000000000
26379  31.859  -42.577  37.188 0.0000000000
26957  31.788  -42.118  36.533 0.0000000000
26367  32.958  -42.942  37.174 0.0000000000
26366  33.776  -42.811  36.970 0.0000000000
25337  35.743  -44.836  36.579 0.0000000000
37938  48.440  -24.558  28.604 0.0000000000
37937  49.022  -24.566  28.184 0.0000000000
38535  49.475  -24.009  28.024 0.0000000000
38543  49.370  -24.020  27.768 0.0000000000
37962  47.503  -24.453  24.558 0.0000000000
37969  46.600  -24.447  23.565 0.0000000000
30585  36.515  -34.889  34.939 0.0000000000
86639  36.612  -34.284  34.417 0.0000000000
33153  36.614  -31.672  32.747 0.0000000000
33793  40.269  -30.820  32.898 0.0000000000
86120  41.202  -31.779  32.829 0.0000000000
79055  40.849  -32.608  32.882 0.0000000000
86833  30.860  -41.891  36.539 0.0000000000
26358  29.650  -42.709  38.926 0.0000000000
26946  30.432  -42.159  37.251 0.0000000000
25311  31.954  -44.010  39.547 0.0000000000
36543  48.258  -26.710  28.175 0.0000000000
35924  47.730  -27.311  27.149 0.0000000000
74607  47.061  -27.362  26.324 0.0000000000
75981  46.620  -28.007  26.282 0.0000000000
89371  46.643  -28.356  27.007 0.0000000000
28609  35.679  -37.866  35.403 0.0000000000
28599  36.702  -38.063  36.057 0.0000000000
29927  35.914  -36.813  36.070 0.0000000000
29926  36.417  -36.470  36.232 0.0000000000
30569  36.752  -36.013  36.092 0.0000000000
30573  37.052  -35.756  35.653 0.0000000000
28008  40.145  -39.145  37.472 0.0000000000
28596  39.674  -38.096  37.335 0.0000000000
28608  38.843  -38.117  36.117 0.0000000000
30594  37.822  -35.747  33.803 0.0000000000
31195  38.994  -34.583  32.615 0.0000000000
28066  35.473  -38.802  34.851 0.0000000000
77022  36.838  -39.822  36.085 0.0000000000
86592  36.008  -40.453  35.865 0.0000000000
28011  38.038  -40.035  37.474 0.0000000000
27484  38.621  -40.174  38.033 0.0000000000
26934  38.948  -41.567  38.146 0.0000000000
25856  37.440  -43.716  37.668 0.0000000000
78409  37.795  -43.011  37.922 0.0000000000
26363  38.372  -42.739  37.402 0.0000000000
25835  25.350  -43.792  41.488 0.0000000000
42522  48.601  -17.470  17.782 0.0000000000
39889  49.031  -20.999  24.707 0.0000000000
39199  47.072  -21.823  22.668 0.0000000000
38572  47.378  -23.082  23.656 0.0000000000
39901  45.874  -21.703  21.151 0.0000000000
35896  40.840  -27.685  29.484 0.0000000000
31188  35.480  -34.409  34.079 0.0000000000
33200  43.363  -31.382  28.507 0.0000000000
33201  42.947  -31.705  28.168 0.0000000000
31202  40.196  -34.018  31.564 0.0000000000
26935  38.570  -41.269  38.170 0.0000000000
26936  38.082  -41.770  37.984 0.0000000000
26942  40.102  -41.029  36.995 0.0000000000
26944  37.437  -41.753  37.211 0.0000000000
27999  40.028  -38.940  38.167 0.0000000000
28000  39.368  -38.990  38.019 0.0000000000
28025  40.526  -39.237  37.127 0.0000000000
28584  39.182  -38.614  38.032 0.0000000000
28595  40.126  -38.674  37.638 0.0000000000
41107  49.266  -20.366  28.053 0.0000000000
82572  38.955  -40.730  38.028 0.0000000000
