#!ascii label  , from subject sub-01 vox2ras=TkReg
2242
78943  4.140  -50.889  40.328 0.2222220004
20782  4.068  -51.817  41.706 0.2222220004
20786  4.401  -51.816  40.791 0.2222220004
80271  4.294  -51.072  41.086 0.2222220004
20220  3.774  -52.788  42.006 0.1111110002
77014  3.806  -52.171  42.585 0.2222220004
80851  4.316  -50.848  41.691 0.2222220004
82833  4.021  -50.505  39.583 0.2222220004
76959  3.832  -51.216  43.672 0.2222220004
20773  3.657  -52.045  43.543 0.1111110002
21297  4.244  -50.631  43.519 0.1111110002
21301  4.340  -50.758  42.841 0.1111110002
20778  3.967  -51.326  42.664 0.2222220004
21945  4.658  -50.202  42.713 0.1111110002
89183  4.418  -50.752  42.172 0.1111110002
22639  4.356  -48.861  42.037 0.2222220004
78264  4.626  -49.618  42.167 0.1111110002
21949  4.259  -49.263  41.749 0.2222220004
21304  4.328  -49.951  41.620 0.2222220004
21308  3.988  -50.140  40.921 0.2222220004
21952  3.796  -49.108  41.002 0.2222220004
73807  3.726  -49.832  40.156 0.2222220004
20211  4.695  -52.549  44.527 0.1111110002
20212  3.946  -52.635  44.552 0.1111110002
82283  3.786  -51.890  44.259 0.1111110002
21293  4.428  -50.472  43.874 0.1111110002
21944  4.866  -49.730  42.866 0.1111110002
23290  5.118  -48.509  42.609 0.3333329856
22632  4.897  -48.956  42.515 0.2222220004
23304  4.622  -48.224  42.185 0.3333329856
23320  4.001  -48.146  41.729 0.4444440007
22649  3.808  -48.471  41.399 0.3333329856
23324  3.551  -47.901  41.021 0.4444440007
22657  3.214  -48.291  40.663 0.4444440007
88438  3.689  -49.433  40.559 0.2222220004
84490  2.875  -47.908  40.265 0.4444440007
22658  2.672  -48.109  40.083 0.3333329856
21956  3.243  -48.877  40.240 0.2222220004
21959  3.386  -49.307  39.454 0.2222220004
21957  2.766  -48.439  39.734 0.2222220004
20767  5.328  -51.928  44.429 0.1111110002
80325  5.983  -50.595  43.881 0.1111110002
80747  5.197  -51.200  44.214 0.1111110002
21937  5.794  -49.936  43.598 0.1111110002
21938  4.985  -49.963  43.369 0.1111110002
22624  5.602  -49.399  43.198 0.1111110002
22625  5.098  -49.451  42.937 0.1111110002
23303  5.495  -47.906  42.424 0.3333329856
23318  5.722  -47.555  41.753 0.4444440007
74526  5.070  -47.466  41.261 0.3333329856
23942  5.254  -47.115  40.487 0.4444440007
23323  4.265  -47.425  40.757 0.4444440007
79393  3.429  -47.529  40.230 0.4444440007
88316  2.572  -48.034  39.907 0.4444440007
23325  2.761  -47.809  39.655 0.4444440007
21960  2.748  -48.488  39.049 0.2222220004
23313  15.023  -48.040  42.278 0.4444440007
22623  6.520  -49.238  43.398 0.1111110002
22626  14.030  -48.206  43.243 0.2222220004
22627  13.535  -48.179  43.426 0.2222220004
22629  6.903  -48.404  43.339 0.2222220004
22630  6.053  -48.722  43.103 0.2222220004
23317  6.450  -47.393  41.569 0.3333329856
23302  6.363  -47.642  42.213 0.3333329856
23941  6.319  -46.844  40.220 0.6666669846
84231  5.473  -46.830  39.777 0.6666669846
23329  4.427  -47.023  39.859 0.4444440007
23956  4.175  -46.977  38.919 0.5555559993
22667  2.502  -48.045  39.495 0.3333329856
23335  2.410  -47.986  38.814 0.4444440007
23338  2.112  -48.056  37.801 0.2222220004
21971  2.409  -48.520  37.121 0.2222220004
23297  12.911  -47.794  43.241 0.3333329856
20766  6.313  -51.411  44.075 0.1111110002
23282  13.403  -48.139  43.429 0.2222220004
23283  12.723  -48.071  43.676 0.2222220004
80721  7.656  -49.200  43.675 0.1111110002
21935  7.421  -49.857  43.577 0.1111110002
21936  6.646  -49.949  43.628 0.1111110002
86069  14.385  -47.983  42.997 0.3333329856
22628  12.823  -48.189  43.663 0.2222220004
22621  8.060  -48.663  43.769 0.1111110002
23922  14.903  -47.568  41.441 0.4444440007
21941  12.804  -48.620  43.340 0.2222220004
21930  12.035  -48.717  43.629 0.1111110002
23287  8.152  -47.861  43.360 0.2222220004
22622  7.362  -48.795  43.580 0.1111110002
23909  14.227  -47.702  42.313 0.3333329856
21948  12.092  -49.352  43.017 0.2222220004
23316  7.251  -47.427  41.838 0.2222220004
23928  7.800  -47.028  41.059 0.5555559993
23929  6.868  -47.102  41.014 0.5555559993
23940  7.351  -46.760  40.352 0.6666669846
23954  6.183  -46.637  39.260 0.5555559993
23969  6.006  -46.480  38.206 0.5555559993
23970  4.870  -46.687  38.238 0.5555559993
23971  3.984  -46.973  38.054 0.4444440007
88508  2.518  -47.698  38.093 0.4444440007
20764  8.163  -51.193  43.489 0.1111110002
21290  7.791  -50.513  43.539 0.1111110002
21934  8.234  -49.516  43.592 0.1111110002
22618  12.083  -48.166  43.895 0.2222220004
22619  11.354  -48.295  43.864 0.2222220004
21289  8.576  -50.389  43.339 0.1111110002
23296  13.869  -47.879  43.149 0.3333329856
79164  12.997  -47.313  41.854 0.4444440007
21933  9.254  -49.542  43.444 0.1111110002
23286  9.149  -47.841  43.365 0.3333329856
84224  8.553  -47.636  42.768 0.4444440007
23921  15.744  -47.749  41.292 0.4444440007
75036  15.246  -46.908  39.989 0.5555559993
23934  14.692  -47.160  40.604 0.4444440007
23935  13.984  -47.279  41.222 0.4444440007
23923  13.581  -47.409  41.803 0.4444440007
23315  8.408  -47.350  41.876 0.3333329856
23946  16.051  -46.607  39.727 0.5555559993
23947  14.498  -46.810  39.833 0.4444440007
23927  8.795  -46.884  40.868 0.5555559993
77083  8.096  -46.723  40.423 0.5555559993
23932  16.739  -46.642  40.109 0.5555559993
24649  16.758  -45.991  39.718 0.6666669846
24660  16.199  -45.715  39.155 0.4444440007
24661  15.502  -45.667  38.663 0.5555559993
24674  15.211  -45.318  37.964 0.5555559993
23939  8.649  -46.557  40.032 0.5555559993
23952  8.432  -46.466  39.426 0.6666669846
77498  17.006  -45.168  39.508 0.6666669846
85470  16.510  -44.835  39.011 0.6666669846
25326  15.905  -44.921  38.412 0.6666669846
25333  15.552  -44.618  37.518 0.5555559993
25865  15.675  -43.632  36.295 0.6666669846
74810  7.802  -46.438  39.088 0.5555559993
25861  15.901  -43.955  37.106 0.6666669846
23988  5.845  -46.352  37.350 0.5555559993
23972  3.159  -47.222  37.731 0.5555559993
23991  2.385  -47.510  37.261 0.5555559993
76571  12.095  -47.896  43.718 0.3333329856
23298  11.899  -47.542  43.019 0.2222220004
23278  10.837  -48.093  43.837 0.2222220004
86779  10.155  -48.212  43.762 0.2222220004
76539  10.116  -47.674  42.981 0.4444440007
23314  9.405  -47.176  41.608 0.5555559993
75671  13.050  -47.099  41.139 0.3333329856
23912  11.664  -47.218  42.101 0.4444440007
23914  10.095  -47.347  42.133 0.4444440007
79174  9.282  -47.520  42.457 0.4444440007
87408  13.456  -47.024  40.735 0.5555559993
74061  12.945  -46.682  40.316 0.4444440007
23961  14.397  -46.462  39.155 0.5555559993
74322  7.901  -46.537  39.824 0.5555559993
25325  16.417  -44.215  38.500 0.5555559993
85804  16.025  -44.245  37.860 0.6666669846
24689  14.995  -45.052  37.066 0.5555559993
79186  15.344  -44.334  36.648 0.5555559993
25852  16.746  -43.611  38.584 0.5555559993
25860  16.408  -43.538  37.745 0.5555559993
23967  7.826  -46.337  38.188 0.5555559993
23968  6.986  -46.335  38.005 0.5555559993
23987  6.675  -46.240  37.335 0.5555559993
89291  5.288  -46.496  37.638 0.5555559993
23989  4.592  -46.622  37.519 0.6666669846
23284  11.104  -47.826  43.520 0.2222220004
84249  12.297  -47.069  41.581 0.4444440007
23926  9.773  -46.864  40.907 0.5555559993
23948  13.596  -46.605  39.554 0.4444440007
74728  12.134  -46.740  40.806 0.4444440007
23924  11.461  -46.912  41.280 0.4444440007
24644  17.579  -45.582  39.947 0.5555559993
25317  17.623  -44.491  39.961 0.5555559993
24662  14.779  -45.992  38.525 0.4444440007
84137  13.834  -46.297  38.543 0.4444440007
74156  11.926  -46.374  40.054 0.4444440007
25318  16.996  -44.160  39.264 0.6666669846
81977  13.094  -46.426  38.942 0.4444440007
23951  9.230  -46.462  39.404 0.5555559993
23966  8.580  -46.405  38.765 0.5555559993
26360  16.924  -42.960  38.224 0.5555559993
23965  9.430  -46.422  38.531 0.5555559993
26372  16.798  -42.618  37.243 0.6666669846
25864  16.205  -43.193  36.743 0.6666669846
24675  14.359  -45.702  37.591 0.5555559993
24676  13.451  -46.112  37.676 0.5555559993
26382  15.975  -43.014  36.002 0.6666669846
25342  14.736  -44.708  36.198 0.6666669846
25350  15.120  -44.003  35.786 0.6666669846
25304  18.482  -44.866  40.630 0.4444440007
84943  10.122  -47.076  41.470 0.5555559993
74154  9.993  -46.457  39.756 0.5555559993
89487  18.133  -45.166  40.252 0.5555559993
25843  18.091  -43.862  40.519 0.5555559993
23937  10.311  -46.593  40.350 0.4444440007
23938  9.450  -46.590  40.218 0.4444440007
23925  10.608  -46.861  41.024 0.4444440007
25851  17.220  -43.247  39.049 0.7777780294
23949  12.616  -46.422  39.510 0.4444440007
74155  10.881  -46.424  39.709 0.4444440007
74829  10.118  -46.449  39.091 0.4444440007
26359  17.465  -42.523  38.665 0.5555559993
23950  11.713  -46.380  39.254 0.4444440007
78986  17.206  -42.355  37.949 0.5555559993
24690  14.377  -45.278  36.690 0.5555559993
26380  17.006  -41.941  36.647 0.6666669846
23962  12.364  -46.386  38.624 0.5555559993
86791  10.938  -46.425  38.844 0.4444440007
26381  16.527  -42.422  36.134 0.6666669846
24008  6.851  -46.107  36.603 0.5555559993
26961  16.897  -41.535  35.928 0.6666669846
25867  15.434  -43.238  35.618 0.6666669846
25303  18.993  -44.520  41.153 0.4444440007
25839  18.548  -44.173  40.943 0.4444440007
76062  18.220  -42.991  40.239 0.5555559993
26352  17.796  -42.743  39.486 0.6666669846
79170  17.659  -41.844  38.226 0.5555559993
26371  17.296  -41.857  37.397 0.6666669846
27513  17.135  -40.625  35.866 0.6666669846
24691  13.671  -45.775  36.705 0.5555559993
23982  11.861  -46.429  37.877 0.5555559993
26385  16.388  -41.834  35.457 0.6666669846
25842  18.797  -43.378  40.921 0.6666669846
26345  18.918  -42.293  40.502 0.6666669846
26351  18.346  -42.146  39.824 0.6666669846
26933  18.078  -42.020  39.017 0.5555559993
26941  18.241  -41.120  38.649 0.5555559993
26949  17.710  -41.141  37.722 0.6666669846
27503  18.157  -40.386  37.985 0.5555559993
26960  17.341  -41.132  36.757 0.6666669846
28020  18.107  -39.701  37.331 0.6666669846
23981  12.660  -46.315  37.772 0.5555559993
82482  17.759  -40.511  37.290 0.6666669846
25351  14.387  -44.396  35.215 0.6666669846
27512  17.598  -40.188  36.605 0.6666669846
27525  16.769  -40.030  35.273 0.6666669846
25868  14.812  -43.499  35.115 0.6666669846
27524  17.325  -39.678  35.933 0.6666669846
26974  15.894  -41.598  34.980 0.6666669846
26973  16.518  -40.999  35.178 0.5555559993
28019  18.780  -39.076  37.683 0.6666669846
85548  17.820  -39.412  36.552 0.6666669846
26988  15.922  -40.908  34.732 0.6666669846
28055  17.637  -38.649  36.100 0.6666669846
28613  17.041  -38.126  35.685 0.6666669846
27539  16.182  -40.245  34.766 0.5555559993
28056  16.854  -39.039  35.479 0.5555559993
27482  19.372  -40.194  39.822 0.7777780294
27998  19.112  -39.985  39.269 0.5555559993
27502  18.549  -39.717  38.102 0.5555559993
28007  19.184  -39.390  38.613 0.5555559993
28038  18.351  -38.862  36.808 0.6666669846
28037  18.372  -37.980  36.325 0.6666669846
28075  16.302  -39.445  34.997 0.5555559993
29194  17.492  -37.425  35.907 0.5555559993
88796  16.361  -38.888  35.181 0.5555559993
27994  19.912  -39.872  40.056 0.7777780294
27997  19.592  -39.627  39.426 0.6666669846
27472  20.357  -40.453  40.378 0.7777780294
28578  19.402  -38.718  37.971 0.6666669846
28587  19.135  -38.298  37.019 0.6666669846
76763  18.232  -37.222  36.063 0.5555559993
29205  16.584  -37.317  35.644 0.4444440007
27996  20.176  -39.406  39.520 0.6666669846
28006  19.789  -39.080  38.907 0.6666669846
28585  20.260  -38.416  37.805 0.6666669846
28577  19.852  -38.629  38.293 0.6666669846
28586  19.768  -38.194  37.525 0.7777780294
29930  17.606  -36.695  35.862 0.5555559993
29929  18.510  -36.808  35.938 0.4444440007
29195  16.750  -36.537  35.773 0.4444440007
77475  20.936  -39.605  39.378 0.6666669846
28005  20.408  -39.007  38.678 0.6666669846
29181  20.159  -37.764  37.003 0.7777780294
29192  19.791  -37.171  36.448 0.6666669846
77767  19.925  -36.813  36.058 0.6666669846
29182  19.656  -37.712  36.846 0.6666669846
29937  18.778  -36.576  35.495 0.5555559993
26928  28.059  -42.157  39.198 0.5555559993
27485  28.066  -41.208  37.971 0.7777780294
27486  27.293  -41.294  38.134 0.8888890147
27511  27.907  -40.348  36.750 0.7777780294
27498  27.635  -40.882  37.466 0.8888890147
27499  26.801  -41.166  37.607 0.8888890147
28012  27.063  -40.741  36.908 0.8888890147
28013  26.226  -41.197  37.019 0.7777780294
27488  25.830  -41.624  38.553 0.7777780294
28031  26.414  -40.732  36.262 0.8888890147
78646  25.877  -41.477  37.795 0.7777780294
27489  24.339  -41.654  38.473 0.7777780294
28032  25.486  -41.415  36.379 0.7777780294
28015  24.629  -41.833  36.870 0.7777780294
27501  23.624  -41.400  37.898 0.7777780294
28002  22.971  -40.473  38.099 0.7777780294
27481  21.528  -40.162  39.867 0.7777780294
80621  23.840  -41.660  37.251 0.7777780294
28003  22.227  -39.828  38.340 0.7777780294
28017  22.600  -39.784  37.499 0.7777780294
28004  21.325  -39.415  38.559 0.6666669846
28576  20.943  -38.878  37.902 0.6666669846
77032  20.765  -38.421  37.197 0.7777780294
29191  20.242  -37.334  36.287 0.7777780294
29203  20.259  -37.184  35.608 0.7777780294
29204  19.626  -36.787  35.387 0.7777780294
26947  29.572  -41.844  37.421 0.5555559993
26939  28.420  -41.781  38.471 0.6666669846
88712  29.183  -41.321  36.985 0.5555559993
27497  28.508  -40.880  37.102 0.6666669846
27510  28.567  -40.362  36.263 0.7777780294
84034  28.019  -39.927  36.066 0.8888890147
28030  27.300  -40.135  36.132 0.8888890147
28048  27.675  -39.922  35.391 0.8888890147
28049  26.586  -40.326  35.254 0.7777780294
28050  25.832  -40.955  35.711 0.7777780294
28014  25.465  -41.615  37.156 0.7777780294
28070  26.674  -40.116  34.328 0.7777780294
28051  24.831  -41.337  35.482 0.6666669846
28033  24.452  -41.667  36.190 0.7777780294
28085  27.355  -39.958  33.782 0.7777780294
28071  25.787  -40.520  34.304 0.7777780294
78553  25.605  -40.872  35.081 0.7777780294
78346  23.767  -41.373  36.593 0.7777780294
28016  23.265  -40.684  37.196 0.7777780294
28036  22.107  -39.254  36.845 0.6666669846
28086  26.329  -40.183  33.539 0.7777780294
28072  24.846  -40.911  34.587 0.6666669846
28035  22.879  -39.780  36.811 0.8888890147
28073  23.908  -40.664  34.875 0.7777780294
28052  23.863  -41.030  35.837 0.7777780294
73752  23.384  -39.919  35.538 0.7777780294
88289  21.392  -38.915  37.253 0.6666669846
74298  26.245  -39.635  31.019 0.7777780294
74075  26.473  -39.970  31.853 0.7777780294
28098  25.813  -40.170  32.550 0.7777780294
28087  25.422  -40.444  33.366 0.7777780294
28088  24.558  -40.483  33.227 0.7777780294
76902  23.502  -39.904  34.083 0.7777780294
74932  21.271  -38.341  36.032 0.7777780294
28600  21.366  -38.637  36.632 0.7777780294
28099  24.939  -40.011  32.032 0.6666669846
74146  25.005  -40.322  32.713 0.7777780294
28089  23.686  -40.023  33.160 0.6666669846
28612  20.755  -37.840  35.785 0.7777780294
86783  26.149  -39.400  30.357 0.5555559993
28110  25.602  -39.803  31.556 0.5555559993
28111  24.768  -39.651  31.262 0.5555559993
75887  24.150  -39.846  31.726 0.6666669846
28122  25.391  -39.449  30.630 0.5555559993
26946  30.432  -42.159  37.251 0.4444440007
26959  29.940  -41.468  36.581 0.4444440007
27496  29.202  -40.871  36.402 0.5555559993
27523  29.146  -40.524  35.691 0.7777780294
28047  28.418  -40.048  35.536 0.7777780294
28069  27.320  -39.955  34.689 0.8888890147
76783  27.736  -39.982  32.844 0.8888890147
28097  26.852  -40.131  32.779 0.7777780294
28096  27.330  -40.049  32.016 0.8888890147
75954  27.045  -39.752  31.229 0.7777780294
28121  26.825  -39.487  30.513 0.8888890147
28100  23.503  -39.793  32.208 0.6666669846
28128  27.381  -39.342  29.962 0.8888890147
28129  26.577  -39.242  29.821 0.8888890147
28668  25.738  -39.188  29.794 0.5555559993
28669  24.842  -39.166  29.837 0.5555559993
28123  24.433  -39.366  30.558 0.5555559993
28124  23.585  -39.296  30.643 0.5555559993
28682  26.250  -38.945  29.110 0.5555559993
28683  25.280  -38.845  29.027 0.5555559993
28698  24.647  -38.605  28.522 0.4444440007
26370  30.915  -42.684  38.060 0.2222220004
86833  30.860  -41.891  36.539 0.4444440007
26958  30.528  -41.352  36.009 0.4444440007
26972  31.075  -41.476  35.455 0.5555559993
87654  31.254  -41.679  36.072 0.4444440007
27509  29.789  -40.949  35.935 0.5555559993
26986  31.748  -41.630  34.581 0.5555559993
27522  30.166  -41.080  35.344 0.5555559993
26987  30.763  -41.280  34.604 0.5555559993
27536  30.066  -40.943  34.553 0.7777780294
87758  29.629  -40.794  35.536 0.6666669846
28046  28.812  -40.275  35.030 0.7777780294
27552  30.372  -41.042  33.805 0.7777780294
27537  29.469  -40.653  34.937 0.7777780294
27538  28.911  -40.266  34.227 0.7777780294
27553  29.631  -40.643  33.962 0.7777780294
28084  28.297  -39.985  33.570 0.8888890147
28068  28.150  -39.921  34.618 0.8888890147
78373  29.049  -40.423  33.146 0.8888890147
79486  28.403  -40.141  32.734 0.8888890147
27560  28.872  -40.424  32.008 0.7777780294
28109  28.436  -39.997  31.428 0.7777780294
28095  28.082  -40.086  32.072 0.7777780294
74917  28.395  -39.682  30.692 0.7777780294
74418  27.811  -39.815  31.357 0.8888890147
28667  28.748  -39.402  29.914 0.8888890147
28127  28.039  -39.432  30.150 0.8888890147
28680  28.110  -39.211  29.399 0.7777780294
28695  27.820  -38.935  28.602 0.6666669846
28681  27.163  -39.075  29.194 0.7777780294
77152  28.460  -38.625  28.137 0.4444440007
28696  26.854  -38.682  28.268 0.5555559993
81333  25.933  -38.659  28.514 0.4444440007
28708  28.283  -38.446  27.226 0.3333329856
87930  27.756  -38.679  27.909 0.5555559993
28709  27.323  -38.479  27.364 0.4444440007
28710  26.008  -38.411  27.860 0.4444440007
28697  25.293  -38.525  28.208 0.4444440007
26369  31.609  -42.914  37.917 0.2222220004
26945  31.244  -42.427  37.201 0.3333329856
26379  31.859  -42.577  37.188 0.3333329856
26957  31.788  -42.118  36.533 0.3333329856
26971  32.049  -41.779  35.686 0.6666669846
27004  31.167  -41.416  33.687 0.6666669846
80120  29.928  -40.839  33.075 0.7777780294
27558  30.299  -41.034  32.261 0.7777780294
27567  29.867  -40.620  31.504 0.7777780294
27559  29.580  -40.703  32.386 0.8888890147
27575  30.002  -40.122  30.707 0.7777780294
28119  29.851  -39.681  30.186 0.8888890147
28108  29.158  -40.103  30.948 0.7777780294
28666  29.704  -39.194  29.635 0.8888890147
29261  29.908  -38.570  29.007 0.8888890147
28679  29.051  -39.004  29.231 0.8888890147
28694  28.531  -38.901  28.783 0.7777780294
29272  30.028  -38.005  28.339 0.8888890147
28707  29.262  -38.135  27.666 0.7777780294
29286  29.034  -37.987  26.744 0.4444440007
26378  32.479  -42.479  36.842 0.2222220004
26956  32.767  -41.943  36.255 0.5555559993
27003  31.995  -41.701  33.323 0.7777780294
27016  33.187  -41.202  31.978 0.6666669846
27009  32.563  -41.576  32.509 0.7777780294
27565  32.999  -40.894  31.336 0.8888890147
27017  32.351  -41.432  31.546 0.7777780294
27018  31.522  -41.441  31.645 0.7777780294
84464  31.349  -41.546  32.878 0.8888890147
27572  33.128  -40.220  30.906 0.8888890147
27573  32.509  -40.751  30.861 0.8888890147
27023  31.623  -40.873  30.842 0.7777780294
28116  32.272  -39.983  30.288 0.8888890147
85038  31.365  -40.083  30.324 0.8888890147
27574  30.684  -40.424  30.812 0.8888890147
27566  30.801  -41.050  31.519 0.7777780294
28117  31.514  -39.317  30.097 0.8888890147
28118  30.686  -39.672  30.204 0.8888890147
28665  30.671  -39.011  29.718 0.8888890147
28678  30.506  -38.606  29.321 0.8888890147
29260  30.786  -37.801  28.966 0.8888890147
29285  30.106  -37.476  27.598 0.6666669846
26377  33.286  -42.291  36.621 0.2222220004
26969  33.976  -40.978  35.269 0.3333329856
26955  33.757  -41.596  36.107 0.4444440007
26970  33.099  -41.508  35.570 0.4444440007
26985  32.577  -41.567  34.976 0.6666669846
27535  33.980  -40.676  34.285 0.6666669846
27002  32.612  -41.499  34.114 0.7777780294
27008  33.243  -41.154  32.838 0.6666669846
78638  32.737  -41.458  33.293 0.6666669846
28107  33.022  -39.211  30.843 0.8888890147
29243  32.150  -37.853  30.490 0.8888890147
28663  32.250  -38.781  30.339 0.8888890147
29244  31.742  -37.268  30.281 0.8888890147
28664  31.565  -38.430  29.939 0.8888890147
87568  31.081  -39.086  29.918 0.8888890147
29259  31.379  -37.046  29.566 0.8888890147
29251  31.246  -38.049  29.555 0.8888890147
29982  31.144  -36.769  28.867 0.8888890147
29986  31.248  -36.042  28.775 0.8888890147
29271  30.649  -37.188  28.256 0.7777780294
29987  31.023  -36.313  28.183 0.7777780294
26968  34.586  -40.955  35.795 0.3333329856
27551  33.815  -40.664  33.257 0.7777780294
27564  33.619  -40.512  31.634 0.8888890147
77682  32.295  -37.104  31.013 0.8888890147
28654  32.861  -38.016  30.991 0.8888890147
29974  31.898  -36.380  30.943 0.8888890147
29978  31.600  -36.320  30.155 0.8888890147
30614  31.723  -35.578  30.650 0.8888890147
29981  31.389  -36.182  29.399 0.8888890147
30619  31.522  -35.501  29.834 0.8888890147
30624  31.349  -35.453  29.062 0.8888890147
88760  34.367  -40.580  34.812 0.3333329856
27550  34.439  -40.138  33.580 0.7777780294
28644  34.550  -38.713  32.919 0.7777780294
28094  34.427  -39.634  32.850 0.8888890147
87471  33.463  -37.736  31.654 1.0000000000
28645  34.109  -38.029  32.254 1.0000000000
28653  34.241  -39.144  32.125 0.8888890147
29242  32.943  -37.069  31.568 1.0000000000
31210  31.675  -34.733  30.228 0.8888890147
31216  31.470  -34.699  29.379 0.8888890147
27521  34.758  -40.502  35.114 0.3333329856
79262  34.813  -39.752  33.929 0.5555559993
27534  34.780  -40.191  34.384 0.3333329856
28083  34.743  -39.329  33.534 0.7777780294
29235  33.627  -37.137  32.132 0.7777780294
29966  33.099  -36.402  32.133 1.0000000000
30609  32.004  -35.637  31.423 1.0000000000
31204  31.898  -34.866  31.021 1.0000000000
31880  31.641  -33.775  29.675 1.0000000000
82753  31.377  -33.961  28.824 0.8888890147
27533  35.395  -39.763  34.842 0.3333329856
26967  35.386  -40.342  35.430 0.3333329856
28067  35.096  -39.224  34.215 0.5555559993
76740  34.558  -37.818  33.065 0.6666669846
28636  34.841  -38.438  33.697 0.7777780294
29965  33.931  -36.605  32.691 0.6666669846
30604  32.652  -35.552  32.029 1.0000000000
89325  32.286  -34.986  31.563 1.0000000000
31862  32.299  -34.240  31.320 1.0000000000
31870  31.883  -33.995  30.638 1.0000000000
32528  32.020  -33.110  30.256 1.0000000000
32540  31.697  -32.757  29.453 1.0000000000
88841  35.693  -39.730  35.197 0.3333329856
29228  34.426  -37.141  33.109 0.6666669846
31869  32.379  -33.394  31.014 1.0000000000
32539  32.121  -32.246  29.991 1.0000000000
28028  36.395  -38.931  35.822 0.3333329856
28045  35.807  -38.980  35.330 0.3333329856
28609  35.679  -37.866  35.403 0.4444440007
28066  35.473  -38.802  34.851 0.3333329856
81981  34.898  -37.412  33.901 0.5555559993
28623  35.198  -38.201  34.490 0.5555559993
29959  34.533  -36.598  33.424 0.6666669846
80995  33.419  -34.921  32.347 0.8888890147
30603  33.517  -35.793  32.551 0.7777780294
31198  32.775  -34.574  31.867 0.8888890147
31861  32.837  -33.695  31.626 1.0000000000
32527  32.484  -32.562  30.740 1.0000000000
33174  32.705  -31.826  30.438 1.0000000000
33184  32.421  -31.604  29.634 1.0000000000
28029  36.036  -38.265  35.829 0.4444440007
29190  36.063  -37.607  36.049 0.2222220004
81715  35.537  -36.918  35.371 0.3333329856
29215  35.314  -37.481  34.778 0.4444440007
29950  35.014  -36.521  34.175 0.4444440007
88963  35.227  -36.953  34.647 0.5555559993
85730  34.202  -35.961  33.110 0.6666669846
30602  34.224  -35.176  32.915 0.8888890147
31197  33.415  -34.001  32.130 0.8888890147
33183  33.183  -31.306  29.977 1.0000000000
33837  32.914  -31.068  29.155 0.8888890147
79677  34.877  -35.122  33.577 0.5555559993
30597  34.765  -35.856  33.783 0.6666669846
88202  34.503  -35.565  33.328 0.6666669846
31860  33.355  -33.143  31.971 0.8888890147
32513  33.461  -32.417  31.743 0.8888890147
32514  32.892  -32.869  31.396 0.8888890147
32526  33.039  -32.099  31.159 0.8888890147
33836  33.736  -30.818  29.440 1.0000000000
33851  33.435  -30.516  28.637 0.8888890147
31189  34.829  -34.384  33.245 0.6666669846
31196  34.123  -34.258  32.617 0.8888890147
31852  34.026  -33.394  32.395 0.8888890147
33173  33.447  -31.582  30.745 0.8888890147
33835  34.569  -30.599  29.657 1.0000000000
33850  34.259  -30.321  28.900 1.0000000000
34548  33.984  -29.901  28.071 0.8888890147
31845  35.316  -33.758  33.556 0.7777780294
32501  33.897  -32.718  32.174 0.8888890147
33165  33.724  -31.818  31.446 0.8888890147
86647  34.093  -31.451  31.017 0.8888890147
33823  34.101  -31.119  30.289 0.8888890147
33849  35.062  -30.119  29.139 1.0000000000
80044  34.741  -29.880  28.495 1.0000000000
34576  34.143  -29.051  26.375 0.7777780294
32500  34.656  -32.696  32.616 0.7777780294
32512  34.123  -32.102  32.068 0.8888890147
33164  34.489  -31.607  31.604 0.8888890147
33172  34.759  -31.157  30.946 0.8888890147
33822  34.877  -30.788  30.307 1.0000000000
34532  35.853  -29.939  29.375 1.0000000000
34559  36.883  -28.827  27.810 1.0000000000
34547  35.553  -29.602  28.527 1.0000000000
34546  36.312  -29.190  28.176 1.0000000000
89363  36.289  -28.944  27.535 1.0000000000
34561  35.661  -29.202  27.647 1.0000000000
34560  36.651  -28.627  27.099 1.0000000000
74610  34.855  -29.520  27.805 1.0000000000
35256  36.280  -28.412  26.320 1.0000000000
34574  35.922  -28.864  26.957 1.0000000000
34562  34.163  -29.473  27.192 1.0000000000
35929  36.820  -27.852  25.914 0.7777780294
34575  35.036  -29.117  26.868 0.8888890147
33154  34.968  -31.902  32.314 0.8888890147
33834  35.368  -30.410  29.875 0.8888890147
74169  36.449  -29.567  28.935 1.0000000000
35249  37.365  -28.414  27.386 1.0000000000
35255  37.111  -28.171  26.638 1.0000000000
35920  37.842  -27.883  26.974 1.0000000000
35928  37.577  -27.637  26.185 0.7777780294
33163  35.454  -31.346  31.661 0.7777780294
33809  36.219  -31.000  31.358 0.7777780294
33820  36.621  -30.571  30.793 0.7777780294
33821  35.630  -30.774  30.713 0.8888890147
33833  36.158  -30.228  30.092 0.8888890147
78277  36.555  -29.873  29.591 1.0000000000
35248  38.041  -28.182  27.713 1.0000000000
35242  37.592  -28.661  28.120 1.0000000000
89069  38.599  -27.988  28.014 1.0000000000
34545  37.075  -29.132  28.549 1.0000000000
35909  39.142  -27.718  27.849 1.0000000000
35919  38.535  -27.726  27.364 1.0000000000
35918  39.212  -27.445  27.058 1.0000000000
75415  38.466  -27.410  26.429 1.0000000000
36570  37.961  -27.194  25.604 0.7777780294
33832  37.012  -30.055  30.161 0.8888890147
35240  39.040  -28.027  28.669 0.8888890147
35227  38.566  -28.577  29.091 1.0000000000
34544  37.876  -28.937  28.880 1.0000000000
34531  37.310  -29.525  29.427 1.0000000000
35241  38.285  -28.398  28.413 1.0000000000
35908  39.676  -27.694  28.328 1.0000000000
35917  39.851  -27.503  27.608 1.0000000000
35927  39.381  -27.132  26.238 1.0000000000
36569  39.757  -26.702  25.521 1.0000000000
35935  38.790  -26.864  25.474 1.0000000000
33808  37.015  -30.855  31.645 0.5555559993
33796  37.241  -31.280  32.490 0.4444440007
80085  37.616  -30.228  31.037 0.5555559993
35226  39.319  -28.424  29.713 0.8888890147
75160  38.364  -29.154  29.795 1.0000000000
35239  39.905  -27.802  29.129 0.8888890147
35907  40.531  -27.522  28.343 0.8888890147
89079  40.589  -27.287  27.311 1.0000000000
35926  39.969  -27.256  26.798 1.0000000000
36558  40.082  -26.946  26.146 1.0000000000
36588  37.290  -26.035  23.796 0.5555559993
37976  36.934  -24.441  22.828 0.3333329856
33807  38.005  -30.644  32.155 0.5555559993
75033  39.226  -29.109  30.601 0.6666669846
34516  38.441  -29.623  30.814 0.5555559993
34517  37.754  -29.729  30.226 0.8888890147
35225  40.298  -28.035  30.048 0.7777780294
35896  40.840  -27.685  29.484 0.7777780294
35906  41.619  -27.412  28.848 0.7777780294
35916  41.310  -27.229  27.749 0.8888890147
35915  42.094  -27.069  28.049 0.8888890147
36548  41.177  -27.031  26.966 1.0000000000
36557  40.655  -26.971  26.512 1.0000000000
75414  40.625  -26.559  25.683 1.0000000000
36586  39.347  -26.304  24.761 1.0000000000
37349  40.549  -25.475  24.143 0.7777780294
37350  39.783  -25.703  24.080 0.7777780294
37351  38.927  -25.748  24.017 0.5555559993
37360  38.475  -25.096  23.320 0.5555559993
37359  39.362  -25.125  23.376 0.5555559993
37975  38.003  -24.390  22.853 0.3333329856
37988  36.415  -23.997  22.622 0.1111110002
37989  35.453  -24.055  22.703 0.1111110002
38580  34.322  -23.732  23.261 0.1111110002
38581  33.251  -23.682  23.459 0.1111110002
38561  32.898  -23.488  23.958 0.1111110002
33819  38.452  -30.036  31.603 0.5555559993
33806  38.949  -30.248  32.325 0.5555559993
34504  39.285  -29.581  31.628 0.5555559993
34515  39.892  -29.130  31.207 0.5555559993
34530  40.019  -28.631  30.606 0.7777780294
35224  41.102  -27.911  30.330 0.5555559993
35895  41.778  -27.712  30.057 0.4444440007
35881  43.781  -28.031  31.125 0.4444440007
35882  42.777  -27.898  30.711 0.5555559993
35880  44.528  -28.093  30.955 0.3333329856
81239  43.395  -27.629  30.430 0.5555559993
35894  42.596  -27.410  29.594 0.6666669846
87760  42.289  -27.225  28.737 0.6666669846
88734  42.921  -26.952  28.554 0.6666669846
36547  41.851  -26.892  27.122 0.8888890147
36556  41.439  -26.598  26.243 1.0000000000
36568  41.291  -26.152  25.383 1.0000000000
37341  41.696  -25.500  24.922 1.0000000000
36585  40.288  -26.185  24.841 1.0000000000
37347  41.919  -24.808  24.544 1.0000000000
36584  41.003  -25.804  24.753 1.0000000000
37964  42.330  -24.242  24.594 1.0000000000
37348  41.257  -25.009  24.178 1.0000000000
37971  41.069  -24.314  23.423 0.7777780294
37357  40.726  -24.872  23.610 0.6666669846
37358  40.148  -25.090  23.453 0.5555559993
38567  41.836  -23.587  24.311 0.6666669846
38574  41.200  -23.789  23.490 0.6666669846
37973  39.777  -24.541  22.926 0.5555559993
37974  38.966  -24.459  22.841 0.4444440007
37984  40.113  -24.130  22.725 0.3333329856
37986  38.569  -24.030  22.611 0.3333329856
37987  37.505  -23.999  22.663 0.3333329856
38585  39.986  -23.803  22.707 0.3333329856
38586  39.142  -23.758  22.719 0.3333329856
38587  38.175  -23.734  22.819 0.3333329856
38588  36.957  -23.667  22.969 0.2222220004
33794  39.465  -30.766  32.944 0.4444440007
33793  40.269  -30.820  32.898 0.2222220004
33805  39.842  -30.067  32.454 0.4444440007
33148  41.079  -31.128  32.575 0.3333329856
33804  40.785  -30.195  32.374 0.5555559993
34514  40.656  -29.035  31.220 0.4444440007
35209  40.895  -28.433  30.711 0.5555559993
35208  41.911  -28.353  30.796 0.4444440007
34511  43.960  -28.513  31.073 0.4444440007
35205  44.980  -28.416  30.343 0.1111110002
34527  45.265  -29.058  29.160 0.1111110002
35879  45.087  -28.084  30.460 0.1111110002
35892  45.088  -27.874  30.433 0.1111110002
35893  44.229  -27.674  30.565 0.2222220004
35905  43.583  -27.234  29.627 0.4444440007
36526  44.583  -27.285  29.706 0.2222220004
36537  43.939  -26.738  28.782 0.5555559993
36545  43.497  -26.460  27.772 0.5555559993
36546  42.655  -26.697  27.432 0.8888890147
84073  43.994  -25.904  27.169 0.8888890147
36554  43.200  -26.200  26.808 1.0000000000
36555  42.366  -26.414  26.497 1.0000000000
37326  43.637  -25.488  26.417 1.0000000000
37327  42.865  -25.723  26.001 1.0000000000
36567  42.052  -25.965  25.663 1.0000000000
37339  43.296  -24.906  25.735 1.0000000000
37959  43.018  -24.265  25.122 1.0000000000
37340  42.499  -25.071  25.170 1.0000000000
38558  43.250  -23.624  25.331 1.0000000000
82149  42.795  -23.141  25.206 1.0000000000
38566  42.627  -23.672  24.849 1.0000000000
38559  42.212  -23.019  24.883 0.8888890147
86631  41.619  -22.848  24.560 0.5555559993
38568  41.019  -23.024  23.979 0.6666669846
38575  40.503  -23.453  23.167 0.4444440007
38576  39.639  -23.260  23.056 0.3333329856
34503  40.307  -29.441  31.928 0.5555559993
34502  41.349  -29.622  31.689 0.4444440007
87039  41.416  -28.957  31.093 0.4444440007
34513  42.182  -29.202  31.045 0.4444440007
34510  44.473  -28.959  30.378 0.1111110002
35238  45.961  -28.608  28.852 0.1111110002
79758  45.397  -29.301  27.546 0.1111110002
35891  45.779  -27.969  29.992 0.1111110002
36525  45.565  -27.503  29.617 0.2222220004
36536  44.967  -26.747  28.932 0.3333329856
36544  44.408  -26.262  28.046 0.5555559993
37311  44.894  -25.749  27.394 0.7777780294
37950  45.708  -24.538  26.691 0.7777780294
37324  45.314  -25.163  26.901 0.7777780294
38550  46.084  -23.907  26.826 0.8888890147
81226  44.948  -24.653  26.334 0.7777780294
37325  44.481  -25.318  26.675 0.8888890147
38545  46.260  -23.274  27.302 0.8888890147
39165  45.450  -23.075  26.700 0.8888890147
78403  45.345  -23.950  26.250 0.8888890147
37957  44.447  -24.084  25.992 1.0000000000
37958  43.668  -24.187  25.654 1.0000000000
38557  43.828  -23.553  25.873 1.0000000000
39174  43.261  -22.855  25.761 1.0000000000
33803  41.697  -30.661  32.044 0.3333329856
33818  42.200  -30.125  31.321 0.3333329856
34512  42.963  -29.309  30.876 0.3333329856
34529  44.190  -29.812  29.857 0.2222220004
35223  45.560  -28.317  29.839 0.1111110002
35925  47.303  -27.932  27.284 0.1111110002
89371  46.643  -28.356  27.007 0.1111110002
35247  46.219  -28.869  28.062 0.1111110002
35222  46.297  -28.030  29.266 0.1111110002
37300  45.375  -26.173  28.280 0.6666669846
37944  47.030  -24.773  28.370 0.6666669846
37949  46.278  -24.547  27.442 0.7777780294
37309  46.385  -25.253  28.085 0.7777780294
37310  45.689  -25.560  27.712 0.7777780294
37323  45.868  -24.987  27.287 0.7777780294
38544  46.644  -23.943  27.835 0.7777780294
39157  45.916  -22.347  27.541 0.8888890147
38551  44.578  -23.381  26.197 1.0000000000
39166  44.406  -22.562  26.584 1.0000000000
38552  43.902  -22.951  26.181 1.0000000000
39167  43.588  -22.249  26.432 1.0000000000
39175  42.508  -22.482  25.428 0.7777780294
39168  42.821  -21.957  26.122 1.0000000000
33816  43.576  -29.649  30.466 0.2222220004
35913  47.959  -27.448  27.868 0.1111110002
35924  47.730  -27.311  27.149 0.1111110002
35914  47.416  -27.929  28.171 0.1111110002
35237  46.750  -28.288  28.501 0.1111110002
74607  47.061  -27.362  26.324 0.1111110002
36534  47.025  -26.968  28.505 0.3333329856
35904  46.342  -27.668  29.194 0.1111110002
37298  47.394  -25.764  28.519 0.5555559993
37299  46.354  -26.117  28.404 0.5555559993
36535  46.006  -26.888  28.893 0.4444440007
39163  49.219  -22.617  27.789 0.3333329856
85706  49.376  -23.510  27.957 0.3333329856
38536  49.042  -23.895  28.312 0.5555559993
37938  48.440  -24.558  28.604 0.5555559993
37939  47.825  -24.978  28.708 0.6666669846
83132  49.098  -21.832  27.478 0.2222220004
39148  49.259  -22.741  27.818 0.3333329856
39150  48.135  -22.500  28.773 0.5555559993
38537  48.382  -23.538  28.712 0.5555559993
38538  47.572  -24.019  28.617 0.5555559993
40480  49.230  -20.981  27.991 0.4444440007
39151  47.677  -23.071  28.675 0.5555559993
40481  48.749  -20.637  28.571 0.5555559993
75880  48.432  -21.901  28.683 0.5555559993
39850  47.740  -21.282  28.844 0.6666669846
39156  46.835  -22.956  28.147 0.6666669846
39851  46.776  -20.939  28.755 0.7777780294
81820  47.318  -22.060  28.585 0.8888890147
39152  46.337  -21.672  28.283 0.8888890147
39860  45.274  -21.356  28.102 1.0000000000
39158  44.948  -21.994  27.223 1.0000000000
39159  43.974  -21.746  27.196 1.0000000000
39870  43.109  -21.454  27.017 1.0000000000
39881  42.008  -21.755  25.808 0.4444440007
39872  41.356  -21.069  26.378 0.3333329856
36553  48.194  -26.801  27.458 0.2222220004
36542  48.522  -26.099  27.790 0.2222220004
36543  48.258  -26.710  28.175 0.2222220004
36533  47.921  -26.389  28.488 0.2222220004
35902  47.671  -27.236  28.330 0.3333329856
35903  47.013  -27.732  28.713 0.1111110002
37943  49.251  -24.495  27.946 0.2222220004
37308  48.896  -25.271  28.021 0.4444440007
37296  48.578  -25.162  28.346 0.4444440007
36532  48.405  -25.880  28.291 0.4444440007
38549  49.147  -23.275  27.426 0.2222220004
38543  49.370  -24.020  27.768 0.3333329856
38535  49.475  -24.009  28.024 0.3333329856
37937  49.022  -24.566  28.184 0.4444440007
37297  48.159  -25.470  28.596 0.5555559993
39869  48.968  -21.522  26.592 0.2222220004
39888  49.243  -20.504  25.246 0.2222220004
39868  49.127  -21.062  27.236 0.4444440007
40507  49.313  -20.213  25.867 0.3333329856
40495  49.235  -20.714  27.645 0.4444440007
39849  48.288  -21.040  28.854 0.5555559993
84877  48.869  -20.139  28.554 0.4444440007
39838  47.712  -20.403  29.085 0.6666669846
39839  47.183  -20.395  29.024 0.7777780294
39852  45.625  -20.679  28.860 0.8888890147
40483  44.875  -20.057  29.434 1.0000000000
41099  44.723  -19.666  29.262 1.0000000000
41100  44.344  -19.942  29.475 1.0000000000
79259  44.051  -20.027  29.576 1.0000000000
39853  44.392  -20.617  28.933 1.0000000000
39861  44.401  -21.284  27.919 1.0000000000
41723  44.316  -19.227  28.778 0.8888890147
41112  43.984  -19.656  29.283 1.0000000000
40470  43.679  -19.958  29.408 1.0000000000
40484  43.470  -20.215  29.169 1.0000000000
39862  43.466  -20.904  28.152 1.0000000000
75932  43.748  -18.898  28.047 0.8888890147
41724  43.699  -19.333  28.756 0.8888890147
41113  43.332  -19.720  29.006 0.7777780294
40485  42.947  -19.960  29.074 0.7777780294
40496  42.682  -20.279  28.636 0.5555559993
39863  42.485  -20.757  27.745 0.5555559993
39871  42.251  -21.226  26.711 0.7777780294
41725  43.095  -19.343  28.387 0.7777780294
39864  41.639  -20.556  27.444 0.3333329856
40513  49.353  -19.928  24.170 0.3333329856
40509  49.371  -20.072  24.900 0.4444440007
40510  49.300  -20.400  24.388 0.3333329856
41125  49.284  -20.194  27.444 0.4444440007
83032  49.087  -19.888  28.051 0.5555559993
41096  47.880  -19.975  29.230 0.6666669846
40467  47.706  -20.102  29.209 0.6666669846
40468  47.141  -20.022  29.222 0.7777780294
40482  46.161  -20.114  29.241 0.8888890147
41111  45.635  -19.714  29.153 1.0000000000
40469  45.253  -19.924  29.385 1.0000000000
41736  45.674  -18.904  28.014 1.0000000000
41722  45.152  -19.239  28.711 1.0000000000
41737  44.725  -18.849  28.077 1.0000000000
41755  44.343  -18.627  27.205 0.8888890147
41772  44.117  -18.483  26.226 0.8888890147
41756  43.366  -18.728  26.862 0.6666669846
41738  42.849  -19.097  27.651 0.6666669846
41773  43.459  -18.494  25.869 0.5555559993
41139  49.234  -19.969  25.513 0.4444440007
41805  48.748  -19.400  24.371 0.5555559993
41140  49.005  -19.776  26.134 0.4444440007
41126  48.916  -19.720  27.129 0.4444440007
41127  48.401  -19.389  28.031 0.5555559993
41109  47.617  -19.548  28.765 0.5555559993
41097  47.277  -19.975  29.279 0.7777780294
41110  46.648  -19.696  29.009 0.8888890147
74603  46.672  -18.941  26.423 1.0000000000
41735  46.635  -18.978  27.947 1.0000000000
41098  46.341  -19.960  29.329 1.0000000000
41753  46.205  -18.875  27.254 1.0000000000
41770  45.802  -18.713  26.441 1.0000000000
41754  45.268  -18.713  27.269 1.0000000000
41771  44.936  -18.545  26.385 1.0000000000
42426  44.641  -18.457  25.602 0.7777780294
41791  43.989  -18.406  25.240 0.5555559993
41792  43.196  -18.406  24.982 0.3333329856
41806  48.178  -19.214  23.645 0.3333329856
41788  48.749  -19.546  25.234 0.5555559993
41768  48.487  -19.425  26.233 0.4444440007
41789  48.178  -19.059  24.532 0.7777780294
79886  48.176  -19.227  25.442 0.7777780294
41751  48.091  -19.209  27.187 0.7777780294
42430  47.353  -18.869  24.231 1.0000000000
41790  47.609  -19.021  25.109 1.0000000000
75048  47.627  -19.143  26.181 0.7777780294
41734  47.515  -19.095  27.974 0.7777780294
41721  46.925  -19.249  28.444 0.8888890147
41769  46.929  -18.963  25.540 1.0000000000
41752  47.154  -19.035  27.214 1.0000000000
42431  46.493  -18.674  24.012 0.8888890147
42424  46.308  -18.686  24.940 1.0000000000
87130  46.249  -18.753  25.770 1.0000000000
42432  45.546  -18.425  24.057 0.7777780294
42425  45.463  -18.547  25.419 1.0000000000
42433  44.699  -18.366  24.665 0.5555559993
42434  43.833  -18.221  24.124 0.5555559993
41829  47.074  -17.913  20.601 0.3333329856
41820  47.290  -19.197  22.453 0.4444440007
79376  46.707  -18.215  21.256 0.7777780294
41807  47.157  -19.158  23.000 0.6666669846
41821  46.486  -18.617  21.941 0.7777780294
42429  47.596  -18.978  23.760 0.7777780294
42441  46.626  -18.800  23.077 0.7777780294
42442  45.862  -18.342  22.867 0.7777780294
77489  44.674  -18.070  23.592 0.5555559993
42445  43.995  -17.638  23.179 0.2222220004
42509  48.386  -17.203  19.486 0.2222220004
42497  48.076  -16.993  20.262 0.4444440007
42458  46.943  -17.178  20.991 1.0000000000
42459  46.241  -17.509  21.543 0.7777780294
42460  45.597  -17.419  22.079 0.6666669846
42443  45.258  -17.881  22.923 0.6666669846
42444  44.655  -17.469  22.724 0.4444440007
82532  45.975  -15.755  21.684 0.4444440007
43126  45.434  -16.562  21.839 0.4444440007
43127  44.701  -16.607  22.166 0.3333329856
43731  45.158  -15.758  21.822 0.4444440007
42462  44.125  -17.064  22.582 0.3333329856
43732  44.369  -15.761  21.985 0.2222220004
42517  49.303  -16.974  19.129 0.3333329856
42508  49.228  -16.840  20.066 0.2222220004
42483  47.822  -16.870  20.856 0.6666669846
43125  47.565  -16.278  21.309 0.7777780294
42461  45.147  -17.206  22.310 0.6666669846
43730  46.619  -14.886  21.916 0.4444440007
81796  45.674  -14.870  22.016 0.3333329856
81795  44.795  -14.882  22.124 0.2222220004
42496  49.166  -16.633  20.949 0.5555559993
43181  50.288  -16.810  18.672 0.2222220004
86489  49.390  -16.272  21.638 0.6666669846
42482  48.438  -16.254  21.347 0.6666669846
84102  46.887  -15.877  21.469 0.6666669846
84067  45.984  -16.619  21.528 0.6666669846
43729  47.635  -14.931  21.867 0.6666669846
44364  46.193  -13.969  22.254 0.2222220004
43168  50.286  -16.797  19.751 0.3333329856
43180  51.394  -16.681  19.366 0.2222220004
43157  50.291  -16.714  20.827 0.2222220004
43144  50.358  -16.513  21.843 0.5555559993
89452  50.467  -16.328  22.627 0.6666669846
43123  49.940  -16.054  22.519 0.6666669846
43124  48.838  -15.814  21.825 0.6666669846
43728  49.978  -15.649  22.581 0.5555559993
82015  47.964  -15.593  21.654 0.6666669846
44363  47.274  -13.939  22.188 0.4444440007
43167  51.433  -16.699  20.481 0.2222220004
43155  52.546  -16.442  21.278 0.3333329856
43179  52.458  -16.480  18.965 0.2222220004
43156  51.404  -16.636  21.716 0.3333329856
82317  52.288  -16.303  17.949 0.2222220004
43143  51.302  -16.518  22.916 0.6666669846
43142  52.304  -16.418  22.625 0.6666669846
43116  51.792  -16.093  24.440 0.6666669846
43117  50.729  -16.000  23.585 0.6666669846
81053  48.712  -15.177  21.916 0.5555559993
44361  49.343  -14.878  22.021 0.4444440007
44362  48.303  -14.315  21.978 0.4444440007
44970  48.938  -13.828  21.669 0.4444440007
44957  48.052  -13.349  22.106 0.4444440007
43166  52.630  -16.518  20.046 0.3333329856
43775  52.135  -15.720  16.779 0.2222220004
43178  53.154  -16.156  18.652 0.2222220004
43772  52.593  -16.011  17.328 0.2222220004
43726  52.209  -15.776  24.074 0.6666669846
43727  51.137  -15.689  23.632 0.6666669846
86786  51.682  -15.460  23.004 0.6666669846
43743  50.439  -15.315  22.544 0.5555559993
44378  49.831  -14.633  21.837 0.6666669846
81180  47.386  -13.054  22.262 0.4444440007
44960  44.760  -12.958  22.767 0.1111110002
43165  53.364  -16.160  19.506 0.3333329856
43771  53.012  -15.868  18.004 0.2222220004
43154  53.344  -16.068  20.616 0.4444440007
43141  53.009  -16.104  21.876 0.4444440007
43777  52.376  -15.100  16.576 0.2222220004
43741  52.561  -16.056  23.265 0.6666669846
84486  52.978  -15.958  22.250 0.6666669846
44376  52.338  -15.418  21.852 0.6666669846
44419  52.772  -14.369  15.588 0.3333329856
44377  50.830  -15.030  21.814 0.5555559993
44389  51.175  -14.618  20.869 0.5555559993
44390  49.970  -13.982  21.131 0.5555559993
44980  50.474  -13.825  20.339 0.5555559993
44988  49.870  -13.065  20.396 0.4444440007
81727  43.455  -13.508  22.529 0.1111110002
45638  49.221  -12.927  21.132 0.4444440007
45639  48.485  -12.705  21.714 0.4444440007
45627  46.141  -12.359  22.455 0.1111110002
44959  45.684  -13.065  22.514 0.1111110002
45625  47.800  -12.493  22.123 0.4444440007
45626  47.045  -12.440  22.278 0.1111110002
43764  53.460  -15.961  18.917 0.3333329856
43774  52.637  -15.511  17.267 0.2222220004
43757  53.556  -15.921  19.860 0.3333329856
43751  53.252  -15.871  21.008 0.5555559993
83088  52.813  -14.522  16.264 0.3333329856
44387  53.249  -15.536  19.963 0.4444440007
44397  53.257  -15.616  19.088 0.5555559993
44388  52.439  -15.103  20.473 0.5555559993
44398  52.277  -14.747  19.252 0.5555559993
44399  51.300  -14.213  19.901 0.5555559993
44986  51.212  -13.851  19.085 0.5555559993
44987  50.476  -13.267  19.552 0.5555559993
87950  43.387  -12.660  22.747 0.1111110002
86421  43.972  -12.792  22.923 0.1111110002
45650  49.359  -12.231  20.475 0.4444440007
45651  48.769  -12.053  21.172 0.4444440007
46285  48.075  -11.832  21.753 0.3333329856
44407  53.120  -15.722  18.329 0.3333329856
44416  52.639  -14.836  16.834 0.3333329856
44414  52.805  -15.401  17.584 0.3333329856
45019  53.764  -13.689  15.724 0.3333329856
45020  53.313  -14.039  16.036 0.3333329856
44408  52.568  -14.957  18.124 0.5555559993
85199  53.900  -13.175  14.193 0.2222220004
45714  54.644  -12.631  13.816 0.2222220004
44995  51.634  -13.909  18.324 0.5555559993
45669  52.267  -12.879  17.216 0.5555559993
44996  50.858  -13.063  18.648 0.5555559993
45670  51.357  -12.732  17.823 0.5555559993
45660  49.868  -12.375  19.701 0.4444440007
45659  50.282  -12.518  19.015 0.4444440007
45667  50.567  -12.159  18.382 0.4444440007
45671  50.834  -11.757  17.786 0.4444440007
45034  54.101  -13.322  15.277 0.3333329856
87516  52.612  -14.721  17.317 0.4444440007
45706  54.675  -12.860  14.911 0.3333329856
45002  52.218  -13.860  17.546 0.4444440007
46369  53.425  -11.975  16.778 0.5555559993
46343  52.492  -11.848  17.025 0.5555559993
45007  53.161  -14.161  16.317 0.3333329856
45001  52.803  -14.027  16.910 0.4444440007
86699  54.519  -13.147  15.492 0.3333329856
45006  53.915  -13.586  16.065 0.4444440007
45018  54.352  -13.310  15.791 0.4444440007
45713  55.271  -12.287  14.352 0.3333329856
45682  54.732  -12.840  16.097 0.4444440007
45684  53.237  -13.156  16.671 0.4444440007
45683  54.004  -12.812  16.410 0.4444440007
46368  54.269  -11.970  16.490 0.4444440007
80234  54.236  -10.793  16.319 0.4444440007
85166  53.551  -11.123  16.571 0.5555559993
45695  54.877  -12.878  15.632 0.4444440007
45705  55.349  -12.369  15.222 0.3333329856
46391  55.792  -11.778  14.719 0.3333329856
46400  55.734  -11.504  13.332 0.3333329856
46367  55.006  -11.814  16.200 0.4444440007
81882  55.055  -10.939  16.181 0.4444440007
45694  55.396  -12.313  15.860 0.4444440007
76355  56.115  -10.110  13.409 0.3333329856
46390  56.019  -11.077  13.981 0.3333329856
46378  55.796  -11.709  15.502 0.4444440007
81518  56.313  -9.488  11.976 0.2222220004
46366  55.565  -11.437  15.975 0.4444440007
46365  55.887  -10.795  15.751 0.4444440007
47104  55.486  -10.436  16.082 0.4444440007
47103  55.812  -9.713  15.968 0.4444440007
47136  56.026  -10.965  15.038 0.4444440007
47135  56.134  -10.050  14.491 0.4444440007
47118  56.081  -9.972  15.479 0.4444440007
47865  56.180  -8.900  15.149 0.4444440007
22686  1.739  -48.231  36.385 0.2222220004
23334  3.153  -47.451  38.715 0.4444440007
22679  1.777  -47.977  37.113 0.2222220004
23955  5.191  -46.755  39.047 0.6666669846
23319  4.305  -47.763  41.544 0.4444440007
20768  4.268  -51.720  44.520 0.1111110002
20769  3.956  -51.075  44.192 0.1111110002
82890  4.494  -50.985  44.213 0.1111110002
88559  5.633  -48.375  42.850 0.3333329856
76333  5.003  -47.759  41.863 0.3333329856
23322  5.968  -47.252  41.043 0.4444440007
23330  3.517  -47.329  39.512 0.4444440007
22673  2.319  -48.068  38.590 0.3333329856
21947  12.749  -49.166  42.773 0.2222220004
23301  7.004  -47.714  42.616 0.3333329856
23288  7.308  -47.913  43.191 0.2222220004
23953  7.092  -46.569  39.584 0.6666669846
74809  6.986  -46.452  38.726 0.5555559993
22678  2.129  -48.136  37.800 0.2222220004
23910  13.419  -47.584  42.500 0.4444440007
23280  8.539  -48.152  43.718 0.1111110002
23300  7.777  -47.628  42.644 0.3333329856
23933  15.726  -47.275  40.523 0.5555559993
23990  3.911  -46.753  37.308 0.5555559993
20772  8.524  -51.640  43.346 0.1111110002
84552  11.534  -48.044  43.889 0.2222220004
21288  9.210  -50.376  43.175 0.1111110002
81185  8.863  -48.686  43.733 0.2222220004
23911  12.528  -47.390  42.397 0.3333329856
81604  9.754  -48.656  43.704 0.2222220004
23279  9.411  -48.183  43.724 0.3333329856
86487  13.850  -46.952  40.379 0.4444440007
24650  15.263  -46.361  39.272 0.4444440007
23285  10.127  -47.974  43.660 0.3333329856
23913  10.810  -47.151  41.742 0.4444440007
23299  10.945  -47.473  42.581 0.3333329856
24010  5.121  -46.369  36.829 0.5555559993
23936  11.209  -46.616  40.525 0.4444440007
25847  17.619  -43.574  39.833 0.5555559993
24002  12.194  -46.364  36.979 0.5555559993
26386  15.833  -42.453  35.424 0.6666669846
27474  18.804  -41.433  39.988 0.5555559993
27492  18.650  -40.189  38.717 0.5555559993
77105  18.864  -40.729  39.439 0.5555559993
89233  19.575  -38.924  38.487 0.6666669846
29193  19.080  -37.395  36.327 0.5555559993
29951  18.226  -36.186  34.921 0.4444440007
29939  17.001  -36.004  35.735 0.3333329856
29928  19.362  -36.801  36.015 0.6666669846
26940  27.670  -41.633  38.640 0.6666669846
27475  26.947  -41.639  38.762 0.7777780294
27487  26.544  -41.431  38.290 0.7777780294
27500  24.733  -41.734  37.691 0.7777780294
79231  25.210  -41.673  38.280 0.7777780294
27995  21.864  -39.920  39.190 0.7777780294
28018  21.742  -39.369  37.716 0.6666669846
28601  20.716  -38.043  36.500 0.7777780294
26948  28.804  -41.495  37.682 0.6666669846
28034  23.392  -40.302  36.372 0.8888890147
74825  24.947  -40.701  33.869 0.6666669846
74611  24.215  -40.515  33.961 0.7777780294
28054  21.935  -38.869  35.998 0.7777780294
74739  24.274  -40.178  32.481 0.6666669846
28626  20.679  -37.814  35.002 0.7777780294
88108  24.070  -39.588  31.088 0.5555559993
28120  27.581  -39.562  30.663 0.8888890147
28684  24.299  -38.818  29.167 0.4444440007
28670  23.922  -39.030  29.931 0.5555559993
79318  29.135  -39.653  30.242 0.7777780294
80094  30.685  -41.253  32.969 0.8888890147
28693  29.196  -38.537  28.549 0.8888890147
89148  29.650  -37.621  27.031 0.5555559993
27010  31.800  -41.712  32.303 0.8888890147
27557  33.757  -40.671  32.400 0.7777780294
27011  31.056  -41.433  32.229 0.7777780294
28106  33.792  -39.684  31.428 0.8888890147
26984  33.272  -41.234  34.696 0.5555559993
27001  33.278  -41.118  33.746 0.6666669846
27556  34.136  -40.253  32.816 0.7777780294
28105  34.166  -40.052  32.129 0.7777780294
82681  33.651  -38.625  31.488 0.8888890147
29967  32.355  -36.350  31.621 1.0000000000
31224  31.281  -34.755  28.608 0.8888890147
29234  34.169  -37.303  32.630 0.6666669846
27520  36.004  -39.703  35.524 0.3333329856
30587  35.218  -35.874  34.501 0.3333329856
31188  35.480  -34.409  34.079 0.4444440007
31851  34.733  -33.582  32.949 0.7777780294
37361  37.522  -25.161  23.261 0.3333329856
37352  38.093  -25.839  23.877 0.5555559993
37977  35.876  -24.483  22.728 0.1111110002
89234  40.816  -26.217  25.155 1.0000000000
35207  43.070  -28.505  31.053 0.4444440007
35206  44.628  -28.276  30.768 0.3333329856
37965  41.637  -24.266  24.037 0.8888890147
37972  40.453  -24.475  23.090 0.5555559993
37983  40.647  -23.978  22.921 0.4444440007
37985  39.464  -24.079  22.632 0.3333329856
34528  44.686  -29.487  29.488 0.1111110002
34509  45.033  -28.823  29.895 0.1111110002
34542  45.487  -29.305  28.337 0.1111110002
39176  41.819  -22.290  25.056 0.5555559993
39177  41.114  -22.299  24.673 0.2222220004
37951  44.019  -24.728  26.200 0.8888890147
75981  46.620  -28.007  26.282 0.1111110002
35254  46.115  -28.723  27.238 0.1111110002
35253  46.892  -28.469  27.772 0.1111110002
38542  49.377  -23.462  27.898 0.2222220004
39149  48.873  -22.870  28.341 0.5555559993
39859  49.174  -21.665  27.791 0.3333329856
39848  48.966  -21.690  28.221 0.3333329856
40466  48.241  -20.169  29.024 0.6666669846
39880  48.964  -21.266  25.525 0.2222220004
39879  49.179  -20.711  26.247 0.3333329856
40503  49.247  -20.393  26.888 0.3333329856
81891  49.000  -19.860  23.659 0.3333329856
41135  49.266  -20.076  26.521 0.4444440007
85498  46.098  -19.289  28.550 1.0000000000
41141  49.149  -19.791  24.632 0.5555559993
41143  48.980  -19.570  23.942 0.3333329856
42423  46.993  -18.857  24.776 1.0000000000
87438  43.331  -17.865  23.416 0.2222220004
43122  51.028  -16.312  23.575 0.6666669846
43742  52.473  -15.751  22.946 0.6666669846
73628  52.188  -14.870  15.752 0.2222220004
78089  3.274  -46.909  36.919 0.3333329856
86879  4.232  -46.177  35.606 0.1111110002
24011  4.167  -46.465  36.560 0.2222220004
24698  4.882  -46.133  35.831 0.2222220004
24718  4.721  -45.654  34.999 0.1111110002
24717  5.420  -45.660  35.070 0.2222220004
24739  5.106  -44.907  34.608 0.1111110002
84363  4.434  -46.544  37.059 0.2222220004
24716  6.275  -45.617  35.150 0.2222220004
24697  5.735  -46.080  35.911 0.2222220004
24738  5.880  -44.933  34.591 0.2222220004
25370  5.472  -44.247  34.294 0.1111110002
24737  6.842  -44.923  34.534 0.1111110002
25369  6.238  -44.291  34.132 0.2222220004
24009  6.136  -46.195  36.685 0.3333329856
24715  7.144  -45.546  35.320 0.2222220004
25368  7.650  -44.506  34.141 0.1111110002
74616  6.950  -44.259  33.982 0.1111110002
24695  7.359  -45.931  36.091 0.3333329856
24696  6.593  -46.009  35.937 0.2222220004
24714  7.960  -45.594  35.535 0.3333329856
76641  8.787  -45.358  34.938 0.2222220004
24736  7.806  -45.127  34.750 0.1111110002
25366  9.403  -44.829  34.290 0.1111110002
25367  8.510  -44.714  34.279 0.1111110002
25382  8.322  -44.109  33.833 0.1111110002
25380  9.921  -44.346  33.800 0.1111110002
25885  9.553  -43.720  33.624 0.1111110002
25884  10.387  -43.692  33.523 0.1111110002
25873  9.125  -43.028  33.804 0.1111110002
81479  10.651  -41.519  34.223 0.1111110002
26397  10.291  -42.123  33.949 0.1111110002
75807  8.635  -45.777  35.745 0.5555559993
24735  9.807  -45.364  34.779 0.4444440007
25379  10.801  -44.394  33.701 0.2222220004
25883  11.316  -43.682  33.466 0.1111110002
26396  11.156  -42.094  33.895 0.1111110002
26408  11.818  -42.828  33.668 0.1111110002
26993  11.393  -41.365  34.249 0.1111110002
24006  8.226  -46.120  37.232 0.4444440007
23986  7.432  -46.206  37.537 0.4444440007
24693  8.973  -46.077  36.421 0.5555559993
24694  8.089  -45.903  36.337 0.4444440007
24713  9.469  -45.841  35.561 0.5555559993
88324  9.628  -46.127  36.140 0.5555559993
24733  11.519  -45.564  34.621 0.4444440007
24734  10.667  -45.417  34.672 0.4444440007
25364  11.182  -44.980  34.121 0.4444440007
25363  12.073  -45.038  34.126 0.4444440007
25378  11.717  -44.450  33.637 0.3333329856
25882  12.283  -43.754  33.552 0.4444440007
88545  12.348  -42.513  33.877 0.1111110002
74184  11.986  -42.019  33.930 0.1111110002
25872  12.695  -43.024  33.881 0.2222220004
27543  11.634  -40.592  34.607 0.1111110002
24005  9.819  -46.281  36.764 0.5555559993
81020  9.075  -46.263  37.210 0.5555559993
23984  9.632  -46.375  37.692 0.4444440007
24004  10.759  -46.356  36.619 0.5555559993
24712  10.952  -45.932  35.223 0.4444440007
24023  11.231  -46.282  35.897 0.4444440007
24732  12.368  -45.547  34.762 0.4444440007
25377  12.502  -44.435  33.830 0.4444440007
26394  13.510  -42.960  34.269 0.4444440007
74564  12.656  -40.447  34.623 0.1111110002
26991  13.267  -41.379  34.424 0.1111110002
76069  13.990  -39.850  34.659 0.1111110002
23985  8.787  -46.341  37.936 0.5555559993
23983  10.465  -46.415  37.441 0.4444440007
24692  12.852  -46.107  36.317 0.4444440007
24003  11.511  -46.384  36.546 0.5555559993
24710  12.606  -45.908  35.507 0.4444440007
24709  13.349  -45.612  35.744 0.5555559993
24731  13.002  -45.388  35.102 0.4444440007
25870  14.060  -43.672  34.560 0.5555559993
25361  13.701  -44.375  34.570 0.4444440007
27541  14.613  -40.564  34.627 0.3333329856
26393  14.400  -42.686  34.741 0.4444440007
76375  13.689  -42.163  34.435 0.4444440007
26989  15.262  -41.190  34.702 0.3333329856
27542  13.692  -40.623  34.577 0.3333329856
28076  15.647  -39.577  34.719 0.4444440007
27540  15.455  -40.386  34.640 0.3333329856
76274  14.988  -38.852  34.756 0.3333329856
76643  14.138  -38.986  34.621 0.1111110002
28627  15.844  -38.673  34.955 0.3333329856
28616  15.150  -37.904  34.748 0.3333329856
28628  14.335  -38.111  34.419 0.1111110002
23964  10.267  -46.445  38.277 0.4444440007
84885  11.064  -46.458  38.045 0.4444440007
24708  14.068  -45.168  35.909 0.5555559993
26975  15.142  -42.044  34.967 0.5555559993
28615  15.863  -37.582  35.255 0.3333329856
29208  14.532  -37.244  34.212 0.2222220004
29207  15.316  -36.889  34.852 0.2222220004
29206  15.942  -36.570  35.605 0.2222220004
29941  15.512  -36.075  35.036 0.2222220004
28614  16.435  -38.273  35.366 0.4444440007
29940  16.119  -35.830  35.724 0.3333329856
30577  15.790  -35.586  34.904 0.1111110002
28671  23.025  -38.956  30.076 0.3333329856
28672  22.075  -38.787  30.273 0.3333329856
30576  16.497  -35.547  35.227 0.2222220004
28685  23.388  -38.724  29.274 0.4444440007
28686  22.505  -38.631  29.439 0.3333329856
28700  22.787  -38.415  28.616 0.3333329856
28701  22.070  -38.354  28.856 0.3333329856
28687  21.676  -38.430  29.470 0.3333329856
29275  21.383  -38.131  28.689 0.2222220004
28699  23.789  -38.449  28.363 0.3333329856
29274  21.998  -38.048  28.014 0.3333329856
75859  21.137  -37.865  27.955 0.2222220004
28090  22.995  -39.526  33.496 0.5555559993
28101  22.869  -39.472  32.727 0.5555559993
28646  22.140  -39.043  32.344 0.4444440007
28113  22.763  -39.391  31.827 0.4444440007
28112  23.452  -39.540  31.395 0.4444440007
28656  22.074  -39.011  31.472 0.4444440007
28657  21.428  -38.722  31.903 0.4444440007
28655  22.708  -39.174  30.928 0.3333329856
87872  22.061  -38.937  30.903 0.3333329856
79389  21.456  -38.686  30.986 0.3333329856
28673  21.171  -38.422  30.146 0.3333329856
28674  20.748  -38.306  30.744 0.2222220004
30598  16.861  -35.397  34.452 0.2222220004
29252  20.257  -37.974  30.070 0.2222220004
29262  20.841  -38.119  29.329 0.2222220004
29263  19.994  -37.762  29.100 0.2222220004
28712  24.582  -38.361  27.802 0.3333329856
29273  22.958  -38.165  27.688 0.3333329856
29289  23.815  -38.133  27.357 0.3333329856
29290  22.259  -37.732  27.028 0.2222220004
86147  23.805  -37.924  26.536 0.3333329856
75483  23.101  -37.857  26.757 0.2222220004
84233  23.227  -39.747  34.772 0.6666669846
28610  22.458  -39.235  35.149 0.5555559993
28624  21.909  -38.766  34.292 0.4444440007
28638  21.411  -38.458  33.571 0.4444440007
28637  22.236  -38.995  33.337 0.4444440007
28625  21.105  -38.227  34.332 0.4444440007
28647  21.499  -38.614  32.768 0.4444440007
88069  20.969  -38.196  33.074 0.4444440007
83216  20.313  -37.767  32.980 0.3333329856
28658  20.754  -38.344  31.509 0.2222220004
28648  20.831  -38.282  32.376 0.2222220004
29245  20.101  -37.935  31.037 0.2222220004
29236  20.115  -37.912  31.981 0.2222220004
29952  17.385  -35.753  35.115 0.2222220004
81597  19.581  -37.545  29.679 0.2222220004
29253  19.480  -37.522  30.453 0.2222220004
28053  22.731  -39.492  36.112 0.7777780294
28611  21.418  -38.483  35.221 0.6666669846
88470  20.589  -37.725  34.318 0.3333329856
28639  20.767  -37.957  33.679 0.3333329856
29216  20.226  -37.443  33.897 0.3333329856
29217  19.613  -37.025  34.336 0.3333329856
29229  19.643  -37.233  33.389 0.2222220004
29237  19.561  -37.399  32.479 0.3333329856
85775  18.991  -37.030  32.164 0.2222220004
29960  17.792  -35.863  34.096 0.2222220004
30606  16.443  -35.266  32.801 0.2222220004
29246  19.354  -37.394  31.474 0.2222220004
30605  17.077  -35.506  33.460 0.2222220004
29254  18.800  -36.970  30.694 0.2222220004
29247  18.590  -36.775  31.581 0.2222220004
79220  18.428  -36.556  30.037 0.2222220004
76648  20.187  -37.271  34.765 0.4444440007
84969  18.965  -36.601  34.725 0.3333329856
29218  19.008  -36.819  33.802 0.2222220004
89290  18.495  -36.370  34.180 0.3333329856
29238  19.000  -36.964  32.922 0.1111110002
29230  18.444  -36.456  33.373 0.1111110002
29969  17.833  -36.023  32.947 0.1111110002
29968  18.454  -36.608  32.461 0.1111110002
29975  17.875  -36.272  31.924 0.1111110002
30610  17.193  -35.682  32.400 0.2222220004
29979  18.073  -36.358  30.873 0.2222220004
76717  17.366  -35.749  31.368 0.1111110002
88092  18.050  -36.166  30.216 0.2222220004
30615  17.576  -35.689  30.330 0.2222220004
29284  30.606  -36.659  27.501 0.4444440007
82914  31.174  -34.124  28.203 0.5555559993
82604  30.912  -33.924  27.576 0.5555559993
30625  31.175  -35.502  28.326 0.7777780294
30634  30.865  -35.654  27.476 0.4444440007
31225  31.047  -34.770  27.877 0.5555559993
31235  30.716  -34.694  27.117 0.3333329856
31918  30.554  -33.746  26.705 0.3333329856
31255  30.111  -33.971  25.701 0.3333329856
31892  31.100  -33.267  28.205 0.5555559993
31903  30.776  -33.064  27.382 0.4444440007
32560  30.647  -32.341  27.138 0.3333329856
32572  30.456  -32.297  26.378 0.3333329856
31929  30.303  -33.043  26.023 0.2222220004
32581  30.120  -32.291  25.501 0.3333329856
31930  29.821  -33.127  25.060 0.2222220004
31891  31.426  -33.211  28.949 0.7777780294
32550  30.911  -32.435  27.839 0.5555559993
33230  30.467  -31.609  25.862 0.2222220004
32549  31.295  -32.420  28.620 0.5555559993
33205  30.857  -31.856  27.471 0.4444440007
33221  30.687  -31.738  26.726 0.2222220004
33185  31.747  -31.959  29.237 0.6666669846
33194  31.074  -31.959  28.075 0.5555559993
33193  31.513  -31.710  28.464 0.4444440007
33204  31.337  -31.485  27.740 0.5555559993
33220  31.124  -31.276  27.006 0.1111110002
33852  32.155  -31.379  28.836 0.6666669846
33853  31.929  -31.114  28.062 0.3333329856
80350  32.636  -30.786  28.369 0.6666669846
33868  32.350  -30.478  27.604 0.3333329856
33867  33.093  -30.180  27.889 0.5555559993
34564  32.796  -29.888  27.112 0.4444440007
33881  32.012  -30.117  26.830 0.3333329856
34579  31.589  -29.814  26.022 0.1111110002
34563  33.487  -29.763  27.397 0.5555559993
34578  32.470  -29.399  26.199 0.2222220004
36587  38.525  -26.378  24.609 0.6666669846
84910  38.134  -26.803  25.036 0.7777780294
85811  37.240  -26.630  24.370 0.7777780294
35945  35.987  -26.973  24.434 0.4444440007
74862  35.477  -26.147  23.549 0.3333329856
34577  33.407  -29.411  26.698 0.3333329856
35257  35.539  -28.700  26.359 0.7777780294
35266  34.208  -28.238  25.199 0.5555559993
35267  33.370  -28.432  25.147 0.2222220004
86276  36.152  -27.958  25.656 0.5555559993
89057  34.952  -28.126  25.331 0.5555559993
36571  37.551  -26.949  24.958 0.6666669846
35937  36.445  -27.471  25.221 0.6666669846
35938  35.522  -27.623  25.070 0.5555559993
35946  34.965  -26.944  24.211 0.2222220004
34589  33.348  -28.956  25.885 0.6666669846
34588  33.993  -28.655  25.717 0.4444440007
40486  42.207  -20.007  28.546 0.4444440007
41114  42.618  -19.776  28.588 0.4444440007
41128  41.844  -19.853  28.108 0.4444440007
78472  41.330  -20.053  27.943 0.2222220004
41726  42.352  -19.463  28.024 0.5555559993
41739  41.620  -19.568  27.574 0.3333329856
40497  40.393  -20.023  27.530 0.2222220004
82929  40.767  -19.945  27.668 0.2222220004
41129  39.486  -20.141  27.440 0.2222220004
87569  38.880  -19.970  27.860 0.1111110002
41101  36.562  -19.687  29.134 0.1111110002
41116  37.814  -19.724  28.463 0.1111110002
85353  42.154  -19.299  27.433 0.4444440007
41758  41.467  -19.296  26.859 0.2222220004
41741  39.748  -19.795  27.053 0.2222220004
40487  38.468  -19.942  28.215 0.1111110002
41102  35.628  -19.401  29.125 0.1111110002
41118  36.349  -18.982  28.672 0.1111110002
41117  37.111  -19.393  28.579 0.1111110002
41727  37.612  -19.194  28.159 0.1111110002
41115  38.165  -19.568  28.103 0.1111110002
41757  42.379  -18.998  26.835 0.3333329856
41740  40.855  -19.626  27.116 0.2222220004
41130  38.759  -19.730  27.689 0.1111110002
73718  38.728  -19.394  27.097 0.1111110002
41775  41.756  -18.899  26.115 0.2222220004
41759  40.449  -19.484  26.580 0.2222220004
41760  39.503  -19.358  26.487 0.1111110002
86744  41.911  -18.662  25.392 0.2222220004
41776  40.924  -19.177  26.080 0.2222220004
85005  40.147  -19.240  26.064 0.2222220004
41793  42.377  -18.465  24.810 0.2222220004
75834  41.223  -18.807  25.420 0.2222220004
24007  7.445  -46.054  36.875 0.4444440007
26387  15.138  -42.793  35.172 0.5555559993
29938  17.863  -36.397  35.532 0.2222220004
35265  35.570  -28.299  25.763 0.6666669846
35936  37.216  -27.361  25.454 0.6666669846
41774  42.631  -18.621  25.877 0.2222220004
25874  8.353  -43.288  33.831 0.1111110002
25381  9.098  -44.280  33.881 0.1111110002
25886  8.887  -43.736  33.717 0.1111110002
26410  9.935  -42.914  33.712 0.1111110002
26409  10.818  -42.863  33.668 0.1111110002
26398  9.427  -42.217  34.076 0.1111110002
75827  10.233  -45.763  35.205 0.5555559993
25365  10.299  -44.889  34.205 0.4444440007
24024  10.290  -46.158  35.888 0.5555559993
25871  13.211  -43.916  33.956 0.4444440007
26992  12.302  -41.315  34.302 0.1111110002
26395  12.846  -42.190  34.114 0.2222220004
24711  11.812  -46.054  35.272 0.5555559993
25362  12.967  -44.842  34.427 0.4444440007
24022  12.063  -46.321  36.041 0.5555559993
85373  13.256  -39.928  34.669 0.1111110002
76779  13.323  -39.163  34.539 0.1111110002
25352  13.614  -44.987  35.122 0.5555559993
26990  14.318  -41.537  34.600 0.3333329856
28077  14.825  -39.723  34.696 0.2222220004
82888  15.130  -35.832  33.980 0.1111110002
30588  16.079  -35.353  34.425 0.2222220004
29291  21.384  -37.557  27.250 0.2222220004
28074  22.724  -39.331  34.188 0.4444440007
29265  18.995  -37.105  29.807 0.2222220004
82548  30.560  -32.873  26.748 0.4444440007
36572  36.853  -26.998  24.742 0.4444440007
35258  34.804  -28.638  25.931 0.6666669846
35939  34.512  -27.603  24.727 0.2222220004
35275  33.410  -27.674  24.451 0.2222220004
40498  38.979  -20.119  27.818 0.1111110002
40471  37.310  -19.991  28.878 0.1111110002
40474  35.052  -20.186  29.589 0.1111110002
75833  40.392  -18.923  25.485 0.2222220004
26332  25.086  -43.179  41.126 0.4444440007
25835  25.350  -43.792  41.488 0.4444440007
26350  27.724  -42.499  39.921 0.3333329856
26342  26.472  -42.829  40.507 0.4444440007
25302  25.716  -44.130  41.525 0.3333329856
25293  24.820  -44.304  41.759 0.2222220004
26930  26.436  -41.908  39.481 0.6666669846
24633  25.325  -44.785  41.180 0.2222220004
26938  29.185  -42.115  38.245 0.4444440007
27476  26.331  -41.663  38.850 0.7777780294
25836  24.576  -43.533  41.653 0.4444440007
25292  24.700  -43.936  41.901 0.3333329856
26931  25.698  -41.879  39.840 0.4444440007
89486  25.159  -44.020  41.760 0.4444440007
24634  24.524  -45.197  41.317 0.2222220004
25827  24.099  -43.786  42.088 0.3333329856
82109  24.387  -42.931  41.354 0.5555559993
26913  24.790  -42.538  40.813 0.5555559993
26914  24.077  -42.338  41.037 0.5555559993
27468  23.932  -41.422  40.037 0.5555559993
27478  24.127  -41.511  39.289 0.5555559993
25297  20.366  -44.436  42.073 0.3333329856
25299  19.359  -45.000  41.287 0.3333329856
24630  19.148  -45.726  40.790 0.3333329856
23908  17.068  -47.452  40.891 0.3333329856
23294  16.675  -47.936  41.333 0.3333329856
23312  16.376  -47.779  41.183 0.3333329856
26327  22.696  -43.350  42.114 0.4444440007
26328  21.749  -43.102  41.952 0.4444440007
25831  20.984  -43.544  42.150 0.3333329856
85763  20.395  -43.938  42.201 0.3333329856
25298  19.640  -44.189  41.823 0.3333329856
26334  23.366  -42.969  41.809 0.4444440007
26335  22.528  -42.681  41.633 0.4444440007
26336  21.555  -42.415  41.408 0.4444440007
26329  20.798  -42.876  41.723 0.4444440007
26922  23.610  -41.770  40.597 0.5555559993
26915  23.252  -42.274  41.216 0.5555559993
26916  22.232  -41.989  41.064 0.5555559993
26923  22.718  -41.521  40.658 0.5555559993
24637  18.795  -45.278  40.711 0.3333329856
24631  18.426  -46.179  40.390 0.3333329856
23295  15.889  -48.059  41.628 0.3333329856
25832  20.155  -43.439  41.942 0.4444440007
23919  17.565  -46.778  40.388 0.3333329856
23920  16.644  -47.260  40.654 0.3333329856
25837  19.475  -43.430  41.502 0.4444440007
25838  19.049  -43.944  41.367 0.3333329856
24638  18.124  -45.769  40.217 0.3333329856
24639  17.351  -46.487  40.208 0.4444440007
27470  22.117  -40.851  40.213 0.6666669846
26337  20.608  -42.034  41.102 0.5555559993
26338  19.983  -42.735  41.477 0.5555559993
75717  19.378  -42.790  41.074 0.5555559993
27479  23.271  -40.989  39.542 0.6666669846
27469  23.068  -41.111  40.175 0.6666669846
26924  21.767  -41.286  40.627 0.6666669846
26925  20.874  -41.187  40.654 0.5555559993
26917  21.399  -41.772  40.945 0.6666669846
76684  20.085  -41.206  40.670 0.6666669846
26344  19.715  -42.036  40.908 0.6666669846
27480  22.425  -40.540  39.692 0.6666669846
27491  22.693  -40.428  38.953 0.6666669846
26926  19.391  -41.367  40.400 0.6666669846
27471  21.198  -40.569  40.328 0.6666669846
27993  20.644  -39.887  40.034 0.6666669846
27473  19.695  -40.575  40.264 0.6666669846
89404  19.189  -40.805  40.029 0.6666669846
26932  18.495  -41.496  39.404 0.5555559993
26952  36.670  -41.676  36.579 0.1111110002
26375  35.313  -42.360  36.635 0.2222220004
26376  34.597  -42.628  36.770 0.3333329856
26954  34.695  -41.721  36.339 0.2222220004
79002  33.996  -42.163  36.554 0.3333329856
26365  37.169  -42.658  37.136 0.1111110002
76581  35.669  -41.706  36.415 0.1111110002
26953  35.309  -40.975  36.068 0.2222220004
27495  37.912  -40.896  37.668 0.1111110002
26951  37.268  -41.118  36.786 0.1111110002
87511  36.031  -41.101  36.222 0.1111110002
27508  36.729  -40.771  36.298 0.2222220004
77022  36.838  -39.822  36.085 0.2222220004
86592  36.008  -40.453  35.865 0.2222220004
29949  35.387  -36.306  34.990 0.3333329856
32498  36.362  -32.121  33.179 0.6666669846
33153  36.614  -31.672  32.747 0.5555559993
74488  35.851  -31.729  32.568 0.7777780294
33869  31.676  -30.827  27.308 0.1111110002
75032  37.824  -26.493  24.432 0.5555559993
36600  36.438  -25.409  23.213 0.2222220004
38577  38.813  -23.316  23.071 0.2222220004
39185  40.130  -22.726  23.644 0.2222220004
39890  39.794  -22.119  24.343 0.1111110002
39186  39.091  -22.669  23.687 0.1111110002
75580  42.009  -20.256  28.220 0.3333329856
27477  25.738  -41.744  39.255 0.5555559993
74498  25.050  -41.683  38.943 0.5555559993
27490  23.431  -41.154  38.716 0.6666669846
26937  30.034  -42.456  38.079 0.4444440007
33162  36.389  -31.329  32.079 0.6666669846
76508  40.512  -22.348  24.285 0.2222220004
39882  41.185  -21.685  25.426 0.2222220004
26929  27.287  -42.031  39.306 0.5555559993
36589  36.571  -26.436  23.947 0.4444440007
26343  25.608  -42.701  40.641 0.4444440007
26331  25.973  -43.305  40.998 0.4444440007
25834  26.326  -43.818  41.240 0.3333329856
26341  27.307  -42.937  40.413 0.3333329856
26919  26.075  -42.236  40.163 0.4444440007
24632  26.176  -44.507  41.099 0.2222220004
26918  26.906  -42.364  40.007 0.6666669846
26920  25.255  -42.138  40.281 0.5555559993
24625  24.063  -44.692  41.882 0.3333329856
88828  23.850  -42.739  41.500 0.5555559993
26921  24.425  -41.971  40.427 0.5555559993
27467  24.904  -41.736  39.764 0.5555559993
23907  17.942  -47.012  40.579 0.3333329856
30644  30.545  -35.392  26.742 0.2222220004
30645  30.209  -35.661  26.081 0.2222220004
30003  29.972  -36.562  26.112 0.2222220004
29300  29.555  -37.357  26.351 0.2222220004
29301  28.845  -37.702  25.953 0.2222220004
30654  30.372  -34.740  26.298 0.2222220004
30655  29.886  -34.960  25.461 0.2222220004
32499  35.551  -32.325  32.994 0.6666669846
35268  32.562  -28.762  25.256 0.1111110002
47851  54.004  -9.594  16.021 0.3333329856
46312  49.831  -11.742  18.912 0.3333329856
83202  52.730  -10.935  16.656 0.3333329856
46344  51.458  -11.630  17.274 0.2222220004
47106  53.132  -10.247  16.194 0.3333329856
46370  51.828  -10.874  16.689 0.2222220004
78313  49.357  -11.673  19.785 0.3333329856
22620  10.592  -48.514  43.735 0.1111110002
28720  28.386  -38.178  26.390 0.3333329856
29996  30.132  -37.011  26.859 0.3333329856
31850  35.434  -33.068  33.317 0.5555559993
23339  1.802  -47.890  36.970 0.2222220004
29995  30.460  -36.190  26.763 0.3333329856
26333  23.987  -43.255  41.831 0.3333329856
29317  29.335  -36.968  25.570 0.2222220004
26374  36.186  -42.549  36.663 0.1111110002
25857  35.497  -43.312  36.841 0.1111110002
85876  26.600  -38.397  27.485 0.3333329856
28721  27.662  -38.307  26.526 0.2222220004
32487  36.139  -32.715  33.591 0.3333329856
33142  37.333  -31.913  33.171 0.4444440007
33152  38.157  -31.335  32.938 0.4444440007
26927  28.828  -42.408  39.057 0.4444440007
76090  36.190  -44.152  36.853 0.1111110002
25329  35.187  -44.239  37.025 0.1111110002
32486  36.828  -32.500  33.451 0.4444440007
18912  3.175  -54.173  39.755 0.1111110002
19595  3.676  -53.391  40.479 0.1111110002
19599  3.890  -53.200  39.673 0.1111110002
89038  3.737  -53.676  39.072 0.1111110002
20239  4.468  -53.030  38.973 0.1111110002
19603  3.939  -53.753  38.366 0.1111110002
20229  4.182  -52.587  40.282 0.1111110002
20224  3.959  -52.659  41.087 0.1111110002
20234  4.493  -52.559  39.694 0.1111110002
20233  5.028  -52.147  39.339 0.1111110002
20793  5.238  -51.471  38.672 0.1111110002
20238  5.314  -52.526  38.542 0.1111110002
20243  5.894  -52.478  37.230 0.1111110002
20790  4.597  -51.781  40.029 0.1111110002
20789  4.689  -51.326  39.449 0.1111110002
75322  4.677  -50.528  38.315 0.1111110002
23346  1.710  -47.743  36.543 0.1111110002
22687  1.499  -47.965  36.425 0.1111110002
81533  4.039  -49.842  38.140 0.1111110002
76491  5.082  -50.317  36.926 0.1111110002
21970  3.535  -49.305  37.519 0.1111110002
21983  3.015  -48.734  34.944 0.1111110002
22694  2.005  -48.387  35.423 0.1111110002
22695  1.332  -48.062  35.779 0.1111110002
23347  1.560  -47.713  36.133 0.1111110002
21323  4.349  -49.761  36.712 0.1111110002
22696  1.315  -47.936  35.888 0.1111110002
24012  2.705  -47.015  36.441 0.2222220004
23992  2.046  -47.527  36.715 0.1111110002
24013  2.114  -47.325  36.188 0.1111110002
24025  2.820  -46.821  35.698 0.1111110002
24014  1.982  -47.352  35.710 0.1111110002
21322  5.102  -50.171  36.116 0.1111110002
83318  3.783  -49.207  35.040 0.1111110002
21337  5.008  -49.948  33.197 0.1111110002
21998  4.450  -49.255  32.867 0.1111110002
21988  3.076  -48.632  33.835 0.1111110002
24700  3.250  -46.597  35.791 0.1111110002
21975  4.252  -49.581  35.693 0.1111110002
24026  2.467  -47.032  35.371 0.1111110002
24719  3.464  -46.383  35.039 0.1111110002
21331  5.489  -50.869  34.609 0.1111110002
21332  4.959  -50.124  34.148 0.1111110002
21345  5.069  -49.781  32.366 0.1111110002
29942  14.714  -36.381  33.944 0.1111110002
28722  26.789  -38.233  26.772 0.1111110002
26358  29.650  -42.709  38.926 0.2222220004
29303  27.060  -38.039  25.890 0.1111110002
29304  26.059  -37.979  26.168 0.1111110002
29287  25.426  -38.143  26.726 0.1111110002
29288  24.607  -38.118  26.830 0.2222220004
25300  27.256  -43.843  41.013 0.2222220004
25301  26.540  -44.068  41.313 0.2222220004
26340  28.084  -43.105  40.364 0.2222220004
25833  27.589  -43.454  40.667 0.2222220004
29332  27.882  -37.547  24.905 0.1111110002
29306  24.205  -37.798  25.828 0.1111110002
30611  16.606  -35.301  31.819 0.1111110002
30616  16.836  -35.196  30.862 0.1111110002
31212  16.308  -34.630  30.407 0.1111110002
26330  26.860  -43.398  40.834 0.2222220004
30016  28.937  -36.562  24.792 0.1111110002
89449  29.376  -35.170  24.780 0.1111110002
30664  28.990  -35.758  24.439 0.1111110002
77932  23.354  -37.559  25.864 0.1111110002
31263  28.911  -34.931  24.059 0.1111110002
29307  22.545  -37.310  26.166 0.1111110002
29308  21.707  -37.113  26.461 0.1111110002
29988  18.992  -36.945  28.213 0.1111110002
29264  19.278  -37.272  28.993 0.1111110002
29983  18.575  -36.619  29.040 0.1111110002
29309  20.870  -36.953  26.694 0.1111110002
31258  22.616  -35.121  25.512 0.1111110002
78119  29.441  -34.174  24.669 0.1111110002
30032  22.843  -35.768  24.794 0.1111110002
30019  21.803  -36.149  25.644 0.1111110002
30005  21.306  -36.442  26.088 0.1111110002
29292  20.431  -37.449  27.484 0.1111110002
29293  19.643  -37.007  27.416 0.1111110002
29277  19.666  -37.474  28.155 0.1111110002
88947  19.056  -36.432  27.424 0.1111110002
89548  21.673  -34.492  26.434 0.1111110002
30657  22.098  -35.777  25.496 0.1111110002
30646  21.198  -35.750  25.999 0.1111110002
30006  20.514  -36.219  26.331 0.1111110002
30007  19.666  -36.002  26.662 0.1111110002
89035  19.578  -36.548  27.035 0.1111110002
31938  29.257  -33.025  23.963 0.1111110002
32591  29.240  -32.158  23.826 0.1111110002
33251  28.913  -31.700  23.524 0.1111110002
33231  30.020  -31.500  24.945 0.1111110002
30596  35.313  -35.247  34.341 0.3333329856
31181  35.781  -34.861  34.800 0.3333329856
31180  36.136  -34.392  34.563 0.1111110002
80073  36.451  -33.783  34.207 0.1111110002
31844  35.969  -33.501  34.044 0.1111110002
31179  37.007  -33.845  33.897 0.2222220004
31843  36.773  -33.136  33.762 0.2222220004
33141  38.491  -31.945  33.446 0.2222220004
33151  39.069  -31.379  33.312 0.1111110002
33149  40.559  -31.576  33.180 0.1111110002
33150  39.865  -31.419  33.456 0.3333329856
33795  38.732  -30.843  32.791 0.3333329856
37322  48.233  -26.012  26.734 0.1111110002
37321  48.631  -25.506  27.352 0.1111110002
37948  48.878  -24.747  27.326 0.1111110002
37955  48.447  -24.651  26.219 0.1111110002
75074  48.838  -23.955  26.814 0.1111110002
73756  48.718  -23.126  26.277 0.1111110002
40514  49.064  -20.335  23.722 0.2222220004
41144  48.381  -19.600  23.256 0.2222220004
41830  46.953  -18.960  20.818 0.2222220004
41155  46.926  -19.023  21.533 0.2222220004
78855  3.529  -46.542  36.129 0.2222220004
88767  4.286  -51.119  39.860 0.1111110002
21315  3.974  -50.060  38.828 0.1111110002
21965  3.371  -49.253  38.518 0.1111110002
21976  3.419  -49.175  36.462 0.1111110002
21977  2.585  -48.721  36.024 0.1111110002
26349  28.493  -42.727  39.827 0.2222220004
28711  25.322  -38.321  27.434 0.2222220004
39164  48.944  -22.412  26.992 0.1111110002
39889  49.031  -20.999  24.707 0.1111110002
40518  48.535  -20.088  23.099 0.2222220004
21966  2.645  -48.542  38.148 0.1111110002
29276  20.553  -37.859  28.440 0.1111110002
30599  16.305  -35.223  33.712 0.1111110002
29318  28.569  -37.353  25.171 0.1111110002
81234  29.650  -35.994  25.264 0.1111110002
29302  28.015  -38.034  25.639 0.1111110002
29319  27.317  -37.739  25.186 0.1111110002
19591  3.569  -53.503  41.413 0.1111110002
19602  4.768  -53.376  38.098 0.1111110002
21314  4.556  -50.790  38.984 0.1111110002
20797  5.345  -50.994  37.594 0.1111110002
20237  5.814  -52.016  37.912 0.1111110002
21318  4.567  -50.070  37.553 0.1111110002
21982  3.422  -49.093  35.639 0.1111110002
21326  5.628  -50.870  35.596 0.1111110002
21327  5.014  -50.168  35.144 0.1111110002
21986  4.379  -49.585  34.666 0.1111110002
21987  3.761  -49.051  34.245 0.1111110002
21992  4.403  -49.449  33.727 0.1111110002
21336  5.456  -50.764  33.617 0.1111110002
21993  3.801  -48.866  33.326 0.1111110002
28723  26.036  -38.256  27.091 0.1111110002
29305  25.107  -37.872  26.033 0.1111110002
25309  26.991  -44.249  40.968 0.2222220004
25841  28.268  -43.745  40.615 0.2222220004
31205  16.057  -34.826  31.278 0.1111110002
78919  28.522  -36.227  24.129 0.1111110002
30665  28.447  -35.600  23.689 0.1111110002
29324  22.921  -36.900  25.309 0.1111110002
30004  22.110  -36.626  25.764 0.1111110002
87700  19.297  -37.019  27.774 0.1111110002
30626  18.043  -35.761  28.609 0.1111110002
30018  22.595  -36.222  25.062 0.1111110002
29997  20.071  -36.733  26.839 0.1111110002
30635  19.041  -35.375  27.099 0.1111110002
31248  21.060  -34.903  26.352 0.1111110002
31259  21.765  -35.167  26.009 0.1111110002
30647  20.389  -35.412  26.417 0.1111110002
32599  28.765  -32.328  23.332 0.1111110002
32582  29.670  -32.259  24.542 0.1111110002
33252  28.325  -31.676  23.113 0.1111110002
86639  36.612  -34.284  34.417 0.1111110002
41147  47.670  -19.707  22.360 0.2222220004
41156  47.168  -19.500  21.522 0.2222220004
40504  40.649  -20.404  27.140 0.2222220004
47163  56.007  -10.928  12.928 0.2222220004
47849  55.361  -9.348  16.117 0.3333329856
45720  55.279  -12.089  13.291 0.1111110002
44418  53.257  -13.985  15.528 0.2222220004
46407  55.565  -11.513  12.562 0.2222220004
47105  54.791  -10.038  16.128 0.3333329856
36590  34.309  -26.271  23.524 0.1111110002
39873  40.343  -21.086  25.927 0.1111110002
25314  29.933  -44.150  40.260 0.1111110002
25306  29.478  -44.004  40.568 0.1111110002
25324  29.495  -44.608  39.477 0.1111110002
24645  28.598  -44.639  39.435 0.1111110002
88061  26.889  -44.956  37.699 0.1111110002
25307  28.808  -44.015  40.663 0.1111110002
25316  28.289  -44.348  40.226 0.1111110002
24646  27.715  -44.716  39.420 0.1111110002
24656  27.160  -44.935  38.399 0.1111110002
24684  25.743  -44.712  36.343 0.1111110002
75366  25.964  -44.831  35.750 0.1111110002
25346  24.992  -44.625  34.790 0.1111110002
24640  27.385  -44.536  40.307 0.1111110002
24669  25.343  -44.965  37.796 0.1111110002
24670  24.436  -44.981  37.760 0.1111110002
25340  24.205  -44.294  36.183 0.1111110002
25332  23.934  -44.577  36.998 0.1111110002
25319  33.096  -43.883  38.081 0.1111110002
25849  32.383  -43.839  38.818 0.1111110002
25850  31.912  -43.717  39.279 0.1111110002
25844  31.411  -43.921  39.768 0.1111110002
83339  33.466  -43.484  37.533 0.1111110002
25848  32.651  -43.484  37.946 0.1111110002
26355  32.063  -43.378  38.533 0.1111110002
26356  31.399  -43.316  38.947 0.1111110002
26367  32.958  -42.942  37.174 0.1111110002
26346  30.853  -43.504  39.528 0.1111110002
23306  23.317  -47.460  40.493 0.1111110002
26357  30.523  -43.006  38.871 0.1111110002
22650  23.747  -47.974  40.248 0.1111110002
22659  23.152  -48.058  40.162 0.1111110002
23321  24.258  -47.804  40.044 0.1111110002
25840  29.218  -43.848  40.514 0.1111110002
24642  25.711  -45.257  40.542 0.1111110002
23945  24.188  -47.377  39.677 0.1111110002
24648  25.938  -45.380  39.856 0.1111110002
23957  24.471  -46.307  39.241 0.1111110002
23959  22.757  -46.499  38.757 0.1111110002
24657  26.143  -45.134  38.962 0.1111110002
24658  24.828  -45.430  38.585 0.1111110002
24672  22.737  -45.285  37.429 0.1111110002
23978  21.432  -46.153  37.353 0.1111110002
24671  23.544  -45.119  37.667 0.1111110002
25858  34.399  -43.547  37.225 0.1111110002
26366  33.776  -42.811  36.970 0.1111110002
23916  23.585  -46.602  40.877 0.2222220004
22651  22.820  -47.791  40.277 0.1111110002
77055  13.188  -49.396  42.085 0.1111110002
23917  22.708  -46.496  40.930 0.2222220004
23307  22.282  -47.067  40.599 0.2222220004
21940  13.451  -48.606  43.013 0.1111110002
21946  14.101  -48.556  42.606 0.1111110002
24636  23.096  -45.750  41.439 0.2222220004
24626  23.392  -44.983  41.923 0.2222220004
23918  21.720  -46.319  41.012 0.1111110002
22637  14.556  -48.091  42.850 0.1111110002
88970  22.687  -45.181  41.854 0.2222220004
21951  14.743  -48.473  42.038 0.1111110002
23902  22.198  -45.723  41.426 0.2222220004
23903  21.253  -45.728  41.382 0.2222220004
21953  16.220  -48.542  40.692 0.1111110002
77374  24.159  -44.110  42.134 0.2222220004
23291  20.821  -46.247  41.032 0.1111110002
22643  19.489  -47.306  40.861 0.1111110002
22644  18.565  -47.700  41.041 0.1111110002
22656  17.806  -48.124  40.989 0.1111110002
21958  16.134  -48.929  39.917 0.1111110002
29927  35.914  -36.813  36.070 0.1111110002
22648  15.393  -48.059  42.025 0.1111110002
25294  23.642  -44.362  42.181 0.2222220004
22647  15.894  -48.259  41.369 0.1111110002
21950  15.282  -48.499  41.447 0.1111110002
25295  22.872  -44.469  42.218 0.2222220004
22646  16.627  -48.173  41.271 0.1111110002
25828  23.577  -44.007  42.353 0.2222220004
25829  22.809  -43.887  42.406 0.2222220004
23292  20.110  -46.357  41.023 0.1111110002
23293  19.409  -46.589  40.809 0.2222220004
84835  18.225  -47.549  40.923 0.2222220004
79670  17.017  -48.521  40.476 0.1111110002
25296  21.919  -44.266  42.327 0.2222220004
74828  21.029  -44.649  42.056 0.2222220004
24628  20.165  -45.437  41.518 0.2222220004
85206  19.454  -46.052  40.847 0.2222220004
25830  21.890  -43.721  42.324 0.2222220004
29936  35.741  -36.120  35.812 0.1111110002
30586  35.649  -35.516  35.179 0.2222220004
22636  16.274  -48.051  41.458 0.1111110002
79767  16.972  -47.957  41.318 0.1111110002
22635  17.522  -47.627  41.002 0.1111110002
88577  17.230  -48.099  41.261 0.1111110002
23906  18.834  -46.470  40.598 0.2222220004
30575  35.976  -35.591  35.828 0.1111110002
29935  36.095  -35.981  36.225 0.1111110002
87200  35.148  -23.861  22.950 0.1111110002
38578  36.189  -23.391  23.202 0.1111110002
38579  35.357  -23.480  23.310 0.1111110002
78972  37.946  -23.127  23.433 0.1111110002
39194  36.844  -23.135  23.548 0.1111110002
39195  36.058  -23.096  23.673 0.1111110002
41808  42.906  -18.263  24.044 0.1111110002
41794  41.584  -18.531  24.683 0.1111110002
41809  42.058  -18.285  23.940 0.1111110002
42446  42.587  -17.828  23.256 0.1111110002
42463  43.257  -17.201  22.637 0.1111110002
41795  40.750  -18.608  24.698 0.1111110002
42447  41.696  -17.881  23.174 0.1111110002
79518  43.880  -16.465  22.234 0.1111110002
42464  42.229  -17.320  22.607 0.1111110002
82583  43.214  -16.452  22.121 0.1111110002
47885  56.327  -9.269  12.863 0.2222220004
48546  56.466  -8.199  13.419 0.2222220004
46303  48.318  -11.431  21.013 0.1111110002
48534  56.363  -7.984  14.528 0.2222220004
46302  48.872  -11.577  20.460 0.1111110002
49182  56.375  -7.128  13.056 0.2222220004
48524  56.146  -7.774  15.529 0.2222220004
47850  54.782  -9.135  16.051 0.2222220004
82262  56.934  -8.104  10.129 0.2222220004
48509  55.290  -8.448  16.138 0.2222220004
49193  56.744  -7.405  10.923 0.2222220004
46345  50.518  -11.147  17.298 0.1111110002
46324  50.131  -11.446  18.000 0.1111110002
46313  49.103  -11.186  19.158 0.1111110002
85748  48.849  -11.250  19.844 0.1111110002
49789  55.873  -7.019  15.044 0.2222220004
48516  55.162  -8.016  15.962 0.2222220004
82852  56.493  -6.668  11.600 0.2222220004
49796  55.851  -6.849  14.481 0.1111110002
47120  53.205  -9.749  15.599 0.1111110002
47107  52.195  -10.300  16.236 0.1111110002
46371  50.940  -10.813  16.672 0.1111110002
46325  49.367  -11.088  18.284 0.1111110002
49829  56.301  -5.765  11.808 0.2222220004
49169  55.712  -6.765  14.150 0.1111110002
47866  54.561  -8.402  15.476 0.1111110002
47121  52.507  -9.981  15.795 0.1111110002
47108  51.377  -10.381  16.189 0.1111110002
46346  49.674  -10.905  17.425 0.1111110002
49183  55.654  -6.381  13.337 0.1111110002
47137  53.928  -8.914  14.830 0.1111110002
47093  50.085  -10.666  16.705 0.1111110002
48535  54.696  -7.917  14.028 0.1111110002
47122  51.749  -10.127  15.615 0.1111110002
49188  55.559  -6.043  12.547 0.1111110002
47874  54.130  -8.870  13.947 0.1111110002
49863  54.474  -6.631  6.862 0.1111110002
47151  53.492  -9.485  14.011 0.1111110002
47139  52.447  -9.988  15.043 0.1111110002
47109  50.567  -10.425  16.133 0.1111110002
49830  55.621  -5.102  11.383 0.1111110002
49189  55.204  -6.931  12.771 0.1111110002
51627  55.799  -3.110  8.904 0.1111110002
49824  55.351  -5.899  11.573 0.1111110002
47886  54.306  -8.772  13.012 0.1111110002
81857  51.014  -10.275  15.725 0.1111110002
49831  55.059  -5.700  10.474 0.1111110002
79285  55.069  -6.908  11.769 0.1111110002
47875  53.744  -9.477  13.088 0.1111110002
47152  52.717  -9.892  14.097 0.1111110002
86271  51.664  -10.169  14.878 0.1111110002
49200  54.639  -6.854  10.675 0.1111110002
49843  54.156  -5.945  8.400 0.1111110002
49850  54.610  -5.756  7.330 0.1111110002
49864  53.451  -7.114  6.658 0.1111110002
47893  54.432  -8.614  12.250 0.1111110002
47164  53.009  -9.913  13.209 0.1111110002
74286  51.887  -10.129  14.160 0.1111110002
48559  54.385  -7.766  11.113 0.1111110002
47894  53.884  -9.363  12.064 0.1111110002
47165  52.169  -10.160  13.265 0.1111110002
84184  54.399  -6.493  9.839 0.1111110002
47900  53.465  -9.182  11.016 0.1111110002
47177  53.275  -9.853  12.435 0.1111110002
49844  53.567  -6.464  8.125 0.1111110002
79140  53.442  -7.363  9.209 0.1111110002
49851  53.716  -6.546  7.336 0.1111110002
49206  53.194  -7.083  8.557 0.1111110002
47123  50.255  -10.394  15.421 0.1111110002
47140  51.157  -10.335  14.318 0.1111110002
47895  52.924  -9.827  11.549 0.1111110002
47178  52.518  -10.121  12.408 0.1111110002
48561  53.096  -8.887  10.162 0.1111110002
49207  52.661  -7.422  8.288 0.1111110002
48576  52.875  -7.763  8.942 0.1111110002
49212  53.016  -6.945  7.797 0.1111110002
47141  50.442  -10.498  14.523 0.1111110002
47153  51.261  -10.438  13.341 0.1111110002
25305  29.961  -43.934  40.352 0.1111110002
25313  30.777  -44.047  40.059 0.1111110002
25312  31.521  -44.061  39.779 0.1111110002
25323  30.292  -44.452  39.636 0.1111110002
25308  27.885  -44.049  40.756 0.1111110002
24641  26.531  -44.850  40.439 0.1111110002
26347  30.108  -43.293  39.601 0.1111110002
23915  24.259  -46.337  40.783 0.1111110002
23931  24.572  -46.897  40.245 0.1111110002
23944  24.668  -46.889  39.896 0.1111110002
22638  14.133  -48.112  43.343 0.1111110002
26368  32.234  -42.994  37.569 0.1111110002
38589  35.896  -23.739  22.842 0.1111110002
48553  56.527  -8.449  12.195 0.2222220004
47873  56.292  -9.092  13.952 0.2222220004
47848  55.805  -8.562  16.167 0.2222220004
24643  24.931  -45.772  40.632 0.1111110002
86998  20.407  -44.958  41.857 0.2222220004
74727  21.065  -44.083  42.326 0.2222220004
74627  19.891  -44.934  41.741 0.2222220004
24629  19.672  -45.524  41.235 0.2222220004
24635  23.823  -45.591  41.427 0.2222220004
26348  29.281  -43.014  39.698 0.1111110002
26339  28.865  -43.353  40.271 0.1111110002
25315  29.168  -44.275  40.268 0.1111110002
24655  28.064  -44.869  38.682 0.1111110002
75734  26.764  -44.960  37.137 0.1111110002
77929  26.255  -44.990  37.936 0.1111110002
25339  25.153  -44.518  35.760 0.1111110002
75568  25.951  -44.849  37.068 0.1111110002
24685  24.972  -44.664  36.852 0.1111110002
85304  25.568  -45.182  38.557 0.1111110002
25341  23.311  -44.486  36.368 0.1111110002
23305  24.038  -47.477  40.447 0.1111110002
23326  23.833  -48.155  39.967 0.1111110002
25846  29.683  -43.576  40.164 0.1111110002
23930  25.197  -46.108  40.085 0.1111110002
23958  23.687  -46.502  39.014 0.1111110002
23943  25.234  -45.769  39.390 0.1111110002
23976  23.140  -45.775  38.219 0.1111110002
23977  22.288  -45.912  37.897 0.1111110002
24647  26.824  -44.956  39.567 0.1111110002
24659  24.000  -45.639  38.458 0.1111110002
24688  21.516  -45.437  36.355 0.1111110002
24686  23.168  -44.821  37.018 0.1111110002
74859  21.804  -45.022  41.903 0.2222220004
24627  20.804  -45.279  41.679 0.2222220004
21954  15.498  -48.916  40.520 0.1111110002
23309  20.466  -46.651  40.864 0.1111110002
23904  20.464  -45.837  41.276 0.1111110002
23310  19.779  -46.835  40.910 0.1111110002
23311  19.001  -47.185  40.875 0.1111110002
22645  17.672  -47.866  41.160 0.1111110002
23905  19.896  -45.973  41.104 0.2222220004
22634  18.477  -47.118  40.759 0.2222220004
41810  41.191  -18.355  23.883 0.1111110002
75340  56.693  -8.288  11.082 0.2222220004
80643  56.272  -7.318  13.990 0.2222220004
49187  56.537  -7.382  11.881 0.2222220004
49154  55.820  -7.400  15.574 0.2222220004
48566  57.176  -7.880  9.366 0.2222220004
49816  56.064  -6.201  13.272 0.2222220004
49828  56.689  -6.460  10.873 0.2222220004
48525  55.616  -7.517  15.717 0.2222220004
47857  54.645  -8.715  15.875 0.1111110002
49822  56.274  -6.348  12.462 0.2222220004
48526  55.101  -7.641  15.235 0.1111110002
49803  55.887  -6.380  13.511 0.1111110002
47119  53.956  -9.147  15.510 0.1111110002
50473  55.915  -5.720  12.627 0.1111110002
50479  55.928  -4.742  11.781 0.1111110002
49817  55.822  -5.912  12.874 0.1111110002
49170  55.246  -7.256  14.396 0.1111110002
49184  55.236  -7.112  13.668 0.1111110002
47138  53.312  -9.563  14.884 0.1111110002
76370  54.441  -8.302  14.778 0.1111110002
48547  54.752  -7.885  12.938 0.1111110002
50486  55.568  -4.647  10.720 0.1111110002
51068  55.502  -4.185  10.091 0.1111110002
50485  55.948  -4.422  11.474 0.1111110002
48554  54.729  -7.857  12.007 0.1111110002
51628  55.420  -3.452  8.873 0.1111110002
52225  55.696  -2.626  7.840 0.1111110002
75831  51.050  -10.273  15.116 0.1111110002
50493  55.088  -4.938  9.747 0.1111110002
49838  54.546  -5.839  9.312 0.1111110002
49201  53.963  -7.222  9.786 0.1111110002
49839  53.886  -6.666  9.010 0.1111110002
86449  54.020  -6.023  7.771 0.1111110002
48555  54.157  -8.625  11.457 0.1111110002
48560  53.780  -8.428  10.588 0.1111110002
48568  53.391  -8.030  9.746 0.1111110002
25845  30.519  -43.821  40.017 0.1111110002
30583  37.470  -35.468  34.422 0.1111110002
30594  37.822  -35.747  33.803 0.1111110002
76325  37.111  -34.692  34.236 0.1111110002
76955  37.964  -36.121  33.291 0.1111110002
40527  47.303  -20.086  21.782 0.1111110002
30595  37.793  -34.886  33.654 0.1111110002
31842  37.753  -33.241  33.354 0.1111110002
31187  37.703  -34.059  33.368 0.1111110002
32485  37.687  -32.562  33.361 0.1111110002
41833  47.138  -18.422  20.047 0.1111110002
76932  38.672  -33.438  33.193 0.1111110002
32484  38.873  -32.589  33.476 0.1111110002
42498  47.573  -17.674  19.815 0.1111110002
44428  51.447  -14.830  13.333 0.1111110002
43792  52.030  -15.023  10.679 0.1111110002
43793  51.315  -15.343  11.275 0.1111110002
43789  51.180  -14.971  12.146 0.1111110002
43794  50.830  -15.565  11.801 0.1111110002
76507  50.075  -16.829  16.950 0.1111110002
43197  49.844  -16.919  14.885 0.1111110002
43201  50.340  -16.505  14.684 0.1111110002
83343  50.247  -16.713  15.406 0.1111110002
44425  51.992  -14.695  14.691 0.1111110002
78637  51.288  -15.295  14.215 0.1111110002
44434  51.742  -14.642  11.610 0.1111110002
44433  52.343  -14.263  11.228 0.1111110002
43189  50.063  -16.865  17.787 0.1111110002
43188  50.967  -16.567  17.536 0.1111110002
43192  50.804  -16.514  16.620 0.1111110002
43193  50.115  -16.842  16.118 0.1111110002
43196  50.679  -16.488  15.935 0.1111110002
43779  50.958  -16.136  15.383 0.1111110002
43778  51.718  -15.514  15.990 0.1111110002
78838  52.145  -14.024  12.079 0.1111110002
44430  52.149  -14.099  13.046 0.1111110002
88283  50.624  -16.719  18.092 0.1111110002
45053  52.767  -13.625  12.620 0.1111110002
45042  53.475  -13.214  13.059 0.1111110002
45035  53.457  -13.665  14.978 0.1111110002
47176  55.842  -10.904  11.991 0.1111110002
47162  56.120  -10.170  12.397 0.1111110002
48567  56.968  -8.584  9.172 0.1111110002
48575  57.221  -8.568  8.215 0.1111110002
79288  56.293  -8.876  6.764 0.1111110002
47939  55.818  -9.244  6.286 0.1111110002
47948  55.406  -9.704  5.550 0.1111110002
47892  56.448  -9.223  11.185 0.1111110002
48574  57.437  -7.975  8.551 0.1111110002
49842  57.283  -6.490  8.676 0.1111110002
49837  56.991  -6.275  9.830 0.1111110002
50483  56.710  -5.159  9.996 0.1111110002
49211  57.145  -7.964  7.352 0.1111110002
86460  57.183  -7.195  7.443 0.1111110002
49849  57.383  -6.418  7.850 0.1111110002
49219  56.638  -7.592  6.943 0.1111110002
48595  56.037  -8.263  6.550 0.1111110002
77452  55.855  -7.102  6.530 0.1111110002
47949  54.760  -9.309  5.189 0.1111110002
49192  56.992  -7.271  10.019 0.1111110002
49861  56.912  -6.122  7.197 0.1111110002
50492  56.559  -4.232  9.900 0.1111110002
50519  56.663  -5.113  6.886 0.1111110002
40519  47.839  -20.433  22.539 0.1111110002
45052  53.317  -13.232  12.052 0.1111110002
45043  52.922  -13.686  13.831 0.1111110002
45063  52.751  -13.704  11.663 0.1111110002
85167  51.314  -16.602  18.412 0.1111110002
44427  52.259  -14.297  13.942 0.1111110002
44424  52.771  -14.102  14.804 0.1111110002
44431  51.666  -14.452  12.445 0.1111110002
43191  51.725  -16.213  17.048 0.1111110002
43195  51.350  -16.123  16.266 0.1111110002
81144  56.502  -5.400  10.933 0.1111110002
29947  37.745  -36.283  34.553 0.1111110002
43783  51.481  -15.394  15.075 0.1111110002
42521  49.318  -17.087  18.216 0.1111110002
79371  56.637  -8.935  10.213 0.1111110002
47908  56.569  -9.523  9.384 0.1111110002
48594  56.707  -8.370  7.049 0.1111110002
48609  55.129  -8.772  5.998 0.1111110002
49199  57.235  -7.246  9.049 0.1111110002
48583  57.502  -7.974  7.837 0.1111110002
82584  57.307  -5.627  8.377 0.1111110002
50491  57.005  -4.904  9.093 0.1111110002
50498  57.225  -4.635  8.218 0.1111110002
49218  56.495  -6.607  6.805 0.1111110002
20763  8.851  -51.013  43.179 0.1111110002
21291  6.930  -50.632  43.672 0.1111110002
21292  5.154  -50.466  44.006 0.1111110002
21939  4.594  -50.266  43.234 0.1111110002
22631  5.334  -48.951  42.884 0.1111110002
22633  4.690  -49.561  42.358 0.1111110002
23281  7.727  -48.199  43.602 0.1111110002
23289  6.356  -47.973  42.922 0.2222220004
23963  11.584  -46.422  38.553 0.5555559993
23980  13.076  -46.305  38.330 0.4444440007
24677  12.996  -46.187  37.086 0.5555559993
25310  18.121  -44.631  40.403 0.5555559993
26326  23.480  -43.589  42.160 0.2222220004
39837  48.080  -20.397  29.077 0.6666669846
41107  49.266  -20.366  28.053 0.4444440007
41108  48.433  -19.813  28.724 0.6666669846
43111  52.281  -16.169  24.558 0.6666669846
43112  52.165  -16.125  24.642 0.6666669846
43114  52.290  -16.181  24.378 0.5555559993
43115  52.220  -16.312  24.676 0.6666669846
43121  52.070  -16.531  24.010 0.6666669846
43723  52.238  -15.998  24.548 0.6666669846
47856  56.032  -9.101  15.871 0.4444440007
48514  55.942  -7.846  16.087 0.2222220004
48515  55.688  -7.827  16.105 0.2222220004
49160  56.070  -7.166  14.941 0.2222220004
49161  55.746  -7.077  15.060 0.1111110002
49168  56.033  -6.640  13.952 0.2222220004
49194  54.039  -7.707  10.346 0.1111110002
49205  57.511  -7.296  8.164 0.1111110002
50509  57.172  -5.405  7.611 0.1111110002
51075  55.657  -3.655  9.638 0.1111110002
51076  55.157  -4.116  9.218 0.1111110002
51100  56.901  -4.365  7.385 0.1111110002
51639  55.503  -2.961  8.271 0.1111110002
52215  55.886  -2.542  8.215 0.1111110002
77129  7.145  -49.395  43.584 0.1111110002
78829  56.088  -8.385  15.938 0.2222220004
79751  4.584  -50.203  42.197 0.1111110002
83081  11.306  -46.426  37.252 0.5555559993
83237  55.702  -11.811  13.947 0.3333329856
87014  57.088  -5.737  9.170 0.1111110002
