#!ascii label  , from subject sub-01 vox2ras=TkReg
821
57781  44.111  7.425  6.362 0.0000000000
59713  51.823  11.898  9.103 0.0000000000
56593  47.182  6.114  14.956 0.0000000000
57772  39.156  7.576  7.503 0.0000000000
57202  40.432  6.491  10.526 0.0000000000
59296  47.905  11.119  1.399 0.0000000000
60552  46.172  13.209  11.827 0.0000000000
62011  46.489  16.066  10.264 0.0000000000
55597  48.888  3.269  18.779 0.0000000000
54554  45.932  1.711  14.182 0.0000000000
57288  51.833  6.366  3.977 0.0000000000
84511  47.113  7.046  10.215 0.0000000000
57734  51.430  7.672  12.357 0.0000000000
57716  49.313  7.748  16.257 0.0000000000
63678  45.945  19.114  8.068 0.0000000000
60612  49.468  13.024  5.487 0.0000000000
56089  42.687  4.239  14.378 0.0000000000
57784  41.183  7.401  6.347 0.0000000000
57241  40.323  6.535  8.671 0.0000000000
57239  42.479  6.367  8.506 0.0000000000
58756  46.661  9.129  4.132 0.0000000000
58760  42.501  9.377  5.045 0.0000000000
61498  46.925  16.144  14.097 0.0000000000
54531  50.126  1.418  19.568 0.0000000000
54542  48.777  0.856  16.721 0.0000000000
53425  49.376  -0.058  16.862 0.0000000000
64069  48.659  20.550  5.248 0.0000000000
89001  53.527  8.407  6.562 0.0000000000
57229  52.463  6.425  8.377 0.0000000000
58720  52.411  9.463  10.410 0.0000000000
58677  47.608  9.866  15.374 0.0000000000
84210  48.879  9.155  15.254 0.0000000000
58192  48.589  8.603  17.535 0.0000000000
89105  48.537  6.352  19.216 0.0000000000
60167  47.938  13.176  8.839 0.0000000000
61059  48.010  14.144  6.680 0.0000000000
60177  50.566  12.362  7.169 0.0000000000
58754  51.506  9.316  3.896 0.0000000000
74980  47.026  6.834  12.815 0.0000000000
57168  44.350  6.452  12.798 0.0000000000
89116  44.844  5.499  14.455 0.0000000000
56634  38.138  5.779  11.029 0.0000000000
56105  38.600  4.006  12.536 0.0000000000
60634  48.491  13.615  2.108 0.0000000000
60645  45.322  12.853  1.963 0.0000000000
60138  47.427  12.325  9.998 0.0000000000
59217  49.662  10.047  11.507 0.0000000000
64034  45.143  20.611  14.855 0.0000000000
62557  44.146  17.950  12.042 0.0000000000
61025  47.277  14.932  11.471 0.0000000000
56077  47.048  4.782  16.906 0.0000000000
55609  45.531  3.658  15.548 0.0000000000
55122  46.821  2.823  16.330 0.0000000000
54560  47.544  0.961  13.759 0.0000000000
57791  47.771  7.768  5.759 0.0000000000
57235  46.108  6.899  7.890 0.0000000000
88424  49.362  6.997  7.500 0.0000000000
57194  49.681  7.088  10.758 0.0000000000
57151  49.413  7.340  13.559 0.0000000000
58691  50.169  8.878  13.145 0.0000000000
57722  49.871  7.953  14.276 0.0000000000
57139  48.602  6.649  15.696 0.0000000000
56578  48.195  5.976  18.292 0.0000000000
56067  50.985  4.145  19.765 0.0000000000
64455  46.462  21.693  7.606 0.0000000000
63209  49.008  18.537  5.430 0.0000000000
62050  48.062  16.278  5.658 0.0000000000
61081  49.773  15.130  4.185 0.0000000000
59743  49.297  11.699  3.786 0.0000000000
58282  50.698  8.195  2.966 0.0000000000
74107  43.627  6.453  9.940 0.0000000000
56616  41.282  5.684  12.873 0.0000000000
55626  40.066  3.344  13.195 0.0000000000
55134  43.899  2.920  14.251 0.0000000000
57782  43.260  7.371  6.410 0.0000000000
57259  41.471  6.551  7.666 0.0000000000
57273  43.789  6.978  6.959 0.0000000000
58255  45.688  8.195  5.288 0.0000000000
58758  43.996  9.464  4.364 0.0000000000
58258  43.137  8.239  5.518 0.0000000000
57797  41.468  7.975  5.763 0.0000000000
53944  50.053  0.048  19.925 0.0000000000
53964  49.400  0.170  17.659 0.0000000000
53426  49.152  -0.327  17.382 0.0000000000
55169  37.666  2.521  10.364 0.0000000000
59250  53.020  10.362  8.102 0.0000000000
58730  53.718  8.876  7.983 0.0000000000
59239  52.526  10.546  9.236 0.0000000000
77376  47.818  9.626  16.573 0.0000000000
87891  48.289  9.597  16.187 0.0000000000
60165  49.876  12.705  8.401 0.0000000000
60586  50.151  12.715  7.797 0.0000000000
60172  51.710  12.449  8.082 0.0000000000
59255  52.231  10.863  6.814 0.0000000000
57146  46.922  6.468  14.055 0.0000000000
57154  46.349  6.594  13.315 0.0000000000
56594  46.310  5.947  14.734 0.0000000000
57765  38.018  7.711  9.003 0.0000000000
57243  38.646  7.213  9.095 0.0000000000
57222  40.366  6.546  9.643 0.0000000000
57203  39.583  6.571  10.367 0.0000000000
56633  38.908  6.113  11.172 0.0000000000
56627  38.380  5.302  11.637 0.0000000000
56626  39.145  5.759  11.915 0.0000000000
60206  48.347  12.205  1.096 0.0000000000
60642  47.714  12.863  1.137 0.0000000000
59761  46.039  11.939  1.286 0.0000000000
57786  39.220  8.075  6.862 0.0000000000
58244  38.680  8.192  7.638 0.0000000000
60139  46.838  12.323  10.663 0.0000000000
59700  47.293  11.631  10.499 0.0000000000
60130  46.256  12.217  11.383 0.0000000000
61013  47.063  15.258  13.254 0.0000000000
61012  48.017  15.598  12.693 0.0000000000
61026  46.862  14.243  11.761 0.0000000000
60566  46.993  13.094  10.314 0.0000000000
56074  47.835  4.573  18.169 0.0000000000
55601  46.822  4.069  17.161 0.0000000000
55117  47.739  2.811  17.646 0.0000000000
53970  49.278  0.136  15.158 0.0000000000
54551  48.823  0.630  15.051 0.0000000000
53980  49.119  0.230  13.436 0.0000000000
57789  49.683  7.283  5.163 0.0000000000
57776  49.251  7.262  6.092 0.0000000000
57283  51.196  6.430  5.601 0.0000000000
57191  52.164  6.764  10.055 0.0000000000
84391  51.255  6.643  9.730 0.0000000000
57178  50.542  7.205  11.421 0.0000000000
57164  49.518  7.301  12.687 0.0000000000
57736  50.133  7.544  13.156 0.0000000000
81280  48.808  9.880  11.903 0.0000000000
59205  50.558  9.629  11.802 0.0000000000
58704  49.480  9.289  13.266 0.0000000000
85657  49.258  8.424  16.122 0.0000000000
58200  49.706  8.352  14.500 0.0000000000
57719  49.489  7.809  15.616 0.0000000000
57144  49.490  7.623  14.897 0.0000000000
57135  48.855  7.217  16.664 0.0000000000
56582  48.328  6.497  17.223 0.0000000000
57133  48.446  6.938  17.623 0.0000000000
57114  49.538  6.023  20.264 0.0000000000
56573  49.274  5.433  19.568 0.0000000000
63677  46.717  20.202  7.590 0.0000000000
63676  47.368  20.190  7.030 0.0000000000
86076  47.180  18.968  6.968 0.0000000000
75934  46.185  16.893  11.179 0.0000000000
63190  44.967  17.803  10.044 0.0000000000
76882  45.509  16.979  9.400 0.0000000000
60605  49.090  13.277  6.168 0.0000000000
61068  47.558  14.977  6.248 0.0000000000
61076  48.989  14.927  5.215 0.0000000000
83291  49.421  15.569  4.690 0.0000000000
61074  49.490  14.231  4.697 0.0000000000
60622  49.542  13.356  3.882 0.0000000000
60189  49.558  12.515  4.382 0.0000000000
58273  52.436  8.223  2.617 0.0000000000
86657  51.727  8.347  2.003 0.0000000000
57299  51.263  7.470  2.757 0.0000000000
57811  49.064  8.424  4.281 0.0000000000
73978  46.770  6.994  8.569 0.0000000000
74104  44.851  6.518  8.771 0.0000000000
57197  45.114  6.675  10.427 0.0000000000
56604  43.013  5.834  13.371 0.0000000000
74988  42.716  6.337  12.394 0.0000000000
56605  42.331  5.319  13.633 0.0000000000
56095  40.468  4.351  13.542 0.0000000000
55620  41.372  3.524  13.842 0.0000000000
55127  45.828  2.848  15.292 0.0000000000
56083  44.805  3.988  15.275 0.0000000000
55133  44.662  2.681  14.440 0.0000000000
57277  40.135  6.945  7.231 0.0000000000
57261  39.855  6.696  7.948 0.0000000000
57260  40.612  6.580  7.775 0.0000000000
57240  41.173  6.428  8.338 0.0000000000
57221  41.755  6.466  9.763 0.0000000000
58777  47.037  10.219  2.658 0.0000000000
57798  40.532  7.975  5.825 0.0000000000
55115  49.193  1.861  18.751 0.0000000000
55120  48.235  1.764  17.288 0.0000000000
54537  49.249  0.872  18.272 0.0000000000
53967  49.291  -0.048  16.629 0.0000000000
57280  52.718  6.955  4.920 0.0000000000
56664  52.083  6.150  5.929 0.0000000000
57768  53.568  7.428  7.343 0.0000000000
57756  53.311  7.709  9.046 0.0000000000
79718  52.526  7.896  10.879 0.0000000000
58684  48.011  9.884  14.785 0.0000000000
58693  48.917  9.459  13.894 0.0000000000
58676  48.335  9.680  15.512 0.0000000000
58666  48.834  9.063  16.010 0.0000000000
58191  49.009  8.048  17.308 0.0000000000
57711  48.524  7.337  18.190 0.0000000000
58186  48.773  8.007  18.021 0.0000000000
57706  48.343  7.308  19.503 0.0000000000
57693  48.514  7.270  20.598 0.0000000000
63669  44.900  19.530  8.932 0.0000000000
61042  46.884  14.247  9.066 0.0000000000
61538  45.995  15.392  8.652 0.0000000000
60599  47.696  13.859  7.523 0.0000000000
60597  49.348  12.940  7.043 0.0000000000
60183  50.115  12.272  6.298 0.0000000000
59262  50.295  10.896  5.091 0.0000000000
59256  51.443  11.117  6.326 0.0000000000
58252  52.546  9.209  5.084 0.0000000000
74112  46.989  7.026  11.082 0.0000000000
74111  45.467  6.801  11.240 0.0000000000
75463  45.606  6.595  12.835 0.0000000000
74898  44.881  6.338  13.222 0.0000000000
56088  43.446  4.677  14.431 0.0000000000
54566  46.273  1.018  12.864 0.0000000000
54562  44.762  1.575  13.260 0.0000000000
56647  37.265  6.065  10.178 0.0000000000
85694  38.942  6.861  9.885 0.0000000000
56646  38.049  6.283  10.457 0.0000000000
56635  37.418  5.421  10.628 0.0000000000
56115  37.750  4.830  11.191 0.0000000000
55633  37.659  3.936  11.260 0.0000000000
55160  38.635  2.789  11.515 0.0000000000
61094  47.979  14.579  2.077 0.0000000000
61103  46.774  13.924  1.846 0.0000000000
59715  50.047  11.875  9.613 0.0000000000
59697  50.605  11.200  10.261 0.0000000000
59699  48.756  11.105  10.362 0.0000000000
59230  47.770  10.435  11.329 0.0000000000
59208  47.399  10.238  12.525 0.0000000000
59193  47.420  10.142  13.212 0.0000000000
59186  47.228  9.865  14.570 0.0000000000
63177  44.025  19.009  13.971 0.0000000000
62550  44.993  17.707  12.666 0.0000000000
62554  47.081  16.708  11.732 0.0000000000
62001  48.054  15.943  11.541 0.0000000000
76829  46.942  13.950  9.935 0.0000000000
60154  48.290  12.467  9.373 0.0000000000
56588  47.382  5.784  15.756 0.0000000000
56081  46.172  4.769  15.851 0.0000000000
56078  46.526  4.384  16.491 0.0000000000
55608  46.219  3.295  15.878 0.0000000000
55131  46.267  2.045  14.902 0.0000000000
54543  48.133  1.389  16.358 0.0000000000
54549  47.164  1.599  15.181 0.0000000000
53982  46.525  1.231  13.627 0.0000000000
57792  46.445  7.886  5.637 0.0000000000
57271  45.517  7.266  6.750 0.0000000000
57770  46.974  7.376  6.999 0.0000000000
57769  47.838  7.433  7.271 0.0000000000
57215  48.348  7.144  9.285 0.0000000000
57250  50.984  6.388  7.721 0.0000000000
57214  49.336  6.985  9.188 0.0000000000
57195  48.012  7.178  10.108 0.0000000000
57181  47.779  7.116  11.546 0.0000000000
57165  48.654  7.129  13.038 0.0000000000
80627  47.905  6.558  14.421 0.0000000000
59216  51.328  9.890  11.361 0.0000000000
58702  51.306  9.232  11.995 0.0000000000
86024  51.603  8.006  12.500 0.0000000000
58692  49.647  8.824  13.848 0.0000000000
58205  50.263  8.227  13.582 0.0000000000
57726  50.344  7.862  13.395 0.0000000000
57727  49.802  7.639  13.962 0.0000000000
57145  48.801  6.934  14.921 0.0000000000
57140  48.024  6.343  15.293 0.0000000000
56587  48.103  6.141  16.086 0.0000000000
56579  48.006  5.653  17.827 0.0000000000
56073  48.401  5.038  18.755 0.0000000000
57131  48.378  6.209  18.786 0.0000000000
56575  49.712  4.784  19.536 0.0000000000
55596  49.716  3.615  19.233 0.0000000000
88891  50.941  3.308  19.809 0.0000000000
64066  47.372  20.812  6.399 0.0000000000
64065  48.699  20.052  5.786 0.0000000000
63214  49.927  18.235  4.346 0.0000000000
61560  45.875  15.912  7.138 0.0000000000
63205  46.905  18.221  6.845 0.0000000000
62617  48.176  17.205  5.761 0.0000000000
62048  49.469  17.078  4.795 0.0000000000
77862  50.083  16.273  4.092 0.0000000000
60627  49.400  14.073  3.378 0.0000000000
87035  48.894  12.766  2.422 0.0000000000
59295  48.338  11.331  1.767 0.0000000000
59270  49.681  10.664  4.584 0.0000000000
59284  49.593  9.542  4.403 0.0000000000
58775  48.265  9.945  3.294 0.0000000000
58275  48.299  9.008  4.149 0.0000000000
58266  47.412  8.558  4.699 0.0000000000
57237  44.191  6.338  8.105 0.0000000000
74102  43.063  6.383  9.081 0.0000000000
57200  42.188  6.449  10.803 0.0000000000
74110  44.661  6.662  11.157 0.0000000000
74253  42.889  6.505  11.437 0.0000000000
57170  40.913  6.153  12.226 0.0000000000
56617  40.424  5.539  12.755 0.0000000000
55627  39.288  3.641  12.942 0.0000000000
56086  44.947  4.939  14.889 0.0000000000
56087  44.146  4.351  14.812 0.0000000000
55613  43.429  3.737  14.567 0.0000000000
54563  43.924  1.753  13.129 0.0000000000
55619  42.028  3.297  13.984 0.0000000000
86677  48.254  -0.948  16.362 0.0000000000
53435  49.209  -0.227  15.246 0.0000000000
57274  42.856  6.907  6.997 0.0000000000
80841  45.111  7.851  5.701 0.0000000000
58257  43.965  8.300  5.381 0.0000000000
57795  43.639  7.794  5.889 0.0000000000
87196  42.918  7.754  5.929 0.0000000000
53955  49.777  0.125  18.888 0.0000000000
59712  52.353  11.345  8.879 0.0000000000
59245  52.693  10.735  8.602 0.0000000000
59240  52.136  11.119  9.650 0.0000000000
60151  51.293  12.317  8.698 0.0000000000
79982  51.416  12.495  8.227 0.0000000000
59722  52.105  12.032  8.415 0.0000000000
73681  52.561  11.298  8.115 0.0000000000
57764  38.639  7.655  8.268 0.0000000000
57262  39.249  7.130  8.147 0.0000000000
56632  39.750  6.349  11.264 0.0000000000
59759  48.168  11.741  0.896 0.0000000000
88783  47.545  12.015  0.594 0.0000000000
59753  46.789  11.601  1.198 0.0000000000
58240  38.148  8.295  8.469 0.0000000000
60559  46.548  13.141  11.084 0.0000000000
81026  46.419  14.031  12.301 0.0000000000
61022  47.195  14.826  12.508 0.0000000000
55599  48.111  3.483  18.329 0.0000000000
55600  47.345  3.784  17.749 0.0000000000
53973  49.045  0.323  14.351 0.0000000000
57289  51.113  6.770  4.095 0.0000000000
57290  50.684  6.825  4.922 0.0000000000
85692  51.554  6.373  4.711 0.0000000000
57743  51.717  7.373  11.669 0.0000000000
57177  51.406  7.094  11.156 0.0000000000
57162  51.140  7.425  11.977 0.0000000000
57163  50.371  7.408  12.334 0.0000000000
57735  50.816  7.644  12.700 0.0000000000
59207  48.747  9.718  12.876 0.0000000000
58195  49.295  8.075  16.538 0.0000000000
58199  49.503  8.087  15.871 0.0000000000
57714  48.991  7.690  17.024 0.0000000000
57099  49.483  6.063  20.986 0.0000000000
63674  45.256  20.171  8.631 0.0000000000
64060  45.691  20.928  8.411 0.0000000000
63673  45.979  20.048  8.102 0.0000000000
63683  47.044  19.573  7.296 0.0000000000
88466  46.472  19.573  7.738 0.0000000000
62560  46.672  16.523  11.066 0.0000000000
62561  45.667  17.034  10.322 0.0000000000
62006  46.175  16.478  10.271 0.0000000000
60613  49.176  13.573  5.463 0.0000000000
61066  48.903  14.078  5.608 0.0000000000
61075  49.262  14.607  4.950 0.0000000000
60621  49.546  13.362  4.652 0.0000000000
60188  49.738  12.381  5.330 0.0000000000
57293  52.063  6.987  3.059 0.0000000000
57814  52.087  7.726  2.251 0.0000000000
57295  51.486  6.896  3.397 0.0000000000
57804  50.743  7.299  3.470 0.0000000000
57217  46.460  6.900  9.479 0.0000000000
57218  45.490  6.694  9.577 0.0000000000
57196  46.130  6.872  10.504 0.0000000000
56598  42.841  5.025  14.000 0.0000000000
56093  42.088  4.636  14.016 0.0000000000
56094  41.230  4.325  13.854 0.0000000000
55615  41.951  3.914  14.220 0.0000000000
55132  45.449  2.402  14.655 0.0000000000
55137  45.107  1.992  13.957 0.0000000000
57785  40.319  7.381  6.511 0.0000000000
57276  40.901  6.899  7.049 0.0000000000
57258  42.479  6.483  7.729 0.0000000000
89132  41.871  6.389  8.177 0.0000000000
74294  41.059  6.473  9.162 0.0000000000
74101  41.782  6.432  8.820 0.0000000000
86309  46.648  9.770  3.309 0.0000000000
59276  46.123  10.294  2.852 0.0000000000
80131  45.900  9.718  3.616 0.0000000000
58270  43.384  8.942  4.979 0.0000000000
54532  49.736  1.634  19.189 0.0000000000
53430  49.364  -0.047  15.797 0.0000000000
64461  47.805  21.097  5.409 0.0000000000
64464  47.832  21.430  4.477 0.0000000000
77783  53.368  7.970  5.354 0.0000000000
57775  53.373  7.457  6.472 0.0000000000
78110  53.738  7.965  6.924 0.0000000000
58233  53.168  8.565  9.263 0.0000000000
58239  53.700  8.286  8.469 0.0000000000
75191  52.749  8.825  9.976 0.0000000000
57749  52.897  7.972  10.050 0.0000000000
76931  52.518  8.599  10.708 0.0000000000
58653  48.441  9.175  16.745 0.0000000000
58196  48.995  8.560  16.719 0.0000000000
87329  48.392  7.748  18.887 0.0000000000
60589  47.444  13.763  8.380 0.0000000000
89495  47.012  14.223  8.421 0.0000000000
60588  48.266  13.312  8.048 0.0000000000
60173  51.005  12.559  7.840 0.0000000000
60596  50.176  12.569  7.345 0.0000000000
60604  49.671  12.730  6.479 0.0000000000
59732  50.956  11.875  6.799 0.0000000000
58741  52.727  9.983  6.729 0.0000000000
75462  52.808  9.452  6.003 0.0000000000
58746  53.203  8.587  5.780 0.0000000000
58251  52.991  8.344  4.674 0.0000000000
74114  47.022  6.979  11.961 0.0000000000
57167  46.307  6.829  12.406 0.0000000000
81738  45.515  6.303  13.672 0.0000000000
56602  44.811  5.922  13.992 0.0000000000
56596  44.216  5.318  14.384 0.0000000000
57242  39.494  6.827  8.816 0.0000000000
56645  38.724  6.414  10.646 0.0000000000
56619  38.759  4.851  12.330 0.0000000000
56110  38.147  4.367  11.877 0.0000000000
55632  38.258  3.594  11.826 0.0000000000
61088  49.345  14.939  3.202 0.0000000000
88074  48.287  14.086  2.096 0.0000000000
60209  46.290  12.466  1.348 0.0000000000
61102  47.476  13.752  1.697 0.0000000000
60644  46.013  13.541  1.925 0.0000000000
60635  45.182  13.612  2.287 0.0000000000
59716  48.996  11.779  9.727 0.0000000000
59698  49.595  11.351  10.151 0.0000000000
59717  48.052  11.634  10.027 0.0000000000
76728  47.879  10.946  10.629 0.0000000000
59218  47.936  9.967  12.067 0.0000000000
59209  46.757  10.508  12.682 0.0000000000
63649  43.414  19.703  14.140 0.0000000000
63648  44.479  19.647  14.436 0.0000000000
62542  44.850  17.980  13.416 0.0000000000
74410  45.803  17.372  13.543 0.0000000000
62549  46.024  17.221  12.630 0.0000000000
61021  47.925  15.235  12.058 0.0000000000
61513  48.479  15.827  12.060 0.0000000000
61996  48.444  16.148  11.989 0.0000000000
61517  47.315  15.415  11.112 0.0000000000
61030  46.637  14.951  10.114 0.0000000000
61029  46.819  14.699  10.741 0.0000000000
77552  47.453  13.065  9.540 0.0000000000
60153  49.443  12.393  9.094 0.0000000000
56584  47.502  5.533  16.547 0.0000000000
56585  46.863  5.104  16.175 0.0000000000
55603  47.065  3.270  17.079 0.0000000000
55604  46.511  3.683  16.553 0.0000000000
55126  46.569  2.421  15.602 0.0000000000
54552  48.085  0.969  14.573 0.0000000000
54548  48.109  1.172  15.488 0.0000000000
54553  46.885  1.393  14.382 0.0000000000
88793  47.114  0.923  13.138 0.0000000000
83244  47.050  7.734  5.906 0.0000000000
57779  46.470  7.504  6.402 0.0000000000
57778  47.385  7.573  6.437 0.0000000000
57270  48.853  7.246  6.984 0.0000000000
57252  48.649  7.181  7.857 0.0000000000
57234  47.810  7.240  8.386 0.0000000000
57233  48.697  7.116  8.603 0.0000000000
57248  52.334  6.263  7.546 0.0000000000
57249  51.654  6.194  7.174 0.0000000000
57230  51.723  6.215  8.145 0.0000000000
57193  50.728  6.931  10.405 0.0000000000
57213  50.391  6.750  9.351 0.0000000000
74443  49.795  6.968  9.949 0.0000000000
74108  48.930  7.078  10.048 0.0000000000
75309  48.598  7.135  10.998 0.0000000000
57153  47.714  6.809  13.445 0.0000000000
57152  48.668  6.996  13.960 0.0000000000
59228  49.642  10.748  10.759 0.0000000000
59226  51.449  10.630  10.676 0.0000000000
59227  50.571  10.349  11.075 0.0000000000
58703  50.691  9.027  12.507 0.0000000000
58215  51.372  8.515  12.510 0.0000000000
58204  50.777  8.456  12.972 0.0000000000
58683  49.207  8.965  14.607 0.0000000000
57718  49.659  8.040  15.138 0.0000000000
57138  49.119  7.252  15.797 0.0000000000
56572  50.362  4.699  19.715 0.0000000000
56070  49.337  4.502  19.287 0.0000000000
56069  50.341  4.231  19.526 0.0000000000
55595  50.692  3.533  19.644 0.0000000000
64451  46.019  21.875  8.271 0.0000000000
64445  45.366  22.332  8.734 0.0000000000
64847  45.912  22.947  8.394 0.0000000000
64063  46.806  20.861  7.223 0.0000000000
82101  47.790  19.499  6.687 0.0000000000
63682  48.067  20.148  6.441 0.0000000000
63686  49.000  19.407  5.567 0.0000000000
63208  49.681  18.981  4.768 0.0000000000
62615  49.535  17.976  4.816 0.0000000000
61548  47.184  14.591  7.088 0.0000000000
61549  46.301  15.036  7.618 0.0000000000
85116  48.029  15.494  5.768 0.0000000000
62036  46.428  16.312  6.412 0.0000000000
62035  47.295  16.769  6.046 0.0000000000
62598  47.480  17.721  6.267 0.0000000000
81498  49.312  16.311  4.798 0.0000000000
61574  49.899  15.760  4.236 0.0000000000
61579  50.061  15.783  3.977 0.0000000000
61087  49.719  15.073  3.780 0.0000000000
60194  49.376  12.604  3.594 0.0000000000
81396  49.258  13.105  3.108 0.0000000000
60200  49.106  12.314  2.816 0.0000000000
60205  48.709  12.217  1.888 0.0000000000
59752  48.803  11.573  2.531 0.0000000000
59269  50.702  10.031  4.756 0.0000000000
57822  51.531  8.224  2.128 0.0000000000
76005  50.976  8.903  3.457 0.0000000000
58773  50.580  8.654  3.436 0.0000000000
58774  48.895  10.042  3.916 0.0000000000
58283  49.613  8.919  4.133 0.0000000000
58766  48.044  9.573  3.445 0.0000000000
58284  48.651  9.314  4.010 0.0000000000
57806  49.145  7.888  4.613 0.0000000000
58265  48.301  8.557  4.517 0.0000000000
58253  48.080  8.081  5.065 0.0000000000
58254  47.216  8.061  5.340 0.0000000000
57255  45.616  6.994  7.400 0.0000000000
87177  45.043  6.955  7.276 0.0000000000
57236  45.147  6.661  7.912 0.0000000000
57219  44.563  6.511  9.663 0.0000000000
74103  43.933  6.342  8.911 0.0000000000
74106  42.670  6.485  9.885 0.0000000000
57199  43.030  6.500  10.623 0.0000000000
57183  44.995  6.741  11.771 0.0000000000
85938  44.252  6.660  11.992 0.0000000000
56615  42.122  5.808  13.041 0.0000000000
57169  41.777  6.207  12.331 0.0000000000
57184  42.206  6.426  11.727 0.0000000000
55621  40.590  3.779  13.640 0.0000000000
55622  39.847  4.040  13.412 0.0000000000
55152  38.864  3.227  12.308 0.0000000000
55151  39.627  2.852  12.607 0.0000000000
56590  45.790  5.244  15.194 0.0000000000
56082  45.495  4.430  15.519 0.0000000000
55612  44.308  3.494  14.770 0.0000000000
54568  44.425  1.263  12.491 0.0000000000
57783  42.254  7.452  6.286 0.0000000000
57275  41.846  6.906  7.007 0.0000000000
58267  45.957  8.755  4.703 0.0000000000
58757  45.627  9.216  4.242 0.0000000000
58268  45.215  8.742  4.778 0.0000000000
58269  44.366  8.816  4.839 0.0000000000
58259  42.616  8.693  5.354 0.0000000000
79854  41.810  8.815  5.488 0.0000000000
57796  42.337  8.101  5.663 0.0000000000
53943  50.086  0.612  19.554 0.0000000000
53954  49.671  0.640  18.815 0.0000000000
88242  49.602  0.163  18.273 0.0000000000
53408  49.556  0.004  17.857 0.0000000000
58735  53.248  9.594  7.521 0.0000000000
78659  53.632  8.646  7.254 0.0000000000
89458  53.319  9.600  8.182 0.0000000000
58724  53.298  9.131  8.648 0.0000000000
58725  52.765  9.559  9.465 0.0000000000
58667  47.118  9.690  16.025 0.0000000000
85272  47.896  9.886  15.980 0.0000000000
60166  48.852  12.892  8.613 0.0000000000
60587  49.215  12.994  7.844 0.0000000000
60176  51.415  12.256  7.586 0.0000000000
59731  51.769  11.642  7.162 0.0000000000
88116  52.311  11.325  7.486 0.0000000000
59730  52.716  10.592  7.479 0.0000000000
88217  46.995  6.699  13.399 0.0000000000
57147  46.091  6.276  14.073 0.0000000000
56595  45.441  5.792  14.482 0.0000000000
80259  39.779  6.681  9.432 0.0000000000
60640  48.545  12.795  1.826 0.0000000000
60641  48.184  12.793  1.267 0.0000000000
60207  47.914  12.154  0.652 0.0000000000
60208  47.314  12.288  0.839 0.0000000000
82217  38.918  8.853  7.169 0.0000000000
59701  46.747  11.734  10.984 0.0000000000
61510  46.679  15.630  13.990 0.0000000000
61509  47.608  15.902  13.487 0.0000000000
60558  46.756  14.023  10.889 0.0000000000
56075  47.262  4.480  17.514 0.0000000000
55121  47.500  2.299  16.811 0.0000000000
54547  48.824  0.665  15.784 0.0000000000
53974  48.494  0.631  13.829 0.0000000000
57790  48.693  7.648  5.491 0.0000000000
57284  50.233  6.862  5.862 0.0000000000
57269  49.779  6.942  6.777 0.0000000000
57211  52.342  6.631  9.193 0.0000000000
84447  51.966  6.337  8.862 0.0000000000
57192  51.670  6.752  10.342 0.0000000000
57179  49.571  7.217  11.729 0.0000000000
59206  49.756  9.489  12.441 0.0000000000
77037  49.331  8.529  15.368 0.0000000000
57136  48.586  6.660  16.381 0.0000000000
57127  49.126  6.073  19.768 0.0000000000
78204  50.021  5.310  19.940 0.0000000000
64446  44.797  21.703  9.025 0.0000000000
64059  46.350  20.931  7.913 0.0000000000
63203  48.421  19.009  6.089 0.0000000000
62556  45.059  17.590  11.727 0.0000000000
87237  44.205  18.059  11.356 0.0000000000
62562  45.436  17.356  10.955 0.0000000000
60606  48.681  13.648  6.377 0.0000000000
61067  48.421  14.676  5.805 0.0000000000
61558  48.729  15.708  5.225 0.0000000000
61569  49.580  15.112  4.481 0.0000000000
60626  49.645  14.275  4.107 0.0000000000
58764  52.141  8.884  3.014 0.0000000000
58772  52.074  8.461  2.263 0.0000000000
57821  51.608  8.237  1.886 0.0000000000
57816  51.167  7.900  2.437 0.0000000000
58274  49.328  8.574  4.111 0.0000000000
57810  49.875  7.836  3.727 0.0000000000
74105  45.807  6.758  8.679 0.0000000000
57198  44.350  6.542  10.448 0.0000000000
81127  43.630  6.386  12.699 0.0000000000
56606  41.634  5.149  13.505 0.0000000000
56607  40.837  4.970  13.308 0.0000000000
55128  45.064  3.195  15.039 0.0000000000
84087  39.618  7.126  7.512 0.0000000000
88528  40.977  6.469  9.932 0.0000000000
59287  47.475  10.670  1.932 0.0000000000
59288  46.613  10.915  1.936 0.0000000000
59277  45.140  10.240  3.280 0.0000000000
58768  44.534  9.839  3.820 0.0000000000
86394  41.026  8.527  5.626 0.0000000000
79737  39.780  7.936  6.222 0.0000000000
57771  39.676  7.468  6.910 0.0000000000
61499  46.133  15.914  14.655 0.0000000000
61023  46.281  14.408  12.885 0.0000000000
55113  49.282  2.752  18.949 0.0000000000
55116  48.576  2.398  18.281 0.0000000000
54538  48.831  1.262  17.761 0.0000000000
54541  49.124  0.426  17.147 0.0000000000
54546  49.186  0.211  16.127 0.0000000000
87492  49.291  0.092  14.504 0.0000000000
57287  52.211  6.539  3.995 0.0000000000
57282  51.857  6.152  5.326 0.0000000000
57265  52.853  6.884  5.902 0.0000000000
57247  53.039  6.895  6.832 0.0000000000
57228  53.103  6.744  7.741 0.0000000000
58243  53.929  8.080  7.713 0.0000000000
57763  53.661  7.475  8.185 0.0000000000
57210  53.028  6.945  8.703 0.0000000000
57757  52.716  7.167  9.601 0.0000000000
57750  52.436  7.312  10.498 0.0000000000
57733  51.935  7.780  12.070 0.0000000000
59185  48.303  9.788  14.224 0.0000000000
75948  48.617  9.516  14.730 0.0000000000
57705  48.481  7.608  18.643 0.0000000000
84075  48.485  6.863  19.228 0.0000000000
57692  48.852  6.671  20.005 0.0000000000
57680  49.055  6.780  20.824 0.0000000000
57100  49.029  6.951  21.816 0.0000000000
63668  45.397  19.346  8.542 0.0000000000
61528  46.329  15.550  9.741 0.0000000000
61054  46.587  14.642  8.446 0.0000000000
61053  47.003  14.304  7.888 0.0000000000
60598  48.551  13.429  7.232 0.0000000000
59737  50.438  11.514  5.800 0.0000000000
59261  51.105  10.589  5.453 0.0000000000
59260  52.155  10.235  5.830 0.0000000000
58753  52.205  9.163  4.108 0.0000000000
58264  52.595  8.552  3.699 0.0000000000
57803  52.684  7.225  4.109 0.0000000000
57182  46.252  6.927  11.534 0.0000000000
74113  45.599  6.818  12.035 0.0000000000
74254  44.956  6.618  12.435 0.0000000000
56603  44.032  6.063  13.566 0.0000000000
56597  43.487  5.445  14.012 0.0000000000
54561  45.621  1.414  13.430 0.0000000000
54567  45.333  1.128  12.634 0.0000000000
56636  36.673  5.116  10.011 0.0000000000
57223  37.990  6.769  9.899 0.0000000000
56116  37.082  4.359  10.568 0.0000000000
55639  38.001  3.120  11.040 0.0000000000
61101  48.030  13.560  1.696 0.0000000000
59754  45.954  11.503  1.685 0.0000000000
76001  45.075  11.809  1.933 0.0000000000
59714  51.039  11.883  9.425 0.0000000000
59696  51.592  11.306  9.938 0.0000000000
59229  48.652  10.381  11.095 0.0000000000
88926  48.257  10.093  11.568 0.0000000000
87034  47.652  9.939  14.012 0.0000000000
62543  43.799  18.509  13.238 0.0000000000
62535  44.699  18.432  13.899 0.0000000000
62555  46.177  17.121  11.780 0.0000000000
61990  47.504  16.229  13.544 0.0000000000
61997  47.972  16.462  12.232 0.0000000000
62002  47.785  16.329  11.635 0.0000000000
62005  47.104  16.178  11.009 0.0000000000
60576  47.339  13.609  9.117 0.0000000000
56589  46.586  5.501  15.471 0.0000000000
55605  46.031  4.043  16.027 0.0000000000
55125  47.342  1.922  15.979 0.0000000000
57780  44.917  7.508  6.233 0.0000000000
57272  44.620  7.137  6.846 0.0000000000
57254  46.273  7.186  7.185 0.0000000000
57777  48.289  7.544  6.342 0.0000000000
57253  46.968  7.150  7.714 0.0000000000
57216  47.418  7.105  9.344 0.0000000000
57267  51.695  6.179  6.212 0.0000000000
57268  50.826  6.499  6.696 0.0000000000
57251  50.128  6.711  7.564 0.0000000000
75308  51.299  6.433  8.925 0.0000000000
57231  50.455  6.596  8.422 0.0000000000
57232  49.477  6.907  8.273 0.0000000000
89140  47.688  7.126  10.780 0.0000000000
57166  47.810  7.031  12.459 0.0000000000
57180  48.648  7.188  12.065 0.0000000000
88171  51.968  10.792  10.347 0.0000000000
58721  52.034  10.096  10.946 0.0000000000
88805  51.808  9.497  11.571 0.0000000000
58711  52.180  9.190  11.258 0.0000000000
58712  51.933  8.916  12.007 0.0000000000
58214  51.902  8.289  12.242 0.0000000000
57725  51.040  8.006  12.886 0.0000000000
75424  49.297  7.331  14.289 0.0000000000
56583  48.056  6.017  16.904 0.0000000000
56580  47.591  5.229  17.358 0.0000000000
56071  48.713  4.097  18.857 0.0000000000
56576  48.780  5.265  19.214 0.0000000000
55112  49.886  2.679  19.389 0.0000000000
55111  50.443  2.579  19.744 0.0000000000
64070  48.175  20.531  5.899 0.0000000000
64068  49.478  19.976  4.956 0.0000000000
62637  50.080  17.888  4.070 0.0000000000
62012  45.858  16.229  9.341 0.0000000000
61539  45.562  16.128  8.394 0.0000000000
84880  46.646  15.383  6.627 0.0000000000
63200  45.840  18.252  7.954 0.0000000000
63199  46.502  18.805  7.466 0.0000000000
63204  47.679  18.610  6.481 0.0000000000
62597  48.291  18.130  5.902 0.0000000000
62049  48.817  16.704  5.232 0.0000000000
62616  48.919  17.609  5.329 0.0000000000
62638  49.888  17.408  4.348 0.0000000000
62059  50.060  16.947  4.098 0.0000000000
62066  50.062  16.428  3.902 0.0000000000
61580  49.797  15.786  3.585 0.0000000000
81310  48.991  14.146  2.776 0.0000000000
60633  48.939  13.427  2.597 0.0000000000
59758  48.490  11.831  1.425 0.0000000000
59742  49.800  11.621  4.836 0.0000000000
59271  49.131  10.669  3.932 0.0000000000
58755  50.434  9.491  4.197 0.0000000000
59285  48.646  10.770  3.163 0.0000000000
59286  48.217  10.658  2.468 0.0000000000
58782  47.872  10.509  2.226 0.0000000000
58776  47.694  10.071  2.725 0.0000000000
58767  47.463  9.545  3.441 0.0000000000
58276  47.643  8.982  4.143 0.0000000000
83247  46.567  8.441  4.985 0.0000000000
57257  43.505  6.536  7.588 0.0000000000
57238  43.292  6.313  8.270 0.0000000000
57220  42.350  6.428  9.184 0.0000000000
57201  41.248  6.466  10.652 0.0000000000
74109  43.760  6.532  11.078 0.0000000000
84604  43.449  6.570  11.936 0.0000000000
57185  41.488  6.412  11.543 0.0000000000
57186  40.628  6.411  11.404 0.0000000000
56625  40.004  6.095  12.127 0.0000000000
56618  39.559  5.283  12.601 0.0000000000
56103  40.021  4.760  13.174 0.0000000000
56104  39.264  4.410  12.939 0.0000000000
55138  44.298  2.190  13.802 0.0000000000
75704  43.555  1.381  12.398 0.0000000000
55139  43.493  2.385  13.712 0.0000000000
55135  43.208  3.040  14.145 0.0000000000
55614  42.627  3.500  14.248 0.0000000000
55142  40.920  3.060  13.310 0.0000000000
53431  49.037  -0.372  16.291 0.0000000000
52846  48.470  -0.811  15.643 0.0000000000
54523  50.303  1.135  19.859 0.0000000000
55104  50.481  1.975  19.932 0.0000000000
56659  52.159  6.190  6.705 0.0000000000
57176  51.964  6.992  10.917 0.0000000000
57212  51.836  6.492  9.553 0.0000000000
57256  44.378  6.718  7.448 0.0000000000
57266  52.480  6.462  6.287 0.0000000000
57281  52.255  6.355  5.244 0.0000000000
57294  51.908  6.662  3.426 0.0000000000
57298  51.791  7.213  2.757 0.0000000000
57742  52.208  7.507  11.337 0.0000000000
57788  53.200  7.485  5.592 0.0000000000
57793  45.692  7.663  5.985 0.0000000000
57794  44.430  7.832  5.802 0.0000000000
57802  53.074  7.634  4.717 0.0000000000
57805  50.197  7.304  4.261 0.0000000000
57809  52.417  7.379  3.234 0.0000000000
57815  51.629  7.805  2.130 0.0000000000
57817  50.179  7.985  3.306 0.0000000000
58222  52.250  8.302  11.578 0.0000000000
58247  53.573  7.941  6.099 0.0000000000
58256  44.802  8.255  5.280 0.0000000000
58263  52.924  7.890  3.737 0.0000000000
58280  51.742  8.377  1.969 0.0000000000
58281  51.579  8.447  2.319 0.0000000000
58288  51.676  8.338  1.851 0.0000000000
58731  52.919  9.988  8.681 0.0000000000
58740  53.218  9.103  6.657 0.0000000000
58747  51.722  9.816  4.810 0.0000000000
58765  51.653  8.786  2.838 0.0000000000
59225  52.318  10.326  10.051 0.0000000000
59297  47.379  11.214  1.294 0.0000000000
59726  52.078  12.010  7.822 0.0000000000
59760  47.616  11.773  0.732 0.0000000000
60152  50.470  12.346  8.901 0.0000000000
60163  51.722  12.327  8.457 0.0000000000
60164  50.801  12.579  8.274 0.0000000000
60643  46.934  13.122  1.395 0.0000000000
61043  46.442  14.921  9.191 0.0000000000
61516  48.062  15.577  11.724 0.0000000000
61518  46.980  15.750  10.729 0.0000000000
61550  45.659  15.733  7.865 0.0000000000
61559  47.237  15.828  5.974 0.0000000000
62060  49.846  16.467  4.371 0.0000000000
62548  47.072  16.784  12.489 0.0000000000
62551  44.186  18.087  12.721 0.0000000000
63186  44.660  17.960  10.767 0.0000000000
63681  48.434  19.660  6.152 0.0000000000
64462  47.040  21.701  4.981 0.0000000000
74570  50.632  7.686  3.013 0.0000000000
75731  47.014  12.010  0.858 0.0000000000
76870  51.974  6.173  4.580 0.0000000000
79282  44.819  9.268  4.302 0.0000000000
84638  51.629  8.270  1.918 0.0000000000
86073  52.588  8.812  4.397 0.0000000000
87418  45.197  9.638  3.843 0.0000000000
87665  49.890  6.806  8.807 0.0000000000
87721  52.627  6.499  7.045 0.0000000000
87790  51.126  6.372  8.308 0.0000000000
