#!ascii label  , from subject sub-01 vox2ras=TkReg
543
52162  40.078  -2.001  15.872 0.0000000000
51070  44.797  -4.785  10.315 0.0000000000
54034  47.388  0.993  8.118 0.0000000000
51136  41.064  -3.927  1.580 0.0000000000
49808  39.394  -6.464  13.237 0.0000000000
53438  49.291  0.022  13.947 0.0000000000
52246  43.621  -2.914  5.911 0.0000000000
54057  37.546  0.347  6.021 0.0000000000
52181  46.365  -2.528  13.838 0.0000000000
51036  43.470  -4.616  14.246 0.0000000000
49826  42.812  -7.077  11.111 0.0000000000
54599  42.728  0.699  9.931 0.0000000000
54666  42.199  0.910  4.272 0.0000000000
52205  47.767  -2.072  8.846 0.0000000000
53508  45.735  -0.229  2.839 0.0000000000
54022  38.388  -0.333  8.654 0.0000000000
52174  43.173  -2.694  15.974 0.0000000000
51592  41.708  -3.102  15.087 0.0000000000
49171  41.493  -7.323  12.694 0.0000000000
54573  46.119  0.835  11.902 0.0000000000
54575  44.099  1.082  11.666 0.0000000000
54000  44.213  0.906  9.149 0.0000000000
54052  42.519  0.570  6.587 0.0000000000
54637  44.761  1.025  6.045 0.0000000000
51617  46.156  -3.709  11.702 0.0000000000
52195  47.199  -1.929  11.826 0.0000000000
51629  46.010  -2.932  9.877 0.0000000000
81347  42.614  -3.242  3.892 0.0000000000
52918  44.614  -1.920  4.351 0.0000000000
52267  42.918  -1.707  2.923 0.0000000000
52942  41.923  -0.726  2.393 0.0000000000
51683  40.126  -3.012  0.737 0.0000000000
50567  39.564  -5.314  0.446 0.0000000000
52185  38.040  -2.781  14.802 0.0000000000
51040  39.789  -4.005  13.818 0.0000000000
53988  48.663  0.495  11.043 0.0000000000
50500  43.208  -5.348  8.706 0.0000000000
51641  44.561  -3.362  8.345 0.0000000000
51113  43.168  -4.529  6.293 0.0000000000
51125  42.617  -4.244  4.700 0.0000000000
52834  47.566  -1.232  16.826 0.0000000000
52157  45.200  -2.244  16.333 0.0000000000
51598  44.921  -3.497  14.745 0.0000000000
51059  44.721  -5.200  12.774 0.0000000000
81108  41.414  -5.307  13.457 0.0000000000
80070  42.923  -6.463  12.649 0.0000000000
50481  43.998  -6.134  11.090 0.0000000000
49845  42.299  -6.834  8.774 0.0000000000
52850  36.055  -1.851  15.684 0.0000000000
55148  42.180  2.061  13.025 0.0000000000
54589  40.468  1.076  10.929 0.0000000000
53464  40.779  -0.715  8.093 0.0000000000
54070  39.524  0.416  5.086 0.0000000000
54091  38.846  0.289  3.103 0.0000000000
52860  48.625  -0.699  13.837 0.0000000000
53451  49.492  -0.217  11.512 0.0000000000
54032  49.935  0.062  7.871 0.0000000000
52227  45.681  -2.372  7.359 0.0000000000
78439  47.218  -1.263  5.629 0.0000000000
54066  47.474  0.662  4.656 0.0000000000
54678  44.239  0.802  2.880 0.0000000000
53518  40.129  -0.647  2.636 0.0000000000
54023  37.258  -0.153  8.633 0.0000000000
54603  38.485  0.869  9.663 0.0000000000
73831  41.351  -2.254  16.055 0.0000000000
89273  40.767  -2.251  15.842 0.0000000000
86632  46.789  0.827  9.766 0.0000000000
54596  45.252  0.899  10.210 0.0000000000
78243  46.236  0.944  8.412 0.0000000000
54036  44.877  0.881  7.377 0.0000000000
54627  45.679  0.946  6.988 0.0000000000
51063  45.524  -4.573  11.593 0.0000000000
51621  46.116  -3.273  10.773 0.0000000000
51622  45.648  -3.707  10.310 0.0000000000
51135  41.576  -3.826  2.522 0.0000000000
52260  42.709  -2.559  3.458 0.0000000000
51676  41.599  -2.934  2.607 0.0000000000
52269  41.333  -2.296  2.389 0.0000000000
51688  40.598  -3.970  0.687 0.0000000000
51149  39.831  -4.245  -0.101 0.0000000000
51148  40.357  -4.406  0.178 0.0000000000
51606  37.500  -3.355  14.327 0.0000000000
53984  48.351  0.496  12.079 0.0000000000
75855  49.091  0.239  12.632 0.0000000000
50501  42.674  -5.997  8.198 0.0000000000
51091  43.106  -5.118  7.872 0.0000000000
50524  43.183  -5.330  6.509 0.0000000000
51118  43.030  -4.938  5.157 0.0000000000
50539  42.907  -4.978  4.299 0.0000000000
50547  42.675  -5.143  3.383 0.0000000000
51590  43.629  -3.403  15.396 0.0000000000
51589  44.414  -3.388  15.324 0.0000000000
51599  44.018  -4.084  14.857 0.0000000000
51049  44.863  -4.399  13.741 0.0000000000
51050  44.462  -4.998  13.395 0.0000000000
51052  39.323  -4.842  13.598 0.0000000000
51039  40.715  -4.056  13.958 0.0000000000
50465  40.669  -5.476  13.430 0.0000000000
49186  42.228  -7.456  12.246 0.0000000000
49820  42.177  -6.736  12.706 0.0000000000
49185  42.931  -7.115  11.891 0.0000000000
49818  44.126  -6.218  11.882 0.0000000000
49832  43.181  -6.542  10.521 0.0000000000
49840  42.556  -6.952  9.811 0.0000000000
48591  42.232  -8.625  7.557 0.0000000000
54587  42.932  0.966  10.746 0.0000000000
54569  42.680  1.489  12.350 0.0000000000
54577  42.337  1.201  11.561 0.0000000000
54578  41.470  1.307  11.597 0.0000000000
79026  41.182  0.719  10.422 0.0000000000
54003  40.576  0.083  9.299 0.0000000000
88253  41.849  0.298  9.138 0.0000000000
54067  42.172  0.644  5.742 0.0000000000
54053  41.662  0.342  6.424 0.0000000000
54653  41.074  0.535  4.882 0.0000000000
54682  39.347  0.596  3.763 0.0000000000
54681  40.263  0.477  3.706 0.0000000000
52848  46.644  -1.770  15.596 0.0000000000
52847  47.693  -1.273  15.198 0.0000000000
52855  47.022  -1.859  14.081 0.0000000000
52201  47.473  -1.972  9.800 0.0000000000
52869  48.098  -1.302  11.307 0.0000000000
52873  49.103  -1.091  9.601 0.0000000000
53457  49.841  -0.329  9.821 0.0000000000
52879  49.163  -1.151  8.298 0.0000000000
52229  43.959  -3.303  7.485 0.0000000000
52228  44.740  -2.780  7.518 0.0000000000
52245  44.364  -2.479  6.113 0.0000000000
52917  45.275  -1.422  3.808 0.0000000000
52906  46.143  -1.610  5.456 0.0000000000
82567  46.978  -0.619  3.857 0.0000000000
53493  48.234  -0.310  4.808 0.0000000000
53506  47.503  0.080  3.754 0.0000000000
54079  46.124  0.750  3.698 0.0000000000
53516  45.333  0.101  2.625 0.0000000000
52944  40.239  -1.860  1.887 0.0000000000
88331  41.103  -0.582  2.544 0.0000000000
53531  39.867  -1.218  2.332 0.0000000000
52937  39.247  -1.144  2.565 0.0000000000
53434  49.339  0.072  14.809 0.0000000000
53468  36.720  -0.514  7.981 0.0000000000
53477  38.406  -0.650  7.556 0.0000000000
52821  43.370  -1.636  17.394 0.0000000000
52160  42.568  -2.213  16.406 0.0000000000
51591  42.668  -3.201  15.244 0.0000000000
51601  42.164  -3.707  14.628 0.0000000000
49172  40.692  -7.254  12.982 0.0000000000
54574  45.009  0.984  11.778 0.0000000000
54597  44.395  0.926  10.083 0.0000000000
76793  43.350  0.701  9.144 0.0000000000
54018  43.153  0.453  8.350 0.0000000000
54037  43.639  0.681  7.604 0.0000000000
54051  43.348  0.774  6.736 0.0000000000
54650  43.593  1.119  5.082 0.0000000000
52192  46.457  -2.754  12.975 0.0000000000
52866  46.912  -2.233  12.553 0.0000000000
52196  46.573  -2.863  12.143 0.0000000000
52202  46.557  -2.413  10.316 0.0000000000
52206  46.720  -2.292  9.364 0.0000000000
51662  43.115  -3.282  5.197 0.0000000000
84135  43.574  -2.693  5.031 0.0000000000
51665  43.161  -2.834  4.296 0.0000000000
52259  43.500  -2.090  3.527 0.0000000000
73792  43.915  -1.306  2.785 0.0000000000
52941  43.493  -0.260  1.834 0.0000000000
52936  42.153  -1.356  2.580 0.0000000000
52943  41.059  -1.634  2.388 0.0000000000
87673  40.153  -2.565  1.209 0.0000000000
50578  39.919  -5.075  0.002 0.0000000000
52178  38.591  -2.278  15.316 0.0000000000
52183  39.662  -2.829  14.719 0.0000000000
51605  38.420  -3.358  14.243 0.0000000000
51041  38.859  -4.043  13.812 0.0000000000
50467  38.893  -5.663  13.404 0.0000000000
53985  47.195  0.758  12.418 0.0000000000
53989  47.317  0.689  11.501 0.0000000000
53992  48.459  0.652  10.149 0.0000000000
50487  44.173  -5.171  9.879 0.0000000000
51078  44.549  -4.528  9.507 0.0000000000
51090  43.494  -4.606  8.329 0.0000000000
85115  43.559  -3.814  7.327 0.0000000000
51656  43.063  -3.735  6.005 0.0000000000
50531  43.153  -4.950  5.853 0.0000000000
51119  42.893  -4.340  5.553 0.0000000000
51663  42.782  -3.816  5.232 0.0000000000
76912  42.341  -3.818  3.969 0.0000000000
51129  42.063  -4.219  3.339 0.0000000000
89004  41.540  -4.533  2.010 0.0000000000
50566  41.576  -5.557  1.303 0.0000000000
52835  46.602  -1.596  16.614 0.0000000000
52171  45.655  -2.403  15.586 0.0000000000
52158  44.434  -2.412  16.412 0.0000000000
51588  45.173  -2.973  15.188 0.0000000000
52182  45.642  -2.984  14.445 0.0000000000
51614  45.541  -4.043  13.231 0.0000000000
51057  45.702  -4.348  12.412 0.0000000000
50474  45.010  -5.213  11.769 0.0000000000
51603  40.295  -3.264  14.388 0.0000000000
51038  41.624  -4.208  14.102 0.0000000000
50453  42.827  -5.058  13.739 0.0000000000
82300  41.886  -6.188  13.045 0.0000000000
49805  42.596  -6.084  12.998 0.0000000000
50463  42.955  -5.567  13.299 0.0000000000
50476  44.019  -6.027  12.462 0.0000000000
50480  44.574  -5.655  11.497 0.0000000000
78427  44.412  -5.455  10.702 0.0000000000
50494  43.556  -5.456  9.459 0.0000000000
50495  42.980  -6.119  9.372 0.0000000000
49853  42.245  -6.842  7.849 0.0000000000
49202  41.876  -7.647  9.286 0.0000000000
49208  41.836  -7.531  8.201 0.0000000000
52165  37.411  -1.710  15.964 0.0000000000
83206  36.724  -2.139  15.422 0.0000000000
52167  34.626  -2.395  16.124 0.0000000000
55147  43.064  1.917  13.077 0.0000000000
55149  41.325  2.283  12.892 0.0000000000
54004  39.801  0.086  9.350 0.0000000000
53465  39.859  -0.808  8.180 0.0000000000
53487  38.937  -0.321  6.783 0.0000000000
54039  42.033  0.135  7.316 0.0000000000
54055  40.051  0.044  5.771 0.0000000000
84984  38.753  0.442  5.391 0.0000000000
53446  49.235  -0.181  13.331 0.0000000000
52865  47.531  -1.571  12.665 0.0000000000
52864  48.548  -0.797  12.807 0.0000000000
53447  49.476  -0.023  11.898 0.0000000000
53450  49.755  -0.032  11.151 0.0000000000
53997  49.933  0.139  9.310 0.0000000000
78385  48.534  0.800  7.797 0.0000000000
51640  45.244  -3.153  8.902 0.0000000000
52207  45.982  -2.603  8.949 0.0000000000
52226  46.564  -2.335  7.981 0.0000000000
52907  45.115  -2.116  5.813 0.0000000000
52897  46.668  -1.748  6.260 0.0000000000
52888  48.226  -1.738  7.423 0.0000000000
84550  48.784  -0.807  6.674 0.0000000000
54047  49.060  0.179  6.582 0.0000000000
54625  47.617  0.895  6.608 0.0000000000
54647  46.555  0.970  5.412 0.0000000000
54664  44.291  1.238  4.275 0.0000000000
82831  42.557  0.883  3.513 0.0000000000
54110  43.441  0.057  1.732 0.0000000000
79399  42.395  0.309  2.411 0.0000000000
54693  42.005  0.522  3.008 0.0000000000
54104  39.458  -0.224  2.844 0.0000000000
86579  38.914  -5.533  1.417 0.0000000000
54591  38.871  1.487  10.379 0.0000000000
54015  47.012  0.912  9.006 0.0000000000
74868  45.899  0.911  9.414 0.0000000000
54035  45.534  0.919  7.822 0.0000000000
54626  46.654  0.987  7.401 0.0000000000
51069  45.362  -4.385  10.719 0.0000000000
51077  45.175  -4.154  9.900 0.0000000000
51677  41.079  -3.128  1.943 0.0000000000
51142  41.108  -4.735  1.218 0.0000000000
87492  49.291  0.092  14.504 0.0000000000
53980  49.119  0.230  13.436 0.0000000000
53445  49.422  -0.028  12.775 0.0000000000
87230  42.664  -6.330  7.466 0.0000000000
50511  42.975  -5.643  7.324 0.0000000000
82337  43.011  -6.256  6.701 0.0000000000
50546  43.323  -5.719  3.902 0.0000000000
50556  43.320  -6.013  3.050 0.0000000000
54071  37.980  0.598  5.313 0.0000000000
51600  43.133  -3.896  14.744 0.0000000000
51035  44.182  -4.648  14.136 0.0000000000
50466  39.802  -5.637  13.463 0.0000000000
49807  40.398  -6.394  13.230 0.0000000000
49190  42.343  -7.621  11.510 0.0000000000
49825  43.487  -6.655  11.524 0.0000000000
49833  42.719  -7.030  10.474 0.0000000000
54588  41.969  0.909  10.748 0.0000000000
54600  41.923  0.540  9.857 0.0000000000
54001  42.555  0.470  9.129 0.0000000000
54651  42.672  0.895  5.010 0.0000000000
54652  41.815  0.666  4.960 0.0000000000
54667  41.317  0.694  4.329 0.0000000000
83357  40.887  0.636  3.872 0.0000000000
52170  46.266  -2.254  14.760 0.0000000000
74049  47.054  -1.672  14.795 0.0000000000
83138  48.297  -1.699  9.471 0.0000000000
52871  48.380  -1.406  10.320 0.0000000000
52874  48.753  -1.484  8.855 0.0000000000
51649  43.556  -3.452  6.731 0.0000000000
52238  44.126  -2.852  6.772 0.0000000000
52927  44.973  -0.849  2.840 0.0000000000
86834  46.030  -0.703  3.419 0.0000000000
53501  47.518  -0.199  3.798 0.0000000000
87264  46.099  0.069  3.022 0.0000000000
53517  44.843  -0.175  2.289 0.0000000000
52945  39.786  -1.927  1.874 0.0000000000
53467  37.814  -0.647  8.135 0.0000000000
53478  37.417  -0.478  7.465 0.0000000000
52150  42.474  -1.762  17.113 0.0000000000
52176  41.198  -2.618  15.463 0.0000000000
52175  42.077  -2.576  15.806 0.0000000000
54567  45.333  1.128  12.634 0.0000000000
54584  45.579  0.872  11.031 0.0000000000
76293  44.955  0.927  9.501 0.0000000000
54598  43.566  0.850  9.962 0.0000000000
54017  43.847  0.775  8.404 0.0000000000
54016  44.418  0.906  8.403 0.0000000000
54628  44.995  0.928  6.703 0.0000000000
54050  44.215  0.898  6.901 0.0000000000
54638  43.886  0.995  5.980 0.0000000000
51613  46.115  -3.554  12.652 0.0000000000
52268  42.104  -2.315  2.867 0.0000000000
52935  43.278  -0.896  2.326 0.0000000000
51682  40.515  -3.337  1.026 0.0000000000
52275  40.542  -2.543  1.602 0.0000000000
51689  40.099  -3.714  0.098 0.0000000000
50577  40.104  -4.942  0.026 0.0000000000
52184  38.910  -2.792  14.729 0.0000000000
51042  37.924  -4.037  13.832 0.0000000000
51053  38.403  -4.842  13.585 0.0000000000
80686  47.333  0.744  10.491 0.0000000000
51079  43.828  -4.869  9.114 0.0000000000
51104  43.256  -4.857  7.064 0.0000000000
51103  43.404  -4.389  7.561 0.0000000000
51112  43.317  -4.120  6.830 0.0000000000
50523  43.235  -5.745  5.749 0.0000000000
80704  42.037  -4.819  2.633 0.0000000000
51141  41.884  -5.262  1.910 0.0000000000
80076  45.623  -1.772  16.844 0.0000000000
74657  46.087  -1.536  17.352 0.0000000000
52849  45.934  -1.976  16.205 0.0000000000
52149  43.237  -2.094  16.667 0.0000000000
52837  43.975  -1.988  16.872 0.0000000000
52159  43.794  -2.477  16.410 0.0000000000
86182  44.451  -3.775  14.877 0.0000000000
52193  45.907  -3.277  13.527 0.0000000000
77567  45.253  -3.723  14.037 0.0000000000
51058  45.116  -4.713  12.987 0.0000000000
75581  45.151  -4.982  12.298 0.0000000000
50455  41.094  -4.774  13.699 0.0000000000
50454  41.953  -4.860  13.711 0.0000000000
49806  41.291  -6.629  12.974 0.0000000000
49804  43.424  -5.926  12.875 0.0000000000
78365  43.718  -5.812  10.193 0.0000000000
48592  41.768  -8.025  7.804 0.0000000000
49215  42.185  -7.690  7.370 0.0000000000
52841  37.983  -1.373  16.594 0.0000000000
52843  36.613  -1.563  16.077 0.0000000000
52180  35.872  -2.391  15.263 0.0000000000
55140  42.601  2.681  13.727 0.0000000000
55141  41.718  2.790  13.512 0.0000000000
85266  41.156  1.043  11.085 0.0000000000
54590  39.649  1.219  10.710 0.0000000000
54602  39.349  0.741  9.936 0.0000000000
54601  40.317  0.592  10.090 0.0000000000
54020  40.284  -0.420  8.694 0.0000000000
53476  39.413  -0.723  7.587 0.0000000000
84376  40.249  -0.714  7.622 0.0000000000
54038  42.871  0.417  7.468 0.0000000000
75046  42.265  0.090  8.309 0.0000000000
54069  40.526  0.354  5.269 0.0000000000
54054  40.781  0.140  6.156 0.0000000000
83346  39.304  0.072  5.948 0.0000000000
54654  38.514  0.727  4.697 0.0000000000
54081  39.245  0.631  4.390 0.0000000000
86677  48.254  -0.948  16.362 0.0000000000
52853  48.607  -0.703  14.755 0.0000000000
53439  49.211  -0.170  14.318 0.0000000000
52870  49.016  -0.719  11.009 0.0000000000
52868  48.803  -0.690  11.855 0.0000000000
53448  49.295  -0.202  12.360 0.0000000000
53456  50.080  -0.055  9.150 0.0000000000
53453  50.057  -0.010  10.238 0.0000000000
54012  50.083  0.056  8.555 0.0000000000
54013  49.508  0.422  8.388 0.0000000000
51089  44.188  -4.197  8.743 0.0000000000
51630  44.926  -3.861  9.140 0.0000000000
75329  45.435  -2.694  8.227 0.0000000000
52253  44.287  -2.264  5.235 0.0000000000
73957  45.253  -1.799  4.829 0.0000000000
52896  47.635  -1.596  6.586 0.0000000000
52904  48.178  -0.827  5.661 0.0000000000
54077  47.970  0.250  4.248 0.0000000000
54064  48.720  0.090  5.686 0.0000000000
54065  48.243  0.351  5.046 0.0000000000
54048  48.410  0.475  6.005 0.0000000000
54049  47.558  0.783  5.639 0.0000000000
54635  46.598  0.985  6.385 0.0000000000
54677  44.991  0.959  3.429 0.0000000000
54663  45.338  1.139  4.346 0.0000000000
80810  44.051  1.119  3.561 0.0000000000
54679  43.443  0.924  3.183 0.0000000000
53527  44.118  -0.043  1.792 0.0000000000
53528  42.726  -0.138  1.927 0.0000000000
84169  41.174  -0.380  2.533 0.0000000000
54111  42.284  0.001  2.082 0.0000000000
54103  41.581  0.113  2.592 0.0000000000
86708  40.436  -0.022  2.962 0.0000000000
51143  39.600  -3.881  0.425 0.0000000000
80744  39.433  -4.669  0.635 0.0000000000
54613  36.570  0.294  8.837 0.0000000000
54006  38.102  0.226  9.118 0.0000000000
52161  41.837  -2.044  16.529 0.0000000000
53993  46.456  0.785  11.051 0.0000000000
53994  46.176  0.851  10.328 0.0000000000
78123  45.124  0.931  8.675 0.0000000000
51618  45.815  -3.981  11.029 0.0000000000
82638  45.447  -3.391  9.530 0.0000000000
51670  42.076  -3.245  3.266 0.0000000000
52186  37.149  -2.747  14.881 0.0000000000
53981  48.192  0.628  13.041 0.0000000000
53987  49.382  0.116  11.802 0.0000000000
50538  43.228  -5.665  4.771 0.0000000000
79875  42.485  -4.438  3.943 0.0000000000
52836  44.773  -1.886  16.932 0.0000000000
52173  44.067  -2.996  16.019 0.0000000000
51034  44.614  -4.072  14.458 0.0000000000
51051  40.220  -4.810  13.647 0.0000000000
75744  42.798  -6.899  12.358 0.0000000000
49819  43.467  -6.549  12.268 0.0000000000
48580  41.677  -8.281  8.365 0.0000000000
54586  43.805  0.969  10.816 0.0000000000
75704  43.555  1.381  12.398 0.0000000000
54576  43.223  1.153  11.587 0.0000000000
54570  41.805  1.629  12.308 0.0000000000
75655  41.194  0.355  9.617 0.0000000000
54002  41.242  -0.149  8.699 0.0000000000
54068  41.350  0.482  5.569 0.0000000000
54080  40.272  0.526  4.396 0.0000000000
54090  39.873  0.174  3.246 0.0000000000
75571  47.544  -1.315  16.043 0.0000000000
52854  47.801  -1.262  14.356 0.0000000000
52198  47.290  -1.892  10.791 0.0000000000
87099  49.311  -0.748  10.303 0.0000000000
53454  49.810  -0.192  10.715 0.0000000000
82649  49.664  -0.648  8.842 0.0000000000
52887  49.665  -0.613  8.089 0.0000000000
52237  44.957  -2.439  6.690 0.0000000000
75127  46.138  -1.235  4.299 0.0000000000
52905  47.010  -0.984  4.722 0.0000000000
52916  47.732  -0.445  4.258 0.0000000000
53500  48.055  -0.048  4.146 0.0000000000
54078  47.184  0.515  3.909 0.0000000000
54086  46.642  0.242  3.452 0.0000000000
54087  45.718  0.430  3.115 0.0000000000
54088  44.867  0.485  2.708 0.0000000000
81535  41.122  -1.174  2.474 0.0000000000
53529  41.741  -0.363  2.343 0.0000000000
53530  40.529  -0.951  2.504 0.0000000000
52946  39.259  -1.807  2.272 0.0000000000
54024  36.114  -0.206  8.363 0.0000000000
85545  37.203  -0.004  6.738 0.0000000000
53488  37.985  -0.247  6.757 0.0000000000
87629  41.575  -7.891  12.400 0.0000000000
48548  41.843  -8.138  11.913 0.0000000000
49195  42.242  -7.530  10.477 0.0000000000
54585  44.670  0.943  10.925 0.0000000000
76111  44.269  0.844  7.791 0.0000000000
54639  43.025  0.830  5.862 0.0000000000
52862  46.977  -2.044  13.259 0.0000000000
52199  46.553  -2.673  11.291 0.0000000000
52254  43.890  -2.239  4.355 0.0000000000
52919  44.396  -1.689  3.538 0.0000000000
52934  44.174  -0.527  2.134 0.0000000000
87593  42.772  -0.585  2.145 0.0000000000
52282  39.967  -3.376  0.356 0.0000000000
51150  39.908  -4.387  -0.325 0.0000000000
52163  39.181  -1.872  15.919 0.0000000000
52177  39.462  -2.356  15.262 0.0000000000
51604  39.318  -3.331  14.220 0.0000000000
54566  46.273  1.018  12.864 0.0000000000
53999  47.766  0.814  9.588 0.0000000000
51642  43.752  -3.873  8.003 0.0000000000
51666  42.700  -3.543  4.571 0.0000000000
52172  44.817  -2.817  15.885 0.0000000000
89343  45.674  -2.658  15.004 0.0000000000
51064  44.994  -5.038  11.119 0.0000000000
81818  40.348  -2.576  15.175 0.0000000000
51593  40.955  -2.990  14.894 0.0000000000
51602  41.241  -3.520  14.479 0.0000000000
51037  42.559  -4.404  14.194 0.0000000000
74758  41.270  -5.910  13.197 0.0000000000
50464  42.133  -5.555  13.326 0.0000000000
50452  43.676  -5.236  13.571 0.0000000000
50462  44.183  -5.547  12.918 0.0000000000
50475  44.605  -5.618  12.252 0.0000000000
49868  42.625  -6.963  7.103 0.0000000000
52164  38.281  -1.803  15.947 0.0000000000
52179  37.693  -2.225  15.373 0.0000000000
52187  36.402  -2.722  14.941 0.0000000000
52166  35.397  -2.051  15.801 0.0000000000
51594  35.054  -2.850  15.357 0.0000000000
55150  40.477  2.548  12.768 0.0000000000
54571  40.954  1.846  12.239 0.0000000000
55158  40.098  2.043  12.163 0.0000000000
54005  38.916  0.127  9.272 0.0000000000
54021  39.360  -0.425  8.703 0.0000000000
53466  38.880  -0.759  8.184 0.0000000000
54056  38.428  0.189  6.024 0.0000000000
54019  41.608  -0.428  7.947 0.0000000000
53475  41.065  -0.331  7.205 0.0000000000
53486  39.999  -0.365  6.715 0.0000000000
54655  37.580  0.943  4.658 0.0000000000
81879  38.659  0.802  4.097 0.0000000000
52846  48.470  -0.811  15.643 0.0000000000
53435  49.209  -0.227  15.246 0.0000000000
52861  47.743  -1.350  13.495 0.0000000000
81112  47.990  -1.194  12.087 0.0000000000
82741  49.740  0.134  10.931 0.0000000000
53991  49.496  0.326  10.207 0.0000000000
53998  48.968  0.589  9.389 0.0000000000
54014  48.225  0.867  8.710 0.0000000000
80023  46.937  -2.286  8.602 0.0000000000
52881  47.626  -2.230  8.059 0.0000000000
52898  45.840  -2.067  6.463 0.0000000000
52890  46.646  -2.115  7.033 0.0000000000
52889  47.376  -2.100  7.452 0.0000000000
52880  48.475  -1.786  8.162 0.0000000000
74492  49.049  -1.076  7.679 0.0000000000
53474  49.597  -0.274  7.489 0.0000000000
52903  48.648  -0.212  5.622 0.0000000000
53485  49.143  -0.098  6.526 0.0000000000
53484  49.530  0.027  7.202 0.0000000000
54033  49.337  0.330  7.419 0.0000000000
77078  48.552  0.635  6.921 0.0000000000
86936  47.759  0.960  7.367 0.0000000000
54648  45.526  1.081  5.269 0.0000000000
54662  46.430  0.936  4.475 0.0000000000
54649  44.541  1.161  5.174 0.0000000000
54665  43.240  1.171  4.130 0.0000000000
54101  43.899  0.229  1.922 0.0000000000
54690  44.268  0.455  2.347 0.0000000000
88487  42.964  0.070  1.833 0.0000000000
54102  43.111  0.264  2.024 0.0000000000
54691  43.673  0.586  2.415 0.0000000000
54692  42.872  0.602  2.720 0.0000000000
54680  41.644  0.735  3.711 0.0000000000
54089  40.968  0.341  3.272 0.0000000000
53519  39.237  -0.628  2.692 0.0000000000
50576  40.839  -5.357  0.709 0.0000000000
50586  39.866  -4.493  -0.187 0.0000000000
53463  50.043  -0.122  8.303 0.0000000000
53499  48.412  0.031  4.800 0.0000000000
53507  46.755  -0.160  3.355 0.0000000000
54100  44.546  0.155  2.204 0.0000000000
54636  45.648  1.008  6.152 0.0000000000
86760  44.806  0.886  8.020 0.0000000000
88282  47.756  -0.752  4.965 0.0000000000
