#!ascii label  , from subject sub-01 vox2ras=TkReg
1766
24007  7.445  -46.054  36.875 0.1111110002
23987  6.675  -46.240  37.335 0.1111110002
24009  6.136  -46.195  36.685 0.2222220004
23951  9.230  -46.462  39.404 0.1111110002
74810  7.802  -46.438  39.088 0.1111110002
24006  8.226  -46.120  37.232 0.1111110002
23964  10.267  -46.445  38.277 0.1111110002
23984  9.632  -46.375  37.692 0.1111110002
23985  8.787  -46.341  37.936 0.1111110002
23986  7.432  -46.206  37.537 0.1111110002
23982  11.861  -46.429  37.877 0.2222220004
84885  11.064  -46.458  38.045 0.2222220004
23965  9.430  -46.422  38.531 0.1111110002
24695  7.359  -45.931  36.091 0.3333329856
24696  6.593  -46.009  35.937 0.4444440007
24697  5.735  -46.080  35.911 0.4444440007
24698  4.882  -46.133  35.831 0.4444440007
86879  4.232  -46.177  35.606 0.2222220004
24694  8.089  -45.903  36.337 0.1111110002
24002  12.194  -46.364  36.979 0.2222220004
23983  10.465  -46.415  37.441 0.2222220004
24693  8.973  -46.077  36.421 0.1111110002
24692  12.852  -46.107  36.317 0.2222220004
24003  11.511  -46.384  36.546 0.2222220004
24004  10.759  -46.356  36.619 0.2222220004
24005  9.819  -46.281  36.764 0.2222220004
24715  7.144  -45.546  35.320 0.4444440007
24708  14.068  -45.168  35.909 0.2222220004
24716  6.275  -45.617  35.150 0.4444440007
24717  5.420  -45.660  35.070 0.4444440007
24738  5.880  -44.933  34.591 0.4444440007
24718  4.721  -45.654  34.999 0.3333329856
88653  4.275  -45.681  34.894 0.2222220004
25354  4.037  -45.182  34.538 0.3333329856
24740  3.389  -45.690  34.249 0.2222220004
24714  7.960  -45.594  35.535 0.4444440007
24711  11.812  -46.054  35.272 0.2222220004
24712  10.952  -45.932  35.223 0.2222220004
24713  9.469  -45.841  35.561 0.2222220004
25868  14.812  -43.499  35.115 0.2222220004
25351  14.387  -44.396  35.215 0.2222220004
24709  13.349  -45.612  35.744 0.2222220004
24733  11.519  -45.564  34.621 0.3333329856
24734  10.667  -45.417  34.672 0.3333329856
24735  9.807  -45.364  34.779 0.3333329856
24737  6.842  -44.923  34.534 0.5555559993
26387  15.138  -42.793  35.172 0.2222220004
25870  14.060  -43.672  34.560 0.2222220004
24731  13.002  -45.388  35.102 0.2222220004
25377  12.502  -44.435  33.830 0.3333329856
25368  7.650  -44.506  34.141 0.5555559993
25369  6.238  -44.291  34.132 0.4444440007
26975  15.142  -42.044  34.967 0.4444440007
24739  5.106  -44.907  34.608 0.4444440007
26988  15.922  -40.908  34.732 0.2222220004
24036  2.549  -46.710  34.380 0.1111110002
76641  8.787  -45.358  34.938 0.4444440007
25367  8.510  -44.714  34.279 0.5555559993
25379  10.801  -44.394  33.701 0.3333329856
25366  9.403  -44.829  34.290 0.5555559993
25382  8.322  -44.109  33.833 0.5555559993
25871  13.211  -43.916  33.956 0.2222220004
25363  12.073  -45.038  34.126 0.3333329856
25883  11.316  -43.682  33.466 0.5555559993
26410  9.935  -42.914  33.712 0.5555559993
25875  7.503  -43.683  33.849 0.6666669846
74616  6.950  -44.259  33.982 0.5555559993
26394  13.510  -42.960  34.269 0.3333329856
88545  12.348  -42.513  33.877 0.5555559993
26408  11.818  -42.828  33.668 0.6666669846
25877  5.827  -43.522  34.287 0.6666669846
80380  5.078  -43.565  34.430 0.5555559993
27539  16.182  -40.245  34.766 0.3333329856
27541  14.613  -40.564  34.627 0.4444440007
25876  6.612  -43.588  34.025 0.7777780294
25373  3.042  -44.792  33.643 0.1111110002
28627  15.844  -38.673  34.955 0.6666669846
28076  15.647  -39.577  34.719 0.3333329856
75410  4.171  -44.189  34.294 0.2222220004
25885  9.553  -43.720  33.624 0.5555559993
26397  10.291  -42.123  33.949 0.5555559993
26398  9.427  -42.217  34.076 0.5555559993
25874  8.353  -43.288  33.831 0.5555559993
76375  13.689  -42.163  34.435 0.5555559993
26991  13.267  -41.379  34.424 0.6666669846
26992  12.302  -41.315  34.302 0.6666669846
81479  10.651  -41.519  34.223 0.5555559993
26400  7.735  -42.703  34.098 0.7777780294
77261  7.023  -42.962  34.120 0.6666669846
27542  13.692  -40.623  34.577 0.5555559993
85373  13.256  -39.928  34.669 0.7777780294
74564  12.656  -40.447  34.623 0.8888890147
28614  16.435  -38.273  35.366 0.6666669846
76274  14.988  -38.852  34.756 0.7777780294
76643  14.138  -38.986  34.621 0.7777780294
25372  3.639  -44.675  34.123 0.2222220004
74010  11.824  -39.782  34.816 0.8888890147
27543  11.634  -40.592  34.607 0.7777780294
27544  10.621  -40.770  34.625 0.8888890147
76779  13.323  -39.163  34.539 0.8888890147
74937  12.580  -39.475  34.656 0.8888890147
89014  11.212  -39.250  34.891 0.8888890147
28079  10.966  -39.928  34.873 0.8888890147
28616  15.150  -37.904  34.748 0.6666669846
28628  14.335  -38.111  34.419 0.7777780294
28078  11.831  -38.913  34.700 0.8888890147
29205  16.584  -37.317  35.644 0.6666669846
28615  15.863  -37.582  35.255 0.6666669846
78839  12.459  -37.644  33.996 0.8888890147
28629  13.375  -38.156  34.214 0.8888890147
28630  12.551  -38.541  34.386 0.8888890147
28631  11.738  -37.929  34.430 0.7777780294
29208  14.532  -37.244  34.212 0.7777780294
29219  13.809  -37.495  33.950 0.8888890147
29195  16.750  -36.537  35.773 0.7777780294
29206  15.942  -36.570  35.605 0.7777780294
29207  15.316  -36.889  34.852 0.7777780294
29938  17.863  -36.397  35.532 0.7777780294
29939  17.001  -36.004  35.735 0.7777780294
29940  16.119  -35.830  35.724 0.7777780294
29221  11.847  -37.088  34.100 0.6666669846
29953  13.693  -36.702  33.427 0.8888890147
29220  13.022  -37.243  33.663 0.8888890147
78242  12.481  -36.426  33.294 0.7777780294
29954  11.754  -36.368  33.814 0.6666669846
29941  15.512  -36.075  35.036 0.7777780294
29942  14.714  -36.381  33.944 0.8888890147
29204  19.626  -36.787  35.387 0.5555559993
84969  18.965  -36.601  34.725 0.5555559993
29951  18.226  -36.186  34.921 0.7777780294
29952  17.385  -35.753  35.115 0.7777780294
30598  16.861  -35.397  34.452 0.7777780294
89290  18.495  -36.370  34.180 0.7777780294
29960  17.792  -35.863  34.096 0.7777780294
30605  17.077  -35.506  33.460 0.7777780294
84233  23.227  -39.747  34.772 0.3333329856
76902  23.502  -39.904  34.083 0.4444440007
30578  14.277  -35.658  33.189 0.8888890147
29943  13.832  -35.919  33.107 0.8888890147
30590  12.815  -35.633  33.165 0.8888890147
76648  20.187  -37.271  34.765 0.4444440007
29203  20.259  -37.184  35.608 0.3333329856
30577  15.790  -35.586  34.904 0.7777780294
82888  15.130  -35.832  33.980 0.8888890147
31174  13.967  -34.786  32.984 0.8888890147
29217  19.613  -37.025  34.336 0.4444440007
30599  16.305  -35.223  33.712 0.8888890147
29218  19.008  -36.819  33.802 0.7777780294
29230  18.444  -36.456  33.373 0.7777780294
29229  19.643  -37.233  33.389 0.7777780294
29238  19.000  -36.964  32.922 0.7777780294
29968  18.454  -36.608  32.461 0.7777780294
73752  23.384  -39.919  35.538 0.3333329856
28053  22.731  -39.492  36.112 0.2222220004
28054  21.935  -38.869  35.998 0.3333329856
28610  22.458  -39.235  35.149 0.3333329856
28089  23.686  -40.023  33.160 0.4444440007
28611  21.418  -38.483  35.221 0.3333329856
28625  21.105  -38.227  34.332 0.4444440007
31175  13.334  -33.578  33.855 0.7777780294
30579  13.182  -34.857  33.284 0.7777780294
30580  12.363  -34.698  34.245 0.6666669846
28100  23.503  -39.793  32.208 0.5555559993
28626  20.679  -37.814  35.002 0.5555559993
30589  15.289  -35.417  33.794 0.8888890147
31183  14.550  -34.892  33.019 0.8888890147
28112  23.452  -39.540  31.395 0.5555559993
29216  20.226  -37.443  33.897 0.6666669846
28639  20.767  -37.957  33.679 0.6666669846
31190  15.712  -35.048  32.858 0.8888890147
31182  15.529  -35.188  33.543 0.8888890147
29969  17.833  -36.023  32.947 0.7777780294
30610  17.193  -35.682  32.400 0.8888890147
30606  16.443  -35.266  32.801 0.7777780294
85775  18.991  -37.030  32.164 0.7777780294
29975  17.875  -36.272  31.924 0.7777780294
28074  22.724  -39.331  34.188 0.3333329856
28101  22.869  -39.472  32.727 0.4444440007
28637  22.236  -38.995  33.337 0.5555559993
28624  21.909  -38.766  34.292 0.4444440007
31184  13.771  -34.060  33.140 0.7777780294
28113  22.763  -39.391  31.827 0.5555559993
28638  21.411  -38.458  33.571 0.5555559993
31191  14.907  -34.884  32.885 0.8888890147
31192  14.020  -34.022  32.878 0.7777780294
28124  23.585  -39.296  30.643 0.5555559993
28657  21.428  -38.722  31.903 0.5555559993
28647  21.499  -38.614  32.768 0.5555559993
88069  20.969  -38.196  33.074 0.5555559993
28670  23.922  -39.030  29.931 0.5555559993
28671  23.025  -38.956  30.076 0.6666669846
28672  22.075  -38.787  30.273 0.6666669846
28673  21.171  -38.422  30.146 0.6666669846
29245  20.101  -37.935  31.037 0.7777780294
29236  20.115  -37.912  31.981 0.7777780294
30611  16.606  -35.301  31.819 0.8888890147
31199  15.817  -34.933  32.171 0.8888890147
28684  24.299  -38.818  29.167 0.6666669846
28700  22.787  -38.415  28.616 0.6666669846
28686  22.505  -38.631  29.439 0.6666669846
29246  19.354  -37.394  31.474 0.7777780294
29247  18.590  -36.775  31.581 0.7777780294
29979  18.073  -36.358  30.873 0.7777780294
76717  17.366  -35.749  31.368 0.7777780294
28721  27.662  -38.307  26.526 0.5555559993
28709  27.323  -38.479  27.364 0.5555559993
28722  26.789  -38.233  26.772 0.7777780294
28710  26.008  -38.411  27.860 0.6666669846
28712  24.582  -38.361  27.802 0.6666669846
29289  23.815  -38.133  27.357 0.6666669846
28699  23.789  -38.449  28.363 0.6666669846
28701  22.070  -38.354  28.856 0.7777780294
29288  24.607  -38.118  26.830 0.7777780294
86147  23.805  -37.924  26.536 0.6666669846
75483  23.101  -37.857  26.757 0.7777780294
76937  13.849  -33.155  32.880 0.8888890147
31200  14.891  -34.532  32.404 0.8888890147
79389  21.456  -38.686  30.986 0.6666669846
29252  20.257  -37.974  30.070 0.7777780294
31205  16.057  -34.826  31.278 0.8888890147
29286  29.034  -37.987  26.744 0.5555559993
28720  28.386  -38.178  26.390 0.5555559993
28687  21.676  -38.430  29.470 0.6666669846
29262  20.841  -38.119  29.329 0.7777780294
81597  19.581  -37.545  29.679 0.7777780294
29265  18.995  -37.105  29.807 0.7777780294
79220  18.428  -36.556  30.037 0.7777780294
30615  17.576  -35.689  30.330 0.8888890147
30616  16.836  -35.196  30.862 0.8888890147
29303  27.060  -38.039  25.890 0.8888890147
29304  26.059  -37.979  26.168 0.8888890147
29305  25.107  -37.872  26.033 0.8888890147
29273  22.958  -38.165  27.688 0.6666669846
29290  22.259  -37.732  27.028 0.7777780294
75859  21.137  -37.865  27.955 0.8888890147
29276  20.553  -37.859  28.440 0.8888890147
29264  19.278  -37.272  28.993 0.8888890147
29983  18.575  -36.619  29.040 0.8888890147
30620  18.039  -36.043  29.601 0.8888890147
30621  17.564  -35.365  29.379 0.8888890147
29321  25.564  -37.658  25.403 0.8888890147
29322  24.765  -37.530  25.097 0.8888890147
29306  24.205  -37.798  25.828 0.8888890147
29307  22.545  -37.310  26.166 0.8888890147
29291  21.384  -37.557  27.250 0.8888890147
77932  23.354  -37.559  25.864 0.8888890147
74214  14.058  -33.194  32.202 0.8888890147
84915  14.913  -33.783  31.100 0.8888890147
31854  14.550  -33.899  31.866 0.8888890147
31212  16.308  -34.630  30.407 0.8888890147
31213  15.585  -34.262  30.782 0.8888890147
29301  28.845  -37.702  25.953 0.6666669846
29277  19.666  -37.474  28.155 0.8888890147
29263  19.994  -37.762  29.100 0.8888890147
31218  16.499  -34.349  29.568 0.8888890147
29317  29.335  -36.968  25.570 0.8888890147
29318  28.569  -37.353  25.171 0.8888890147
29319  27.317  -37.739  25.186 0.8888890147
29320  26.409  -37.600  25.123 0.8888890147
29292  20.431  -37.449  27.484 0.8888890147
29293  19.643  -37.007  27.416 0.8888890147
87700  19.297  -37.019  27.774 0.8888890147
29989  18.525  -36.366  28.133 0.7777780294
30626  18.043  -35.761  28.609 0.8888890147
30627  17.572  -35.023  28.635 0.7777780294
30026  28.143  -36.897  24.324 0.8888890147
29332  27.882  -37.547  24.905 0.8888890147
85822  26.221  -37.062  24.278 0.8888890147
29335  24.529  -37.114  24.089 0.8888890147
30018  22.595  -36.222  25.062 0.7777780294
29324  22.921  -36.900  25.309 0.7777780294
30005  21.306  -36.442  26.088 0.8888890147
29309  20.870  -36.953  26.694 0.8888890147
29323  23.774  -37.271  24.818 0.7777780294
32520  14.276  -32.411  30.955 0.7777780294
32507  14.016  -32.441  31.825 0.4444440007
31865  14.344  -33.171  31.424 0.7777780294
84257  15.509  -33.423  29.629 0.7777780294
31875  14.688  -33.052  30.604 0.8888890147
29987  31.023  -36.313  28.183 0.4444440007
29284  30.606  -36.659  27.501 0.5555559993
29996  30.132  -37.011  26.859 0.5555559993
31884  15.861  -34.011  29.991 0.8888890147
29995  30.460  -36.190  26.763 0.5555559993
31227  17.353  -34.236  28.200 0.7777780294
31228  16.686  -33.948  28.749 0.7777780294
30003  29.972  -36.562  26.112 0.7777780294
30016  28.937  -36.562  24.792 0.8888890147
29997  20.071  -36.733  26.839 0.8888890147
89035  19.578  -36.548  27.035 0.8888890147
30636  18.428  -35.669  27.699 0.7777780294
31226  17.949  -34.959  27.988 0.7777780294
30664  28.990  -35.758  24.439 0.8888890147
30038  27.996  -36.220  23.583 0.8888890147
30040  26.198  -36.113  23.202 0.8888890147
30029  25.441  -36.696  23.628 0.7777780294
29336  23.829  -36.825  23.898 0.7777780294
76465  23.141  -36.092  24.273 0.7777780294
30019  21.803  -36.149  25.644 0.7777780294
30006  20.514  -36.219  26.331 0.7777780294
30007  19.666  -36.002  26.662 0.8888890147
30017  23.287  -36.564  24.410 0.7777780294
32534  14.631  -32.337  30.098 0.5555559993
33178  14.390  -31.682  30.506 0.4444440007
30624  31.349  -35.453  29.062 0.2222220004
29986  31.248  -36.042  28.775 0.3333329856
31885  15.054  -32.924  29.783 0.5555559993
30625  31.175  -35.502  28.326 0.2222220004
30634  30.865  -35.654  27.476 0.5555559993
32554  15.823  -32.474  28.008 0.4444440007
77771  16.026  -33.670  29.195 0.6666669846
31235  30.716  -34.694  27.117 0.6666669846
30645  30.209  -35.661  26.081 0.6666669846
31897  16.204  -33.219  28.385 0.7777780294
89449  29.376  -35.170  24.780 0.8888890147
31238  19.175  -34.339  27.093 0.7777780294
31239  18.499  -34.726  27.444 0.7777780294
31240  17.958  -34.182  27.659 0.6666669846
31270  28.361  -34.778  23.321 0.8888890147
30673  27.823  -35.436  23.085 0.8888890147
31271  27.394  -34.683  22.916 0.8888890147
31273  25.321  -35.089  23.088 0.7777780294
31274  24.516  -35.461  23.145 0.7777780294
30666  23.397  -35.677  23.961 0.7777780294
30032  22.843  -35.768  24.794 0.7777780294
30657  22.098  -35.777  25.496 0.7777780294
30646  21.198  -35.750  25.999 0.7777780294
31250  19.738  -34.938  26.737 0.6666669846
33840  20.445  -30.071  29.555 0.3333329856
34534  19.836  -29.595  29.310 0.2222220004
76618  18.059  -29.256  28.762 0.1111110002
34536  17.259  -29.039  28.801 0.1111110002
34553  15.973  -29.696  28.582 0.1111110002
33843  15.657  -30.362  28.623 0.2222220004
32544  21.721  -32.325  29.262 0.1111110002
33195  21.065  -31.687  28.627 0.3333329856
87757  20.226  -30.665  28.217 0.3333329856
33856  19.709  -30.480  28.080 0.2222220004
33857  18.847  -30.413  28.011 0.2222220004
33858  17.881  -30.341  27.897 0.2222220004
33859  16.933  -30.326  27.915 0.1111110002
84139  15.760  -31.155  28.015 0.2222220004
33860  15.382  -31.101  28.726 0.2222220004
33189  14.770  -31.685  29.672 0.3333329856
82753  31.377  -33.961  28.824 0.2222220004
31224  31.281  -34.755  28.608 0.2222220004
32543  22.332  -32.902  28.840 0.1111110002
33196  20.526  -31.192  28.050 0.3333329856
33873  19.243  -31.008  27.623 0.2222220004
33874  18.289  -31.028  27.620 0.2222220004
33875  17.320  -31.025  27.618 0.2222220004
33876  16.437  -31.046  27.685 0.2222220004
88614  15.435  -31.621  28.314 0.3333329856
84145  15.334  -32.126  28.435 0.3333329856
82914  31.174  -34.124  28.203 0.4444440007
31225  31.047  -34.770  27.877 0.4444440007
77328  23.712  -33.480  28.880 0.1111110002
31896  22.149  -33.009  27.960 0.2222220004
32563  21.286  -32.738  27.650 0.3333329856
80263  20.164  -32.105  27.243 0.2222220004
33209  19.666  -31.578  27.354 0.2222220004
33210  18.666  -31.769  27.283 0.2222220004
32567  17.679  -32.223  27.289 0.2222220004
84393  16.928  -32.367  27.470 0.3333329856
32555  15.678  -31.866  27.839 0.3333329856
82604  30.912  -33.924  27.576 0.4444440007
30654  30.372  -34.740  26.298 0.6666669846
31919  25.016  -33.048  26.347 0.5555559993
31920  24.351  -33.595  26.661 0.4444440007
31921  23.708  -33.896  26.861 0.4444440007
31236  22.950  -33.956  26.869 0.4444440007
31237  22.104  -33.946  26.833 0.4444440007
31908  21.737  -33.404  27.322 0.5555559993
84225  20.624  -32.588  27.358 0.4444440007
32564  20.119  -33.009  27.030 0.4444440007
31910  19.301  -33.329  27.106 0.3333329856
32566  18.532  -32.745  27.218 0.5555559993
31912  17.541  -33.209  27.553 0.5555559993
31913  16.559  -32.780  27.745 0.6666669846
31918  30.554  -33.746  26.705 0.6666669846
30655  29.886  -34.960  25.461 0.7777780294
31940  25.074  -33.569  24.140 0.7777780294
31932  24.410  -33.666  25.751 0.6666669846
31245  23.857  -34.102  26.042 0.6666669846
31246  23.135  -34.370  26.143 0.5555559993
31247  22.347  -34.487  26.260 0.6666669846
89548  21.673  -34.492  26.434 0.6666669846
31923  20.503  -33.755  26.919 0.5555559993
31924  19.879  -33.960  26.860 0.5555559993
31929  30.303  -33.043  26.023 0.7777780294
31255  30.111  -33.971  25.701 0.7777780294
78119  29.441  -34.174  24.669 0.8888890147
79065  27.787  -33.869  22.833 0.8888890147
31948  26.332  -33.717  23.283 0.7777780294
86570  24.574  -34.569  23.618 0.7777780294
31264  23.726  -34.776  24.323 0.7777780294
31257  23.371  -34.628  25.317 0.6666669846
31258  22.616  -35.121  25.512 0.6666669846
31259  21.765  -35.167  26.009 0.7777780294
31248  21.060  -34.903  26.352 0.7777780294
31249  20.444  -34.497  26.634 0.5555559993
31938  29.257  -33.025  23.963 0.8888890147
78784  28.240  -33.929  23.047 0.8888890147
31880  31.641  -33.775  29.675 0.1111110002
31891  31.426  -33.211  28.949 0.3333329856
31892  31.100  -33.267  28.205 0.4444440007
31903  30.776  -33.064  27.382 0.5555559993
82548  30.560  -32.873  26.748 0.5555559993
32584  25.515  -32.606  25.605 0.7777780294
31930  29.821  -33.127  25.060 0.7777780294
32602  26.855  -32.816  23.293 0.7777780294
32592  26.210  -32.274  23.936 0.7777780294
32581  30.120  -32.291  25.501 0.8888890147
32600  28.212  -32.431  22.903 0.8888890147
32601  27.638  -32.233  22.930 0.8888890147
33254  27.092  -31.684  23.499 0.7777780294
32540  31.697  -32.757  29.453 0.2222220004
32574  25.638  -32.479  26.461 0.3333329856
32549  31.295  -32.420  28.620 0.4444440007
32550  30.911  -32.435  27.839 0.4444440007
32573  26.014  -32.069  25.967 0.5555559993
33232  26.272  -31.421  25.415 0.5555559993
32560  30.647  -32.341  27.138 0.6666669846
32572  30.456  -32.297  26.378 0.6666669846
33243  26.550  -31.459  24.409 0.6666669846
33895  26.628  -30.582  25.049 0.6666669846
33251  28.913  -31.700  23.524 0.8888890147
33252  28.325  -31.676  23.113 0.8888890147
33915  27.617  -30.937  23.544 0.7777780294
33231  30.020  -31.500  24.945 0.8888890147
33894  29.682  -30.696  24.377 1.0000000000
33902  28.793  -30.921  23.672 1.0000000000
33914  28.107  -30.928  23.365 1.0000000000
32551  26.262  -31.786  28.486 0.2222220004
32539  32.121  -32.246  29.991 0.2222220004
33206  26.195  -31.741  27.629 0.3333329856
78966  26.014  -32.243  27.866 0.3333329856
33185  31.747  -31.959  29.237 0.3333329856
32561  26.120  -32.067  26.928 0.3333329856
33870  26.067  -31.107  26.924 0.4444440007
33194  31.074  -31.959  28.075 0.4444440007
33884  26.196  -30.804  25.956 0.6666669846
33205  30.857  -31.856  27.471 0.5555559993
34603  27.138  -30.038  24.588 0.8888890147
35282  27.094  -29.168  24.748 1.0000000000
33221  30.687  -31.738  26.726 0.7777780294
34608  27.925  -30.265  23.749 1.0000000000
34602  27.630  -29.656  24.223 1.0000000000
35281  27.731  -28.790  24.375 1.0000000000
33230  30.467  -31.609  25.862 1.0000000000
33893  30.488  -30.746  25.219 1.0000000000
78697  29.010  -30.000  24.067 1.0000000000
33903  28.349  -30.314  23.757 1.0000000000
33175  26.362  -31.730  30.602 0.1111110002
32529  26.141  -32.196  30.110 0.2222220004
33186  26.355  -31.653  29.860 0.2222220004
32541  26.253  -32.101  29.316 0.2222220004
84804  26.289  -31.527  29.207 0.2222220004
75079  25.921  -30.973  27.898 0.3333329856
33885  25.996  -30.176  26.453 0.6666669846
33184  32.421  -31.604  29.634 0.2222220004
80642  26.308  -30.077  25.743 0.6666669846
33852  32.155  -31.379  28.836 0.3333329856
34580  26.001  -29.308  26.005 0.6666669846
34592  26.596  -29.630  25.241 0.7777780294
35271  26.443  -28.706  25.298 0.8888890147
33193  31.513  -31.710  28.464 0.5555559993
33204  31.337  -31.485  27.740 0.6666669846
33220  31.124  -31.276  27.006 0.8888890147
34601  28.295  -29.488  24.072 1.0000000000
33883  30.879  -31.058  26.194 1.0000000000
35280  28.505  -28.561  24.292 1.0000000000
33824  26.272  -30.988  30.341 0.1111110002
33838  26.166  -30.888  29.587 0.2222220004
33854  26.020  -30.881  28.776 0.3333329856
33871  25.730  -30.200  27.303 0.6666669846
34581  25.684  -29.568  26.779 0.6666669846
33837  32.914  -31.068  29.155 0.2222220004
80350  32.636  -30.786  28.369 0.3333329856
33853  31.929  -31.114  28.062 0.6666669846
33868  32.350  -30.478  27.604 0.7777780294
35270  27.108  -28.240  24.799 1.0000000000
33869  31.676  -30.827  27.308 0.8888890147
33881  32.012  -30.117  26.830 1.0000000000
33882  31.376  -30.558  26.530 1.0000000000
35954  27.879  -27.907  24.452 1.0000000000
33892  31.016  -30.307  25.731 1.0000000000
81099  29.962  -29.863  24.529 1.0000000000
34600  29.159  -29.189  24.258 1.0000000000
35279  29.301  -28.501  24.316 1.0000000000
84654  26.329  -31.108  30.990 0.1111110002
76210  26.236  -30.286  30.893 0.2222220004
33825  25.994  -30.110  30.098 0.2222220004
34519  25.649  -29.215  29.770 0.1111110002
33839  25.750  -30.040  29.234 0.2222220004
35228  25.346  -28.408  29.385 0.2222220004
33855  25.517  -29.960  28.243 0.4444440007
34533  25.344  -29.141  28.883 0.2222220004
34549  25.157  -29.014  28.121 0.4444440007
34565  25.366  -29.337  27.443 0.6666669846
35250  25.086  -28.430  27.525 0.5555559993
35931  25.339  -27.823  26.787 0.5555559993
35260  25.458  -28.782  26.715 0.6666669846
35259  25.844  -28.248  25.993 0.6666669846
33851  33.435  -30.516  28.637 0.3333329856
35942  26.465  -27.717  25.379 0.7777780294
33867  33.093  -30.180  27.889 0.5555559993
34564  32.796  -29.888  27.112 0.6666669846
36580  26.738  -26.788  25.674 1.0000000000
34579  31.589  -29.814  26.022 0.8888890147
34590  31.108  -29.638  25.228 1.0000000000
35941  27.264  -27.303  24.939 1.0000000000
36579  27.558  -26.406  25.273 1.0000000000
34599  30.461  -29.380  24.702 1.0000000000
80029  29.817  -29.102  24.440 1.0000000000
35953  28.686  -27.794  24.341 1.0000000000
35940  28.081  -27.058  24.627 1.0000000000
36596  28.706  -27.002  24.426 1.0000000000
36578  28.256  -26.181  24.986 1.0000000000
35243  25.033  -28.208  28.490 0.3333329856
35922  25.096  -27.494  27.715 0.4444440007
35930  25.986  -27.283  26.190 0.7777780294
34563  33.487  -29.763  27.397 0.5555559993
36564  26.345  -26.400  26.559 0.8888890147
34578  32.470  -29.399  26.199 0.6666669846
35269  31.745  -29.155  25.341 0.8888890147
34598  31.026  -28.907  24.666 1.0000000000
35278  30.122  -28.536  24.357 1.0000000000
35952  29.360  -27.804  24.248 1.0000000000
81061  25.267  -27.761  29.128 0.4444440007
36539  25.676  -26.669  28.701 0.4444440007
36551  25.435  -26.651  27.965 0.4444440007
35921  25.643  -26.922  27.085 0.4444440007
36563  27.179  -25.976  26.153 1.0000000000
34575  35.036  -29.117  26.868 0.2222220004
34576  34.143  -29.051  26.375 0.3333329856
34577  33.407  -29.411  26.698 0.5555559993
34589  33.348  -28.956  25.885 0.4444440007
35268  32.562  -28.762  25.256 0.7777780294
36562  28.020  -25.640  25.860 1.0000000000
35265  35.570  -28.299  25.763 0.3333329856
35258  34.804  -28.638  25.931 0.3333329856
34588  33.993  -28.655  25.717 0.3333329856
35277  31.718  -28.459  24.619 1.0000000000
35951  29.861  -27.703  24.178 1.0000000000
89057  34.952  -28.126  25.331 0.3333329856
35266  34.208  -28.238  25.199 0.3333329856
35267  33.370  -28.432  25.147 0.8888890147
35950  30.669  -27.921  24.197 1.0000000000
36594  29.691  -26.903  24.159 1.0000000000
36595  29.163  -26.976  24.264 1.0000000000
36577  28.653  -26.059  24.796 1.0000000000
36561  28.686  -25.426  25.702 0.8888890147
35276  32.506  -28.093  24.503 1.0000000000
35949  31.476  -27.562  24.093 1.0000000000
36560  29.116  -25.257  25.576 1.0000000000
37333  28.620  -25.194  26.618 0.8888890147
35939  34.512  -27.603  24.727 0.7777780294
35275  33.410  -27.674  24.451 1.0000000000
36593  30.334  -26.728  24.039 1.0000000000
36575  29.525  -25.811  24.425 1.0000000000
36559  29.512  -25.175  25.336 1.0000000000
35948  32.249  -27.222  23.891 1.0000000000
36592  31.078  -26.397  23.844 1.0000000000
36550  26.052  -26.138  27.482 0.5555559993
36549  26.882  -25.757  27.092 0.7777780294
37334  27.758  -25.421  26.798 0.8888890147
35929  36.820  -27.852  25.914 0.2222220004
35256  36.280  -28.412  26.320 0.2222220004
35257  35.539  -28.700  26.359 0.2222220004
86276  36.152  -27.958  25.656 0.3333329856
35936  37.216  -27.361  25.454 0.2222220004
35937  36.445  -27.471  25.221 0.3333329856
36572  36.853  -26.998  24.742 0.3333329856
35938  35.522  -27.623  25.070 0.3333329856
37331  29.940  -24.862  26.545 1.0000000000
37332  29.311  -25.000  26.514 0.8888890147
35945  35.987  -26.973  24.434 0.4444440007
35946  34.965  -26.944  24.211 0.7777780294
35947  33.921  -26.988  23.975 1.0000000000
74531  32.963  -26.887  23.792 1.0000000000
81944  31.981  -25.937  23.529 1.0000000000
36574  30.101  -25.545  24.227 1.0000000000
37344  29.986  -25.125  25.097 1.0000000000
37330  30.240  -24.834  26.139 1.0000000000
36591  33.244  -26.222  23.449 1.0000000000
36573  30.783  -25.055  23.927 1.0000000000
37292  27.794  -25.396  29.093 0.5555559993
37305  27.275  -25.460  28.551 0.7777780294
37318  27.476  -25.326  27.714 0.7777780294
36571  37.551  -26.949  24.958 0.2222220004
37303  29.180  -25.102  28.379 0.7777780294
37317  28.406  -25.113  27.529 0.8888890147
37316  29.281  -24.969  27.359 0.8888890147
77685  29.865  -24.866  27.171 0.8888890147
37315  30.392  -24.835  27.432 0.8888890147
37329  30.979  -24.718  26.221 1.0000000000
37314  30.914  -24.817  27.243 1.0000000000
36589  36.571  -26.436  23.947 0.6666669846
74862  35.477  -26.147  23.549 0.6666669846
36590  34.309  -26.271  23.524 0.8888890147
36601  33.668  -25.616  23.216 1.0000000000
37343  30.581  -24.915  24.782 1.0000000000
37364  32.695  -25.182  23.247 1.0000000000
37353  31.638  -24.427  23.668 1.0000000000
37291  28.564  -25.358  29.201 0.5555559993
37304  28.094  -25.180  28.417 0.7777780294
36570  37.961  -27.194  25.604 0.1111110002
74775  30.806  -24.973  28.141 0.7777780294
75301  30.016  -24.907  27.902 0.7777780294
85811  37.240  -26.630  24.370 0.2222220004
81900  31.425  -24.557  25.612 1.0000000000
37342  31.350  -24.323  24.376 1.0000000000
37362  34.534  -25.415  23.142 0.8888890147
37282  28.847  -25.624  30.061 0.4444440007
37290  29.527  -25.399  29.401 0.5555559993
37289  30.474  -25.453  29.675 0.3333329856
35935  38.790  -26.864  25.474 0.1111110002
78548  30.243  -25.167  28.779 0.3333329856
36587  38.525  -26.378  24.609 0.2222220004
84910  38.134  -26.803  25.036 0.2222220004
77253  31.611  -25.024  28.231 0.4444440007
78549  31.246  -25.243  29.065 0.3333329856
75032  37.824  -26.493  24.432 0.3333329856
37328  32.140  -24.731  26.768 0.7777780294
37313  31.856  -24.883  27.495 0.5555559993
36588  37.290  -26.035  23.796 0.3333329856
89575  35.410  -25.163  23.023 0.8888890147
37363  33.598  -24.773  23.048 1.0000000000
74964  32.605  -24.261  23.216 1.0000000000
87047  31.550  -23.849  23.889 1.0000000000
36569  39.757  -26.702  25.521 0.1111110002
78584  32.115  -25.432  30.263 0.2222220004
87473  31.892  -25.356  29.578 0.3333329856
36586  39.347  -26.304  24.761 0.1111110002
37352  38.093  -25.839  23.877 0.3333329856
37302  32.283  -24.992  28.301 0.4444440007
36600  36.438  -25.409  23.213 0.5555559993
37312  32.694  -24.835  27.851 0.5555559993
37977  35.876  -24.483  22.728 0.7777780294
75453  34.729  -24.448  22.878 0.8888890147
37978  33.636  -24.069  23.059 1.0000000000
37960  32.096  -23.783  24.293 0.8888890147
37953  32.443  -24.289  25.765 0.7777780294
37989  35.453  -24.055  22.703 0.8888890147
86008  34.669  -24.061  22.922 0.8888890147
38581  33.251  -23.682  23.459 1.0000000000
37967  32.637  -23.676  23.572 1.0000000000
37287  32.574  -25.162  29.647 0.2222220004
83056  32.924  -24.881  28.868 0.4444440007
37946  33.116  -24.588  27.224 0.5555559993
81020  9.075  -46.263  37.210 0.2222220004
75807  8.635  -45.777  35.745 0.3333329856
24022  12.063  -46.321  36.041 0.2222220004
24024  10.290  -46.158  35.888 0.2222220004
24023  11.231  -46.282  35.897 0.2222220004
88324  9.628  -46.127  36.140 0.2222220004
24736  7.806  -45.127  34.750 0.5555559993
25352  13.614  -44.987  35.122 0.2222220004
78855  3.529  -46.542  36.129 0.2222220004
25353  4.483  -44.920  34.559 0.4444440007
25355  3.766  -45.657  34.560 0.2222220004
24719  3.464  -46.383  35.039 0.2222220004
24720  3.036  -46.534  34.751 0.2222220004
24710  12.606  -45.908  35.507 0.2222220004
24732  12.368  -45.547  34.762 0.2222220004
75827  10.233  -45.763  35.205 0.2222220004
25364  11.182  -44.980  34.121 0.3333329856
25365  10.299  -44.889  34.205 0.3333329856
25380  9.921  -44.346  33.800 0.5555559993
26393  14.400  -42.686  34.741 0.2222220004
25362  12.967  -44.842  34.427 0.2222220004
25361  13.701  -44.375  34.570 0.2222220004
25882  12.283  -43.754  33.552 0.3333329856
26989  15.262  -41.190  34.702 0.4444440007
25370  5.472  -44.247  34.294 0.5555559993
25371  4.791  -44.221  34.367 0.5555559993
27540  15.455  -40.386  34.640 0.3333329856
26974  15.894  -41.598  34.980 0.2222220004
24741  2.748  -45.804  33.745 0.1111110002
25381  9.098  -44.280  33.881 0.5555559993
25378  11.717  -44.450  33.637 0.4444440007
25884  10.387  -43.692  33.523 0.5555559993
26409  10.818  -42.863  33.668 0.5555559993
25872  12.695  -43.024  33.881 0.4444440007
26395  12.846  -42.190  34.114 0.6666669846
74184  11.986  -42.019  33.930 0.6666669846
26396  11.156  -42.094  33.895 0.5555559993
26993  11.393  -41.365  34.249 0.7777780294
28077  14.825  -39.723  34.696 0.5555559993
88796  16.361  -38.888  35.181 0.5555559993
74638  4.103  -43.188  34.508 0.5555559993
25873  9.125  -43.028  33.804 0.5555559993
25886  8.887  -43.736  33.717 0.5555559993
26994  9.803  -41.375  34.439 0.6666669846
26399  8.570  -42.420  34.120 0.6666669846
26990  14.318  -41.537  34.600 0.4444440007
75736  7.893  -41.860  34.493 0.7777780294
26401  6.258  -42.691  34.536 0.4444440007
76069  13.990  -39.850  34.659 0.7777780294
25878  4.512  -43.630  34.423 0.5555559993
84955  12.264  -36.965  33.627 0.7777780294
30576  16.497  -35.547  35.227 0.7777780294
30591  11.890  -35.578  33.847 0.6666669846
30588  16.079  -35.353  34.425 0.8888890147
28090  22.995  -39.526  33.496 0.4444440007
88470  20.589  -37.725  34.318 0.6666669846
75887  24.150  -39.846  31.726 0.5555559993
28655  22.708  -39.174  30.928 0.6666669846
83216  20.313  -37.767  32.980 0.6666669846
29237  19.561  -37.399  32.479 0.6666669846
86226  13.582  -33.231  33.692 0.5555559993
80501  13.684  -33.037  33.474 0.6666669846
28646  22.140  -39.043  32.344 0.5555559993
28656  22.074  -39.011  31.472 0.5555559993
31855  14.185  -33.831  32.443 0.8888890147
87872  22.061  -38.937  30.903 0.6666669846
28648  20.831  -38.282  32.376 0.7777780294
31206  15.273  -34.430  31.616 0.8888890147
28685  23.388  -38.724  29.274 0.5555559993
28674  20.748  -38.306  30.744 0.7777780294
28658  20.754  -38.344  31.509 0.7777780294
29253  19.480  -37.522  30.453 0.7777780294
29254  18.800  -36.970  30.694 0.7777780294
88092  18.050  -36.166  30.216 0.7777780294
85876  26.600  -38.397  27.485 0.6666669846
28723  26.036  -38.256  27.091 0.8888890147
29287  25.426  -38.143  26.726 0.8888890147
28711  25.322  -38.321  27.434 0.7777780294
29274  21.998  -38.048  28.014 0.6666669846
29275  21.383  -38.131  28.689 0.7777780294
29302  28.015  -38.034  25.639 0.7777780294
31211  16.995  -34.991  29.948 0.8888890147
29988  18.992  -36.945  28.213 0.8888890147
29334  25.476  -37.274  24.568 0.8888890147
29308  21.707  -37.113  26.461 0.8888890147
31874  15.245  -33.603  30.317 0.8888890147
29300  29.555  -37.357  26.351 0.7777780294
31217  17.097  -34.681  29.079 0.7777780294
29333  27.162  -37.192  24.447 0.8888890147
88947  19.056  -36.432  27.424 0.8888890147
30027  27.463  -36.617  23.824 0.8888890147
30028  26.626  -36.608  23.730 0.8888890147
30030  24.320  -36.519  23.389 0.8888890147
30004  22.110  -36.626  25.764 0.7777780294
31898  15.507  -32.872  28.908 0.5555559993
85015  16.854  -33.494  28.068 0.6666669846
81234  29.650  -35.994  25.264 0.7777780294
78919  28.522  -36.227  24.129 0.8888890147
30635  19.041  -35.375  27.099 0.7777780294
30665  28.447  -35.600  23.689 0.8888890147
30039  27.222  -36.119  23.301 0.8888890147
30674  26.885  -35.497  23.022 0.8888890147
30041  25.041  -35.978  23.074 0.7777780294
30043  23.700  -35.862  23.390 0.7777780294
30031  23.602  -36.228  23.608 0.7777780294
30656  23.177  -35.274  24.748 0.7777780294
30647  20.389  -35.412  26.417 0.6666669846
32545  14.998  -32.271  29.249 0.3333329856
30644  30.545  -35.392  26.742 0.6666669846
31263  28.911  -34.931  24.059 0.8888890147
31911  18.527  -33.734  27.371 0.5555559993
86577  27.963  -34.582  22.899 0.8888890147
31272  26.376  -34.674  23.058 0.7777780294
30675  25.966  -35.545  23.050 0.7777780294
31275  23.900  -35.425  23.429 0.7777780294
30042  24.047  -35.964  23.080 0.7777780294
33188  20.647  -30.817  28.918 0.3333329856
33177  20.943  -30.744  30.042 0.2222220004
33841  20.082  -30.205  28.717 0.2222220004
33842  19.338  -29.963  28.634 0.2222220004
34550  18.444  -29.784  28.424 0.1111110002
34551  17.515  -29.690  28.291 0.1111110002
34552  16.622  -29.643  28.390 0.1111110002
76098  16.150  -30.349  28.105 0.1111110002
33187  21.262  -31.552  29.631 0.1111110002
32533  21.943  -32.263  30.345 0.1111110002
33872  20.010  -30.973  27.695 0.2222220004
33211  17.738  -31.586  27.406 0.2222220004
33212  16.838  -31.737  27.423 0.2222220004
33197  15.132  -31.693  28.906 0.2222220004
32553  21.534  -32.426  28.323 0.3333329856
33207  20.792  -31.979  27.767 0.3333329856
33208  20.245  -31.505  27.550 0.2222220004
32568  16.208  -32.132  27.502 0.3333329856
31906  23.556  -33.638  27.793 0.3333329856
31895  22.987  -33.337  28.392 0.3333329856
31907  22.647  -33.534  27.500 0.2222220004
32565  19.434  -32.376  27.149 0.3333329856
76345  24.795  -33.204  27.170 0.4444440007
31931  24.924  -33.197  25.193 0.5555559993
31905  24.278  -33.574  27.512 0.4444440007
31922  21.202  -34.027  26.804 0.5555559993
31909  20.906  -33.250  27.188 0.4444440007
32593  25.542  -32.798  24.545 0.7777780294
31256  23.942  -34.195  25.246 0.7777780294
31941  24.379  -33.911  24.686 0.7777780294
31269  28.811  -34.004  23.662 0.8888890147
76326  27.116  -33.802  23.024 0.8888890147
31947  27.644  -33.024  22.889 0.7777780294
31949  25.554  -34.114  23.398 0.7777780294
31939  25.853  -33.177  23.689 0.7777780294
31945  28.550  -33.128  23.235 0.8888890147
32599  28.765  -32.328  23.332 0.8888890147
31953  27.942  -32.521  22.759 0.8888890147
32583  26.029  -32.117  24.967 0.6666669846
32582  29.670  -32.259  24.542 0.8888890147
32591  29.240  -32.158  23.826 0.8888890147
33259  27.995  -32.048  22.781 0.8888890147
33253  27.822  -31.563  23.068 0.7777780294
33222  26.177  -31.524  26.252 0.4444440007
33905  27.080  -30.817  24.103 0.6666669846
33242  29.417  -31.513  24.092 1.0000000000
33904  27.515  -30.349  23.998 1.0000000000
34591  30.655  -30.023  25.059 1.0000000000
34562  34.163  -29.473  27.192 0.3333329856
36576  29.043  -25.947  24.606 1.0000000000
37319  26.646  -25.647  27.968 0.7777780294
81353  32.116  -25.158  28.952 0.4444440007
37966  32.127  -23.814  23.640 1.0000000000
37288  31.322  -25.488  29.984 0.2222220004
37277  33.149  -25.181  30.526 0.2222220004
37979  32.756  -23.876  23.359 1.0000000000
26402  5.331  -42.824  34.699 0.4444440007
81182  7.068  -42.205  34.553 0.5555559993
26998  5.546  -42.069  35.150 0.2222220004
26978  4.916  -41.486  35.798 0.2222220004
26997  6.330  -41.771  35.050 0.2222220004
27547  8.010  -41.013  34.834 0.6666669846
26995  8.805  -41.616  34.476 0.6666669846
26996  7.100  -41.354  34.967 0.3333329856
27546  8.984  -40.808  34.790 0.6666669846
27545  9.756  -40.596  34.787 0.6666669846
27527  9.205  -40.021  35.049 0.6666669846
27526  10.092  -39.988  34.995 0.7777780294
26977  6.272  -41.002  35.599 0.2222220004
26976  7.079  -40.419  35.467 0.3333329856
27528  8.212  -40.139  35.158 0.6666669846
28058  10.366  -39.110  35.069 0.6666669846
28059  9.546  -39.405  35.229 0.6666669846
28618  9.393  -38.583  35.514 0.5555559993
28057  11.093  -38.484  34.898 0.6666669846
28617  10.329  -38.122  35.243 0.5555559993
29197  9.634  -37.664  35.743 0.3333329856
29210  10.402  -37.257  35.372 0.4444440007
29222  11.439  -37.207  34.569 0.4444440007
75423  9.854  -36.854  35.995 0.3333329856
29944  10.489  -36.460  35.430 0.2222220004
30593  10.998  -36.251  34.934 0.3333329856
29955  11.383  -36.576  34.434 0.4444440007
30570  10.993  -35.052  35.949 0.2222220004
85988  10.791  -35.710  35.421 0.2222220004
30581  11.492  -35.025  35.024 0.2222220004
30592  11.310  -35.867  34.477 0.3333329856
86931  12.779  -34.251  34.146 0.5555559993
31170  12.348  -33.784  36.241 0.1111110002
31176  12.617  -33.784  35.037 0.1111110002
31177  12.037  -34.256  35.363 0.2222220004
76243  13.117  -33.992  34.048 0.4444440007
28695  27.820  -38.935  28.602 0.2222220004
28696  26.854  -38.682  28.268 0.5555559993
31839  13.374  -32.741  34.686 0.2222220004
31840  13.077  -33.185  34.955 0.3333329856
28694  28.531  -38.901  28.783 0.3333329856
77152  28.460  -38.625  28.137 0.4444440007
87930  27.756  -38.679  27.909 0.2222220004
33811  21.676  -30.425  31.841 0.1111110002
33812  21.197  -29.779  31.340 0.1111110002
33826  21.366  -30.583  30.972 0.1111110002
32481  13.582  -32.364  34.297 0.2222220004
28708  28.283  -38.446  27.226 0.4444440007
33137  13.641  -31.621  34.043 0.2222220004
77300  13.706  -32.364  33.453 0.3333329856
32493  13.836  -32.413  32.655 0.3333329856
32530  25.413  -32.641  30.450 0.1111110002
31871  24.923  -33.076  29.822 0.2222220004
31881  24.332  -33.390  29.349 0.2222220004
32542  25.630  -32.589  29.541 0.2222220004
31893  25.060  -33.036  28.857 0.2222220004
32552  25.852  -32.423  28.703 0.2222220004
82305  25.473  -32.703  28.135 0.2222220004
32562  25.458  -32.694  27.278 0.2222220004
31894  24.304  -33.486  28.425 0.3333329856
31904  24.892  -33.155  27.919 0.2222220004
86129  34.635  -23.389  23.658 0.7777780294
35910  25.270  -27.292  28.566 0.3333329856
38569  34.538  -23.234  24.130 0.7777780294
38570  33.830  -23.405  23.752 0.7777780294
35898  25.705  -27.156  29.393 0.3333329856
74624  34.722  -23.497  25.669 0.7777780294
37952  33.543  -23.651  25.168 0.6666669846
39170  36.321  -22.818  26.370 0.6666669846
39182  35.481  -23.228  25.519 0.6666669846
38560  34.553  -23.358  24.843 0.7777780294
38561  32.898  -23.488  23.958 0.7777780294
39169  37.044  -22.118  26.617 0.7777780294
39190  35.373  -23.125  24.620 0.7777780294
39876  37.719  -21.631  26.653 0.7777780294
36528  26.228  -26.311  29.256 0.3333329856
36527  27.126  -25.774  29.422 0.4444440007
38539  36.262  -23.181  28.417 0.3333329856
38546  36.165  -23.125  27.461 0.4444440007
38547  35.388  -23.694  27.366 0.4444440007
38554  34.590  -23.754  26.464 0.7777780294
39866  37.036  -21.858  28.186 0.4444440007
76474  36.655  -22.508  28.228 0.5555559993
38553  35.491  -23.396  26.466 0.5555559993
39161  36.772  -22.347  27.398 0.6666669846
40500  37.932  -20.778  28.033 0.7777780294
39160  37.421  -21.584  27.567 0.7777780294
40499  38.382  -20.243  28.158 0.7777780294
37283  27.969  -25.571  29.820 0.4444440007
39145  36.365  -22.766  29.619 0.1111110002
87653  33.930  -24.436  27.677 0.4444440007
78268  36.287  -23.215  29.105 0.2222220004
80247  35.876  -23.638  28.070 0.3333329856
37940  35.352  -24.072  28.240 0.2222220004
37945  34.617  -24.140  27.500 0.3333329856
39842  34.489  -20.945  29.872 0.1111110002
39841  35.425  -20.953  29.920 0.1111110002
39840  36.196  -21.272  29.721 0.3333329856
39855  36.790  -21.683  29.010 0.5555559993
39153  36.502  -22.560  28.979 0.3333329856
78984  33.724  -24.196  26.664 0.5555559993
40474  35.052  -20.186  29.589 0.1111110002
40473  35.998  -20.223  29.678 0.2222220004
40472  36.793  -20.571  29.213 0.4444440007
41102  35.628  -19.401  29.125 0.1111110002
40471  37.310  -19.991  28.878 0.3333329856
39854  37.324  -21.004  28.564 0.6666669846
40488  37.847  -20.248  28.531 0.7777780294
37281  29.766  -25.645  30.279 0.2222220004
38540  35.922  -23.815  28.885 0.2222220004
37933  35.904  -24.193  29.584 0.1111110002
37941  33.551  -24.664  28.255 0.2222220004
73782  35.360  -24.297  29.098 0.2222220004
84898  34.534  -24.439  28.501 0.2222220004
87889  34.789  -24.509  29.361 0.1111110002
37301  33.942  -24.705  29.242 0.2222220004
89403  33.278  -24.932  29.673 0.3333329856
37286  33.843  -24.851  30.032 0.2222220004
37934  34.578  -24.657  29.968 0.1111110002
28707  29.262  -38.135  27.666 0.4444440007
33168  14.079  -31.707  31.368 0.3333329856
36538  26.031  -26.126  28.334 0.4444440007
26403  4.573  -42.945  34.727 0.4444440007
75888  20.818  -29.961  30.490 0.1111110002
29209  11.018  -37.639  34.895 0.4444440007
29223  11.003  -36.879  34.970 0.4444440007
79257  33.801  -23.353  24.296 0.7777780294
37306  26.623  -25.805  28.708 0.4444440007
36521  27.422  -25.961  30.320 0.3333329856
85997  37.987  -21.129  27.294 0.7777780294
40487  38.468  -19.942  28.215 0.7777780294
80368  36.474  -22.052  29.531 0.5555559993
87359  37.316  -20.409  28.820 0.5555559993
41116  37.814  -19.724  28.463 0.7777780294
24025  2.820  -46.821  35.698 0.1111110002
24700  3.250  -46.597  35.791 0.1111110002
24011  4.167  -46.465  36.560 0.3333329856
25879  3.728  -43.542  34.149 0.2222220004
25880  3.214  -43.767  33.705 0.1111110002
26388  4.688  -42.194  35.212 0.2222220004
86791  10.938  -46.425  38.844 0.1111110002
23950  11.713  -46.380  39.254 0.1111110002
23948  13.596  -46.605  39.554 0.1111110002
84137  13.834  -46.297  38.543 0.1111110002
23949  12.616  -46.422  39.510 0.1111110002
81977  13.094  -46.426  38.942 0.1111110002
24676  13.451  -46.112  37.676 0.1111110002
23962  12.364  -46.386  38.624 0.1111110002
24690  14.377  -45.278  36.690 0.1111110002
23981  12.660  -46.315  37.772 0.1111110002
28060  8.603  -39.302  35.507 0.4444440007
24691  13.671  -45.775  36.705 0.1111110002
24662  14.779  -45.992  38.525 0.1111110002
74584  8.837  -37.996  36.154 0.2222220004
86767  8.500  -38.564  35.905 0.3333329856
25342  14.736  -44.708  36.198 0.1111110002
24661  15.502  -45.667  38.663 0.1111110002
25326  15.905  -44.921  38.412 0.1111110002
24674  15.211  -45.318  37.964 0.1111110002
24689  14.995  -45.052  37.066 0.1111110002
84944  9.210  -37.350  36.576 0.1111110002
85804  16.025  -44.245  37.860 0.1111110002
25861  15.901  -43.955  37.106 0.1111110002
79186  15.344  -44.334  36.648 0.1111110002
26382  15.975  -43.014  36.002 0.1111110002
25865  15.675  -43.632  36.295 0.1111110002
25867  15.434  -43.238  35.618 0.1111110002
26359  17.465  -42.523  38.665 0.1111110002
25852  16.746  -43.611  38.584 0.1111110002
78986  17.206  -42.355  37.949 0.1111110002
26360  16.924  -42.960  38.224 0.1111110002
26371  17.296  -41.857  37.397 0.1111110002
26372  16.798  -42.618  37.243 0.1111110002
25864  16.205  -43.193  36.743 0.1111110002
26960  17.341  -41.132  36.757 0.1111110002
26380  17.006  -41.941  36.647 0.1111110002
26381  16.527  -42.422  36.134 0.1111110002
26386  15.833  -42.453  35.424 0.1111110002
27513  17.135  -40.625  35.866 0.1111110002
26961  16.897  -41.535  35.928 0.1111110002
26385  16.388  -41.834  35.457 0.1111110002
26973  16.518  -40.999  35.178 0.2222220004
27525  16.769  -40.030  35.273 0.1111110002
28075  16.302  -39.445  34.997 0.2222220004
28036  22.107  -39.254  36.845 0.2222220004
26933  18.078  -42.020  39.017 0.1111110002
26941  18.241  -41.120  38.649 0.1111110002
26949  17.710  -41.141  37.722 0.1111110002
74075  26.473  -39.970  31.853 0.2222220004
27503  18.157  -40.386  37.985 0.1111110002
28110  25.602  -39.803  31.556 0.3333329856
28020  18.107  -39.701  37.331 0.1111110002
28055  17.637  -38.649  36.100 0.2222220004
85548  17.820  -39.412  36.552 0.2222220004
27524  17.325  -39.678  35.933 0.1111110002
29194  17.492  -37.425  35.907 0.3333329856
88108  24.070  -39.588  31.088 0.4444440007
28613  17.041  -38.126  35.685 0.4444440007
28018  21.742  -39.369  37.716 0.2222220004
77475  20.936  -39.605  39.378 0.1111110002
27996  20.176  -39.406  39.520 0.1111110002
88289  21.392  -38.915  37.253 0.2222220004
28576  20.943  -38.878  37.902 0.2222220004
27997  19.592  -39.627  39.426 0.1111110002
28600  21.366  -38.637  36.632 0.2222220004
77032  20.765  -38.421  37.197 0.2222220004
28005  20.408  -39.007  38.678 0.1111110002
28577  19.852  -38.629  38.293 0.1111110002
27998  19.112  -39.985  39.269 0.1111110002
77105  18.864  -40.729  39.439 0.1111110002
28096  27.330  -40.049  32.016 0.1111110002
28097  26.852  -40.131  32.779 0.2222220004
28585  20.260  -38.416  37.805 0.1111110002
28578  19.402  -38.718  37.971 0.1111110002
27492  18.650  -40.189  38.717 0.1111110002
28601  20.716  -38.043  36.500 0.2222220004
29181  20.159  -37.764  37.003 0.1111110002
28586  19.768  -38.194  37.525 0.1111110002
28019  18.780  -39.076  37.683 0.1111110002
28099  24.939  -40.011  32.032 0.3333329856
28038  18.351  -38.862  36.808 0.1111110002
28111  24.768  -39.651  31.262 0.4444440007
79486  28.403  -40.141  32.734 0.1111110002
27560  28.872  -40.424  32.008 0.1111110002
28095  28.082  -40.086  32.072 0.1111110002
28612  20.755  -37.840  35.785 0.2222220004
29182  19.656  -37.712  36.846 0.1111110002
28587  19.135  -38.298  37.019 0.2222220004
28037  18.372  -37.980  36.325 0.2222220004
74298  26.245  -39.635  31.019 0.3333329856
29191  20.242  -37.334  36.287 0.3333329856
29928  19.362  -36.801  36.015 0.3333329856
76763  18.232  -37.222  36.063 0.2222220004
28122  25.391  -39.449  30.630 0.4444440007
29937  18.778  -36.576  35.495 0.4444440007
29930  17.606  -36.695  35.862 0.6666669846
28123  24.433  -39.366  30.558 0.4444440007
28109  28.436  -39.997  31.428 0.1111110002
75954  27.045  -39.752  31.229 0.2222220004
28121  26.825  -39.487  30.513 0.2222220004
86783  26.149  -39.400  30.357 0.4444440007
28668  25.738  -39.188  29.794 0.4444440007
28669  24.842  -39.166  29.837 0.4444440007
27559  29.580  -40.703  32.386 0.1111110002
27558  30.299  -41.034  32.261 0.1111110002
74418  27.811  -39.815  31.357 0.1111110002
28683  25.280  -38.845  29.027 0.4444440007
27011  31.056  -41.433  32.229 0.1111110002
27567  29.867  -40.620  31.504 0.1111110002
28108  29.158  -40.103  30.948 0.1111110002
28127  28.039  -39.432  30.150 0.1111110002
28128  27.381  -39.342  29.962 0.1111110002
28682  26.250  -38.945  29.110 0.4444440007
81333  25.933  -38.659  28.514 0.4444440007
28698  24.647  -38.605  28.522 0.5555559993
78638  32.737  -41.458  33.293 0.1111110002
27009  32.563  -41.576  32.509 0.1111110002
33145  13.736  -31.612  33.136 0.2222220004
27017  32.351  -41.432  31.546 0.1111110002
27018  31.522  -41.441  31.645 0.1111110002
27566  30.801  -41.050  31.519 0.1111110002
27575  30.002  -40.122  30.707 0.1111110002
79318  29.135  -39.653  30.242 0.1111110002
28667  28.748  -39.402  29.914 0.1111110002
84528  15.069  -31.174  29.359 0.1111110002
76302  14.717  -30.843  30.147 0.1111110002
28681  27.163  -39.075  29.194 0.2222220004
28653  34.241  -39.144  32.125 0.1111110002
28105  34.166  -40.052  32.129 0.1111110002
27556  34.136  -40.253  32.816 0.1111110002
27551  33.815  -40.664  33.257 0.1111110002
33790  13.663  -30.828  33.656 0.2222220004
28645  34.109  -38.029  32.254 0.1111110002
27564  33.619  -40.512  31.634 0.1111110002
27016  33.187  -41.202  31.978 0.1111110002
33800  13.829  -30.732  32.650 0.2222220004
87471  33.463  -37.736  31.654 0.1111110002
82681  33.651  -38.625  31.488 0.1111110002
28106  33.792  -39.684  31.428 0.1111110002
27565  32.999  -40.894  31.336 0.1111110002
27573  32.509  -40.751  30.861 0.1111110002
80416  14.390  -30.185  31.087 0.1111110002
33157  13.886  -31.648  32.245 0.2222220004
29974  31.898  -36.380  30.943 0.1111110002
77682  32.295  -37.104  31.013 0.1111110002
29243  32.150  -37.853  30.490 0.1111110002
28116  32.272  -39.983  30.288 0.1111110002
85038  31.365  -40.083  30.324 0.1111110002
27574  30.684  -40.424  30.812 0.1111110002
33827  14.274  -31.066  30.942 0.1111110002
28663  32.250  -38.781  30.339 0.1111110002
28117  31.514  -39.317  30.097 0.1111110002
28118  30.686  -39.672  30.204 0.1111110002
28119  29.851  -39.681  30.186 0.1111110002
31210  31.675  -34.733  30.228 0.1111110002
30614  31.723  -35.578  30.650 0.1111110002
29978  31.600  -36.320  30.155 0.1111110002
29259  31.379  -37.046  29.566 0.1111110002
28665  30.671  -39.011  29.718 0.1111110002
30619  31.522  -35.501  29.834 0.1111110002
29982  31.144  -36.769  28.867 0.1111110002
28679  29.051  -39.004  29.231 0.1111110002
28680  28.110  -39.211  29.399 0.1111110002
31216  31.470  -34.699  29.379 0.1111110002
29981  31.389  -36.182  29.399 0.1111110002
29244  31.742  -37.268  30.281 0.1111110002
28664  31.565  -38.430  29.939 0.1111110002
29251  31.246  -38.049  29.555 0.1111110002
87568  31.081  -39.086  29.918 0.1111110002
29260  30.786  -37.801  28.966 0.1111110002
29272  30.028  -38.005  28.339 0.1111110002
29261  29.908  -38.570  29.007 0.1111110002
29271  30.649  -37.188  28.256 0.2222220004
89148  29.650  -37.621  27.031 0.3333329856
34574  35.922  -28.864  26.957 0.1111110002
37976  36.934  -24.441  22.828 0.6666669846
38587  38.175  -23.734  22.819 0.6666669846
37988  36.415  -23.997  22.622 0.7777780294
38588  36.957  -23.667  22.969 0.6666669846
38589  35.896  -23.739  22.842 0.6666669846
87200  35.148  -23.861  22.950 0.6666669846
38580  34.322  -23.732  23.261 0.6666669846
78972  37.946  -23.127  23.433 0.6666669846
39194  36.844  -23.135  23.548 0.6666669846
38579  35.357  -23.480  23.310 0.6666669846
39195  36.058  -23.096  23.673 0.6666669846
39196  35.317  -23.137  23.910 0.6666669846
39187  38.280  -22.515  24.167 0.6666669846
76873  36.669  -22.861  24.107 0.6666669846
39189  36.103  -22.929  24.369 0.6666669846
39181  36.210  -22.853  25.264 0.6666669846
39871  42.251  -21.226  26.711 0.5555559993
39881  42.008  -21.755  25.808 0.5555559993
39883  40.430  -21.798  24.939 0.6666669846
39864  41.639  -20.556  27.444 0.5555559993
39873  40.343  -21.086  25.927 0.6666669846
39178  38.927  -22.092  24.667 0.6666669846
39179  37.986  -22.163  25.049 0.6666669846
75189  36.970  -22.555  24.940 0.6666669846
39885  38.748  -21.644  25.606 0.6666669846
75580  42.009  -20.256  28.220 0.5555559993
39872  41.356  -21.069  26.378 0.5555559993
40504  40.649  -20.404  27.140 0.5555559993
89122  38.084  -21.746  25.960 0.6666669846
39180  37.435  -22.086  25.850 0.6666669846
76788  39.369  -21.083  26.159 0.6666669846
39875  38.511  -21.192  26.618 0.6666669846
41114  42.618  -19.776  28.588 0.4444440007
41128  41.844  -19.853  28.108 0.4444440007
40486  42.207  -20.007  28.546 0.5555559993
78472  41.330  -20.053  27.943 0.5555559993
89450  39.857  -20.566  26.720 0.6666669846
39874  39.185  -20.583  27.108 0.6666669846
41725  43.095  -19.343  28.387 0.3333329856
39865  38.516  -20.626  27.580 0.6666669846
41726  42.352  -19.463  28.024 0.4444440007
40497  40.393  -20.023  27.530 0.6666669846
40505  39.806  -20.081  27.539 0.6666669846
75932  43.748  -18.898  28.047 0.3333329856
41738  42.849  -19.097  27.651 0.3333329856
40498  38.979  -20.119  27.818 0.6666669846
41756  43.366  -18.728  26.862 0.3333329856
41739  41.620  -19.568  27.574 0.6666669846
41740  40.855  -19.626  27.116 0.6666669846
82929  40.767  -19.945  27.668 0.6666669846
41129  39.486  -20.141  27.440 0.6666669846
41742  38.071  -19.267  27.690 0.5555559993
41115  38.165  -19.568  28.103 0.6666669846
41759  40.449  -19.484  26.580 0.6666669846
41741  39.748  -19.795  27.053 0.6666669846
41130  38.759  -19.730  27.689 0.5555559993
41791  43.989  -18.406  25.240 0.2222220004
41773  43.459  -18.494  25.869 0.4444440007
41757  42.379  -18.998  26.835 0.5555559993
41758  41.467  -19.296  26.859 0.6666669846
87569  38.880  -19.970  27.860 0.6666669846
73718  38.728  -19.394  27.097 0.4444440007
41761  37.930  -19.008  27.117 0.4444440007
42443  45.258  -17.881  22.923 0.2222220004
42433  44.699  -18.366  24.665 0.2222220004
85005  40.147  -19.240  26.064 0.6666669846
41760  39.503  -19.358  26.487 0.5555559993
73973  38.636  -19.037  26.457 0.5555559993
41774  42.631  -18.621  25.877 0.5555559993
41776  40.924  -19.177  26.080 0.6666669846
77489  44.674  -18.070  23.592 0.2222220004
42434  43.833  -18.221  24.124 0.3333329856
41792  43.196  -18.406  24.982 0.4444440007
41793  42.377  -18.465  24.810 0.5555559993
75834  41.223  -18.807  25.420 0.5555559993
42460  45.597  -17.419  22.079 0.1111110002
82015  47.964  -15.593  21.654 0.1111110002
75833  40.392  -18.923  25.485 0.5555559993
81053  48.712  -15.177  21.916 0.2222220004
84102  46.887  -15.877  21.469 0.1111110002
84067  45.984  -16.619  21.528 0.1111110002
42444  44.655  -17.469  22.724 0.2222220004
41808  42.906  -18.263  24.044 0.5555559993
44361  49.343  -14.878  22.021 0.2222220004
43729  47.635  -14.931  21.867 0.1111110002
43126  45.434  -16.562  21.839 0.2222220004
42445  43.995  -17.638  23.179 0.4444440007
87438  43.331  -17.865  23.416 0.5555559993
41809  42.058  -18.285  23.940 0.5555559993
41794  41.584  -18.531  24.683 0.5555559993
41795  40.750  -18.608  24.698 0.5555559993
42446  42.587  -17.828  23.256 0.5555559993
41777  39.447  -18.944  25.744 0.4444440007
44378  49.831  -14.633  21.837 0.1111110002
43730  46.619  -14.886  21.916 0.2222220004
82532  45.975  -15.755  21.684 0.2222220004
43127  44.701  -16.607  22.166 0.3333329856
42462  44.125  -17.064  22.582 0.5555559993
44986  51.212  -13.851  19.085 0.1111110002
44390  49.970  -13.982  21.131 0.1111110002
43731  45.158  -15.758  21.822 0.3333329856
42463  43.257  -17.201  22.637 0.5555559993
41810  41.191  -18.355  23.883 0.4444440007
44980  50.474  -13.825  20.339 0.1111110002
44970  48.938  -13.828  21.669 0.2222220004
44363  47.274  -13.939  22.188 0.2222220004
81796  45.674  -14.870  22.016 0.3333329856
43732  44.369  -15.761  21.985 0.4444440007
41812  39.189  -18.459  24.072 0.3333329856
88855  39.076  -18.638  25.040 0.3333329856
41811  40.265  -18.402  23.924 0.4444440007
42448  40.773  -17.997  23.106 0.4444440007
41796  39.856  -18.660  24.822 0.4444440007
42447  41.696  -17.881  23.174 0.5555559993
79518  43.880  -16.465  22.234 0.5555559993
42464  42.229  -17.320  22.607 0.5555559993
45669  52.267  -12.879  17.216 0.1111110002
44996  50.858  -13.063  18.648 0.1111110002
44987  50.476  -13.267  19.552 0.1111110002
44988  49.870  -13.065  20.396 0.2222220004
44957  48.052  -13.349  22.106 0.2222220004
81795  44.795  -14.882  22.124 0.5555559993
44995  51.634  -13.909  18.324 0.1111110002
42449  39.800  -18.042  23.132 0.3333329856
43131  41.315  -17.330  22.421 0.4444440007
43145  42.750  -16.009  21.837 0.4444440007
43129  42.580  -16.740  22.140 0.5555559993
43128  43.533  -15.669  22.026 0.5555559993
82583  43.214  -16.452  22.121 0.5555559993
44364  46.193  -13.969  22.254 0.4444440007
44365  45.227  -13.937  22.383 0.5555559993
46369  53.425  -11.975  16.778 0.1111110002
45670  51.357  -12.732  17.823 0.1111110002
45638  49.221  -12.927  21.132 0.2222220004
45639  48.485  -12.705  21.714 0.3333329856
44958  46.628  -13.124  22.344 0.4444440007
85166  53.551  -11.123  16.571 0.2222220004
46343  52.492  -11.848  17.025 0.2222220004
45660  49.868  -12.375  19.701 0.2222220004
45650  49.359  -12.231  20.475 0.2222220004
83202  52.730  -10.935  16.656 0.4444440007
46344  51.458  -11.630  17.274 0.4444440007
44366  44.253  -13.933  22.547 0.4444440007
88660  44.094  -14.979  22.207 0.4444440007
44959  45.684  -13.065  22.514 0.4444440007
45667  50.567  -12.159  18.382 0.3333329856
45651  48.769  -12.053  21.172 0.3333329856
45625  47.800  -12.493  22.123 0.3333329856
46312  49.831  -11.742  18.912 0.3333329856
46285  48.075  -11.832  21.753 0.3333329856
46370  51.828  -10.874  16.689 0.4444440007
45627  46.141  -12.359  22.455 0.4444440007
44960  44.760  -12.958  22.767 0.4444440007
46270  47.446  -11.983  22.072 0.4444440007
45671  50.834  -11.757  17.786 0.4444440007
46324  50.131  -11.446  18.000 0.4444440007
78313  49.357  -11.673  19.785 0.4444440007
46345  50.518  -11.147  17.298 0.4444440007
47108  51.377  -10.381  16.189 0.4444440007
46371  50.940  -10.813  16.672 0.4444440007
46274  44.022  -11.782  22.704 0.1111110002
46287  46.409  -11.382  21.662 0.2222220004
46273  44.716  -11.886  22.710 0.3333329856
46272  45.602  -11.758  22.276 0.4444440007
45629  44.344  -12.198  23.010 0.4444440007
46286  47.301  -11.565  21.723 0.4444440007
45628  45.179  -12.283  22.751 0.4444440007
46303  48.318  -11.431  21.013 0.4444440007
46271  46.679  -11.887  22.109 0.4444440007
46302  48.872  -11.577  20.460 0.4444440007
47122  51.749  -10.127  15.615 0.3333329856
47109  50.567  -10.425  16.133 0.4444440007
46313  49.103  -11.186  19.158 0.4444440007
46289  44.713  -11.509  22.141 0.1111110002
46288  45.475  -11.185  21.545 0.1111110002
86785  46.745  -10.727  20.614 0.1111110002
47021  46.216  -10.878  21.015 0.2222220004
47055  47.709  -10.662  19.931 0.2222220004
47020  47.101  -11.068  21.117 0.3333329856
75740  48.617  -10.769  18.580 0.2222220004
47054  48.444  -10.868  19.466 0.2222220004
47019  47.799  -10.997  20.743 0.2222220004
46314  48.372  -11.071  20.276 0.4444440007
47093  50.085  -10.666  16.705 0.2222220004
46346  49.674  -10.905  17.425 0.2222220004
46325  49.367  -11.088  18.284 0.4444440007
85748  48.849  -11.250  19.844 0.4444440007
47023  44.626  -11.040  21.331 0.1111110002
47039  46.188  -10.526  20.352 0.1111110002
47022  45.339  -10.653  20.691 0.1111110002
76107  46.890  -10.529  20.074 0.1111110002
80266  48.853  -10.668  17.666 0.2222220004
78218  43.939  -10.965  21.109 0.1111110002
46290  44.010  -11.354  21.869 0.1111110002
47057  46.273  -10.449  19.691 0.1111110002
47075  47.163  -10.691  18.289 0.1111110002
47056  47.053  -10.548  19.312 0.1111110002
47094  48.309  -10.467  17.078 0.1111110002
47074  48.074  -10.521  17.986 0.1111110002
77861  47.864  -10.583  18.938 0.1111110002
85786  49.022  -10.376  16.058 0.1111110002
47110  49.729  -10.427  16.094 0.1111110002
75125  49.139  -10.531  16.741 0.2222220004
46368  54.269  -11.970  16.490 0.1111110002
45682  54.732  -12.840  16.097 0.1111110002
46366  55.565  -11.437  15.975 0.1111110002
25350  15.120  -44.003  35.786 0.1111110002
29929  18.510  -36.808  35.938 0.5555559993
74932  21.271  -38.341  36.032 0.2222220004
28697  25.293  -38.525  28.208 0.4444440007
29285  30.106  -37.476  27.598 0.2222220004
28056  16.854  -39.039  35.479 0.2222220004
28693  29.196  -38.537  28.549 0.1111110002
80111  14.030  -30.925  31.711 0.1111110002
39828  36.212  -22.211  30.118 0.1111110002
24675  14.359  -45.702  37.591 0.1111110002
25333  15.552  -44.618  37.518 0.1111110002
25860  16.408  -43.538  37.745 0.1111110002
79170  17.659  -41.844  38.226 0.1111110002
27502  18.549  -39.717  38.102 0.1111110002
82482  17.759  -40.511  37.290 0.1111110002
27512  17.598  -40.188  36.605 0.1111110002
28004  21.325  -39.415  38.559 0.2222220004
28006  19.789  -39.080  38.907 0.1111110002
89233  19.575  -38.924  38.487 0.1111110002
28007  19.184  -39.390  38.613 0.1111110002
29192  19.791  -37.171  36.448 0.3333329856
77767  19.925  -36.813  36.058 0.3333329856
29193  19.080  -37.395  36.327 0.4444440007
28129  26.577  -39.242  29.821 0.1111110002
28120  27.581  -39.562  30.663 0.1111110002
74917  28.395  -39.682  30.692 0.1111110002
27008  33.243  -41.154  32.838 0.1111110002
27023  31.623  -40.873  30.842 0.1111110002
27557  33.757  -40.671  32.400 0.1111110002
28107  33.022  -39.211  30.843 0.1111110002
27572  33.128  -40.220  30.906 0.1111110002
28654  32.861  -38.016  30.991 0.1111110002
33813  14.023  -30.213  31.948 0.1111110002
28666  29.704  -39.194  29.635 0.1111110002
28678  30.506  -38.606  29.321 0.1111110002
38578  36.189  -23.391  23.202 0.6666669846
39186  39.091  -22.669  23.687 0.6666669846
39188  37.446  -22.685  24.175 0.6666669846
39882  41.185  -21.685  25.426 0.6666669846
39177  41.114  -22.299  24.673 0.6666669846
77424  36.800  -22.454  25.805 0.5555559993
39890  39.794  -22.119  24.343 0.6666669846
39884  39.604  -21.591  25.231 0.6666669846
85353  42.154  -19.299  27.433 0.4444440007
41117  37.111  -19.393  28.579 0.4444440007
41772  44.117  -18.483  26.226 0.2222220004
41775  41.756  -18.899  26.115 0.6666669846
42432  45.546  -18.425  24.057 0.2222220004
86744  41.911  -18.662  25.392 0.5555559993
43125  47.565  -16.278  21.309 0.1111110002
42459  46.241  -17.509  21.543 0.1111110002
42461  45.147  -17.206  22.310 0.1111110002
44362  48.303  -14.315  21.978 0.2222220004
44389  51.175  -14.618  20.869 0.1111110002
44399  51.300  -14.213  19.901 0.1111110002
43130  41.930  -16.913  22.120 0.3333329856
81180  47.386  -13.054  22.262 0.3333329856
45659  50.282  -12.518  19.015 0.2222220004
80234  54.236  -10.793  16.319 0.1111110002
44367  43.520  -14.578  22.240 0.4444440007
45626  47.045  -12.440  22.278 0.4444440007
85354  47.774  -11.343  21.340 0.4444440007
47038  47.269  -10.772  20.505 0.2222220004
74871  45.645  -10.393  20.036 0.1111110002
46367  55.006  -11.814  16.200 0.1111110002
45683  54.004  -12.812  16.410 0.1111110002
28061  7.488  -39.575  35.718 0.1111110002
28039  7.755  -38.848  36.078 0.1111110002
34494  13.645  -29.275  33.816 0.1111110002
34493  13.720  -29.983  33.282 0.1111110002
34487  13.580  -30.082  34.201 0.1111110002
33783  13.562  -30.894  34.592 0.1111110002
74739  24.274  -40.178  32.481 0.3333329856
34482  13.376  -29.458  35.562 0.1111110002
33784  13.472  -30.176  35.121 0.1111110002
33132  13.575  -31.606  34.966 0.1111110002
83161  13.891  -29.875  32.505 0.1111110002
33777  13.382  -30.313  36.037 0.1111110002
33776  13.529  -30.983  35.486 0.1111110002
32472  13.547  -32.108  35.371 0.1111110002
37349  40.549  -25.475  24.143 0.3333329856
37358  40.148  -25.090  23.453 0.3333329856
37973  39.777  -24.541  22.926 0.3333329856
37974  38.966  -24.459  22.841 0.4444440007
37975  38.003  -24.390  22.853 0.5555559993
37971  41.069  -24.314  23.423 0.3333329856
37972  40.453  -24.475  23.090 0.3333329856
38574  41.200  -23.789  23.490 0.2222220004
37983  40.647  -23.978  22.921 0.4444440007
37984  40.113  -24.130  22.725 0.5555559993
37986  38.569  -24.030  22.611 0.5555559993
38586  39.142  -23.758  22.719 0.5555559993
38567  41.836  -23.587  24.311 0.2222220004
38559  42.212  -23.019  24.883 0.2222220004
38568  41.019  -23.024  23.979 0.3333329856
38575  40.503  -23.453  23.167 0.4444440007
38576  39.639  -23.260  23.056 0.5555559993
39175  42.508  -22.482  25.428 0.2222220004
86631  41.619  -22.848  24.560 0.4444440007
39185  40.130  -22.726  23.644 0.5555559993
38577  38.813  -23.316  23.071 0.5555559993
39168  42.821  -21.957  26.122 0.2222220004
39870  43.109  -21.454  27.017 0.3333329856
39176  41.819  -22.290  25.056 0.4444440007
76508  40.512  -22.348  24.285 0.5555559993
39863  42.485  -20.757  27.745 0.2222220004
40496  42.682  -20.279  28.636 0.4444440007
40485  42.947  -19.960  29.074 0.3333329856
41724  43.699  -19.333  28.756 0.1111110002
41755  44.343  -18.627  27.205 0.1111110002
41771  44.936  -18.545  26.385 0.1111110002
42426  44.641  -18.457  25.602 0.1111110002
41727  37.612  -19.194  28.159 0.4444440007
41743  37.379  -18.819  27.695 0.3333329856
74125  37.822  -18.737  26.430 0.2222220004
84363  4.434  -46.544  37.059 0.2222220004
24699  3.865  -46.171  35.190 0.1111110002
37361  37.522  -25.161  23.261 0.5555559993
24012  2.705  -47.015  36.441 0.1111110002
37987  37.505  -23.999  22.663 0.5555559993
42425  45.463  -18.547  25.419 0.1111110002
41778  38.503  -18.723  25.717 0.3333329856
28603  8.155  -38.336  36.640 0.1111110002
37359  39.362  -25.125  23.376 0.3333329856
37360  38.475  -25.096  23.320 0.3333329856
38585  39.986  -23.803  22.707 0.5555559993
37985  39.464  -24.079  22.632 0.5555559993
82149  42.795  -23.141  25.206 0.1111110002
39862  43.466  -20.904  28.152 0.1111110002
80095  19.084  -48.258  39.194 0.1111110002
28085  27.355  -39.958  33.782 0.1111110002
28070  26.674  -40.116  34.328 0.1111110002
28031  26.414  -40.732  36.262 0.1111110002
25294  23.642  -44.362  42.181 0.1111110002
28086  26.329  -40.183  33.539 0.1111110002
78553  25.605  -40.872  35.081 0.2222220004
28032  25.486  -41.415  36.379 0.2222220004
27500  24.733  -41.734  37.691 0.1111110002
27478  24.127  -41.511  39.289 0.1111110002
27468  23.932  -41.422  40.037 0.1111110002
88828  23.850  -42.739  41.500 0.1111110002
28098  25.813  -40.170  32.550 0.2222220004
28087  25.422  -40.444  33.366 0.2222220004
28072  24.846  -40.911  34.587 0.2222220004
28033  24.452  -41.667  36.190 0.2222220004
80621  23.840  -41.660  37.251 0.1111110002
27489  24.339  -41.654  38.473 0.1111110002
74146  25.005  -40.322  32.713 0.2222220004
74611  24.215  -40.515  33.961 0.2222220004
23292  20.110  -46.357  41.023 0.1111110002
23308  21.277  -46.716  40.733 0.1111110002
23918  21.720  -46.319  41.012 0.1111110002
25295  22.872  -44.469  42.218 0.1111110002
27479  23.271  -40.989  39.542 0.1111110002
26915  23.252  -42.274  41.216 0.1111110002
28034  23.392  -40.302  36.372 0.1111110002
28002  22.971  -40.473  38.099 0.1111110002
27491  22.693  -40.428  38.953 0.1111110002
28035  22.879  -39.780  36.811 0.1111110002
86998  20.407  -44.958  41.857 0.1111110002
24628  20.165  -45.437  41.518 0.1111110002
23904  20.464  -45.837  41.276 0.1111110002
24627  20.804  -45.279  41.679 0.1111110002
23903  21.253  -45.728  41.382 0.1111110002
25296  21.919  -44.266  42.327 0.1111110002
25829  22.809  -43.887  42.406 0.1111110002
26328  21.749  -43.102  41.952 0.1111110002
26327  22.696  -43.350  42.114 0.1111110002
26335  22.528  -42.681  41.633 0.1111110002
26916  22.232  -41.989  41.064 0.1111110002
27480  22.425  -40.540  39.692 0.1111110002
28017  22.600  -39.784  37.499 0.1111110002
25297  20.366  -44.436  42.073 0.1111110002
26336  21.555  -42.415  41.408 0.1111110002
26917  21.399  -41.772  40.945 0.1111110002
27470  22.117  -40.851  40.213 0.1111110002
27995  21.864  -39.920  39.190 0.1111110002
29931  10.136  -36.086  36.125 0.1111110002
32515  26.043  -32.179  30.938 0.1111110002
37350  39.783  -25.703  24.080 0.2222220004
37351  38.927  -25.748  24.017 0.2222220004
37965  41.637  -24.266  24.037 0.1111110002
37357  40.726  -24.872  23.610 0.2222220004
81389  25.515  -27.812  29.725 0.1111110002
74348  26.730  -26.313  30.078 0.2222220004
41113  43.332  -19.720  29.006 0.1111110002
41101  36.562  -19.687  29.134 0.1111110002
28073  23.908  -40.664  34.875 0.2222220004
28052  23.863  -41.030  35.837 0.2222220004
28088  24.558  -40.483  33.227 0.2222220004
28003  22.227  -39.828  38.340 0.1111110002
22662  20.405  -47.703  39.640 0.1111110002
28071  25.787  -40.520  34.304 0.1111110002
28049  26.586  -40.326  35.254 0.1111110002
28050  25.832  -40.955  35.711 0.1111110002
28013  26.226  -41.197  37.019 0.1111110002
24626  23.392  -44.983  41.923 0.1111110002
25828  23.577  -44.007  42.353 0.1111110002
74825  24.947  -40.701  33.869 0.2222220004
28051  24.831  -41.337  35.482 0.2222220004
28015  24.629  -41.833  36.870 0.1111110002
79231  25.210  -41.673  38.280 0.1111110002
27501  23.624  -41.400  37.898 0.1111110002
26922  23.610  -41.770  40.597 0.1111110002
26914  24.077  -42.338  41.037 0.1111110002
26334  23.366  -42.969  41.809 0.1111110002
25827  24.099  -43.786  42.088 0.1111110002
26333  23.987  -43.255  41.831 0.1111110002
78346  23.767  -41.373  36.593 0.1111110002
27490  23.431  -41.154  38.716 0.1111110002
23309  20.466  -46.651  40.864 0.1111110002
22642  20.260  -47.036  40.704 0.1111110002
23307  22.282  -47.067  40.599 0.1111110002
22641  20.911  -46.941  40.588 0.1111110002
22640  21.734  -47.308  40.383 0.1111110002
23291  20.821  -46.247  41.032 0.1111110002
23917  22.708  -46.496  40.930 0.1111110002
23902  22.198  -45.723  41.426 0.1111110002
88970  22.687  -45.181  41.854 0.1111110002
27469  23.068  -41.111  40.175 0.1111110002
26923  22.718  -41.521  40.658 0.1111110002
28016  23.265  -40.684  37.196 0.1111110002
74828  21.029  -44.649  42.056 0.1111110002
74859  21.804  -45.022  41.903 0.1111110002
74727  21.065  -44.083  42.326 0.1111110002
25830  21.890  -43.721  42.324 0.1111110002
25831  20.984  -43.544  42.150 0.1111110002
26329  20.798  -42.876  41.723 0.1111110002
26924  21.767  -41.286  40.627 0.1111110002
27481  21.528  -40.162  39.867 0.1111110002
27471  21.198  -40.569  40.328 0.1111110002
33836  33.736  -30.818  29.440 0.1111110002
34548  33.984  -29.901  28.071 0.2222220004
39829  35.725  -21.706  30.236 0.1111110002
41797  38.339  -18.527  24.835 0.1111110002
42465  40.336  -17.493  22.402 0.2222220004
43147  40.784  -16.837  21.769 0.2222220004
43146  42.042  -16.324  21.739 0.3333329856
43745  41.263  -15.872  21.382 0.2222220004
43744  42.165  -15.509  21.642 0.2222220004
43733  42.856  -15.145  21.944 0.2222220004
88058  42.336  -14.721  21.801 0.1111110002
81727  43.455  -13.508  22.529 0.2222220004
79062  41.353  -13.837  21.535 0.1111110002
44369  42.116  -13.918  21.883 0.1111110002
47106  53.132  -10.247  16.194 0.2222220004
47851  54.004  -9.594  16.021 0.2222220004
47857  54.645  -8.715  15.875 0.3333329856
47120  53.205  -9.749  15.599 0.3333329856
47119  53.956  -9.147  15.510 0.3333329856
87950  43.387  -12.660  22.747 0.1111110002
47107  52.195  -10.300  16.236 0.3333329856
47121  52.507  -9.981  15.795 0.3333329856
47866  54.561  -8.402  15.476 0.2222220004
47138  53.312  -9.563  14.884 0.2222220004
47139  52.447  -9.988  15.043 0.2222220004
86271  51.664  -10.169  14.878 0.1111110002
81857  51.014  -10.275  15.725 0.1111110002
47152  52.717  -9.892  14.097 0.1111110002
47164  53.009  -9.913  13.209 0.1111110002
48555  54.157  -8.625  11.457 0.1111110002
47894  53.884  -9.363  12.064 0.1111110002
47151  53.492  -9.485  14.011 0.1111110002
47165  52.169  -10.160  13.265 0.1111110002
74286  51.887  -10.129  14.160 0.1111110002
75831  51.050  -10.273  15.116 0.1111110002
47178  52.518  -10.121  12.408 0.1111110002
47177  53.275  -9.853  12.435 0.1111110002
86421  43.972  -12.792  22.923 0.3333329856
80899  41.469  -16.697  21.821 0.2222220004
44368  42.838  -14.164  22.115 0.2222220004
44961  42.723  -13.080  22.315 0.1111110002
48516  55.162  -8.016  15.962 0.2222220004
47137  53.928  -8.914  14.830 0.2222220004
23329  4.427  -47.023  39.859 0.1111110002
23330  3.517  -47.329  39.512 0.1111110002
23955  5.191  -46.755  39.047 0.1111110002
23969  6.006  -46.480  38.206 0.1111110002
23988  5.845  -46.352  37.350 0.1111110002
23956  4.175  -46.977  38.919 0.1111110002
23334  3.153  -47.451  38.715 0.1111110002
89291  5.288  -46.496  37.638 0.1111110002
23972  3.159  -47.222  37.731 0.1111110002
24010  5.121  -46.369  36.829 0.1111110002
23990  3.911  -46.753  37.308 0.1111110002
78089  3.274  -46.909  36.919 0.1111110002
34518  25.987  -29.227  30.726 0.1111110002
37270  30.697  -25.800  31.453 0.1111110002
37261  31.718  -25.769  32.427 0.1111110002
74162  31.089  -25.836  32.141 0.1111110002
74848  29.990  -25.801  30.997 0.1111110002
37280  30.627  -25.647  30.529 0.1111110002
37279  31.445  -25.606  30.822 0.1111110002
41118  36.349  -18.982  28.672 0.1111110002
41728  36.889  -18.758  28.194 0.1111110002
48534  56.363  -7.984  14.528 0.1111110002
47105  54.791  -10.038  16.128 0.1111110002
49182  56.375  -7.128  13.056 0.1111110002
49154  55.820  -7.400  15.574 0.1111110002
47850  54.782  -9.135  16.051 0.1111110002
24008  6.851  -46.107  36.603 0.1111110002
79393  3.429  -47.529  40.230 0.1111110002
23325  2.761  -47.809  39.655 0.1111110002
23970  4.870  -46.687  38.238 0.1111110002
23971  3.984  -46.973  38.054 0.1111110002
23989  4.592  -46.622  37.519 0.1111110002
37269  31.590  -25.699  31.645 0.1111110002
37262  31.071  -25.961  32.841 0.1111110002
47848  55.805  -8.562  16.167 0.1111110002
48524  56.146  -7.774  15.529 0.1111110002
48546  56.466  -8.199  13.419 0.1111110002
80643  56.272  -7.318  13.990 0.1111110002
49187  56.537  -7.382  11.881 0.1111110002
48509  55.290  -8.448  16.138 0.1111110002
28041  5.903  -39.821  37.090 0.1111110002
27529  6.105  -40.359  36.333 0.1111110002
27514  5.427  -40.343  37.182 0.1111110002
27530  5.351  -40.877  36.410 0.1111110002
87060  5.688  -41.430  35.590 0.1111110002
35883  25.961  -27.494  30.355 0.1111110002
77973  26.468  -27.444  31.274 0.1111110002
35871  27.052  -26.745  31.363 0.1111110002
35897  26.201  -26.809  29.966 0.1111110002
75751  27.602  -26.170  31.108 0.1111110002
86098  27.047  -26.377  30.725 0.1111110002
36584  41.003  -25.804  24.753 0.1111110002
37348  41.257  -25.009  24.178 0.1111110002
37341  41.696  -25.500  24.922 0.1111110002
85957  26.531  -26.839  30.657 0.1111110002
26979  4.137  -41.533  35.929 0.1111110002
37347  41.919  -24.808  24.544 0.1111110002
40484  43.470  -20.215  29.169 0.1111110002
47245  53.767  -10.158  3.150 0.1111110002
47959  53.916  -9.057  3.953 0.1111110002
47966  53.523  -9.336  3.303 0.1111110002
50479  55.928  -4.742  11.781 0.1111110002
49817  55.822  -5.912  12.874 0.1111110002
50519  56.663  -5.113  6.886 0.1111110002
51062  55.970  -4.156  11.187 0.1111110002
51109  56.365  -4.151  6.672 0.1111110002
77452  55.855  -7.102  6.530 0.1111110002
48610  54.411  -8.647  5.454 0.1111110002
47254  53.305  -10.451  2.781 0.1111110002
46489  52.328  -10.886  2.140 0.1111110002
50520  56.149  -4.893  6.446 0.1111110002
49220  55.269  -7.886  6.390 0.1111110002
48624  54.147  -8.863  4.755 0.1111110002
49862  55.917  -5.868  6.443 0.1111110002
49796  55.851  -6.849  14.481 0.1111110002
49169  55.712  -6.765  14.150 0.1111110002
49170  55.246  -7.256  14.396 0.1111110002
51637  56.934  -3.637  8.092 0.1111110002
51074  56.339  -3.545  9.501 0.1111110002
49823  55.863  -5.315  12.114 0.1111110002
49184  55.236  -7.112  13.668 0.1111110002
76370  54.441  -8.302  14.778 0.1111110002
47262  51.589  -10.651  1.474 0.1111110002
51626  56.102  -2.878  8.758 0.1111110002
50485  55.948  -4.422  11.474 0.1111110002
49188  55.559  -6.043  12.547 0.1111110002
47976  53.047  -9.602  2.636 0.1111110002
76853  55.331  -6.525  6.652 0.1111110002
49235  54.349  -8.003  6.016 0.1111110002
48611  53.803  -8.219  5.158 0.1111110002
50521  55.833  -4.804  6.507 0.1111110002
75136  54.869  -7.237  6.488 0.1111110002
45630  43.687  -12.169  22.964 0.1111110002
48535  54.696  -7.917  14.028 0.1111110002
52214  56.042  -2.387  8.101 0.1111110002
51620  55.989  -3.425  9.765 0.1111110002
52236  56.046  -2.897  7.208 0.1111110002
52225  55.696  -2.626  7.840 0.1111110002
51068  55.502  -4.185  10.091 0.1111110002
51655  55.625  -3.437  7.079 0.1111110002
48526  55.101  -7.641  15.235 0.1111110002
50484  56.282  -4.452  10.842 0.1111110002
50473  55.915  -5.720  12.627 0.1111110002
49183  55.654  -6.381  13.337 0.1111110002
86445  56.394  -5.714  6.667 0.1111110002
47255  52.757  -10.289  2.301 0.1111110002
74305  55.353  -5.755  6.821 0.1111110002
49803  55.887  -6.380  13.511 0.1111110002
51086  56.913  -3.969  8.951 0.1111110002
47874  54.130  -8.870  13.947 0.1111110002
48547  54.752  -7.885  12.938 0.1111110002
51627  55.799  -3.110  8.904 0.1111110002
49830  55.621  -5.102  11.383 0.1111110002
51628  55.420  -3.452  8.873 0.1111110002
22652  21.013  -47.356  40.296 0.1111110002
23963  11.584  -46.422  38.553 0.2222220004
23980  13.076  -46.305  38.330 0.1111110002
24677  12.996  -46.187  37.086 0.1111110002
26326  23.480  -43.589  42.160 0.1111110002
27010  31.800  -41.712  32.303 0.1111110002
31946  28.063  -33.126  22.831 0.8888890147
33213  16.094  -31.622  27.586 0.2222220004
48514  55.942  -7.846  16.087 0.1111110002
48515  55.688  -7.827  16.105 0.1111110002
49161  55.746  -7.077  15.060 0.1111110002
49189  55.204  -6.931  12.771 0.1111110002
50486  55.568  -4.647  10.720 0.1111110002
51066  56.116  -3.875  10.471 0.1111110002
51067  55.952  -3.895  10.678 0.1111110002
51075  55.657  -3.655  9.638 0.1111110002
51076  55.157  -4.116  9.218 0.1111110002
51087  56.551  -3.315  8.689 0.1111110002
51100  56.901  -4.365  7.385 0.1111110002
51101  56.456  -3.327  7.307 0.1111110002
51102  55.223  -3.927  7.263 0.1111110002
51110  56.070  -4.023  6.428 0.1111110002
51111  55.657  -4.002  6.662 0.1111110002
51638  56.446  -2.798  8.094 0.1111110002
51639  55.503  -2.961  8.271 0.1111110002
51647  55.825  -2.878  7.369 0.1111110002
51648  55.424  -3.151  7.651 0.1111110002
51654  55.864  -3.437  6.814 0.1111110002
52215  55.886  -2.542  8.215 0.1111110002
52223  56.171  -2.591  7.669 0.1111110002
52224  55.953  -2.441  7.737 0.1111110002
78829  56.088  -8.385  15.938 0.1111110002
83081  11.306  -46.426  37.252 0.2222220004
89224  56.102  -3.507  6.724 0.1111110002
