#!ascii label  , from subject sub-01 vox2ras=TkReg
2231
24633  25.325  -44.785  41.180 0.5555559993
85304  25.568  -45.182  38.557 0.4444440007
24648  25.938  -45.380  39.856 0.4444440007
23944  24.668  -46.889  39.896 0.5555559993
23930  25.197  -46.108  40.085 0.4444440007
24642  25.711  -45.257  40.542 0.4444440007
24632  26.176  -44.507  41.099 0.5555559993
24643  24.931  -45.772  40.632 0.5555559993
23957  24.471  -46.307  39.241 0.4444440007
23931  24.572  -46.897  40.245 0.5555559993
89486  25.159  -44.020  41.760 0.4444440007
25292  24.700  -43.936  41.901 0.4444440007
25302  25.716  -44.130  41.525 0.4444440007
25293  24.820  -44.304  41.759 0.4444440007
24641  26.531  -44.850  40.439 0.5555559993
24657  26.143  -45.134  38.962 0.4444440007
23945  24.188  -47.377  39.677 0.4444440007
23915  24.259  -46.337  40.783 0.5555559993
23959  22.757  -46.499  38.757 0.4444440007
86259  23.384  -47.353  39.470 0.4444440007
23321  24.258  -47.804  40.044 0.5555559993
24673  22.031  -45.469  37.142 0.2222220004
23978  21.432  -46.153  37.353 0.1111110002
24688  21.516  -45.437  36.355 0.1111110002
25835  25.350  -43.792  41.488 0.3333329856
25836  24.576  -43.533  41.653 0.3333329856
77374  24.159  -44.110  42.134 0.4444440007
25834  26.326  -43.818  41.240 0.4444440007
24647  26.824  -44.956  39.567 0.4444440007
25309  26.991  -44.249  40.968 0.4444440007
25301  26.540  -44.068  41.313 0.4444440007
22650  23.747  -47.974  40.248 0.5555559993
23977  22.288  -45.912  37.897 0.4444440007
24645  28.598  -44.639  39.435 0.4444440007
25308  27.885  -44.049  40.756 0.4444440007
26331  25.973  -43.305  40.998 0.3333329856
26332  25.086  -43.179  41.126 0.3333329856
24655  28.064  -44.869  38.682 0.3333329856
24646  27.715  -44.716  39.420 0.4444440007
26330  26.860  -43.398  40.834 0.4444440007
26343  25.608  -42.701  40.641 0.3333329856
88061  26.889  -44.956  37.699 0.3333329856
24656  27.160  -44.935  38.399 0.3333329856
26342  26.472  -42.829  40.507 0.3333329856
26919  26.075  -42.236  40.163 0.3333329856
26920  25.255  -42.138  40.281 0.3333329856
75568  25.951  -44.849  37.068 0.2222220004
23326  23.833  -48.155  39.967 0.5555559993
23960  21.872  -46.631  38.401 0.2222220004
25314  29.933  -44.150  40.260 0.4444440007
25305  29.961  -43.934  40.352 0.5555559993
25306  29.478  -44.004  40.568 0.4444440007
24653  29.988  -45.073  38.556 0.3333329856
25324  29.495  -44.608  39.477 0.4444440007
25307  28.808  -44.015  40.663 0.4444440007
25840  29.218  -43.848  40.514 0.4444440007
24654  28.854  -45.009  38.588 0.3333329856
25316  28.289  -44.348  40.226 0.4444440007
26339  28.865  -43.353  40.271 0.5555559993
24668  28.114  -45.117  37.878 0.3333329856
25841  28.268  -43.745  40.615 0.4444440007
24682  27.382  -45.363  36.544 0.2222220004
75734  26.764  -44.960  37.137 0.2222220004
26341  27.307  -42.937  40.413 0.3333329856
26931  25.698  -41.879  39.840 0.3333329856
26921  24.425  -41.971  40.427 0.2222220004
25313  30.777  -44.047  40.059 0.4444440007
25846  29.683  -43.576  40.164 0.5555559993
25323  30.292  -44.452  39.636 0.3333329856
26348  29.281  -43.014  39.698 0.5555559993
23998  29.601  -46.504  36.420 0.2222220004
24680  29.187  -45.912  36.980 0.2222220004
24667  28.979  -45.443  37.739 0.2222220004
24681  28.233  -45.616  36.940 0.2222220004
26349  28.493  -42.727  39.827 0.4444440007
23999  28.726  -46.266  36.272 0.1111110002
24018  28.469  -46.520  35.504 0.1111110002
25322  31.007  -44.483  39.377 0.4444440007
25845  30.519  -43.821  40.017 0.5555559993
24652  31.211  -45.145  38.348 0.3333329856
26347  30.108  -43.293  39.601 0.5555559993
87705  31.841  -46.618  37.170 0.3333329856
23974  31.078  -46.126  37.274 0.3333329856
24665  30.379  -45.596  37.761 0.3333329856
26358  29.650  -42.709  38.926 0.4444440007
26927  28.828  -42.408  39.057 0.5555559993
76893  31.481  -47.362  36.660 0.1111110002
23997  30.577  -46.907  36.529 0.2222220004
23975  30.043  -46.103  37.098 0.2222220004
26937  30.034  -42.456  38.079 0.3333329856
26938  29.185  -42.115  38.245 0.3333329856
23343  31.146  -48.390  36.142 0.1111110002
23350  30.876  -48.574  35.646 0.1111110002
24017  29.261  -46.786  35.783 0.1111110002
24032  28.312  -46.630  34.661 0.1111110002
23354  29.961  -47.280  35.284 0.1111110002
24031  29.038  -46.872  34.958 0.1111110002
24041  28.806  -46.926  34.223 0.1111110002
79917  27.591  -46.321  33.442 0.1111110002
79496  26.978  -45.885  33.191 0.1111110002
25312  31.521  -44.061  39.779 0.5555559993
26346  30.853  -43.504  39.528 0.5555559993
25321  31.806  -44.388  39.253 0.4444440007
25844  31.411  -43.921  39.768 0.5555559993
26357  30.523  -43.006  38.871 0.5555559993
74636  31.939  -45.763  37.755 0.4444440007
24651  32.168  -44.893  38.478 0.5555559993
87112  32.252  -44.239  39.016 0.4444440007
26370  30.915  -42.684  38.060 0.6666669846
23973  32.497  -46.385  37.164 0.4444440007
75984  32.196  -47.492  36.742 0.4444440007
24664  32.839  -45.288  37.676 0.4444440007
23340  33.294  -47.882  36.116 0.3333329856
23996  32.941  -47.190  36.575 0.3333329856
23342  31.838  -48.747  36.504 0.2222220004
22680  32.992  -49.412  36.088 0.3333329856
22681  31.471  -49.705  36.326 0.2222220004
22689  31.056  -49.659  36.114 0.1111110002
83477  30.619  -47.886  34.699 0.1111110002
23358  29.593  -47.246  34.232 0.1111110002
24042  28.239  -46.716  33.837 0.1111110002
24050  28.255  -46.768  32.945 0.1111110002
25311  31.954  -44.010  39.547 0.6666669846
25850  31.912  -43.717  39.279 0.6666669846
26356  31.399  -43.316  38.947 0.6666669846
25320  32.713  -44.355  38.356 0.5555559993
24679  33.333  -46.135  36.952 0.3333329856
24016  34.058  -47.169  35.994 0.3333329856
23995  33.775  -46.773  36.397 0.3333329856
25849  32.383  -43.839  38.818 0.6666669846
26355  32.063  -43.378  38.533 0.6666669846
26369  31.609  -42.914  37.917 0.7777780294
25319  33.096  -43.883  38.081 0.5555559993
24663  33.838  -45.243  37.147 0.4444440007
25331  33.456  -44.424  37.754 0.5555559993
25859  33.819  -43.926  37.730 0.5555559993
26379  31.859  -42.577  37.188 0.6666669846
23994  34.600  -46.262  36.236 0.3333329856
88811  34.050  -46.003  36.683 0.3333329856
88665  34.383  -45.030  36.982 0.4444440007
25330  34.317  -44.454  37.318 0.6666669846
24028  35.307  -46.065  34.997 0.4444440007
24015  34.658  -46.472  35.606 0.4444440007
75293  35.258  -45.544  36.337 0.4444440007
83339  33.466  -43.484  37.533 0.6666669846
25848  32.651  -43.484  37.946 0.7777780294
25338  34.897  -44.943  36.804 0.6666669846
26378  32.479  -42.479  36.842 0.6666669846
24702  36.015  -45.611  35.227 0.5555559993
26367  32.958  -42.942  37.174 0.7777780294
25329  35.187  -44.239  37.025 0.6666669846
25858  34.399  -43.547  37.225 0.6666669846
26366  33.776  -42.811  36.970 0.6666669846
25337  35.743  -44.836  36.579 0.5555559993
24678  36.176  -45.318  36.041 0.5555559993
25345  37.015  -44.769  36.097 0.5555559993
25857  35.497  -43.312  36.841 0.6666669846
26375  35.313  -42.360  36.635 0.6666669846
25863  36.650  -43.477  36.990 0.6666669846
26376  34.597  -42.628  36.770 0.6666669846
76090  36.190  -44.152  36.853 0.5555559993
79002  33.996  -42.163  36.554 0.5555559993
25336  36.712  -44.590  36.538 0.5555559993
25335  37.714  -44.417  36.853 0.5555559993
25343  38.303  -44.222  35.597 0.5555559993
82626  37.719  -44.470  35.994 0.5555559993
25866  38.927  -43.901  35.987 0.5555559993
26374  36.186  -42.549  36.663 0.7777780294
26954  34.695  -41.721  36.339 0.6666669846
25856  37.440  -43.716  37.668 0.6666669846
26365  37.169  -42.658  37.136 0.7777780294
89327  37.800  -44.340  37.636 0.6666669846
25334  38.531  -44.398  36.640 0.5555559993
25327  38.439  -44.104  37.203 0.6666669846
88914  39.221  -43.389  35.371 0.5555559993
87511  36.031  -41.101  36.222 0.7777780294
76581  35.669  -41.706  36.415 0.7777780294
26953  35.309  -40.975  36.068 0.6666669846
26952  36.670  -41.676  36.579 0.6666669846
78409  37.795  -43.011  37.922 0.6666669846
25855  38.135  -43.712  37.585 0.6666669846
26965  40.344  -41.492  35.340 0.6666669846
26384  39.514  -43.166  36.046 0.5555559993
25862  39.155  -44.046  37.075 0.6666669846
25854  38.870  -43.605  37.048 0.6666669846
82483  40.056  -42.151  35.038 0.6666669846
26383  39.617  -42.765  35.215 0.6666669846
27508  36.729  -40.771  36.298 0.6666669846
26967  35.386  -40.342  35.430 0.6666669846
26364  37.725  -42.318  37.915 0.7777780294
26951  37.268  -41.118  36.786 0.6666669846
76798  40.236  -39.014  35.199 0.7777780294
26934  38.948  -41.567  38.146 0.7777780294
26354  38.322  -42.010  37.990 0.7777780294
27519  40.560  -40.517  35.527 0.7777780294
26950  40.255  -41.215  36.307 0.6666669846
26943  39.435  -41.798  37.364 0.6666669846
26353  38.812  -42.184  37.807 0.6666669846
26363  38.372  -42.739  37.402 0.7777780294
26966  40.041  -42.308  35.932 0.6666669846
26373  39.776  -42.555  37.129 0.6666669846
86592  36.008  -40.453  35.865 0.6666669846
28027  37.838  -39.580  36.790 0.8888890147
77022  36.838  -39.822  36.085 0.8888890147
88841  35.693  -39.730  35.197 0.6666669846
28010  38.479  -39.287  37.944 0.8888890147
27507  37.489  -40.388  36.741 0.8888890147
28622  39.501  -38.372  35.174 0.7777780294
79025  40.232  -38.473  36.547 0.7777780294
28009  39.489  -39.640  37.539 0.8888890147
27483  38.985  -39.882  38.008 0.8888890147
27484  38.621  -40.174  38.033 0.7777780294
27495  37.912  -40.896  37.668 0.7777780294
28065  40.359  -39.504  34.254 0.7777780294
28044  40.554  -39.476  36.031 0.7777780294
27506  40.552  -40.260  36.695 0.7777780294
27493  40.224  -40.044  37.222 0.7777780294
27494  39.366  -40.638  37.451 0.7777780294
26361  40.034  -41.835  37.018 0.6666669846
28082  40.110  -39.238  33.199 0.6666669846
28029  36.036  -38.265  35.829 0.7777780294
28028  36.395  -38.931  35.822 0.6666669846
28599  36.702  -38.063  36.057 0.8888890147
29187  38.061  -37.798  35.999 0.8888890147
28598  37.731  -38.298  36.232 0.8888890147
74504  37.329  -38.932  36.240 0.8888890147
28635  39.000  -38.249  34.096 0.7777780294
28607  39.478  -38.200  36.180 0.8888890147
28608  38.843  -38.117  36.117 0.8888890147
28583  39.819  -38.603  38.064 0.8888890147
28026  38.277  -38.846  36.961 0.8888890147
28621  39.789  -38.768  34.169 0.7777780294
28008  40.145  -39.145  37.472 0.8888890147
29227  38.284  -37.664  33.995 0.7777780294
28634  39.167  -38.579  33.287 0.6666669846
28642  39.393  -38.786  32.569 0.6666669846
29190  36.063  -37.607  36.049 0.7777780294
29188  37.233  -37.461  36.013 0.8888890147
29213  38.724  -38.020  34.682 0.8888890147
29214  38.134  -37.334  34.736 0.8888890147
29201  38.147  -37.564  35.449 0.8888890147
29202  37.622  -36.992  35.756 0.8888890147
29926  36.417  -36.470  36.232 0.8888890147
29927  35.914  -36.813  36.070 0.7777780294
29934  37.322  -36.257  35.730 0.8888890147
30569  36.752  -36.013  36.092 0.8888890147
29226  38.392  -38.050  33.282 0.7777780294
81715  35.537  -36.918  35.371 0.6666669846
29958  37.961  -36.684  33.912 0.8888890147
29947  37.745  -36.283  34.553 0.8888890147
29933  37.762  -36.668  35.250 0.8888890147
31173  36.084  -35.111  35.275 0.8888890147
29935  36.095  -35.981  36.225 0.7777780294
30586  35.649  -35.516  35.179 0.6666669846
29948  37.427  -35.929  35.166 0.8888890147
30574  36.457  -35.500  35.700 0.8888890147
29957  37.979  -37.044  33.127 0.8888890147
81590  38.129  -37.656  32.610 0.7777780294
31181  35.781  -34.861  34.800 0.5555559993
30596  35.313  -35.247  34.341 0.6666669846
30584  37.020  -35.356  35.091 0.8888890147
31180  36.136  -34.392  34.563 0.7777780294
31188  35.480  -34.409  34.079 0.5555559993
76955  37.964  -36.121  33.291 0.8888890147
29964  38.083  -36.075  32.643 0.8888890147
29963  38.006  -36.875  32.258 0.7777780294
30583  37.470  -35.468  34.422 0.7777780294
31850  35.434  -33.068  33.317 0.5555559993
30601  38.194  -35.253  33.070 0.8888890147
30594  37.822  -35.747  33.803 0.7777780294
30585  36.515  -34.889  34.939 0.8888890147
31844  35.969  -33.501  34.044 0.7777780294
31845  35.316  -33.758  33.556 0.5555559993
80073  36.451  -33.783  34.207 0.7777780294
31851  34.733  -33.582  32.949 0.2222220004
29973  38.209  -36.002  31.790 0.6666669846
29972  38.034  -36.848  31.593 0.6666669846
30595  37.793  -34.886  33.654 0.8888890147
76325  37.111  -34.692  34.236 0.7777780294
32499  35.551  -32.325  32.994 0.2222220004
31195  38.994  -34.583  32.615 0.8888890147
30608  38.895  -35.085  31.799 0.7777780294
30613  38.501  -35.567  30.792 0.6666669846
31209  39.359  -34.535  30.999 0.7777780294
31215  38.856  -34.908  29.856 0.6666669846
78969  39.462  -34.222  30.057 0.5555559993
31186  38.415  -34.276  33.051 0.8888890147
31187  37.703  -34.059  33.368 0.7777780294
31179  37.007  -33.845  33.897 0.7777780294
31843  36.773  -33.136  33.762 0.7777780294
32487  36.139  -32.715  33.591 0.6666669846
33154  34.968  -31.902  32.314 0.1111110002
76932  38.672  -33.438  33.193 0.8888890147
31842  37.753  -33.241  33.354 0.7777780294
31203  39.754  -34.476  32.097 0.7777780294
31208  40.035  -33.876  30.612 0.7777780294
80219  38.703  -35.036  28.872 0.4444440007
31222  39.189  -34.205  29.126 0.4444440007
31223  38.882  -34.444  28.270 0.2222220004
31234  38.514  -34.491  27.570 0.2222220004
31890  39.229  -33.880  28.368 0.3333329856
31916  38.524  -33.758  26.968 0.2222220004
32571  38.892  -32.927  26.536 0.2222220004
32580  37.749  -32.843  25.625 0.2222220004
32588  37.203  -32.171  25.062 0.2222220004
32498  36.362  -32.121  33.179 0.3333329856
33163  35.454  -31.346  31.661 0.2222220004
33162  36.389  -31.329  32.079 0.2222220004
32486  36.828  -32.500  33.451 0.6666669846
74488  35.851  -31.729  32.568 0.2222220004
31194  39.793  -34.088  32.724 0.8888890147
31849  39.341  -33.764  33.032 0.8888890147
32485  37.687  -32.562  33.361 0.7777780294
31859  40.253  -33.867  32.410 0.8888890147
31202  40.196  -34.018  31.564 0.7777780294
31879  39.827  -33.638  29.671 0.6666669846
31888  40.392  -32.965  29.179 0.5555559993
31889  39.638  -33.476  28.794 0.5555559993
31901  39.489  -33.350  28.015 0.3333329856
32570  39.611  -32.589  26.761 0.3333329856
32579  38.581  -32.554  25.868 0.3333329856
33153  36.614  -31.672  32.747 0.3333329856
33142  37.333  -31.913  33.171 0.5555559993
31847  40.270  -32.663  33.370 0.8888890147
32483  39.727  -32.372  33.646 0.7777780294
33141  38.491  -31.945  33.446 0.6666669846
79055  40.849  -32.608  32.882 0.8888890147
31858  40.548  -33.190  32.700 0.8888890147
32511  41.087  -32.910  32.104 0.8888890147
31868  40.611  -33.393  31.239 0.7777780294
32525  41.138  -32.755  31.021 0.8888890147
31878  40.495  -33.199  30.246 0.7777780294
32548  39.965  -32.949  28.403 0.4444440007
32559  39.938  -32.679  27.635 0.3333329856
33796  37.241  -31.280  32.490 0.4444440007
33152  38.157  -31.335  32.938 0.5555559993
33139  40.152  -32.000  33.678 0.8888890147
32496  41.350  -32.246  32.581 0.8888890147
32510  41.807  -32.344  31.814 0.8888890147
32538  41.131  -32.617  29.957 0.6666669846
74026  41.269  -32.487  28.979 0.6666669846
33203  41.433  -32.050  27.464 0.5555559993
33217  41.671  -31.426  27.032 0.5555559993
77832  40.673  -32.609  28.304 0.5555559993
33218  40.791  -31.896  26.797 0.4444440007
33795  38.732  -30.843  32.791 0.6666669846
33151  39.069  -31.379  33.312 0.7777780294
32497  40.768  -32.134  33.214 0.8888890147
32524  41.847  -32.264  30.772 0.7777780294
86685  41.960  -32.241  28.867 0.7777780294
33192  42.419  -32.041  28.461 0.7777780294
32557  41.590  -32.321  28.158 0.5555559993
33202  42.190  -31.958  27.788 0.7777780294
33866  42.642  -31.349  27.571 0.6666669846
33880  42.317  -30.751  26.816 0.5555559993
34587  42.967  -29.630  25.652 0.4444440007
33150  39.865  -31.419  33.456 0.6666669846
33794  39.465  -30.766  32.944 0.5555559993
33807  38.005  -30.644  32.155 0.5555559993
33149  40.559  -31.576  33.180 0.8888890147
86120  41.202  -31.779  32.829 0.8888890147
33171  42.270  -31.757  31.414 0.8888890147
32523  42.397  -31.815  30.369 0.7777780294
33182  42.461  -31.924  29.320 0.7777780294
33201  42.947  -31.705  28.168 0.7777780294
75597  43.073  -30.787  27.310 0.6666669846
34573  43.017  -30.205  26.637 0.5555559993
34572  43.893  -29.663  26.550 0.6666669846
33793  40.269  -30.820  32.898 0.5555559993
33148  41.079  -31.128  32.575 0.8888890147
33161  41.903  -31.679  32.244 0.8888890147
33181  42.760  -31.358  29.764 0.7777780294
33191  42.947  -31.634  28.845 0.7777780294
33200  43.363  -31.382  28.507 0.7777780294
33865  43.563  -31.193  27.989 0.6666669846
33864  44.396  -30.502  28.159 0.6666669846
33879  43.819  -30.424  27.400 0.7777780294
34558  44.973  -29.829  28.040 0.7777780294
34571  44.745  -29.366  26.828 0.8888890147
34585  44.434  -29.100  25.984 0.7777780294
33803  41.697  -30.661  32.044 0.8888890147
33160  42.283  -31.139  31.528 0.8888890147
33170  42.484  -31.186  30.738 0.7777780294
33180  43.322  -31.104  29.232 0.7777780294
33830  43.756  -30.452  29.600 0.8888890147
33847  44.294  -30.237  29.053 0.7777780294
33817  42.646  -30.335  30.814 0.8888890147
33831  43.050  -30.641  30.086 0.7777780294
33816  43.576  -29.649  30.466 0.7777780294
33818  42.200  -30.125  31.321 0.6666669846
34512  42.963  -29.309  30.876 0.6666669846
25828  23.577  -44.007  42.353 0.4444440007
24635  23.823  -45.591  41.427 0.4444440007
26913  24.790  -42.538  40.813 0.2222220004
24634  24.524  -45.197  41.317 0.5555559993
23306  23.317  -47.460  40.493 0.5555559993
88828  23.850  -42.739  41.500 0.2222220004
23958  23.687  -46.502  39.014 0.4444440007
24625  24.063  -44.692  41.882 0.4444440007
23305  24.038  -47.477  40.447 0.5555559993
24020  21.000  -45.793  35.676 0.1111110002
25827  24.099  -43.786  42.088 0.3333329856
82109  24.387  -42.931  41.354 0.2222220004
24640  27.385  -44.536  40.307 0.4444440007
25300  27.256  -43.843  41.013 0.4444440007
77929  26.255  -44.990  37.936 0.4444440007
23916  23.585  -46.602  40.877 0.4444440007
22659  23.152  -48.058  40.162 0.5555559993
86363  23.074  -47.909  39.761 0.5555559993
25315  29.168  -44.275  40.268 0.4444440007
25833  27.589  -43.454  40.667 0.4444440007
82056  27.434  -45.109  37.385 0.2222220004
26918  26.906  -42.364  40.007 0.3333329856
26340  28.084  -43.105  40.364 0.4444440007
27468  23.932  -41.422  40.037 0.2222220004
26914  24.077  -42.338  41.037 0.2222220004
24666  29.691  -45.645  37.615 0.2222220004
23344  30.238  -47.329  35.956 0.1111110002
23341  32.593  -48.629  36.381 0.3333329856
73040  32.148  -50.288  36.363 0.3333329856
26368  32.234  -42.994  37.569 0.7777780294
73692  34.519  -45.529  36.679 0.4444440007
23993  35.373  -45.910  35.773 0.5555559993
25328  37.183  -44.170  37.124 0.5555559993
25853  39.288  -43.253  37.047 0.6666669846
28011  38.038  -40.035  37.474 0.8888890147
28001  39.006  -39.354  38.048 0.8888890147
28597  38.703  -38.353  36.755 0.8888890147
29200  38.804  -38.008  35.388 0.8888890147
28596  39.674  -38.096  37.335 0.8888890147
29189  36.481  -37.129  36.143 0.8888890147
29925  37.010  -36.651  36.076 0.8888890147
29936  35.741  -36.120  35.812 0.7777780294
30573  37.052  -35.756  35.653 0.8888890147
28643  38.695  -38.289  32.453 0.6666669846
29949  35.387  -36.306  34.990 0.6666669846
30575  35.976  -35.591  35.828 0.7777780294
29233  38.241  -37.586  31.906 0.6666669846
86639  36.612  -34.284  34.417 0.7777780294
32500  34.656  -32.696  32.616 0.2222220004
79298  38.490  -35.391  32.409 0.8888890147
32484  38.873  -32.589  33.476 0.7777780294
79562  38.537  -35.110  28.079 0.3333329856
31902  38.981  -33.865  27.726 0.3333329856
31915  39.200  -33.174  27.276 0.2222220004
31917  37.941  -34.013  26.470 0.2222220004
31927  38.168  -33.305  26.260 0.2222220004
32589  36.261  -32.283  24.776 0.2222220004
31848  40.036  -33.478  33.083 0.8888890147
83312  39.564  -33.003  33.388 0.7777780294
82893  40.635  -33.562  32.019 0.8888890147
33140  39.455  -31.952  33.681 0.7777780294
32558  40.790  -32.314  27.557 0.5555559993
88521  41.009  -31.317  26.336 0.4444440007
79823  41.534  -30.806  26.208 0.4444440007
33219  40.057  -32.145  26.283 0.3333329856
32569  40.237  -32.317  26.986 0.3333329856
32537  41.871  -32.219  29.694 0.7777780294
33889  42.188  -30.231  25.958 0.4444440007
33878  44.596  -29.897  27.486 0.7777780294
34586  43.738  -29.256  25.639 0.6666669846
33848  43.814  -30.897  28.724 0.6666669846
34543  44.862  -29.812  28.633 0.7777780294
79758  45.397  -29.301  27.546 0.8888890147
34528  44.686  -29.487  29.488 0.8888890147
25294  23.642  -44.362  42.181 0.4444440007
25295  22.872  -44.469  42.218 0.4444440007
24626  23.392  -44.983  41.923 0.4444440007
24636  23.096  -45.750  41.439 0.4444440007
22651  22.820  -47.791  40.277 0.4444440007
88508  2.518  -47.698  38.093 0.1111110002
23991  2.385  -47.510  37.261 0.1111110002
22678  2.129  -48.136  37.800 0.1111110002
21966  2.645  -48.542  38.148 0.1111110002
22673  2.319  -48.068  38.590 0.1111110002
78089  3.274  -46.909  36.919 0.1111110002
21322  5.102  -50.171  36.116 0.1111110002
26945  31.244  -42.427  37.201 0.5555559993
20220  3.774  -52.788  42.006 0.1111110002
81533  4.039  -49.842  38.140 0.1111110002
21960  2.748  -48.488  39.049 0.1111110002
76491  5.082  -50.317  36.926 0.1111110002
21318  4.567  -50.070  37.553 0.1111110002
21970  3.535  -49.305  37.519 0.1111110002
23335  2.410  -47.986  38.814 0.1111110002
21326  5.628  -50.870  35.596 0.1111110002
21323  4.349  -49.761  36.712 0.1111110002
20807  5.792  -51.590  34.075 0.1111110002
20803  5.950  -51.629  35.060 0.1111110002
20266  5.779  -52.271  33.576 0.1111110002
26946  30.432  -42.159  37.251 0.5555559993
76959  3.832  -51.216  43.672 0.2222220004
77014  3.806  -52.171  42.585 0.1111110002
20224  3.959  -52.659  41.087 0.1111110002
21965  3.371  -49.253  38.518 0.1111110002
22667  2.502  -48.045  39.495 0.1111110002
23334  3.153  -47.451  38.715 0.1111110002
20769  3.956  -51.075  44.192 0.3333329856
21321  5.636  -50.911  36.566 0.1111110002
20796  5.989  -51.738  37.024 0.1111110002
89291  5.288  -46.496  37.638 0.1111110002
23971  3.984  -46.973  38.054 0.1111110002
19634  5.416  -52.958  34.024 0.1111110002
20267  5.349  -52.801  33.128 0.1111110002
86833  30.860  -41.891  36.539 0.5555559993
26959  29.940  -41.468  36.581 0.4444440007
26947  29.572  -41.844  37.421 0.3333329856
88712  29.183  -41.321  36.985 0.2222220004
27497  28.508  -40.880  37.102 0.2222220004
27511  27.907  -40.348  36.750 0.2222220004
21301  4.340  -50.758  42.841 0.2222220004
20782  4.068  -51.817  41.706 0.1111110002
20229  4.182  -52.587  40.282 0.1111110002
82833  4.021  -50.505  39.583 0.1111110002
21959  3.386  -49.307  39.454 0.1111110002
21315  3.974  -50.060  38.828 0.1111110002
23325  2.761  -47.809  39.655 0.1111110002
21293  4.428  -50.472  43.874 0.3333329856
20789  4.689  -51.326  39.449 0.1111110002
75322  4.677  -50.528  38.315 0.1111110002
23970  4.870  -46.687  38.238 0.1111110002
23956  4.175  -46.977  38.919 0.1111110002
82890  4.494  -50.985  44.213 0.3333329856
80747  5.197  -51.200  44.214 0.3333329856
20793  5.238  -51.471  38.672 0.1111110002
20797  5.345  -50.994  37.594 0.1111110002
20243  5.894  -52.478  37.230 0.1111110002
80325  5.983  -50.595  43.881 0.3333329856
19602  4.768  -53.376  38.098 0.1111110002
20238  5.314  -52.526  38.542 0.1111110002
19620  4.793  -53.837  35.410 0.1111110002
19626  5.492  -53.132  34.962 0.1111110002
19627  4.837  -53.603  34.405 0.1111110002
19635  4.790  -53.399  33.517 0.1111110002
19636  4.077  -53.749  33.012 0.1111110002
25843  18.091  -43.862  40.519 0.2222220004
27496  29.202  -40.871  36.402 0.2222220004
76062  18.220  -42.991  40.239 0.2222220004
27510  28.567  -40.362  36.263 0.2222220004
28012  27.063  -40.741  36.908 0.1111110002
21308  3.988  -50.140  40.921 0.1111110002
88438  3.689  -49.433  40.559 0.1111110002
22657  3.214  -48.291  40.663 0.1111110002
21937  5.794  -49.936  43.598 0.3333329856
21938  4.985  -49.963  43.369 0.3333329856
21944  4.866  -49.730  42.866 0.3333329856
78943  4.140  -50.889  40.328 0.1111110002
73807  3.726  -49.832  40.156 0.1111110002
21956  3.243  -48.877  40.240 0.1111110002
88316  2.572  -48.034  39.907 0.1111110002
22623  6.520  -49.238  43.398 0.3333329856
19619  5.570  -53.233  35.923 0.1111110002
24639  17.351  -46.487  40.208 0.2222220004
24649  16.758  -45.991  39.718 0.2222220004
24644  17.579  -45.582  39.947 0.3333329856
77498  17.006  -45.168  39.508 0.2222220004
25317  17.623  -44.491  39.961 0.2222220004
26377  33.286  -42.291  36.621 0.6666669846
25847  17.619  -43.574  39.833 0.2222220004
27474  18.804  -41.433  39.988 0.2222220004
28031  26.414  -40.732  36.262 0.1111110002
89183  4.418  -50.752  42.172 0.2222220004
22639  4.356  -48.861  42.037 0.2222220004
23320  4.001  -48.146  41.729 0.1111110002
23323  4.265  -47.425  40.757 0.1111110002
21304  4.328  -49.951  41.620 0.1111110002
22649  3.808  -48.471  41.399 0.1111110002
79393  3.429  -47.529  40.230 0.1111110002
22622  7.362  -48.795  43.580 0.3333329856
23287  8.152  -47.861  43.360 0.3333329856
84224  8.553  -47.636  42.768 0.3333329856
74154  9.993  -46.457  39.756 0.1111110002
23937  10.311  -46.593  40.350 0.1111110002
74155  10.881  -46.424  39.709 0.1111110002
23949  12.616  -46.422  39.510 0.1111110002
26957  31.788  -42.118  36.533 0.5555559993
26958  30.528  -41.352  36.009 0.4444440007
84137  13.834  -46.297  38.543 0.1111110002
25326  15.905  -44.921  38.412 0.1111110002
26352  17.796  -42.743  39.486 0.2222220004
26351  18.346  -42.146  39.824 0.2222220004
26933  18.078  -42.020  39.017 0.1111110002
28050  25.832  -40.955  35.711 0.1111110002
28032  25.486  -41.415  36.379 0.1111110002
27998  19.112  -39.985  39.269 0.1111110002
28051  24.831  -41.337  35.482 0.1111110002
28052  23.863  -41.030  35.837 0.1111110002
27482  19.372  -40.194  39.822 0.1111110002
73752  23.384  -39.919  35.538 0.1111110002
28034  23.392  -40.302  36.372 0.1111110002
27997  19.592  -39.627  39.426 0.1111110002
27996  20.176  -39.406  39.520 0.1111110002
28006  19.789  -39.080  38.907 0.1111110002
23304  4.622  -48.224  42.185 0.2222220004
74526  5.070  -47.466  41.261 0.1111110002
23942  5.254  -47.115  40.487 0.1111110002
23290  5.118  -48.509  42.609 0.2222220004
23317  6.450  -47.393  41.569 0.2222220004
23318  5.722  -47.555  41.753 0.1111110002
23322  5.968  -47.252  41.043 0.1111110002
23316  7.251  -47.427  41.838 0.1111110002
77083  8.096  -46.723  40.423 0.1111110002
23927  8.795  -46.884  40.868 0.1111110002
23938  9.450  -46.590  40.218 0.1111110002
23950  11.713  -46.380  39.254 0.1111110002
28047  28.418  -40.048  35.536 0.2222220004
84034  28.019  -39.927  36.066 0.1111110002
81977  13.094  -46.426  38.942 0.1111110002
28030  27.300  -40.135  36.132 0.1111110002
24662  14.779  -45.992  38.525 0.1111110002
28033  24.452  -41.667  36.190 0.1111110002
24661  15.502  -45.667  38.663 0.1111110002
25325  16.417  -44.215  38.500 0.1111110002
78346  23.767  -41.373  36.593 0.1111110002
28035  22.879  -39.780  36.811 0.1111110002
28017  22.600  -39.784  37.499 0.1111110002
25851  17.220  -43.247  39.049 0.1111110002
25852  16.746  -43.611  38.584 0.1111110002
28036  22.107  -39.254  36.845 0.1111110002
26359  17.465  -42.523  38.665 0.1111110002
26932  18.495  -41.496  39.404 0.1111110002
26941  18.241  -41.120  38.649 0.1111110002
28600  21.366  -38.637  36.632 0.1111110002
28610  22.458  -39.235  35.149 0.1111110002
28611  21.418  -38.483  35.221 0.1111110002
28576  20.943  -38.878  37.902 0.1111110002
28005  20.408  -39.007  38.678 0.1111110002
23929  6.868  -47.102  41.014 0.1111110002
23941  6.319  -46.844  40.220 0.1111110002
23939  8.649  -46.557  40.032 0.1111110002
23953  7.092  -46.569  39.584 0.1111110002
74829  10.118  -46.449  39.091 0.1111110002
86791  10.938  -46.425  38.844 0.1111110002
23962  12.364  -46.386  38.624 0.1111110002
26956  32.767  -41.943  36.255 0.4444440007
26971  32.049  -41.779  35.686 0.6666669846
27523  29.146  -40.524  35.691 0.2222220004
88289  21.392  -38.915  37.253 0.1111110002
28053  22.731  -39.492  36.112 0.1111110002
77032  20.765  -38.421  37.197 0.1111110002
77105  18.864  -40.729  39.439 0.1111110002
28054  21.935  -38.869  35.998 0.1111110002
74932  21.271  -38.341  36.032 0.1111110002
23940  7.351  -46.760  40.352 0.1111110002
23952  8.432  -46.466  39.426 0.1111110002
87654  31.254  -41.679  36.072 0.4444440007
27509  29.789  -40.949  35.935 0.2222220004
85804  16.025  -44.245  37.860 0.1111110002
26984  33.272  -41.234  34.696 0.4444440007
26970  33.099  -41.508  35.570 0.3333329856
28046  28.812  -40.275  35.030 0.2222220004
26360  16.924  -42.960  38.224 0.1111110002
27522  30.166  -41.080  35.344 0.4444440007
87758  29.629  -40.794  35.536 0.3333329856
28068  28.150  -39.921  34.618 0.1111110002
85470  16.510  -44.835  39.011 0.1111110002
26972  31.075  -41.476  35.455 0.4444440007
27536  30.066  -40.943  34.553 0.2222220004
27537  29.469  -40.653  34.937 0.2222220004
28069  27.320  -39.955  34.689 0.1111110002
79170  17.659  -41.844  38.226 0.1111110002
26987  30.763  -41.280  34.604 0.3333329856
27538  28.911  -40.266  34.227 0.2222220004
28084  28.297  -39.985  33.570 0.1111110002
28085  27.355  -39.958  33.782 0.1111110002
27552  30.372  -41.042  33.805 0.2222220004
27553  29.631  -40.643  33.962 0.2222220004
28086  26.329  -40.183  33.539 0.1111110002
28018  21.742  -39.369  37.716 0.1111110002
78373  29.049  -40.423  33.146 0.1111110002
76783  27.736  -39.982  32.844 0.1111110002
28097  26.852  -40.131  32.779 0.1111110002
27559  29.580  -40.703  32.386 0.1111110002
27560  28.872  -40.424  32.008 0.1111110002
28095  28.082  -40.086  32.072 0.1111110002
28096  27.330  -40.049  32.016 0.1111110002
79486  28.403  -40.141  32.734 0.1111110002
28109  28.436  -39.997  31.428 0.1111110002
28108  29.158  -40.103  30.948 0.1111110002
74917  28.395  -39.682  30.692 0.1111110002
23951  9.230  -46.462  39.404 0.1111110002
24674  15.211  -45.318  37.964 0.1111110002
23965  9.430  -46.422  38.531 0.1111110002
25333  15.552  -44.618  37.518 0.1111110002
24689  14.995  -45.052  37.066 0.1111110002
25860  16.408  -43.538  37.745 0.1111110002
28049  26.586  -40.326  35.254 0.1111110002
27535  33.980  -40.676  34.285 0.4444440007
26985  32.577  -41.567  34.976 0.4444440007
28048  27.675  -39.922  35.391 0.1111110002
78986  17.206  -42.355  37.949 0.1111110002
27550  34.439  -40.138  33.580 0.3333329856
28071  25.787  -40.520  34.304 0.1111110002
26986  31.748  -41.630  34.581 0.4444440007
28070  26.674  -40.116  34.328 0.1111110002
84464  31.349  -41.546  32.878 0.4444440007
27004  31.167  -41.416  33.687 0.3333329856
80094  30.685  -41.253  32.969 0.2222220004
28585  20.260  -38.416  37.805 0.1111110002
27558  30.299  -41.034  32.261 0.1111110002
89233  19.575  -38.924  38.487 0.1111110002
27567  29.867  -40.620  31.504 0.1111110002
79318  29.135  -39.653  30.242 0.1111110002
28667  28.748  -39.402  29.914 0.1111110002
28127  28.039  -39.432  30.150 0.1111110002
27503  18.157  -40.386  37.985 0.1111110002
26949  17.710  -41.141  37.722 0.1111110002
28644  34.550  -38.713  32.919 0.2222220004
28094  34.427  -39.634  32.850 0.1111110002
27003  31.995  -41.701  33.323 0.3333329856
78553  25.605  -40.872  35.081 0.1111110002
28072  24.846  -40.911  34.587 0.1111110002
28577  19.852  -38.629  38.293 0.1111110002
28007  19.184  -39.390  38.613 0.1111110002
27492  18.650  -40.189  38.717 0.1111110002
74825  24.947  -40.701  33.869 0.1111110002
27011  31.056  -41.433  32.229 0.1111110002
27566  30.801  -41.050  31.519 0.1111110002
27575  30.002  -40.122  30.707 0.1111110002
27502  18.549  -39.717  38.102 0.1111110002
28645  34.109  -38.029  32.254 0.2222220004
28586  19.768  -38.194  37.525 0.1111110002
29234  34.169  -37.303  32.630 0.3333329856
27002  32.612  -41.499  34.114 0.2222220004
28578  19.402  -38.718  37.971 0.1111110002
27009  32.563  -41.576  32.509 0.3333329856
27010  31.800  -41.712  32.303 0.2222220004
27018  31.522  -41.441  31.645 0.1111110002
27574  30.684  -40.424  30.812 0.1111110002
28119  29.851  -39.681  30.186 0.1111110002
27001  33.278  -41.118  33.746 0.3333329856
29965  33.931  -36.605  32.691 0.3333329856
27008  33.243  -41.154  32.838 0.2222220004
78638  32.737  -41.458  33.293 0.3333329856
27017  32.351  -41.432  31.546 0.1111110002
27016  33.187  -41.202  31.978 0.2222220004
27023  31.623  -40.873  30.842 0.1111110002
27551  33.815  -40.664  33.257 0.3333329856
30603  33.517  -35.793  32.551 0.2222220004
29966  33.099  -36.402  32.133 0.2222220004
27573  32.509  -40.751  30.861 0.1111110002
29235  33.627  -37.137  32.132 0.2222220004
80995  33.419  -34.921  32.347 0.1111110002
28653  34.241  -39.144  32.125 0.1111110002
27556  34.136  -40.253  32.816 0.1111110002
31860  33.355  -33.143  31.971 0.1111110002
31197  33.415  -34.001  32.130 0.1111110002
28105  34.166  -40.052  32.129 0.1111110002
87471  33.463  -37.736  31.654 0.1111110002
27557  33.757  -40.671  32.400 0.2222220004
31198  32.775  -34.574  31.867 0.1111110002
30604  32.652  -35.552  32.029 0.1111110002
32513  33.461  -32.417  31.743 0.1111110002
33165  33.724  -31.818  31.446 0.1111110002
89325  32.286  -34.986  31.563 0.1111110002
31862  32.299  -34.240  31.320 0.1111110002
86647  34.093  -31.451  31.017 0.1111110002
32526  33.039  -32.099  31.159 0.1111110002
31861  32.837  -33.695  31.626 0.1111110002
33172  34.759  -31.157  30.946 0.1111110002
33822  34.877  -30.788  30.307 0.1111110002
33821  35.630  -30.774  30.713 0.1111110002
33820  36.621  -30.571  30.793 0.1111110002
33173  33.447  -31.582  30.745 0.1111110002
80085  37.616  -30.228  31.037 0.3333329856
34502  41.349  -29.622  31.689 0.5555559993
34514  40.656  -29.035  31.220 0.5555559993
34504  39.285  -29.581  31.628 0.4444440007
33819  38.452  -30.036  31.603 0.4444440007
34515  39.892  -29.130  31.207 0.4444440007
33823  34.101  -31.119  30.289 0.1111110002
33832  37.012  -30.055  30.161 0.3333329856
75033  39.226  -29.109  30.601 0.4444440007
34516  38.441  -29.623  30.814 0.4444440007
34513  42.182  -29.202  31.045 0.5555559993
34511  43.960  -28.513  31.073 0.6666669846
35263  44.847  -28.736  25.463 0.7777780294
35274  44.885  -28.542  24.621 0.6666669846
35287  44.417  -28.390  22.984 0.6666669846
33834  35.368  -30.410  29.875 0.1111110002
34517  37.754  -29.729  30.226 0.3333329856
35209  40.895  -28.433  30.711 0.5555559993
87039  41.416  -28.957  31.093 0.5555559993
34529  44.190  -29.812  29.857 0.7777780294
37336  48.472  -25.274  26.668 0.6666669846
37337  48.036  -25.313  25.834 0.6666669846
82456  46.865  -26.063  24.655 0.6666669846
76950  46.913  -26.726  25.470 0.6666669846
36582  46.422  -26.875  24.494 0.5555559993
37948  48.878  -24.747  27.326 0.5555559993
35959  44.815  -27.828  22.495 0.5555559993
37943  49.251  -24.495  27.946 0.6666669846
38543  49.370  -24.020  27.768 0.5555559993
35957  45.051  -28.019  23.134 0.5555559993
38542  49.377  -23.462  27.898 0.6666669846
39149  48.873  -22.870  28.341 0.3333329856
40510  49.300  -20.400  24.388 0.4444440007
39880  48.964  -21.266  25.525 0.5555559993
39868  49.127  -21.062  27.236 0.3333329856
39163  49.219  -22.617  27.789 0.6666669846
39150  48.135  -22.500  28.773 0.3333329856
39859  49.174  -21.665  27.791 0.5555559993
39848  48.966  -21.690  28.221 0.5555559993
33833  36.158  -30.228  30.092 0.1111110002
34510  44.473  -28.959  30.378 0.6666669846
37321  48.631  -25.506  27.352 0.6666669846
37322  48.233  -26.012  26.734 0.6666669846
36566  47.630  -26.720  26.453 0.6666669846
36583  45.945  -27.596  24.365 0.6666669846
35956  45.487  -27.807  23.662 0.5555559993
35944  45.926  -28.026  24.957 0.7777780294
35273  45.485  -28.166  24.407 0.5555559993
35284  44.982  -28.330  23.746 0.6666669846
38535  49.475  -24.009  28.024 0.5555559993
38536  49.042  -23.895  28.312 0.3333329856
40507  49.313  -20.213  25.867 0.3333329856
40480  49.230  -20.981  27.991 0.4444440007
38537  48.382  -23.538  28.712 0.3333329856
39151  47.677  -23.071  28.675 0.2222220004
39156  46.835  -22.956  28.147 0.2222220004
81891  49.000  -19.860  23.659 0.3333329856
41125  49.284  -20.194  27.444 0.2222220004
40503  49.247  -20.393  26.888 0.3333329856
39849  48.288  -21.040  28.854 0.3333329856
39850  47.740  -21.282  28.844 0.3333329856
81820  47.318  -22.060  28.585 0.1111110002
38545  46.260  -23.274  27.302 0.1111110002
78403  45.345  -23.950  26.250 0.1111110002
39851  46.776  -20.939  28.755 0.1111110002
39152  46.337  -21.672  28.283 0.1111110002
39157  45.916  -22.347  27.541 0.1111110002
35207  43.070  -28.505  31.053 0.5555559993
34527  45.265  -29.058  29.160 0.7777780294
34542  45.487  -29.305  28.337 0.7777780294
36553  48.194  -26.801  27.458 0.7777780294
35924  47.730  -27.311  27.149 0.7777780294
74607  47.061  -27.362  26.324 0.7777780294
35933  46.401  -27.547  25.322 0.7777780294
34570  45.299  -28.847  26.419 0.7777780294
37308  48.896  -25.271  28.021 0.5555559993
36532  48.405  -25.880  28.291 0.5555559993
35934  46.125  -28.131  25.599 0.7777780294
35262  45.512  -28.399  25.376 0.7777780294
37296  48.578  -25.162  28.346 0.4444440007
37937  49.022  -24.566  28.184 0.5555559993
37938  48.440  -24.558  28.604 0.3333329856
37939  47.825  -24.978  28.708 0.3333329856
40513  49.353  -19.928  24.170 0.3333329856
40509  49.371  -20.072  24.900 0.2222220004
38538  47.572  -24.019  28.617 0.3333329856
38544  46.644  -23.943  27.835 0.1111110002
37949  46.278  -24.547  27.442 0.1111110002
37950  45.708  -24.538  26.691 0.1111110002
84877  48.869  -20.139  28.554 0.4444440007
40466  48.241  -20.169  29.024 0.2222220004
38550  46.084  -23.907  26.826 0.1111110002
81226  44.948  -24.653  26.334 0.1111110002
37951  44.019  -24.728  26.200 0.1111110002
41135  49.266  -20.076  26.521 0.4444440007
83032  49.087  -19.888  28.051 0.4444440007
41096  47.880  -19.975  29.230 0.1111110002
40467  47.706  -20.102  29.209 0.1111110002
40468  47.141  -20.022  29.222 0.1111110002
41156  47.168  -19.500  21.522 0.3333329856
41109  47.617  -19.548  28.765 0.1111110002
41110  46.648  -19.696  29.009 0.1111110002
40482  46.161  -20.114  29.241 0.1111110002
39852  45.625  -20.679  28.860 0.1111110002
41721  46.925  -19.249  28.444 0.1111110002
34532  35.853  -29.939  29.375 0.1111110002
35902  47.671  -27.236  28.330 0.7777780294
35914  47.416  -27.929  28.171 0.7777780294
36533  47.921  -26.389  28.488 0.7777780294
35913  47.959  -27.448  27.868 0.7777780294
35925  47.303  -27.932  27.284 0.7777780294
75981  46.620  -28.007  26.282 0.7777780294
89371  46.643  -28.356  27.007 0.7777780294
76278  46.055  -28.426  26.312 0.7777780294
37297  48.159  -25.470  28.596 0.3333329856
37298  47.394  -25.764  28.519 0.3333329856
37309  46.385  -25.253  28.085 0.2222220004
36546  42.655  -26.697  27.432 0.2222220004
37944  47.030  -24.773  28.370 0.2222220004
37310  45.689  -25.560  27.712 0.1111110002
84073  43.994  -25.904  27.169 0.2222220004
37324  45.314  -25.163  26.901 0.1111110002
41139  49.234  -19.969  25.513 0.2222220004
37325  44.481  -25.318  26.675 0.1111110002
41144  48.381  -19.600  23.256 0.3333329856
41143  48.980  -19.570  23.942 0.2222220004
41140  49.005  -19.776  26.134 0.3333329856
41126  48.916  -19.720  27.129 0.3333329856
41127  48.401  -19.389  28.031 0.2222220004
41097  47.277  -19.975  29.279 0.1111110002
41147  47.670  -19.707  22.360 0.3333329856
41830  46.953  -18.960  20.818 0.3333329856
41751  48.091  -19.209  27.187 0.2222220004
41734  47.515  -19.095  27.974 0.2222220004
35208  41.911  -28.353  30.796 0.5555559993
78277  36.555  -29.873  29.591 0.1111110002
35903  47.013  -27.732  28.713 0.7777780294
35237  46.750  -28.288  28.501 0.7777780294
35247  46.219  -28.869  28.062 0.7777780294
35253  46.892  -28.469  27.772 0.7777780294
36534  47.025  -26.968  28.505 0.4444440007
35254  46.115  -28.723  27.238 0.7777780294
37299  46.354  -26.117  28.404 0.4444440007
37311  44.894  -25.749  27.394 0.2222220004
41805  48.748  -19.400  24.371 0.3333329856
41788  48.749  -19.546  25.234 0.3333329856
41768  48.487  -19.425  26.233 0.3333329856
84594  47.405  -18.158  19.447 0.3333329856
76513  47.410  -18.278  18.791 0.3333329856
41752  47.154  -19.035  27.214 0.1111110002
41833  47.138  -18.422  20.047 0.3333329856
75048  47.627  -19.143  26.181 0.1111110002
42519  47.930  -17.818  18.279 0.3333329856
42518  48.541  -17.360  18.654 0.3333329856
35891  45.779  -27.969  29.992 0.7777780294
35223  45.560  -28.317  29.839 0.7777780294
35205  44.980  -28.416  30.343 0.7777780294
35222  46.297  -28.030  29.266 0.7777780294
35238  45.961  -28.608  28.852 0.7777780294
35904  46.342  -27.668  29.194 0.7777780294
36537  43.939  -26.738  28.782 0.4444440007
88734  42.921  -26.952  28.554 0.4444440007
37300  45.375  -26.173  28.280 0.2222220004
36544  44.408  -26.262  28.046 0.3333329856
36545  43.497  -26.460  27.772 0.4444440007
41806  48.178  -19.214  23.645 0.3333329856
41155  46.926  -19.023  21.533 0.3333329856
41820  47.290  -19.197  22.453 0.3333329856
79886  48.176  -19.227  25.442 0.2222220004
41789  48.178  -19.059  24.532 0.2222220004
42510  47.837  -17.706  19.083 0.3333329856
42429  47.596  -18.978  23.760 0.2222220004
41790  47.609  -19.021  25.109 0.1111110002
35206  44.628  -28.276  30.768 0.5555559993
34530  40.019  -28.631  30.606 0.3333329856
35892  45.088  -27.874  30.433 0.7777780294
35879  45.087  -28.084  30.460 0.7777780294
36525  45.565  -27.503  29.617 0.7777780294
36526  44.583  -27.285  29.706 0.6666669846
35905  43.583  -27.234  29.627 0.5555559993
35894  42.596  -27.410  29.594 0.4444440007
36536  44.967  -26.747  28.932 0.6666669846
87760  42.289  -27.225  28.737 0.3333329856
36535  46.006  -26.888  28.893 0.6666669846
42498  47.573  -17.674  19.815 0.3333329856
35881  43.781  -28.031  31.125 0.5555559993
35893  44.229  -27.674  30.565 0.5555559993
35880  44.528  -28.093  30.955 0.5555559993
81239  43.395  -27.629  30.430 0.4444440007
43155  52.546  -16.442  21.278 0.2222220004
35882  42.777  -27.898  30.711 0.4444440007
43143  51.302  -16.518  22.916 0.2222220004
43142  52.304  -16.418  22.625 0.3333329856
20778  3.967  -51.326  42.664 0.1111110002
21945  4.658  -50.202  42.713 0.3333329856
22624  5.602  -49.399  43.198 0.3333329856
89038  3.737  -53.676  39.072 0.1111110002
20233  5.028  -52.147  39.339 0.1111110002
22629  6.903  -48.404  43.339 0.3333329856
19603  3.939  -53.753  38.366 0.1111110002
78264  4.626  -49.618  42.167 0.2222220004
23288  7.308  -47.913  43.191 0.3333329856
88767  4.286  -51.119  39.860 0.1111110002
22632  4.897  -48.956  42.515 0.3333329856
19607  4.918  -53.624  37.239 0.1111110002
23926  9.773  -46.864  40.907 0.1111110002
23280  8.539  -48.152  43.718 0.3333329856
88559  5.633  -48.375  42.850 0.2222220004
23315  8.408  -47.350  41.876 0.2222220004
19613  4.973  -53.766  36.385 0.1111110002
24676  13.451  -46.112  37.676 0.1111110002
42509  48.386  -17.203  19.486 0.3333329856
41807  47.157  -19.158  23.000 0.1111110002
41829  47.074  -17.913  20.601 0.3333329856
79376  46.707  -18.215  21.256 0.1111110002
23972  3.159  -47.222  37.731 0.1111110002
20800  6.039  -51.660  36.042 0.1111110002
20259  5.862  -52.372  34.527 0.1111110002
20773  3.657  -52.045  43.543 0.2222220004
21297  4.244  -50.631  43.519 0.3333329856
82283  3.786  -51.890  44.259 0.2222220004
20786  4.401  -51.816  40.791 0.1111110002
21957  2.766  -48.439  39.734 0.1111110002
20253  5.949  -52.459  35.489 0.1111110002
20248  5.970  -52.501  36.436 0.1111110002
80271  4.294  -51.072  41.086 0.1111110002
80851  4.316  -50.848  41.691 0.1111110002
20790  4.597  -51.781  40.029 0.1111110002
20234  4.493  -52.559  39.694 0.1111110002
23330  3.517  -47.329  39.512 0.1111110002
21314  4.556  -50.790  38.984 0.1111110002
20237  5.814  -52.016  37.912 0.1111110002
20244  5.487  -52.927  37.698 0.1111110002
20239  4.468  -53.030  38.973 0.1111110002
19621  4.055  -54.122  34.673 0.1111110002
21952  3.796  -49.108  41.002 0.1111110002
22658  2.672  -48.109  40.083 0.1111110002
84490  2.875  -47.908  40.265 0.1111110002
23324  3.551  -47.901  41.021 0.1111110002
22625  5.098  -49.451  42.937 0.3333329856
80721  7.656  -49.200  43.675 0.3333329856
21949  4.259  -49.263  41.749 0.1111110002
23319  4.305  -47.763  41.544 0.1111110002
23329  4.427  -47.023  39.859 0.1111110002
22630  6.053  -48.722  43.103 0.3333329856
23300  7.777  -47.628  42.644 0.3333329856
23314  9.405  -47.176  41.608 0.1111110002
76333  5.003  -47.759  41.863 0.1111110002
23303  5.495  -47.906  42.424 0.2222220004
23302  6.363  -47.642  42.213 0.2222220004
23928  7.800  -47.028  41.059 0.1111110002
23301  7.004  -47.714  42.616 0.3333329856
80120  29.928  -40.839  33.075 0.2222220004
37338  47.473  -25.991  25.636 0.6666669846
36599  45.885  -26.958  23.592 0.5555559993
38549  49.147  -23.275  27.426 0.5555559993
85706  49.376  -23.510  27.957 0.5555559993
39888  49.243  -20.504  25.246 0.4444440007
39869  48.968  -21.522  26.592 0.4444440007
39879  49.179  -20.711  26.247 0.4444440007
83132  49.098  -21.832  27.478 0.4444440007
39148  49.259  -22.741  27.818 0.5555559993
75880  48.432  -21.901  28.683 0.3333329856
34509  45.033  -28.823  29.895 0.7777780294
40495  49.235  -20.714  27.645 0.4444440007
40481  48.749  -20.637  28.571 0.4444440007
39165  45.450  -23.075  26.700 0.1111110002
36542  48.522  -26.099  27.790 0.6666669846
36543  48.258  -26.710  28.175 0.7777780294
37323  45.868  -24.987  27.287 0.1111110002
41141  49.149  -19.791  24.632 0.2222220004
39838  47.712  -20.403  29.085 0.1111110002
39839  47.183  -20.395  29.024 0.1111110002
37326  43.637  -25.488  26.417 0.2222220004
35895  41.778  -27.712  30.057 0.5555559993
72830  31.332  -50.659  35.561 0.1111110002
83516  32.712  -50.657  36.011 0.2222220004
83462  31.881  -51.437  36.225 0.2222220004
83730  31.802  -49.946  34.854 0.1111110002
72042  31.762  -48.905  33.557 0.1111110002
83813  31.481  -49.585  34.679 0.1111110002
83446  31.410  -48.454  32.218 0.1111110002
23349  33.433  -48.146  35.834 0.2222220004
23348  33.979  -47.144  35.433 0.2222220004
23353  33.345  -47.880  35.092 0.2222220004
22688  33.113  -49.362  35.707 0.2222220004
84523  33.322  -47.679  34.203 0.2222220004
83883  32.711  -49.956  35.171 0.2222220004
23357  32.923  -48.089  33.507 0.2222220004
83461  32.497  -49.009  34.223 0.2222220004
23363  32.773  -48.054  32.445 0.1111110002
73309  32.194  -48.687  33.140 0.1111110002
22712  32.272  -48.496  32.079 0.1111110002
86664  31.754  -48.561  31.698 0.1111110002
24029  34.580  -46.543  34.740 0.2222220004
24030  33.855  -47.080  34.450 0.2222220004
24040  33.639  -47.217  33.535 0.1111110002
81641  34.024  -46.756  32.712 0.2222220004
24049  33.331  -47.446  32.822 0.1111110002
23370  32.621  -47.961  31.528 0.1111110002
24038  35.122  -46.111  33.995 0.3333329856
24048  34.902  -46.191  32.990 0.2222220004
24039  34.362  -46.620  33.723 0.2222220004
24743  36.443  -45.326  33.576 0.3333329856
24723  35.855  -45.676  34.267 0.3333329856
24755  36.454  -45.314  32.553 0.2222220004
24744  35.715  -45.719  33.243 0.2222220004
24764  36.231  -45.279  31.641 0.2222220004
24722  36.533  -45.266  34.510 0.3333329856
24742  37.105  -44.987  33.865 0.3333329856
24721  37.145  -44.870  34.736 0.4444440007
76268  36.995  -45.032  33.097 0.3333329856
24763  36.837  -45.023  31.895 0.2222220004
25344  37.227  -44.750  35.467 0.4444440007
24701  36.673  -45.117  35.373 0.4444440007
81435  37.696  -44.493  35.084 0.4444440007
25357  37.703  -44.586  34.178 0.3333329856
24754  37.233  -44.848  32.411 0.2222220004
25374  38.259  -44.199  33.717 0.4444440007
27548  40.532  -40.092  33.584 0.6666669846
25384  38.247  -44.115  32.951 0.3333329856
27554  40.436  -40.026  32.642 0.5555559993
25385  37.936  -44.294  32.204 0.2222220004
27555  40.198  -40.731  32.185 0.4444440007
25892  37.702  -44.032  31.357 0.2222220004
25388  37.303  -44.602  31.667 0.2222220004
27014  39.674  -41.371  31.738 0.3333329856
25869  38.775  -43.732  34.162 0.4444440007
83006  40.549  -39.713  35.062 0.6666669846
25881  38.669  -43.622  33.300 0.4444440007
26391  39.684  -42.379  34.269 0.5555559993
26392  39.229  -43.210  34.624 0.5555559993
26982  40.392  -40.979  34.760 0.5555559993
74866  39.155  -43.037  33.728 0.5555559993
27532  40.314  -40.913  34.004 0.6666669846
27000  40.007  -41.599  33.628 0.5555559993
27007  39.274  -42.155  32.266 0.4444440007
27006  39.828  -41.493  32.690 0.4444440007
30618  38.401  -35.751  29.775 0.5555559993
88715  38.596  -35.332  29.379 0.4444440007
30587  35.218  -35.874  34.501 0.5555559993
79677  34.877  -35.122  33.577 0.3333329856
33808  37.015  -30.855  31.645 0.3333329856
33804  40.785  -30.195  32.374 0.5555559993
33805  39.842  -30.067  32.454 0.5555559993
33806  38.949  -30.248  32.325 0.3333329856
34503  40.307  -29.441  31.928 0.3333329856
35224  41.102  -27.911  30.330 0.4444440007
35906  41.619  -27.412  28.848 0.2222220004
35264  44.128  -28.893  24.977 0.6666669846
34595  43.444  -28.966  24.244 0.4444440007
79812  44.254  -28.655  23.961 0.5555559993
35285  43.586  -28.758  23.333 0.4444440007
42430  47.353  -18.869  24.231 0.1111110002
41821  46.486  -18.617  21.941 0.1111110002
42458  46.943  -17.178  20.991 0.1111110002
42483  47.822  -16.870  20.856 0.1111110002
86489  49.390  -16.272  21.638 0.1111110002
43144  50.358  -16.513  21.843 0.2222220004
89452  50.467  -16.328  22.627 0.1111110002
47123  50.255  -10.394  15.421 0.1111110002
47110  49.729  -10.427  16.094 0.1111110002
27549  40.275  -40.813  33.114 0.5555559993
25891  38.216  -43.546  31.685 0.2222220004
26407  38.943  -42.905  32.817 0.4444440007
25889  38.502  -43.603  32.454 0.2222220004
26413  38.737  -42.867  31.926 0.2222220004
25356  38.245  -44.176  34.613 0.4444440007
26983  40.192  -41.607  34.497 0.5555559993
76933  43.383  -29.199  25.019 0.5555559993
33890  41.412  -30.406  25.362 0.4444440007
35915  42.094  -27.069  28.049 0.2222220004
72659  32.131  -50.747  35.467 0.1111110002
72914  31.959  -48.730  32.238 0.1111110002
73235  32.088  -48.539  31.543 0.1111110002
25375  37.663  -44.609  33.183 0.2222220004
26406  39.455  -42.250  33.231 0.5555559993
31189  34.829  -34.384  33.245 0.1111110002
21946  14.101  -48.556  42.606 0.2222220004
77055  13.188  -49.396  42.085 0.3333329856
21303  12.558  -50.293  41.457 0.3333329856
21951  14.743  -48.473  42.038 0.2222220004
20779  12.079  -50.964  41.099 0.2222220004
89420  10.724  -52.148  40.782 0.2222220004
22648  15.393  -48.059  42.025 0.2222220004
21950  15.282  -48.499  41.447 0.2222220004
21302  13.365  -50.011  41.029 0.2222220004
20784  12.331  -51.418  40.450 0.1111110002
22636  16.274  -48.051  41.458 0.2222220004
22647  15.894  -48.259  41.369 0.1111110002
75649  14.673  -49.198  40.849 0.2222220004
21955  14.013  -49.794  40.691 0.1111110002
21307  12.901  -50.811  40.556 0.2222220004
21305  14.355  -49.917  40.093 0.1111110002
21953  16.220  -48.542  40.692 0.2222220004
21310  14.652  -49.672  39.450 0.1111110002
21309  15.373  -49.285  39.614 0.1111110002
21940  13.451  -48.606  43.013 0.3333329856
22637  14.556  -48.091  42.850 0.3333329856
22646  16.627  -48.173  41.271 0.2222220004
88577  17.230  -48.099  41.261 0.2222220004
22656  17.806  -48.124  40.989 0.2222220004
79670  17.017  -48.521  40.476 0.2222220004
21958  16.134  -48.929  39.917 0.2222220004
22626  14.030  -48.206  43.243 0.3333329856
22627  13.535  -48.179  43.426 0.3333329856
21947  12.749  -49.166  42.773 0.3333329856
22638  14.133  -48.112  43.343 0.3333329856
20774  11.728  -50.581  41.837 0.3333329856
23294  16.675  -47.936  41.333 0.1111110002
23908  17.068  -47.452  40.891 0.2222220004
23295  15.889  -48.059  41.628 0.2222220004
79767  16.972  -47.957  41.318 0.2222220004
22635  17.522  -47.627  41.002 0.2222220004
84835  18.225  -47.549  40.923 0.1111110002
22654  19.222  -47.837  40.556 0.2222220004
22644  18.565  -47.700  41.041 0.2222220004
22645  17.672  -47.866  41.160 0.2222220004
22655  18.481  -48.181  40.561 0.2222220004
21948  12.092  -49.352  43.017 0.3333329856
23313  15.023  -48.040  42.278 0.2222220004
86069  14.385  -47.983  42.997 0.3333329856
23921  15.744  -47.749  41.292 0.2222220004
23920  16.644  -47.260  40.654 0.2222220004
23932  16.739  -46.642  40.109 0.2222220004
23919  17.565  -46.778  40.388 0.2222220004
23906  18.834  -46.470  40.598 0.1111110002
24631  18.426  -46.179  40.390 0.1111110002
22634  18.477  -47.118  40.759 0.1111110002
23293  19.409  -46.589  40.809 0.1111110002
22643  19.489  -47.306  40.861 0.2222220004
22653  20.136  -47.491  40.290 0.2222220004
22662  20.405  -47.703  39.640 0.2222220004
24658  24.828  -45.430  38.585 0.3333329856
24671  23.544  -45.119  37.667 0.3333329856
23282  13.403  -48.139  43.429 0.3333329856
22628  12.823  -48.189  43.663 0.3333329856
21941  12.804  -48.620  43.340 0.3333329856
23909  14.227  -47.702  42.313 0.2222220004
21299  11.332  -50.119  42.490 0.3333329856
85206  19.454  -46.052  40.847 0.1111110002
24630  19.148  -45.726  40.790 0.1111110002
23905  19.896  -45.973  41.104 0.1111110002
25299  19.359  -45.000  41.287 0.3333329856
23292  20.110  -46.357  41.023 0.2222220004
23309  20.466  -46.651  40.864 0.2222220004
22640  21.734  -47.308  40.383 0.4444440007
23327  22.267  -47.751  39.804 0.4444440007
22660  21.964  -47.793  40.071 0.3333329856
23943  25.234  -45.769  39.390 0.3333329856
23332  21.376  -47.293  38.999 0.3333329856
24659  24.000  -45.639  38.458 0.3333329856
23976  23.140  -45.775  38.219 0.3333329856
23296  13.869  -47.879  43.149 0.2222220004
23297  12.911  -47.794  43.241 0.3333329856
24628  20.165  -45.437  41.518 0.2222220004
25297  20.366  -44.436  42.073 0.3333329856
23291  20.821  -46.247  41.032 0.3333329856
23904  20.464  -45.837  41.276 0.3333329856
23308  21.277  -46.716  40.733 0.3333329856
23307  22.282  -47.067  40.599 0.3333329856
26939  28.420  -41.781  38.471 0.2222220004
27015  38.900  -41.997  31.292 0.2222220004
74828  21.029  -44.649  42.056 0.3333329856
24627  20.804  -45.279  41.679 0.3333329856
74859  21.804  -45.022  41.903 0.3333329856
26329  20.798  -42.876  41.723 0.2222220004
23918  21.720  -46.319  41.012 0.4444440007
26336  21.555  -42.415  41.408 0.2222220004
23917  22.708  -46.496  40.930 0.3333329856
26928  28.059  -42.157  39.198 0.3333329856
27020  39.487  -41.199  30.804 0.2222220004
25296  21.919  -44.266  42.327 0.3333329856
74727  21.065  -44.083  42.326 0.3333329856
88970  22.687  -45.181  41.854 0.3333329856
25831  20.984  -43.544  42.150 0.3333329856
26328  21.749  -43.102  41.952 0.3333329856
26929  27.287  -42.031  39.306 0.2222220004
26940  27.670  -41.633  38.640 0.2222220004
27486  27.293  -41.294  38.134 0.1111110002
27475  26.947  -41.639  38.762 0.1111110002
27488  25.830  -41.624  38.553 0.2222220004
27570  40.044  -40.672  30.268 0.1111110002
25830  21.890  -43.721  42.324 0.3333329856
25829  22.809  -43.887  42.406 0.3333329856
27562  40.379  -40.001  31.782 0.2222220004
83279  40.397  -39.909  31.102 0.2222220004
27569  40.403  -40.245  30.568 0.2222220004
26955  33.757  -41.596  36.107 0.5555559993
88760  34.367  -40.580  34.812 0.5555559993
26968  34.586  -40.955  35.795 0.5555559993
26969  33.976  -40.978  35.269 0.5555559993
79262  34.813  -39.752  33.929 0.3333329856
28067  35.096  -39.224  34.215 0.3333329856
28083  34.743  -39.329  33.534 0.1111110002
76740  34.558  -37.818  33.065 0.2222220004
28093  39.932  -39.301  32.205 0.4444440007
28104  39.931  -39.262  31.451 0.3333329856
27521  34.758  -40.502  35.114 0.5555559993
27534  34.780  -40.191  34.384 0.5555559993
28623  35.198  -38.201  34.490 0.5555559993
81981  34.898  -37.412  33.901 0.3333329856
28636  34.841  -38.438  33.697 0.3333329856
29959  34.533  -36.598  33.424 0.3333329856
29228  34.426  -37.141  33.109 0.2222220004
28651  39.317  -38.735  31.874 0.4444440007
28045  35.807  -38.980  35.330 0.5555559993
28066  35.473  -38.802  34.851 0.5555559993
88963  35.227  -36.953  34.647 0.4444440007
29950  35.014  -36.521  34.175 0.3333329856
30597  34.765  -35.856  33.783 0.2222220004
85730  34.202  -35.961  33.110 0.2222220004
41179  46.277  -19.150  14.176 0.1111110002
41860  47.878  -18.057  12.822 0.1111110002
82243  45.315  -22.047  20.599 0.2222220004
39209  45.395  -22.590  21.242 0.2222220004
38599  44.910  -22.695  20.450 0.2222220004
39905  45.575  -21.365  20.285 0.2222220004
39213  44.942  -21.942  19.806 0.2222220004
41164  45.871  -20.100  18.222 0.1111110002
39910  45.369  -20.658  18.547 0.2222220004
87320  44.936  -21.112  18.720 0.2222220004
41167  46.277  -19.333  16.974 0.1111110002
41168  45.802  -19.872  17.363 0.1111110002
41856  46.729  -18.882  14.924 0.1111110002
41176  46.199  -19.249  15.220 0.1111110002
41177  45.654  -19.653  15.636 0.1111110002
41861  47.218  -18.423  13.186 0.1111110002
41855  47.146  -18.550  14.213 0.1111110002
37355  46.665  -25.380  23.854 0.4444440007
36598  46.412  -26.265  23.885 0.4444440007
37356  45.873  -25.899  23.194 0.4444440007
37969  46.600  -24.447  23.565 0.4444440007
80488  46.096  -24.983  23.229 0.4444440007
36603  45.429  -26.657  22.886 0.4444440007
38573  46.644  -23.574  23.328 0.4444440007
37970  45.890  -24.139  22.884 0.4444440007
37982  45.503  -25.073  22.633 0.4444440007
37366  45.142  -26.015  22.320 0.4444440007
36606  44.679  -26.617  21.621 0.4444440007
73933  46.831  -22.725  23.019 0.4444440007
38584  46.112  -23.196  22.687 0.3333329856
87702  45.576  -23.561  22.294 0.3333329856
39895  46.444  -21.712  21.903 0.3333329856
39200  46.321  -22.419  22.356 0.3333329856
39201  45.713  -22.881  22.026 0.3333329856
87717  46.446  -21.133  21.438 0.2222220004
39901  45.874  -21.703  21.151 0.2222220004
40536  46.423  -19.917  19.593 0.1111110002
40534  45.983  -20.622  19.931 0.2222220004
41163  46.340  -19.461  17.874 0.1111110002
78720  46.362  -19.682  18.755 0.1111110002
41839  47.354  -18.443  17.039 0.1111110002
41846  46.768  -18.887  16.586 0.1111110002
41844  48.102  -18.023  15.742 0.2222220004
41851  47.329  -18.475  15.254 0.1111110002
33809  36.219  -31.000  31.358 0.1111110002
37956  47.946  -24.576  25.257 0.4444440007
37346  47.349  -25.199  24.815 0.4444440007
37962  47.503  -24.453  24.558 0.4444440007
35958  45.277  -27.396  23.007 0.4444440007
38572  47.378  -23.082  23.656 0.4444440007
38565  47.284  -23.927  23.997 0.4444440007
36604  45.017  -27.024  22.319 0.4444440007
35291  44.244  -28.208  22.028 0.3333329856
36607  44.263  -27.116  21.025 0.3333329856
35962  43.980  -27.898  21.229 0.3333329856
39193  47.583  -22.279  23.357 0.4444440007
40520  47.095  -20.957  22.040 0.2222220004
40533  46.560  -20.153  20.433 0.1111110002
39904  46.183  -20.897  20.762 0.2222220004
81326  46.734  -19.315  19.273 0.1111110002
41836  47.352  -18.355  17.937 0.2222220004
41837  46.859  -18.941  18.509 0.2222220004
42527  47.980  -18.054  16.583 0.2222220004
33891  40.861  -31.007  25.630 0.2222220004
34605  42.660  -29.135  23.601 0.3333329856
34597  42.050  -29.828  25.049 0.3333329856
38564  47.885  -23.872  24.745 0.4444440007
35288  43.646  -28.577  22.458 0.3333329856
86312  47.824  -23.322  24.240 0.4444440007
86411  47.808  -21.601  23.121 0.4444440007
40532  46.970  -19.721  20.989 0.3333329856
40528  46.758  -20.462  21.253 0.3333329856
41159  46.828  -19.287  20.092 0.1111110002
34596  42.721  -29.358  24.624 0.3333329856
38556  48.358  -23.875  25.678 0.4444440007
37955  48.447  -24.651  26.219 0.4444440007
38563  48.304  -22.989  25.019 0.4444440007
73756  48.718  -23.126  26.277 0.4444440007
39192  48.317  -21.774  23.662 0.4444440007
39184  48.119  -22.623  23.997 0.4444440007
80202  48.632  -21.856  24.621 0.4444440007
39164  48.944  -22.412  26.992 0.4444440007
39893  48.953  -21.087  23.973 0.4444440007
40527  47.303  -20.086  21.782 0.3333329856
45669  52.267  -12.879  17.216 0.1111110002
45683  54.004  -12.812  16.410 0.1111110002
20221  11.090  -51.771  41.017 0.2222220004
20785  11.710  -51.439  40.872 0.2222220004
20222  10.304  -52.121  41.300 0.2222220004
20781  10.628  -51.499  41.761 0.3333329856
20227  10.392  -52.430  40.481 0.2222220004
24672  22.737  -45.285  37.429 0.3333329856
23331  22.405  -47.230  39.292 0.3333329856
27477  25.738  -41.744  39.255 0.2222220004
26350  27.724  -42.499  39.921 0.3333329856
27520  36.004  -39.703  35.524 0.5555559993
27533  35.395  -39.763  34.842 0.5555559993
28609  35.679  -37.866  35.403 0.4444440007
26930  26.436  -41.908  39.481 0.1111110002
75074  48.838  -23.955  26.814 0.4444440007
27563  40.189  -40.638  31.201 0.2222220004
88202  34.503  -35.565  33.328 0.2222220004
79459  13.991  -49.241  41.514 0.1111110002
82497  11.061  -52.209  40.312 0.2222220004
87149  12.873  -51.339  39.999 0.1111110002
21954  15.498  -48.916  40.520 0.2222220004
84736  14.955  -49.505  40.078 0.1111110002
20780  11.328  -51.163  41.451 0.3333329856
23312  16.376  -47.779  41.183 0.2222220004
23907  17.942  -47.012  40.579 0.1111110002
23311  19.001  -47.185  40.875 0.2222220004
22642  20.260  -47.036  40.704 0.2222220004
23922  14.903  -47.568  41.441 0.2222220004
25304  18.482  -44.866  40.630 0.1111110002
23310  19.779  -46.835  40.910 0.2222220004
22641  20.911  -46.941  40.588 0.2222220004
22661  21.003  -47.707  40.037 0.2222220004
24670  24.436  -44.981  37.760 0.3333329856
23283  12.723  -48.071  43.676 0.3333329856
24629  19.672  -45.524  41.235 0.2222220004
74627  19.891  -44.934  41.741 0.3333329856
25298  19.640  -44.189  41.823 0.3333329856
86998  20.407  -44.958  41.857 0.3333329856
85763  20.395  -43.938  42.201 0.3333329856
23903  21.253  -45.728  41.382 0.3333329856
23902  22.198  -45.723  41.426 0.4444440007
27571  39.341  -41.006  29.889 0.1111110002
29215  35.314  -37.481  34.778 0.4444440007
41862  46.655  -18.831  13.448 0.1111110002
41185  46.118  -19.286  13.072 0.1111110002
41867  47.263  -18.423  12.293 0.1111110002
41854  47.914  -18.070  13.752 0.1111110002
39208  45.927  -22.250  21.746 0.2222220004
79054  45.229  -23.400  21.651 0.3333329856
39907  45.347  -21.083  19.358 0.2222220004
39908  44.774  -21.529  19.098 0.2222220004
40537  45.913  -20.368  19.065 0.2222220004
40542  45.326  -20.417  17.755 0.1111110002
40539  44.857  -20.895  18.100 0.2222220004
39911  44.376  -21.440  18.437 0.2222220004
41172  46.215  -19.271  16.107 0.1111110002
41173  45.719  -19.717  16.500 0.1111110002
40546  45.239  -20.221  16.924 0.1111110002
41852  46.742  -18.876  15.721 0.1111110002
37963  47.121  -24.701  24.097 0.4444440007
35961  44.545  -27.498  21.753 0.4444440007
39199  47.072  -21.823  22.668 0.4444440007
41845  47.361  -18.472  16.161 0.1111110002
41840  46.803  -18.889  17.490 0.1111110002
41850  47.987  -18.060  14.727 0.1111110002
35292  43.496  -28.408  21.618 0.3333329856
88226  47.633  -21.132  22.730 0.3333329856
78285  41.944  -29.579  24.168 0.3333329856
87955  41.455  -29.808  23.891 0.3333329856
39173  48.720  -22.182  25.825 0.4444440007
28652  38.802  -38.164  31.502 0.5555559993
28662  39.013  -38.119  30.533 0.3333329856
29250  38.628  -37.442  29.964 0.3333329856
29241  38.345  -37.347  31.003 0.3333329856
85194  49.611  -27.803  15.111 0.1111110002
35343  50.044  -28.691  13.984 0.1111110002
37409  46.611  -25.732  14.955 0.1111110002
37416  46.192  -25.452  13.935 0.1111110002
37426  44.787  -25.303  12.741 0.1111110002
72134  49.106  -25.478  16.518 0.1111110002
73083  48.203  -25.682  16.660 0.1111110002
37403  47.002  -25.581  15.956 0.1111110002
37417  45.362  -25.794  13.471 0.1111110002
75805  44.542  -25.975  13.161 0.1111110002
35999  49.464  -27.062  15.788 0.1111110002
37410  45.797  -26.189  14.320 0.1111110002
37418  43.789  -25.856  12.968 0.1111110002
82707  38.142  -36.434  31.093 0.3333329856
29977  38.242  -36.537  30.309 0.3333329856
37395  47.605  -25.167  16.430 0.1111110002
37427  43.832  -25.158  12.551 0.1111110002
38051  42.981  -24.612  12.665 0.1111110002
37419  43.185  -25.436  12.884 0.1111110002
37420  42.430  -25.190  13.092 0.1111110002
78946  43.641  -24.383  12.262 0.1111110002
38650  42.196  -23.529  13.298 0.1111110002
39243  40.982  -22.719  15.299 0.1111110002
38050  44.347  -24.552  12.145 0.1111110002
38052  42.635  -23.900  12.777 0.1111110002
38042  41.361  -23.894  13.747 0.1111110002
84414  48.082  -24.773  16.645 0.1111110002
38025  47.053  -24.974  15.444 0.1111110002
38637  40.942  -23.281  14.645 0.1111110002
39232  40.018  -23.094  16.019 0.1111110002
38013  40.519  -24.492  17.664 0.1111110002
38033  46.889  -24.859  14.548 0.1111110002
37425  45.744  -25.138  13.046 0.1111110002
38660  43.941  -23.814  11.964 0.1111110002
38034  40.627  -23.965  14.365 0.1111110002
38619  39.495  -23.677  16.147 0.1111110002
38015  39.936  -24.385  17.110 0.1111110002
76315  48.774  -24.796  16.642 0.1111110002
39241  42.221  -22.427  14.316 0.1111110002
39230  41.268  -22.205  16.238 0.1111110002
38610  41.896  -22.978  17.918 0.1111110002
38604  42.617  -23.909  19.042 0.1111110002
89288  38.417  -35.586  28.482 0.2222220004
38649  42.900  -23.298  12.922 0.1111110002
39238  40.717  -22.600  15.867 0.1111110002
38011  42.043  -24.814  18.844 0.1111110002
39225  40.715  -23.139  16.915 0.1111110002
38012  41.221  -24.615  18.248 0.1111110002
39258  43.592  -23.123  12.460 0.1111110002
37388  41.367  -25.399  18.576 0.1111110002
38004  44.347  -24.498  20.612 0.1111110002
37379  44.360  -25.405  20.736 0.1111110002
39229  42.003  -21.947  16.672 0.1111110002
39219  42.608  -22.699  18.240 0.1111110002
38008  43.429  -24.291  19.573 0.1111110002
38005  43.931  -25.078  19.975 0.1111110002
39236  42.005  -22.127  14.972 0.1111110002
39223  42.270  -22.298  17.512 0.1111110002
77027  43.255  -25.109  19.569 0.1111110002
37384  43.395  -25.849  19.748 0.1111110002
39250  42.532  -22.833  13.590 0.1111110002
39916  42.816  -21.697  17.128 0.1111110002
39920  42.582  -21.379  16.195 0.1111110002
37385  42.635  -25.574  19.305 0.1111110002
36623  42.768  -26.592  19.570 0.2222220004
39249  43.224  -22.575  13.171 0.1111110002
39924  43.034  -21.278  15.295 0.1111110002
36628  42.158  -26.212  19.193 0.1111110002
37998  44.702  -24.829  21.357 0.2222220004
37367  44.699  -25.716  21.486 0.2222220004
38007  44.083  -24.212  19.980 0.1111110002
38602  43.955  -23.548  19.648 0.1111110002
36616  44.025  -26.724  20.466 0.2222220004
35972  43.616  -27.440  20.471 0.2222220004
39218  43.197  -22.530  18.557 0.1111110002
39222  43.006  -22.056  17.986 0.1111110002
36622  43.525  -26.665  20.024 0.2222220004
87689  43.094  -27.273  19.920 0.1111110002
39214  44.423  -22.798  19.719 0.1111110002
73967  44.329  -22.095  19.117 0.1111110002
74869  43.380  -21.150  16.717 0.1111110002
40553  43.770  -20.790  15.486 0.1111110002
39915  43.672  -21.448  17.673 0.1111110002
40548  43.888  -20.691  16.266 0.1111110002
40544  44.108  -20.896  17.065 0.1111110002
40547  44.598  -20.474  16.569 0.1111110002
37372  45.027  -25.176  21.979 0.3333329856
37997  45.194  -24.291  22.033 0.2222220004
38596  44.765  -23.953  21.199 0.1111110002
38600  44.472  -23.559  20.374 0.1111110002
35297  42.483  -28.496  20.473 0.2222220004
35293  42.719  -28.657  21.273 0.1111110002
40543  44.752  -20.660  17.366 0.1111110002
33229  38.194  -32.094  25.226 0.2222220004
35289  42.879  -28.737  22.113 0.2222220004
34610  42.311  -29.112  22.685 0.1111110002
34611  41.532  -29.418  22.432 0.1111110002
34620  41.115  -29.147  20.799 0.1111110002
34617  40.582  -29.510  21.417 0.1111110002
33918  39.451  -30.188  22.047 0.1111110002
33919  38.304  -30.465  21.934 0.1111110002
33920  37.244  -30.696  22.384 0.1111110002
33930  38.113  -30.205  20.895 0.1111110002
33925  37.354  -30.532  21.466 0.1111110002
32578  39.359  -32.333  26.029 0.2222220004
33228  39.091  -31.969  25.321 0.2222220004
33238  38.708  -31.595  24.636 0.2222220004
35286  43.014  -28.835  22.834 0.2222220004
34612  40.732  -29.746  22.237 0.1111110002
33917  40.125  -30.171  22.405 0.1111110002
74555  38.914  -30.636  22.656 0.1111110002
33911  37.987  -30.863  23.060 0.1111110002
85247  40.693  -30.545  24.129 0.1111110002
33900  40.225  -31.062  24.281 0.1111110002
33246  39.130  -31.337  24.038 0.2222220004
34606  41.684  -29.542  23.326 0.2222220004
33908  40.967  -30.088  23.599 0.1111110002
77734  40.301  -30.660  23.578 0.1111110002
33910  39.027  -31.007  23.375 0.1111110002
34607  41.059  -29.802  22.906 0.2222220004
33909  40.477  -30.208  22.938 0.1111110002
76349  39.743  -30.617  22.946 0.1111110002
39889  49.031  -20.999  24.707 0.3333329856
40515  48.366  -20.909  23.252 0.3333329856
40519  47.839  -20.433  22.539 0.2222220004
33227  39.821  -31.865  25.492 0.2222220004
33237  39.592  -31.484  24.630 0.2222220004
73655  40.774  -30.747  24.810 0.1111110002
33236  40.270  -31.338  25.089 0.1111110002
40514  49.064  -20.335  23.722 0.2222220004
40518  48.535  -20.088  23.099 0.2222220004
41161  47.088  -18.737  19.380 0.2222220004
43779  50.958  -16.136  15.383 0.2222220004
44419  52.772  -14.369  15.588 0.2222220004
43195  51.350  -16.123  16.266 0.2222220004
43783  51.481  -15.394  15.075 0.2222220004
73628  52.188  -14.870  15.752 0.2222220004
43777  52.376  -15.100  16.576 0.2222220004
83088  52.813  -14.522  16.264 0.2222220004
45020  53.313  -14.039  16.036 0.2222220004
45019  53.764  -13.689  15.724 0.2222220004
45018  54.352  -13.310  15.791 0.1111110002
43196  50.679  -16.488  15.935 0.1111110002
43778  51.718  -15.514  15.990 0.2222220004
83343  50.247  -16.713  15.406 0.1111110002
42535  49.292  -17.254  14.623 0.1111110002
42536  48.631  -17.661  14.222 0.1111110002
43775  52.135  -15.720  16.779 0.2222220004
44416  52.639  -14.836  16.834 0.2222220004
45007  53.161  -14.161  16.317 0.2222220004
45002  52.218  -13.860  17.546 0.1111110002
45006  53.915  -13.586  16.065 0.1111110002
42523  47.973  -17.946  17.414 0.1111110002
42522  48.601  -17.470  17.782 0.2222220004
87597  48.384  -17.786  16.285 0.1111110002
43192  50.804  -16.514  16.620 0.2222220004
43193  50.115  -16.842  16.118 0.1111110002
78996  48.790  -17.554  15.993 0.1111110002
43197  49.844  -16.919  14.885 0.1111110002
42530  49.496  -17.168  15.510 0.1111110002
42531  48.729  -17.611  15.143 0.1111110002
43774  52.637  -15.511  17.267 0.2222220004
44408  52.568  -14.957  18.124 0.1111110002
45001  52.803  -14.027  16.910 0.1111110002
44995  51.634  -13.909  18.324 0.1111110002
42526  48.615  -17.553  16.825 0.1111110002
43191  51.725  -16.213  17.048 0.2222220004
76507  50.075  -16.829  16.950 0.1111110002
83125  49.383  -17.170  16.440 0.1111110002
82317  52.288  -16.303  17.949 0.2222220004
43178  53.154  -16.156  18.652 0.2222220004
44407  53.120  -15.722  18.329 0.2222220004
43771  53.012  -15.868  18.004 0.2222220004
44377  50.830  -15.030  21.814 0.1111110002
44398  52.277  -14.747  19.252 0.1111110002
44388  52.439  -15.103  20.473 0.1111110002
42521  49.318  -17.087  18.216 0.2222220004
43189  50.063  -16.865  17.787 0.2222220004
85167  51.314  -16.602  18.412 0.2222220004
43188  50.967  -16.567  17.536 0.2222220004
42525  49.309  -17.140  17.324 0.1111110002
43764  53.460  -15.961  18.917 0.2222220004
44376  52.338  -15.418  21.852 0.1111110002
86786  51.682  -15.460  23.004 0.1111110002
43757  53.556  -15.921  19.860 0.2222220004
43751  53.252  -15.871  21.008 0.1111110002
44397  53.257  -15.616  19.088 0.1111110002
44387  53.249  -15.536  19.963 0.1111110002
42497  48.076  -16.993  20.262 0.2222220004
42517  49.303  -16.974  19.129 0.2222220004
43181  50.288  -16.810  18.672 0.2222220004
42508  49.228  -16.840  20.066 0.2222220004
88283  50.624  -16.719  18.092 0.2222220004
43168  50.286  -16.797  19.751 0.2222220004
43157  50.291  -16.714  20.827 0.2222220004
43180  51.394  -16.681  19.366 0.2222220004
43167  51.433  -16.699  20.481 0.2222220004
43179  52.458  -16.480  18.965 0.2222220004
43166  52.630  -16.518  20.046 0.2222220004
43165  53.364  -16.160  19.506 0.2222220004
43742  52.473  -15.751  22.946 0.1111110002
43141  53.009  -16.104  21.876 0.1111110002
43741  52.561  -16.056  23.265 0.1111110002
42496  49.166  -16.633  20.949 0.1111110002
43156  51.404  -16.636  21.716 0.2222220004
43154  53.344  -16.068  20.616 0.1111110002
30623  38.404  -35.759  29.045 0.2222220004
33226  40.437  -31.634  25.913 0.2222220004
85826  44.961  -23.241  20.977 0.1111110002
35296  43.263  -28.209  20.796 0.2222220004
33899  41.289  -30.095  24.444 0.2222220004
39914  44.365  -21.066  17.736 0.1111110002
87132  44.241  -25.617  12.800 0.1111110002
38019  47.716  -24.308  16.369 0.1111110002
38041  42.125  -24.293  13.076 0.1111110002
37421  41.580  -24.838  13.491 0.1111110002
38661  43.239  -23.842  12.408 0.1111110002
38636  41.778  -23.078  14.011 0.1111110002
39242  41.562  -22.618  14.790 0.1111110002
39237  41.472  -22.183  15.562 0.1111110002
38049  45.276  -24.600  12.328 0.1111110002
38024  47.447  -24.001  15.531 0.1111110002
38627  40.346  -23.136  15.509 0.1111110002
38612  40.399  -23.769  17.191 0.1111110002
39231  40.650  -22.777  16.360 0.1111110002
38628  39.557  -23.677  15.753 0.1111110002
38608  40.979  -23.984  17.863 0.1111110002
39921  41.838  -21.778  16.034 0.1111110002
39224  41.393  -22.618  17.023 0.1111110002
38611  41.172  -23.365  17.574 0.1111110002
85767  42.344  -23.292  18.525 0.1111110002
38009  42.803  -24.737  19.267 0.1111110002
38607  41.707  -23.813  18.381 0.1111110002
38606  42.960  -23.124  18.827 0.1111110002
38603  43.329  -23.528  19.280 0.1111110002
37380  44.008  -26.016  20.231 0.2222220004
36615  44.379  -26.275  20.891 0.2222220004
39929  42.594  -21.843  14.719 0.1111110002
39240  42.880  -22.146  13.927 0.1111110002
39215  43.719  -22.812  19.104 0.1111110002
39217  43.700  -22.024  18.522 0.1111110002
39919  43.263  -20.933  15.999 0.1111110002
34615  42.133  -29.055  21.834 0.2222220004
34616  41.329  -29.274  21.621 0.1111110002
34613  40.162  -29.895  21.878 0.1111110002
77995  36.660  -30.705  21.921 0.1111110002
33912  36.856  -30.764  23.294 0.1111110002
33247  38.315  -31.178  23.973 0.2222220004
33901  39.703  -31.102  23.772 0.2222220004
44414  52.805  -15.401  17.584 0.2222220004
87516  52.612  -14.721  17.317 0.2222220004
43772  52.593  -16.011  17.328 0.2222220004
84486  52.978  -15.958  22.250 0.1111110002
18246  2.278  -55.810  41.569 0.1111110002
17590  4.659  -56.883  42.075 0.2222220004
17587  2.932  -56.325  42.208 0.1111110002
18242  2.724  -55.931  42.299 0.1111110002
17586  3.541  -56.471  42.800 0.1111110002
18256  1.345  -55.749  39.863 0.1111110002
18924  1.919  -55.387  38.318 0.1111110002
18264  1.241  -55.787  38.976 0.1111110002
18241  3.079  -55.555  42.838 0.1111110002
18904  2.881  -55.305  42.149 0.1111110002
82343  3.724  -56.214  43.599 0.1111110002
18909  2.735  -55.044  41.272 0.1111110002
18249  1.997  -55.554  40.687 0.1111110002
18913  2.283  -55.092  39.858 0.1111110002
17584  5.177  -56.356  42.587 0.2222220004
18912  3.175  -54.173  39.755 0.1111110002
18236  4.400  -55.769  44.100 0.1111110002
18233  3.709  -55.328  44.056 0.1111110002
18903  3.295  -54.691  42.867 0.1111110002
17582  4.164  -56.202  43.896 0.1111110002
18906  3.204  -54.395  41.819 0.1111110002
20213  3.627  -52.950  44.100 0.1111110002
18235  5.184  -55.442  43.619 0.1111110002
18232  4.050  -55.207  44.288 0.1111110002
75684  3.517  -53.804  43.456 0.1111110002
18902  6.646  -54.603  42.512 0.2222220004
18240  5.615  -55.770  42.901 0.2222220004
19591  3.569  -53.503  41.413 0.1111110002
82991  3.664  -52.907  43.035 0.1111110002
17583  6.030  -56.040  42.079 0.2222220004
19583  5.911  -53.786  43.924 0.2222220004
18893  4.958  -54.058  44.252 0.2222220004
19579  4.346  -53.383  44.519 0.2222220004
18896  7.058  -53.870  42.764 0.2222220004
18897  6.326  -54.219  43.214 0.2222220004
18234  5.969  -55.034  43.051 0.2222220004
18238  6.964  -54.919  41.840 0.2222220004
20772  8.524  -51.640  43.346 0.2222220004
19577  6.233  -52.999  44.094 0.2222220004
83059  5.577  -52.579  44.351 0.2222220004
20211  4.695  -52.549  44.527 0.2222220004
19581  7.654  -53.064  43.018 0.2222220004
20216  7.176  -52.537  43.767 0.2222220004
20214  8.927  -51.952  43.122 0.2222220004
20215  8.142  -52.238  43.411 0.2222220004
19582  6.748  -53.415  43.457 0.2222220004
19586  8.204  -53.252  42.317 0.2222220004
20208  7.792  -51.837  43.715 0.2222220004
20209  7.050  -51.899  44.058 0.2222220004
20767  5.328  -51.928  44.429 0.2222220004
20777  9.553  -51.612  42.709 0.2222220004
20223  9.522  -52.439  41.746 0.2222220004
21935  7.421  -49.857  43.577 0.2222220004
21936  6.646  -49.949  43.628 0.2222220004
20764  8.163  -51.193  43.489 0.2222220004
20765  7.367  -51.318  43.714 0.2222220004
20771  9.181  -51.375  43.005 0.2222220004
20776  10.194  -51.248  42.323 0.2222220004
20770  9.802  -51.016  42.706 0.2222220004
20775  10.925  -50.883  42.074 0.2222220004
79174  9.282  -47.520  42.457 0.2222220004
76539  10.116  -47.674  42.981 0.2222220004
23286  9.149  -47.841  43.365 0.2222220004
22621  8.060  -48.663  43.769 0.2222220004
86779  10.155  -48.212  43.762 0.2222220004
23279  9.411  -48.183  43.724 0.2222220004
81185  8.863  -48.686  43.733 0.2222220004
21934  8.234  -49.516  43.592 0.2222220004
23278  10.837  -48.093  43.837 0.2222220004
22620  10.592  -48.514  43.735 0.2222220004
21933  9.254  -49.542  43.444 0.2222220004
21289  8.576  -50.389  43.339 0.2222220004
21930  12.035  -48.717  43.629 0.2222220004
88713  11.693  -48.474  43.802 0.2222220004
21932  10.210  -49.224  43.459 0.2222220004
21296  9.485  -50.736  42.961 0.2222220004
21288  9.210  -50.376  43.175 0.2222220004
21294  10.745  -50.063  42.756 0.2222220004
21295  10.138  -50.385  42.846 0.2222220004
25303  18.993  -44.520  41.153 0.2222220004
25839  18.548  -44.173  40.943 0.1111110002
23285  10.127  -47.974  43.660 0.2222220004
23933  15.726  -47.275  40.523 0.1111110002
23284  11.104  -47.826  43.520 0.2222220004
23299  10.945  -47.473  42.581 0.2222220004
22618  12.083  -48.166  43.895 0.2222220004
84552  11.534  -48.044  43.889 0.2222220004
23298  11.899  -47.542  43.019 0.2222220004
76571  12.095  -47.896  43.718 0.2222220004
89487  18.133  -45.166  40.252 0.1111110002
25842  18.797  -43.378  40.921 0.1111110002
26345  18.918  -42.293  40.502 0.1111110002
23914  10.095  -47.347  42.133 0.1111110002
23913  10.810  -47.151  41.742 0.1111110002
23912  11.664  -47.218  42.101 0.1111110002
79164  12.997  -47.313  41.854 0.2222220004
23946  16.051  -46.607  39.727 0.1111110002
75036  15.246  -46.908  39.989 0.1111110002
23935  13.984  -47.279  41.222 0.1111110002
23923  13.581  -47.409  41.803 0.1111110002
26338  19.983  -42.735  41.477 0.1111110002
23934  14.692  -47.160  40.604 0.1111110002
23336  21.093  -46.934  37.957 0.2222220004
26337  20.608  -42.034  41.102 0.1111110002
24000  27.922  -46.052  36.045 0.1111110002
24019  27.788  -46.170  35.166 0.1111110002
24724  27.125  -45.727  34.813 0.1111110002
26925  20.874  -41.187  40.654 0.1111110002
24703  27.242  -45.577  35.691 0.1111110002
24704  26.533  -45.205  35.335 0.1111110002
24687  22.442  -44.900  36.576 0.1111110002
24725  26.397  -45.335  34.478 0.1111110002
24706  22.011  -44.888  35.830 0.1111110002
86730  25.401  -45.050  33.525 0.1111110002
24729  22.289  -44.934  35.060 0.1111110002
24730  21.803  -45.410  34.347 0.1111110002
26327  22.696  -43.350  42.114 0.2222220004
26335  22.528  -42.681  41.633 0.2222220004
24683  26.560  -44.995  36.256 0.1111110002
25349  22.725  -44.585  35.735 0.1111110002
75366  25.964  -44.831  35.750 0.1111110002
24705  25.776  -44.910  35.051 0.1111110002
25346  24.992  -44.625  34.790 0.1111110002
25360  23.060  -44.587  34.948 0.1111110002
24726  25.608  -45.013  34.221 0.1111110002
25376  24.079  -44.570  33.679 0.1111110002
24728  22.673  -44.928  34.180 0.1111110002
24727  24.834  -44.771  33.977 0.1111110002
26334  23.366  -42.969  41.809 0.2222220004
24669  25.343  -44.965  37.796 0.2222220004
25332  23.934  -44.577  36.998 0.1111110002
25341  23.311  -44.486  36.368 0.1111110002
24684  25.743  -44.712  36.343 0.1111110002
25340  24.205  -44.294  36.183 0.1111110002
25348  23.538  -44.340  35.585 0.1111110002
25347  24.311  -44.357  35.302 0.1111110002
77755  23.716  -44.401  34.912 0.1111110002
25358  24.236  -44.479  34.483 0.1111110002
25359  23.511  -44.572  34.277 0.1111110002
24748  24.751  -44.853  33.174 0.1111110002
24749  23.321  -44.770  33.512 0.1111110002
24750  22.598  -45.123  33.352 0.1111110002
25386  23.902  -44.713  32.782 0.1111110002
28115  40.243  -39.505  30.501 0.2222220004
28676  39.795  -38.762  29.941 0.1111110002
28661  39.450  -38.726  31.026 0.3333329856
89005  40.122  -39.106  29.299 0.1111110002
28677  39.238  -38.146  29.513 0.1111110002
28690  39.901  -38.798  28.844 0.1111110002
29269  39.258  -38.150  28.579 0.1111110002
28692  39.169  -38.237  27.898 0.1111110002
29257  38.830  -37.574  29.119 0.1111110002
29994  38.233  -36.711  27.809 0.1111110002
29282  38.497  -37.636  27.575 0.1111110002
29283  37.917  -37.027  27.119 0.1111110002
29299  37.524  -37.383  26.423 0.1111110002
29258  38.397  -36.697  29.283 0.1111110002
29985  38.323  -36.316  28.492 0.1111110002
29270  38.690  -37.329  28.357 0.1111110002
30002  37.336  -36.343  26.553 0.1111110002
85539  36.945  -36.161  25.847 0.1111110002
30014  37.100  -36.904  25.812 0.1111110002
30633  37.781  -36.073  27.365 0.1111110002
30015  36.758  -36.475  25.161 0.1111110002
30663  36.437  -35.871  24.463 0.1111110002
31267  36.161  -35.100  24.200 0.1111110002
31268  35.655  -34.852  23.698 0.1111110002
84136  35.620  -31.046  23.984 0.1111110002
32598  34.809  -32.216  23.238 0.1111110002
83012  35.392  -34.099  23.780 0.1111110002
30632  38.195  -35.814  27.972 0.1111110002
30643  37.576  -35.349  26.833 0.1111110002
30652  37.146  -35.459  26.122 0.1111110002
30653  36.779  -35.612  25.373 0.1111110002
31254  36.513  -34.933  24.881 0.1111110002
31936  36.110  -33.231  24.682 0.1111110002
31253  36.671  -34.007  25.125 0.1111110002
33239  37.701  -31.528  24.600 0.1111110002
33240  36.520  -31.354  24.548 0.1111110002
32590  35.473  -32.456  24.399 0.1111110002
31937  35.430  -33.362  24.131 0.1111110002
31262  35.973  -34.231  24.382 0.1111110002
33241  35.652  -31.687  24.479 0.1111110002
33249  36.405  -30.804  23.957 0.1111110002
33250  35.055  -31.814  24.013 0.1111110002
32597  34.993  -32.675  23.797 0.1111110002
30642  38.079  -35.209  27.487 0.1111110002
31243  37.986  -34.536  26.968 0.1111110002
31244  37.514  -34.635  26.322 0.1111110002
77154  37.011  -34.746  25.636 0.1111110002
31935  36.911  -33.060  25.200 0.1111110002
35896  40.840  -27.685  29.484 0.2222220004
35225  40.298  -28.035  30.048 0.2222220004
25838  19.049  -43.944  41.367 0.1111110002
25832  20.155  -43.439  41.942 0.2222220004
25837  19.475  -43.430  41.502 0.2222220004
75717  19.378  -42.790  41.074 0.1111110002
26333  23.987  -43.255  41.831 0.2222220004
24707  21.556  -45.325  35.353 0.1111110002
20768  4.268  -51.720  44.520 0.2222220004
20212  3.946  -52.635  44.552 0.1111110002
20210  6.309  -52.237  44.210 0.2222220004
20766  6.313  -51.411  44.075 0.2222220004
24686  23.168  -44.821  37.018 0.1111110002
33248  37.272  -30.973  23.978 0.1111110002
17585  4.262  -56.543  43.081 0.1111110002
86427  3.568  -55.846  43.806 0.1111110002
18237  3.363  -55.397  43.482 0.1111110002
18908  3.185  -54.198  40.852 0.1111110002
77873  2.704  -54.808  40.482 0.1111110002
18231  4.682  -54.937  44.126 0.1111110002
18895  3.852  -54.532  44.257 0.1111110002
19588  3.508  -53.670  42.415 0.1111110002
19580  3.890  -53.609  44.423 0.1111110002
18898  5.544  -54.609  43.725 0.1111110002
20219  8.514  -52.551  42.809 0.2222220004
20218  9.261  -52.192  42.548 0.2222220004
20217  9.943  -51.866  42.148 0.2222220004
21290  7.791  -50.513  43.539 0.2222220004
81604  9.754  -48.656  43.704 0.2222220004
21931  11.137  -48.901  43.518 0.2222220004
22619  11.354  -48.295  43.864 0.2222220004
21942  11.317  -49.464  43.066 0.2222220004
21943  10.562  -49.681  43.089 0.2222220004
24685  24.972  -44.664  36.852 0.1111110002
25339  25.153  -44.518  35.760 0.1111110002
28691  39.747  -38.709  28.076 0.1111110002
31944  35.028  -33.535  23.448 0.1111110002
31928  37.431  -33.805  25.841 0.1111110002
26948  28.804  -41.495  37.682 0.1111110002
27485  28.066  -41.208  37.971 0.1111110002
26916  22.232  -41.989  41.064 0.1111110002
26922  23.610  -41.770  40.597 0.1111110002
78646  25.877  -41.477  37.795 0.1111110002
27467  24.904  -41.736  39.764 0.1111110002
27478  24.127  -41.511  39.289 0.1111110002
74498  25.050  -41.683  38.943 0.1111110002
26915  23.252  -42.274  41.216 0.1111110002
26923  22.718  -41.521  40.658 0.1111110002
30602  34.224  -35.176  32.915 0.1111110002
35227  38.566  -28.577  29.091 0.1111110002
75160  38.364  -29.154  29.795 0.1111110002
35226  39.319  -28.424  29.713 0.1111110002
35240  39.040  -28.027  28.669 0.1111110002
35239  39.905  -27.802  29.129 0.1111110002
35907  40.531  -27.522  28.343 0.1111110002
35916  41.310  -27.229  27.749 0.1111110002
36547  41.851  -26.892  27.122 0.1111110002
36554  43.200  -26.200  26.808 0.1111110002
23328  21.267  -47.638  39.701 0.2222220004
80344  20.677  -47.396  38.302 0.2222220004
34544  37.876  -28.937  28.880 0.1111110002
78637  51.288  -15.295  14.215 0.1111110002
44428  51.447  -14.830  13.333 0.1111110002
78838  52.145  -14.024  12.079 0.1111110002
45062  53.287  -13.396  11.153 0.1111110002
45072  53.185  -13.666  10.235 0.1111110002
44425  51.992  -14.695  14.691 0.1111110002
44430  52.149  -14.099  13.046 0.1111110002
45063  52.751  -13.704  11.663 0.1111110002
45073  52.833  -13.888  10.944 0.1111110002
46445  55.585  -11.428  7.151 0.1111110002
44424  52.771  -14.102  14.804 0.1111110002
45043  52.922  -13.686  13.831 0.1111110002
45042  53.475  -13.214  13.059 0.1111110002
45722  53.967  -12.834  12.403 0.1111110002
45728  54.498  -12.462  11.850 0.1111110002
45738  54.453  -12.510  10.941 0.1111110002
45737  55.022  -12.083  11.325 0.1111110002
86026  55.354  -11.620  10.939 0.1111110002
87594  55.281  -11.761  9.867 0.1111110002
46441  55.496  -11.409  8.184 0.1111110002
46444  55.975  -10.742  7.665 0.1111110002
46440  56.019  -10.832  8.646 0.1111110002
75599  55.792  -10.809  6.679 0.1111110002
45715  54.130  -12.883  13.252 0.1111110002
85199  53.900  -13.175  14.193 0.1111110002
45721  54.618  -12.495  12.796 0.1111110002
45727  55.101  -12.068  12.235 0.1111110002
46416  55.416  -11.534  11.682 0.1111110002
46424  55.570  -11.345  10.218 0.1111110002
83091  56.094  -10.624  10.398 0.1111110002
46433  56.044  -10.834  9.562 0.1111110002
47207  56.379  -10.107  8.157 0.1111110002
87165  56.213  -9.924  7.214 0.1111110002
47927  56.570  -9.045  7.200 0.1111110002
47219  55.799  -10.383  6.230 0.1111110002
44418  53.257  -13.985  15.528 0.1111110002
45035  53.457  -13.665  14.978 0.1111110002
45714  54.644  -12.631  13.816 0.1111110002
45720  55.279  -12.089  13.291 0.1111110002
46407  55.565  -11.513  12.562 0.1111110002
47176  55.842  -10.904  11.991 0.1111110002
46415  55.715  -11.035  11.092 0.1111110002
47175  56.155  -10.208  11.341 0.1111110002
77540  56.297  -10.230  9.755 0.1111110002
47899  56.365  -9.814  10.379 0.1111110002
47197  56.346  -10.219  9.022 0.1111110002
47908  56.569  -9.523  9.384 0.1111110002
47914  56.788  -9.262  7.906 0.1111110002
47222  56.012  -10.952  5.194 0.1111110002
47938  56.084  -9.550  6.632 0.1111110002
47947  55.714  -10.108  5.861 0.1111110002
47223  55.765  -10.440  4.953 0.1111110002
47233  55.705  -10.572  4.206 0.1111110002
46473  55.001  -11.264  3.299 0.1111110002
45034  54.101  -13.322  15.277 0.1111110002
45706  54.675  -12.860  14.911 0.1111110002
45713  55.271  -12.287  14.352 0.1111110002
46391  55.792  -11.778  14.719 0.1111110002
47163  56.007  -10.928  12.928 0.1111110002
46400  55.734  -11.504  13.332 0.1111110002
47162  56.120  -10.170  12.397 0.1111110002
76355  56.115  -10.110  13.409 0.1111110002
81518  56.313  -9.488  11.976 0.1111110002
79371  56.637  -8.935  10.213 0.1111110002
75340  56.693  -8.288  11.082 0.1111110002
48567  56.968  -8.584  9.172 0.1111110002
48575  57.221  -8.568  8.215 0.1111110002
47948  55.406  -9.704  5.550 0.1111110002
47957  55.220  -9.991  4.696 0.1111110002
46480  54.653  -11.658  3.060 0.1111110002
46481  53.958  -11.744  2.919 0.1111110002
79288  56.293  -8.876  6.764 0.1111110002
47243  55.412  -10.833  3.665 0.1111110002
47244  54.573  -10.575  3.464 0.1111110002
47253  54.018  -11.029  3.087 0.1111110002
82262  56.934  -8.104  10.129 0.1111110002
48566  57.176  -7.880  9.366 0.1111110002
48574  57.437  -7.975  8.551 0.1111110002
48583  57.502  -7.974  7.837 0.1111110002
46482  53.137  -11.128  2.643 0.1111110002
46483  52.549  -11.660  2.465 0.1111110002
46489  52.328  -10.886  2.140 0.1111110002
49211  57.145  -7.964  7.352 0.1111110002
49219  56.638  -7.592  6.943 0.1111110002
86460  57.183  -7.195  7.443 0.1111110002
48595  56.037  -8.263  6.550 0.1111110002
47949  54.760  -9.309  5.189 0.1111110002
47958  54.546  -9.550  4.346 0.1111110002
49218  56.495  -6.607  6.805 0.1111110002
48609  55.129  -8.772  5.998 0.1111110002
49192  56.992  -7.271  10.019 0.1111110002
49842  57.283  -6.490  8.676 0.1111110002
49849  57.383  -6.418  7.850 0.1111110002
82584  57.307  -5.627  8.377 0.1111110002
47245  53.767  -10.158  3.150 0.1111110002
49220  55.269  -7.886  6.390 0.1111110002
48610  54.411  -8.647  5.454 0.1111110002
77452  55.855  -7.102  6.530 0.1111110002
49837  56.991  -6.275  9.830 0.1111110002
50483  56.710  -5.159  9.996 0.1111110002
50484  56.282  -4.452  10.842 0.1111110002
50479  55.928  -4.742  11.781 0.1111110002
50498  57.225  -4.635  8.218 0.1111110002
51086  56.913  -3.969  8.951 0.1111110002
51074  56.339  -3.545  9.501 0.1111110002
47965  54.237  -9.818  3.652 0.1111110002
50519  56.663  -5.113  6.886 0.1111110002
86445  56.394  -5.714  6.667 0.1111110002
48624  54.147  -8.863  4.755 0.1111110002
49823  55.863  -5.315  12.114 0.1111110002
52214  56.042  -2.387  8.101 0.1111110002
51620  55.989  -3.425  9.765 0.1111110002
50520  56.149  -4.893  6.446 0.1111110002
50521  55.833  -4.804  6.507 0.1111110002
49235  54.349  -8.003  6.016 0.1111110002
74305  55.353  -5.755  6.821 0.1111110002
75136  54.869  -7.237  6.488 0.1111110002
49863  54.474  -6.631  6.862 0.1111110002
49850  54.610  -5.756  7.330 0.1111110002
51655  55.625  -3.437  7.079 0.1111110002
50499  54.673  -4.982  8.590 0.1111110002
86699  54.519  -13.147  15.492 0.1111110002
45053  52.767  -13.625  12.620 0.1111110002
45052  53.317  -13.232  12.052 0.1111110002
44427  52.259  -14.297  13.942 0.1111110002
45729  53.871  -12.886  11.487 0.1111110002
45748  55.066  -12.052  10.410 0.1111110002
46434  55.462  -11.466  9.253 0.1111110002
79242  56.601  -9.648  8.589 0.1111110002
46447  55.995  -11.108  5.856 0.1111110002
47892  56.448  -9.223  11.185 0.1111110002
79824  56.841  -9.106  8.608 0.1111110002
47939  55.818  -9.244  6.286 0.1111110002
45705  55.349  -12.369  15.222 0.1111110002
46390  56.019  -11.077  13.981 0.1111110002
48584  57.065  -8.523  7.588 0.1111110002
48594  56.707  -8.370  7.049 0.1111110002
79275  53.276  -11.863  2.753 0.1111110002
47234  54.986  -10.215  3.964 0.1111110002
74241  51.880  -12.289  2.525 0.1111110002
49861  56.912  -6.122  7.197 0.1111110002
49199  57.235  -7.246  9.049 0.1111110002
50491  57.005  -4.904  9.093 0.1111110002
49862  55.917  -5.868  6.443 0.1111110002
76853  55.331  -6.525  6.652 0.1111110002
81144  56.502  -5.400  10.933 0.1111110002
50492  56.559  -4.232  9.900 0.1111110002
51062  55.970  -4.156  11.187 0.1111110002
49817  55.822  -5.912  12.874 0.1111110002
51637  56.934  -3.637  8.092 0.1111110002
51626  56.102  -2.878  8.758 0.1111110002
51109  56.365  -4.151  6.672 0.1111110002
52236  56.046  -2.897  7.208 0.1111110002
50522  55.290  -4.788  6.944 0.1111110002
51088  55.012  -3.798  8.196 0.1111110002
50510  54.775  -4.757  7.637 0.1111110002
82978  54.343  -5.466  7.901 0.1111110002
16903  4.230  -57.463  41.481 0.1111110002
16901  3.321  -56.818  42.037 0.1111110002
16905  2.679  -56.964  41.267 0.1111110002
17589  5.544  -56.588  41.661 0.1111110002
18245  6.698  -55.583  41.521 0.1111110002
18244  7.363  -55.178  41.142 0.1111110002
18901  7.301  -54.283  42.126 0.1111110002
18900  7.957  -53.985  41.738 0.1111110002
18905  7.487  -54.595  41.554 0.1111110002
19597  9.385  -53.412  39.479 0.1111110002
19598  8.857  -53.994  39.938 0.1111110002
18247  7.934  -55.439  40.366 0.1111110002
20228  9.707  -52.680  40.851 0.1111110002
19590  8.509  -53.387  41.672 0.1111110002
19593  9.215  -53.299  40.385 0.1111110002
23333  20.550  -47.601  38.961 0.1111110002
20232  10.627  -52.495  39.688 0.1111110002
19592  9.917  -52.908  39.993 0.1111110002
22666  16.752  -48.918  39.347 0.1111110002
19596  10.047  -52.884  39.088 0.1111110002
22675  19.531  -48.061  37.439 0.1111110002
76350  19.840  -47.984  38.958 0.1111110002
80095  19.084  -48.258  39.194 0.1111110002
22672  17.309  -48.797  38.675 0.1111110002
80303  18.500  -48.415  37.906 0.1111110002
22670  18.484  -48.437  38.637 0.1111110002
21961  17.214  -48.798  37.772 0.1111110002
21962  16.529  -48.990  38.392 0.1111110002
22669  19.205  -48.202  38.195 0.1111110002
86487  13.850  -46.952  40.379 0.1111110002
75671  13.050  -47.099  41.139 0.1111110002
22663  19.637  -48.000  39.832 0.1111110002
22665  17.538  -48.679  39.541 0.1111110002
22664  18.333  -48.451  39.591 0.1111110002
82106  17.908  -48.601  38.899 0.1111110002
86399  18.983  -48.245  40.024 0.1111110002
24057  33.996  -46.586  31.741 0.1111110002
24756  35.491  -45.776  32.161 0.1111110002
24766  34.744  -46.007  31.445 0.1111110002
24773  36.156  -45.039  30.864 0.1111110002
25389  36.725  -44.814  31.266 0.1111110002
25391  37.149  -44.330  30.943 0.1111110002
26416  38.268  -42.790  31.205 0.1111110002
25894  37.437  -43.693  30.661 0.1111110002
26420  38.296  -42.206  30.685 0.1111110002
26421  37.754  -42.837  30.464 0.1111110002
27021  38.725  -41.578  30.382 0.1111110002
23911  12.528  -47.390  42.397 0.1111110002
85698  34.654  -46.265  32.199 0.1111110002
24765  35.509  -45.490  31.162 0.1111110002
26417  37.865  -43.387  31.084 0.1111110002
16900  3.910  -57.049  42.267 0.1111110002
17588  6.358  -56.233  41.217 0.1111110002
19585  8.851  -52.808  42.100 0.1111110002
19589  9.014  -53.037  41.256 0.1111110002
17601  5.867  -56.783  40.780 0.1111110002
18248  7.213  -55.956  40.710 0.1111110002
18910  8.900  -54.097  38.982 0.1111110002
79152  8.255  -55.053  39.726 0.1111110002
18907  8.340  -54.595  40.262 0.1111110002
20236  10.833  -52.451  38.773 0.1111110002
17580  3.902  -55.893  44.144 0.1111110002
17581  4.810  -56.122  43.499 0.2222220004
18239  6.301  -55.322  42.291 0.2222220004
18251  0.984  -56.228  39.910 0.1111110002
18894  4.153  -54.310  44.438 0.1111110002
18899  3.523  -54.639  43.800 0.1111110002
19578  5.281  -53.226  44.308 0.2222220004
19584  3.633  -53.917  44.107 0.1111110002
19587  7.650  -53.697  42.403 0.1111110002
19606  5.546  -53.159  36.834 0.1111110002
20763  8.851  -51.013  43.179 0.2222220004
21287  9.828  -50.021  43.156 0.2222220004
21291  6.930  -50.632  43.672 0.2222220004
21292  5.154  -50.466  44.006 0.3333329856
21298  12.268  -49.864  42.311 0.3333329856
21300  10.495  -50.633  42.516 0.2222220004
21939  4.594  -50.266  43.234 0.3333329856
22631  5.334  -48.951  42.884 0.3333329856
22633  4.690  -49.561  42.358 0.3333329856
22652  21.013  -47.356  40.296 0.4444440007
23281  7.727  -48.199  43.602 0.3333329856
23289  6.356  -47.973  42.922 0.3333329856
23980  13.076  -46.305  38.330 0.1111110002
25310  18.121  -44.631  40.403 0.1111110002
26326  23.480  -43.589  42.160 0.4444440007
26362  39.226  -42.722  37.263 0.6666669846
26935  38.570  -41.269  38.170 0.7777780294
26936  38.082  -41.770  37.984 0.7777780294
26942  40.102  -41.029  36.995 0.7777780294
26944  37.437  -41.753  37.211 0.7777780294
27531  40.568  -40.280  34.499 0.6666669846
27999  40.028  -38.940  38.167 0.8888890147
28000  39.368  -38.990  38.019 0.8888890147
28025  40.526  -39.237  37.127 0.8888890147
28584  39.182  -38.614  38.032 0.8888890147
28595  40.126  -38.674  37.638 0.8888890147
37402  47.304  -24.743  16.035 0.1111110002
38613  39.647  -23.951  16.608 0.1111110002
38618  40.090  -23.353  16.492 0.1111110002
38638  40.155  -23.748  15.060 0.1111110002
39837  48.080  -20.397  29.077 0.2222220004
39925  42.230  -21.723  15.482 0.1111110002
41107  49.266  -20.366  28.053 0.4444440007
41108  48.433  -19.813  28.724 0.1111110002
49205  57.511  -7.296  8.164 0.1111110002
50509  57.172  -5.405  7.611 0.1111110002
51066  56.116  -3.875  10.471 0.1111110002
51067  55.952  -3.895  10.678 0.1111110002
51087  56.551  -3.315  8.689 0.1111110002
51100  56.901  -4.365  7.385 0.1111110002
51101  56.456  -3.327  7.307 0.1111110002
51102  55.223  -3.927  7.263 0.1111110002
51110  56.070  -4.023  6.428 0.1111110002
51111  55.657  -4.002  6.662 0.1111110002
51638  56.446  -2.798  8.094 0.1111110002
51647  55.825  -2.878  7.369 0.1111110002
51648  55.424  -3.151  7.651 0.1111110002
51654  55.864  -3.437  6.814 0.1111110002
52223  56.171  -2.591  7.669 0.1111110002
52224  55.953  -2.441  7.737 0.1111110002
72731  32.952  -48.646  34.658 0.2222220004
77129  7.145  -49.395  43.584 0.3333329856
78752  17.838  -48.437  40.290 0.1111110002
79751  4.584  -50.203  42.197 0.2222220004
81610  38.772  -43.791  35.052 0.5555559993
82572  38.955  -40.730  38.028 0.8888890147
83232  3.218  -55.982  43.123 0.1111110002
83237  55.702  -11.811  13.947 0.1111110002
83729  32.159  -49.607  34.492 0.1111110002
83731  31.361  -50.601  36.138 0.1111110002
83801  30.912  -50.008  35.893 0.1111110002
87014  57.088  -5.737  9.170 0.1111110002
89224  56.102  -3.507  6.724 0.1111110002
