#!ascii label  , from subject sub-01 vox2ras=TkReg
666
44163  19.581  -15.493  -31.903 0.2500000000
43559  20.235  -15.598  -32.223 0.2500000000
43558  20.811  -15.877  -32.304 0.7500000000
46093  16.863  -12.322  -31.759 0.2500000000
46092  17.855  -13.104  -32.189 0.1250000000
46124  17.251  -12.113  -32.463 0.3750000000
45440  18.379  -13.543  -32.127 0.2500000000
44760  19.223  -14.895  -31.884 0.2500000000
44189  20.540  -14.844  -32.430 0.7500000000
44190  19.957  -14.900  -32.305 0.3750000000
44170  21.777  -15.783  -32.519 0.8750000000
44188  21.038  -15.187  -32.453 0.8750000000
87354  22.569  -15.487  -32.697 0.8750000000
45448  18.033  -13.198  -32.219 0.3750000000
45469  18.765  -13.200  -32.392 0.3750000000
45468  19.636  -13.348  -32.551 0.8750000000
44784  19.523  -14.035  -32.354 0.7500000000
45444  21.988  -14.164  -32.715 1.0000000000
44766  21.030  -14.260  -32.597 0.8750000000
85580  22.350  -14.930  -32.731 1.0000000000
44187  23.206  -15.103  -32.898 1.0000000000
46815  17.125  -11.902  -32.432 0.2500000000
46122  18.545  -12.440  -32.573 0.7500000000
46099  20.182  -12.172  -32.839 0.8750000000
45447  20.246  -13.005  -32.762 0.8750000000
46100  19.409  -12.659  -32.659 0.7500000000
45466  22.355  -13.397  -32.946 1.0000000000
45445  21.547  -13.445  -32.799 1.0000000000
46098  21.083  -12.672  -32.930 1.0000000000
44781  23.729  -14.194  -33.159 1.0000000000
44782  22.835  -14.168  -32.935 1.0000000000
46792  18.019  -11.465  -31.146 0.1250000000
46835  17.895  -11.877  -32.592 0.6250000000
46121  21.014  -11.748  -33.048 1.0000000000
46813  19.076  -11.756  -32.735 0.8750000000
81271  23.292  -13.242  -33.234 1.0000000000
86623  21.872  -12.835  -32.981 1.0000000000
46120  21.803  -12.160  -33.160 1.0000000000
45465  24.257  -13.444  -33.316 1.0000000000
45463  25.871  -13.719  -33.060 1.0000000000
81695  24.598  -14.200  -33.177 1.0000000000
50198  19.175  -6.285  -32.013 0.2500000000
47590  16.963  -10.549  -31.955 0.2500000000
48322  17.886  -9.603  -32.333 0.3750000000
47617  17.729  -10.565  -32.385 0.5000000000
47595  20.218  -10.321  -32.902 1.0000000000
47596  18.468  -10.136  -32.523 0.6250000000
46812  20.151  -11.267  -32.883 1.0000000000
46833  21.801  -11.336  -33.221 1.0000000000
46834  21.029  -10.862  -33.049 1.0000000000
46117  24.044  -12.638  -33.461 1.0000000000
46118  23.291  -12.248  -33.421 1.0000000000
46832  22.572  -10.936  -33.435 1.0000000000
76972  24.603  -12.203  -33.517 1.0000000000
45464  25.085  -13.543  -33.220 1.0000000000
76990  25.304  -12.161  -33.434 1.0000000000
46115  25.656  -12.915  -33.239 1.0000000000
49539  19.350  -6.845  -32.436 0.5000000000
50207  18.930  -7.064  -32.306 0.3750000000
49521  18.461  -7.807  -32.249 0.3750000000
48910  18.204  -8.469  -32.279 0.5000000000
48909  18.901  -8.293  -32.487 0.5000000000
48299  20.292  -9.295  -32.906 0.8750000000
48929  20.772  -8.447  -32.995 1.0000000000
47616  21.094  -9.974  -33.082 1.0000000000
47612  24.200  -10.917  -33.750 1.0000000000
46828  25.719  -11.304  -33.547 1.0000000000
46829  24.814  -11.555  -33.611 1.0000000000
76991  26.212  -12.162  -33.272 0.8750000000
50206  19.553  -6.498  -32.410 0.5000000000
49529  18.835  -7.484  -32.349 0.5000000000
50223  19.610  -7.060  -32.558 0.6250000000
76908  21.057  -6.965  -32.999 0.6250000000
49527  20.301  -7.578  -32.813 1.0000000000
48908  19.864  -8.379  -32.757 0.7500000000
48320  21.983  -9.004  -33.301 1.0000000000
48317  24.319  -9.323  -34.088 1.0000000000
48318  23.392  -9.561  -33.831 1.0000000000
48319  22.580  -9.280  -33.537 1.0000000000
74906  24.877  -10.097  -33.876 1.0000000000
47613  23.346  -10.504  -33.681 1.0000000000
48316  25.825  -9.797  -33.833 0.8750000000
47611  25.549  -10.526  -33.726 1.0000000000
46827  26.830  -11.293  -33.364 0.8750000000
50205  19.968  -6.358  -32.543 0.5000000000
50222  20.815  -6.236  -32.794 0.8750000000
49537  22.813  -7.496  -33.714 1.0000000000
81312  22.014  -7.886  -33.426 1.0000000000
48943  24.688  -8.289  -34.304 1.0000000000
48944  23.971  -7.998  -34.344 1.0000000000
49553  25.225  -7.442  -34.343 1.0000000000
48315  26.738  -9.641  -33.734 1.0000000000
48942  25.702  -8.179  -34.272 1.0000000000
48924  26.231  -8.898  -33.969 1.0000000000
50800  20.709  -5.684  -32.645 0.5000000000
50221  21.858  -6.226  -33.199 1.0000000000
50814  23.771  -5.061  -34.336 1.0000000000
81666  22.638  -6.676  -33.578 1.0000000000
78869  25.283  -6.345  -34.202 1.0000000000
81037  25.828  -6.784  -34.056 1.0000000000
82371  24.877  -6.744  -34.398 1.0000000000
48941  26.648  -8.137  -34.142 1.0000000000
86801  25.450  -6.944  -34.233 1.0000000000
53166  22.800  -1.259  -33.527 1.0000000000
53167  22.333  -1.584  -32.999 0.3750000000
52574  23.086  -2.097  -34.113 0.8750000000
51387  23.610  -4.360  -34.326 1.0000000000
50829  25.117  -5.508  -34.169 1.0000000000
50830  24.611  -5.053  -34.360 1.0000000000
53730  23.386  -0.582  -33.972 0.8750000000
53729  23.984  -0.902  -34.546 1.0000000000
53165  23.520  -1.474  -34.363 1.0000000000
52573  23.787  -2.289  -34.750 1.0000000000
53164  24.195  -1.811  -34.717 1.0000000000
51386  24.105  -3.877  -34.692 1.0000000000
81230  24.937  -4.565  -34.180 1.0000000000
51384  25.181  -3.766  -33.986 1.0000000000
50813  25.663  -5.158  -33.811 1.0000000000
79716  23.353  0.097  -33.642 0.7500000000
53163  24.663  -2.211  -34.455 1.0000000000
51920  25.741  -2.907  -33.676 1.0000000000
51921  24.798  -3.026  -34.370 1.0000000000
84890  24.413  -0.505  -34.315 1.0000000000
78525  24.673  -1.327  -34.357 1.0000000000
52571  25.122  -2.418  -34.060 1.0000000000
56855  26.754  5.347  -30.789 0.1250000000
56878  26.750  5.107  -31.649 0.2500000000
56865  27.427  5.548  -31.595 0.1250000000
56877  27.153  5.154  -32.101 0.3750000000
88700  28.440  6.479  -31.512 0.2500000000
89010  27.738  5.501  -32.095 0.5000000000
56876  28.414  5.640  -32.299 0.3750000000
57482  28.007  6.096  -31.136 0.2500000000
57491  28.134  5.945  -31.856 0.2500000000
57988  29.155  7.794  -32.032 0.2500000000
57490  28.850  6.380  -32.130 0.2500000000
57992  29.206  7.041  -32.264 0.2500000000
57991  29.626  7.453  -32.751 0.3750000000
57489  29.576  6.522  -32.787 0.3750000000
44150  20.095  -15.317  -31.598 0.1250000000
44761  18.823  -14.037  -32.136 0.2500000000
45427  18.495  -13.284  -31.581 0.1250000000
81414  25.055  -14.852  -33.034 1.0000000000
83195  24.177  -6.609  -34.462 1.0000000000
44149  20.717  -15.724  -31.460 0.1250000000
80725  21.200  -16.599  -32.219 0.6250000000
43557  22.034  -16.882  -32.343 0.7500000000
89393  18.373  -12.549  -31.312 0.1250000000
43574  23.584  -16.586  -32.744 1.0000000000
44751  20.260  -14.549  -31.427 0.1250000000
44186  23.820  -15.836  -32.901 1.0000000000
79803  24.187  -14.982  -33.093 1.0000000000
44780  25.841  -14.539  -32.954 1.0000000000
48286  17.425  -9.755  -31.752 0.3750000000
81266  18.317  -7.865  -31.772 0.2500000000
48901  17.994  -8.368  -32.168 0.2500000000
46114  26.611  -13.078  -33.037 0.8750000000
47609  27.207  -10.366  -33.531 0.8750000000
53146  22.290  -1.528  -32.852 0.1250000000
52558  22.149  -2.165  -32.969 0.1250000000
51374  21.028  -5.316  -32.699 0.3750000000
51389  21.442  -5.048  -32.828 0.6250000000
49552  26.068  -7.406  -34.194 1.0000000000
48923  27.170  -8.787  -33.842 0.8750000000
51924  22.409  -3.531  -33.399 0.8750000000
51383  26.313  -4.811  -33.494 1.0000000000
54279  24.366  0.955  -33.509 0.8750000000
79590  24.733  0.156  -33.962 1.0000000000
78596  25.463  -1.264  -33.882 1.0000000000
84394  25.712  -1.964  -33.690 1.0000000000
84671  26.475  5.474  -29.882 0.1250000000
78224  25.378  4.101  -31.436 0.1250000000
79222  25.575  3.508  -32.377 0.6250000000
77639  27.859  5.040  -32.372 0.5000000000
56875  29.168  5.788  -32.654 0.5000000000
57468  28.300  6.726  -30.821 0.2500000000
57989  28.750  7.152  -31.516 0.2500000000
58444  29.004  8.704  -31.790 0.1250000000
58447  29.486  8.406  -32.638 0.2500000000
77793  29.745  9.040  -33.372 0.2500000000
57996  30.148  7.089  -33.360 0.3750000000
58962  29.837  9.741  -34.005 0.2500000000
58960  29.228  9.473  -32.436 0.1250000000
44162  20.076  -15.973  -31.806 0.1250000000
44171  19.833  -15.869  -32.033 0.3750000000
43546  20.664  -16.367  -32.102 0.5000000000
45439  18.921  -14.217  -31.763 0.1250000000
44765  21.650  -14.869  -32.605 0.8750000000
44169  22.861  -16.119  -32.659 1.0000000000
45446  20.854  -13.417  -32.743 1.0000000000
81064  19.262  -10.726  -32.740 0.8750000000
46116  24.823  -12.818  -33.371 1.0000000000
46119  22.526  -12.603  -33.194 1.0000000000
80766  22.545  -11.781  -33.356 1.0000000000
84472  25.294  -14.173  -33.096 1.0000000000
48911  17.832  -8.999  -32.227 0.3750000000
48301  18.594  -9.135  -32.474 0.5000000000
48300  19.391  -9.766  -32.717 0.8750000000
47615  21.838  -10.487  -33.232 1.0000000000
46830  24.043  -11.831  -33.607 1.0000000000
46831  23.328  -11.375  -33.565 1.0000000000
86100  19.438  -8.979  -32.693 0.6250000000
48321  21.281  -9.148  -33.115 1.0000000000
48928  21.635  -8.455  -33.245 1.0000000000
47614  22.609  -10.082  -33.473 1.0000000000
79644  21.901  -9.669  -33.256 1.0000000000
75662  25.029  -10.887  -33.712 1.0000000000
47610  26.310  -10.497  -33.631 0.8750000000
76992  27.144  -12.218  -33.105 0.8750000000
78833  21.280  -7.763  -33.140 1.0000000000
48927  22.489  -8.457  -33.579 1.0000000000
48330  25.266  -9.087  -34.054 1.0000000000
77583  24.012  -10.098  -33.914 1.0000000000
79690  23.110  -8.851  -33.835 1.0000000000
48925  23.799  -8.710  -34.144 1.0000000000
50220  23.430  -6.620  -34.046 1.0000000000
49538  21.939  -7.188  -33.321 1.0000000000
49536  23.713  -7.362  -34.220 1.0000000000
48926  23.325  -8.161  -33.978 1.0000000000
49554  24.448  -7.389  -34.424 1.0000000000
50817  21.337  -5.628  -32.911 0.7500000000
82847  23.051  -5.778  -33.818 1.0000000000
50815  23.145  -4.921  -33.916 1.0000000000
50239  23.908  -5.823  -34.403 1.0000000000
51401  24.125  -4.535  -34.538 1.0000000000
50831  24.259  -5.086  -34.470 1.0000000000
50219  25.919  -6.122  -33.840 1.0000000000
50238  24.601  -5.860  -34.423 1.0000000000
52575  22.472  -2.094  -33.372 0.7500000000
84158  23.395  -2.760  -34.452 1.0000000000
81255  22.274  -2.688  -33.267 0.7500000000
51388  22.810  -4.297  -33.711 1.0000000000
78813  23.292  -3.530  -34.257 1.0000000000
51400  24.419  -4.447  -34.463 1.0000000000
79577  23.942  0.041  -34.137 0.8750000000
51923  23.956  -3.085  -34.831 1.0000000000
52572  24.367  -2.637  -34.755 1.0000000000
51922  24.393  -3.305  -34.689 1.0000000000
51385  24.590  -3.823  -34.475 1.0000000000
87583  25.574  -4.423  -33.778 1.0000000000
53728  25.122  -0.562  -34.045 1.0000000000
87486  25.077  -1.862  -34.102 1.0000000000
56856  25.906  4.947  -30.239 0.1250000000
56326  25.989  4.697  -31.302 0.1250000000
56854  27.482  5.820  -30.770 0.2500000000
56331  25.734  4.167  -31.911 0.3750000000
56339  26.449  4.665  -31.996 0.5000000000
58450  29.963  8.042  -33.473 0.2500000000
43536  20.793  -16.679  -32.057 0.2500000000
44148  21.509  -16.140  -31.224 0.1250000000
51907  22.110  -2.965  -33.030 0.5000000000
50816  22.257  -5.162  -33.279 0.8750000000
85428  22.116  -4.413  -33.132 0.7500000000
80437  25.596  0.093  -33.679 1.0000000000
78626  25.028  3.726  -31.897 0.3750000000
55862  26.513  3.500  -32.552 0.7500000000
56338  27.098  4.375  -32.401 0.7500000000
85676  26.258  4.056  -32.236 0.5000000000
41583  24.540  -19.699  -32.911 0.7500000000
40977  26.122  -20.006  -33.138 0.7500000000
41568  23.855  -19.840  -32.858 0.7500000000
41569  23.133  -19.291  -32.418 0.7500000000
42280  25.132  -19.358  -32.913 0.7500000000
42281  24.505  -19.099  -32.847 0.7500000000
41584  23.795  -18.965  -32.755 0.7500000000
81186  25.881  -18.947  -33.044 0.7500000000
80523  25.120  -18.411  -32.878 0.7500000000
43556  22.998  -17.154  -32.527 0.7500000000
76811  24.232  -18.250  -32.818 0.7500000000
42964  23.864  -17.335  -32.767 0.8750000000
42963  24.693  -17.410  -32.840 0.7500000000
42962  26.423  -17.400  -33.035 0.7500000000
78504  25.561  -17.396  -32.904 0.7500000000
43572  25.166  -16.509  -32.859 0.8750000000
43571  26.076  -16.515  -32.872 0.7500000000
44185  24.703  -15.701  -32.931 0.8750000000
80878  26.661  -15.709  -32.820 0.8750000000
80877  25.703  -15.526  -32.869 0.8750000000
44779  26.447  -14.938  -32.850 0.8750000000
81500  28.277  -14.613  -32.746 0.3750000000
45461  27.711  -13.845  -32.796 0.6250000000
45462  26.701  -14.062  -32.845 0.7500000000
81731  28.720  -13.804  -32.701 0.5000000000
80853  28.253  -13.125  -32.785 0.7500000000
46113  27.496  -12.990  -32.915 0.7500000000
45459  30.148  -13.291  -32.380 0.1250000000
45460  29.237  -13.249  -32.611 0.3750000000
46112  28.749  -12.688  -32.696 0.6250000000
82501  31.082  -12.900  -31.973 0.1250000000
81403  28.828  -11.787  -32.755 0.1250000000
46825  29.531  -11.465  -32.548 0.1250000000
46826  28.285  -11.129  -33.158 0.6250000000
78347  28.012  -10.282  -33.398 0.6250000000
46824  30.320  -11.110  -32.237 0.1250000000
46810  30.541  -10.206  -32.543 0.1250000000
47607  29.421  -9.807  -33.059 0.1250000000
47608  28.717  -10.199  -33.206 0.5000000000
48314  27.648  -9.506  -33.611 0.6250000000
46110  31.070  -11.867  -32.036 0.1250000000
83229  29.295  -9.110  -33.360 0.5000000000
89536  28.947  -8.558  -33.638 0.5000000000
48922  28.078  -8.695  -33.757 0.6250000000
54280  23.623  0.701  -33.398 0.6250000000
77504  23.725  1.563  -33.049 0.5000000000
48939  28.485  -8.091  -33.945 0.6250000000
50236  27.435  -7.073  -33.891 0.6250000000
50237  26.527  -6.922  -33.963 0.8750000000
49549  28.877  -7.695  -33.962 0.5000000000
50235  28.358  -7.199  -33.871 0.6250000000
54876  24.445  2.009  -33.103 0.7500000000
50218  26.887  -6.316  -33.670 0.8750000000
78600  26.099  -3.900  -33.505 0.8750000000
78395  27.066  -4.361  -33.092 0.8750000000
51919  27.011  -3.176  -33.071 0.8750000000
52570  26.773  -2.026  -33.224 0.8750000000
84292  29.235  -7.274  -33.991 0.3750000000
50216  28.790  -6.603  -33.714 0.5000000000
50811  27.233  -5.489  -33.304 0.6250000000
50234  29.657  -6.683  -34.031 0.2500000000
50810  28.348  -5.747  -33.306 0.5000000000
83196  25.355  2.066  -33.091 0.7500000000
54875  25.014  1.454  -33.305 0.7500000000
54278  25.257  0.793  -33.536 0.8750000000
78597  26.339  -1.228  -33.438 0.7500000000
51382  27.940  -4.914  -32.899 0.6250000000
50809  29.284  -5.874  -33.637 0.3750000000
82902  28.966  -4.853  -33.251 0.5000000000
78390  28.033  -2.924  -32.659 0.7500000000
50828  30.093  -5.923  -34.073 0.2500000000
55396  24.922  2.635  -32.840 0.6250000000
54874  25.782  1.394  -33.231 0.8750000000
54277  26.145  0.688  -33.359 0.8750000000
80438  26.381  0.065  -33.438 0.8750000000
54873  26.706  1.328  -33.147 0.7500000000
53726  26.961  -0.412  -33.297 0.8750000000
85258  27.941  -1.509  -32.856 0.7500000000
51918  28.147  -3.891  -32.675 0.5000000000
51916  30.105  -3.593  -33.400 0.2500000000
51917  29.252  -3.807  -33.058 0.5000000000
51398  30.426  -5.085  -33.972 0.2500000000
87366  25.211  3.032  -32.643 0.5000000000
55386  25.805  2.778  -32.778 0.6250000000
55385  26.862  2.793  -32.833 0.7500000000
55394  27.273  2.037  -32.989 0.7500000000
83141  27.566  1.316  -33.115 0.7500000000
80439  27.785  0.036  -33.176 0.7500000000
53725  27.843  -0.649  -33.043 0.7500000000
53162  28.986  -1.481  -33.012 0.5000000000
53724  29.238  -0.775  -33.167 0.3750000000
89228  28.549  -0.895  -33.012 0.6250000000
80250  29.612  -2.124  -33.139 0.3750000000
55384  27.840  2.838  -32.876 0.7500000000
83142  28.362  1.965  -33.062 0.7500000000
54872  28.296  0.809  -33.152 0.6250000000
80441  29.470  -0.147  -33.219 0.3750000000
52566  30.273  -2.755  -33.393 0.1250000000
53161  30.433  -1.951  -33.427 0.1250000000
78599  29.799  -1.357  -33.264 0.2500000000
55861  27.441  3.583  -32.697 0.6250000000
55860  28.228  3.598  -32.811 0.7500000000
54275  29.312  0.568  -33.214 0.3750000000
54871  29.222  1.445  -33.194 0.3750000000
53723  30.001  -0.602  -33.298 0.2500000000
80440  28.645  -0.148  -33.142 0.6250000000
53160  31.303  -1.693  -33.652 0.1250000000
78631  30.624  -1.132  -33.446 0.1250000000
52565  31.090  -2.553  -33.687 0.1250000000
76750  28.060  4.305  -32.668 0.6250000000
55383  28.901  3.074  -32.947 0.3750000000
55382  29.712  2.931  -33.128 0.3750000000
54870  30.592  1.813  -33.362 0.2500000000
55393  29.378  2.287  -33.164 0.3750000000
54273  31.262  0.226  -33.385 0.1250000000
54274  30.240  0.267  -33.294 0.3750000000
80680  30.023  1.173  -33.330 0.3750000000
53159  32.235  -1.457  -33.853 0.1250000000
83303  30.735  -0.396  -33.380 0.1250000000
80516  29.492  5.343  -32.966 0.3750000000
56337  28.805  5.004  -32.684 0.3750000000
86925  28.913  4.095  -32.852 0.3750000000
55859  29.830  3.751  -33.025 0.3750000000
84807  30.298  3.104  -33.226 0.3750000000
55381  31.046  2.663  -33.338 0.3750000000
82378  29.875  1.839  -33.320 0.3750000000
54868  32.257  1.473  -33.685 0.1250000000
78319  30.922  1.028  -33.357 0.1250000000
54869  31.493  1.727  -33.432 0.2500000000
81526  32.166  0.158  -33.534 0.1250000000
85862  30.139  5.349  -33.271 0.2500000000
75367  30.440  4.480  -33.251 0.2500000000
56336  29.622  4.695  -33.005 0.3750000000
56334  31.328  4.223  -33.467 0.1250000000
55857  31.630  3.437  -33.400 0.1250000000
55858  30.797  3.652  -33.265 0.2500000000
55867  32.700  2.669  -34.057 0.1250000000
57496  30.149  6.209  -33.344 0.3750000000
56889  30.664  5.873  -33.795 0.2500000000
56888  31.198  5.563  -34.214 0.1250000000
56346  31.481  4.837  -33.945 0.1250000000
55390  32.772  1.898  -34.058 0.1250000000
55874  32.523  4.041  -34.355 0.1250000000
57502  31.281  6.771  -35.366 0.1250000000
56896  32.171  5.199  -35.026 0.1250000000
56897  31.626  5.900  -35.037 0.1250000000
55873  33.041  3.238  -34.591 0.1250000000
55403  33.273  2.313  -34.589 0.1250000000
44778  27.328  -14.890  -32.790 0.6250000000
51399  29.741  -5.244  -33.684 0.3750000000
55395  26.290  2.054  -33.010 0.7500000000
54276  27.140  0.538  -33.249 0.7500000000
78598  27.167  -1.145  -33.144 0.7500000000
81804  28.750  -3.137  -32.829 0.5000000000
52568  28.668  -2.304  -32.831 0.5000000000
52569  27.651  -2.334  -32.830 0.7500000000
52567  29.465  -2.928  -33.075 0.5000000000
55391  32.076  2.476  -33.581 0.1250000000
56335  30.864  5.051  -33.595 0.2500000000
79146  31.668  5.266  -34.534 0.1250000000
56350  33.004  3.893  -34.991 0.1250000000
84705  27.602  -11.558  -33.180 0.6250000000
48938  29.387  -7.982  -33.864 0.3750000000
88409  29.957  -7.275  -34.176 0.2500000000
50233  30.558  -6.796  -34.401 0.1250000000
40964  24.766  -20.536  -32.873 0.7500000000
40965  24.073  -20.583  -32.874 0.7500000000
40967  23.109  -19.918  -32.425 0.7500000000
40963  25.638  -20.474  -32.922 0.7500000000
40978  25.156  -19.972  -32.991 0.7500000000
42948  22.346  -17.905  -32.245 0.6250000000
42947  23.372  -18.052  -32.603 0.7500000000
41581  26.641  -19.442  -33.274 0.6250000000
42279  26.741  -18.386  -33.215 0.7500000000
43570  26.944  -16.580  -32.961 0.6250000000
44184  27.493  -15.842  -32.790 0.5000000000
78942  28.722  -15.295  -32.749 0.3750000000
87710  28.014  -15.303  -32.751 0.5000000000
44777  29.149  -14.631  -32.698 0.1250000000
82117  29.638  -14.003  -32.587 0.1250000000
45458  32.164  -13.501  -31.935 0.1250000000
84743  32.073  -12.185  -31.954 0.1250000000
88173  32.031  -11.162  -32.067 0.1250000000
46823  31.292  -10.609  -32.051 0.1250000000
47605  31.376  -9.500  -32.702 0.1250000000
47606  30.288  -9.566  -32.927 0.1250000000
48921  29.888  -8.396  -33.651 0.1250000000
49548  29.752  -7.633  -34.013 0.2500000000
55387  24.282  2.661  -32.720 0.5000000000
50827  30.901  -5.805  -34.385 0.1250000000
51933  30.681  -4.233  -33.843 0.1250000000
51915  30.901  -3.383  -33.753 0.1250000000
52564  31.942  -2.305  -33.929 0.1250000000
53721  32.654  -0.603  -33.786 0.1250000000
54867  32.948  1.084  -34.018 0.1250000000
54890  33.504  1.506  -34.451 0.1250000000
57469  27.802  6.307  -30.359 0.1250000000
57495  30.626  6.738  -33.928 0.2500000000
57999  30.841  7.191  -34.754 0.1250000000
89153  30.691  8.050  -35.477 0.1250000000
57507  31.413  7.141  -36.140 0.1250000000
56351  32.645  4.513  -34.994 0.1250000000
55412  33.738  2.745  -35.250 0.1250000000
56355  33.194  4.090  -35.562 0.1250000000
49551  27.045  -7.575  -34.071 0.7500000000
48940  27.587  -8.130  -34.059 0.7500000000
53731  22.829  -0.228  -33.203 0.3750000000
87570  27.136  -13.483  -32.860 0.7500000000
83275  27.609  -10.935  -33.355 0.6250000000
50812  26.395  -5.587  -33.583 0.8750000000
53727  25.965  -0.560  -33.583 0.8750000000
88646  29.697  5.826  -33.038 0.3750000000
58449  30.273  8.715  -34.461 0.1250000000
57995  30.423  7.611  -34.151 0.2500000000
87756  24.212  -19.463  -32.878 0.7500000000
40979  24.463  -20.120  -32.944 0.7500000000
41582  25.766  -19.601  -33.049 0.7500000000
42267  23.020  -18.594  -32.397 0.7500000000
42949  21.545  -17.356  -32.103 0.6250000000
80473  25.939  -18.133  -32.989 0.7500000000
43573  24.304  -16.554  -32.852 0.8750000000
89501  28.740  -13.220  -32.688 0.5000000000
83126  29.397  -12.458  -32.503 0.2500000000
76983  28.054  -12.211  -32.926 0.6250000000
46111  30.209  -12.159  -32.041 0.1250000000
74474  29.085  -10.826  -32.961 0.5000000000
46811  29.792  -10.484  -32.723 0.1250000000
48313  28.529  -9.425  -33.440 0.6250000000
49550  27.973  -7.670  -34.046 0.6250000000
50217  27.835  -6.470  -33.559 0.6250000000
51381  29.890  -4.470  -33.506 0.3750000000
53722  31.574  -0.696  -33.566 0.1250000000
82438  31.788  0.909  -33.470 0.1250000000
55392  30.149  2.434  -33.294 0.3750000000
83134  32.438  0.769  -33.715 0.1250000000
54272  33.086  0.230  -33.861 0.1250000000
55856  31.845  3.868  -33.473 0.1250000000
55868  32.278  3.455  -33.767 0.1250000000
57498  31.083  6.376  -34.488 0.1250000000
56345  31.959  4.215  -33.755 0.1250000000
58454  30.810  8.331  -35.941 0.1250000000
58001  30.930  7.599  -35.607 0.1250000000
40966  23.391  -20.471  -32.537 0.7500000000
42935  21.894  -18.128  -31.935 0.5000000000
42961  27.290  -17.436  -33.145 0.6250000000
43569  27.787  -16.646  -32.951 0.5000000000
48311  30.830  -8.797  -33.386 0.1250000000
48310  31.755  -8.701  -33.349 0.1250000000
48312  30.012  -8.983  -33.297 0.1250000000
41560  22.660  -19.611  -31.891 0.5000000000
40339  25.207  -21.121  -32.716 0.6250000000
40338  26.181  -21.085  -32.774 0.6250000000
40337  27.296  -21.118  -32.872 0.3750000000
40962  26.606  -20.498  -33.079 0.6250000000
40961  28.157  -20.701  -33.109 0.2500000000
40976  27.048  -20.066  -33.377 0.3750000000
44183  28.274  -15.952  -32.775 0.3750000000
73686  24.685  3.167  -32.412 0.2500000000
41580  27.611  -19.643  -33.487 0.5000000000
85568  27.708  -18.254  -33.276 0.3750000000
39697  25.383  -22.491  -32.010 0.6250000000
86299  22.870  -20.260  -32.106 0.3750000000
40328  24.794  -21.884  -32.447 0.6250000000
40340  24.345  -21.232  -32.733 0.6250000000
40341  23.601  -21.195  -32.486 0.6250000000
39703  27.672  -21.850  -32.250 0.3750000000
40326  26.716  -21.761  -32.419 0.5000000000
40327  25.743  -21.781  -32.447 0.6250000000
79362  22.376  -18.853  -31.518 0.2500000000
39694  28.527  -21.888  -31.862 0.3750000000
40975  27.949  -20.173  -33.431 0.2500000000
80339  28.128  -19.027  -33.415 0.3750000000
42960  28.156  -17.447  -33.100 0.2500000000
43555  28.623  -16.702  -32.916 0.2500000000
49513  18.804  -8.318  -31.433 0.1250000000
50801  20.216  -5.942  -32.529 0.2500000000
44168  29.090  -16.009  -32.812 0.2500000000
53732  22.461  -0.926  -32.872 0.2500000000
50199  18.675  -7.025  -31.874 0.1250000000
48895  18.066  -8.911  -31.564 0.2500000000
43545  20.984  -16.917  -32.030 0.2500000000
51373  21.834  -4.246  -32.883 0.3750000000
42258  22.473  -18.750  -32.065 0.3750000000
83074  27.410  -20.490  -33.232 0.2500000000
40336  28.323  -21.335  -32.616 0.2500000000
42278  27.365  -18.988  -33.389 0.3750000000
39695  27.125  -22.362  -31.835 0.3750000000
41579  28.512  -19.708  -33.417 0.2500000000
42277  28.552  -18.257  -33.185 0.2500000000
48883  19.125  -9.045  -31.128 0.1250000000
39698  24.410  -22.634  -32.009 0.5000000000
39681  26.021  -22.980  -31.484 0.3750000000
39699  23.592  -22.604  -31.650 0.3750000000
40329  23.126  -21.729  -31.747 0.5000000000
77082  23.889  -22.000  -32.394 0.5000000000
39684  23.342  -23.241  -30.809 0.1250000000
40330  22.720  -21.014  -31.299 0.2500000000
38405  24.144  -24.802  -30.259 0.1250000000
39683  24.142  -23.303  -31.411 0.3750000000
39007  26.713  -23.329  -31.068 0.2500000000
39008  25.885  -23.701  -30.960 0.3750000000
39682  25.106  -23.177  -31.502 0.5000000000
38407  22.801  -23.775  -30.003 0.1250000000
40303  22.648  -22.183  -30.442 0.1250000000
40942  22.620  -21.052  -30.786 0.1250000000
49547  30.555  -7.530  -34.330 0.1250000000
40949  22.941  -20.878  -32.023 0.3750000000
39696  26.289  -22.385  -31.998 0.3750000000
40950  22.649  -20.329  -31.569 0.2500000000
39015  27.350  -22.908  -31.188 0.2500000000
39680  26.717  -22.816  -31.526 0.3750000000
40315  22.738  -21.665  -30.989 0.1250000000
88691  23.390  -23.799  -30.468 0.1250000000
39685  22.623  -23.003  -30.246 0.1250000000
40314  22.937  -22.401  -30.990 0.1250000000
38406  23.459  -24.330  -30.161 0.1250000000
39010  23.975  -23.976  -30.752 0.3750000000
87239  25.442  -24.276  -30.714 0.2500000000
39009  24.858  -23.830  -31.028 0.2500000000
42920  21.993  -18.124  -31.567 0.1250000000
54877  23.200  1.101  -32.786 0.1250000000
54281  23.134  0.443  -33.125 0.1250000000
54859  22.720  1.322  -32.128 0.1250000000
54858  22.919  2.031  -31.948 0.1250000000
55388  23.904  2.920  -32.259 0.1250000000
54863  23.203  1.889  -32.444 0.1250000000
55375  23.423  2.503  -31.554 0.1250000000
55378  23.316  2.524  -32.067 0.1250000000
55854  24.371  3.326  -31.763 0.1250000000
54263  22.820  0.543  -32.687 0.1250000000
55851  23.834  2.900  -31.606 0.1250000000
55844  24.173  2.882  -30.976 0.1250000000
53709  22.545  -0.123  -32.732 0.1250000000
51368  20.310  -5.368  -32.250 0.1250000000
41552  22.562  -19.753  -31.236 0.1250000000
42246  22.294  -18.535  -31.217 0.1250000000
53710  22.442  -0.868  -32.785 0.1250000000
54261  22.582  0.778  -32.260 0.1250000000
54854  23.059  2.128  -31.741 0.1250000000
55843  24.825  3.310  -30.145 0.1250000000
55850  24.499  3.244  -30.997 0.1250000000
43535  21.112  -17.186  -31.974 0.1250000000
54862  23.734  2.339  -32.666 0.1250000000
51908  21.597  -4.198  -32.285 0.1250000000
42936  21.501  -17.494  -31.885 0.1250000000
42895  22.043  -18.086  -31.349 0.1250000000
54855  22.778  1.565  -32.029 0.1250000000
54257  23.258  0.935  -30.873 0.1250000000
84288  27.928  -22.404  -31.484 0.1250000000
40325  29.163  -21.386  -32.227 0.1250000000
40974  28.929  -20.243  -33.169 0.1250000000
41577  30.420  -19.546  -32.899 0.1250000000
42276  29.846  -18.959  -32.988 0.1250000000
77231  28.976  -19.042  -33.236 0.1250000000
42265  30.131  -18.173  -32.909 0.1250000000
42946  28.985  -17.478  -32.980 0.1250000000
42944  30.377  -17.583  -32.881 0.1250000000
42945  29.781  -17.504  -32.922 0.1250000000
43554  29.461  -16.752  -32.892 0.1250000000
81126  26.759  -23.942  -30.672 0.1250000000
79845  27.451  -23.595  -30.661 0.1250000000
39014  28.094  -23.003  -30.727 0.1250000000
84520  28.661  -22.349  -30.939 0.1250000000
40959  29.914  -20.822  -32.459 0.1250000000
83215  30.000  -20.144  -32.864 0.1250000000
41578  29.446  -19.676  -33.145 0.1250000000
40973  31.067  -19.987  -32.796 0.1250000000
42275  30.749  -18.705  -32.857 0.1250000000
44167  29.910  -16.059  -32.817 0.1250000000
78433  30.731  -16.007  -32.715 0.1250000000
42959  30.931  -17.454  -32.806 0.1250000000
44182  29.529  -15.363  -32.754 0.1250000000
40960  28.990  -20.817  -32.793 0.1250000000
42266  29.373  -18.249  -33.016 0.1250000000
88809  29.448  -20.466  -32.851 0.1250000000
43568  30.363  -16.849  -32.839 0.1250000000
76211  31.142  -18.069  -32.822 0.1250000000
38402  27.444  -24.648  -30.304 0.1250000000
39693  29.250  -21.761  -31.332 0.1250000000
43567  31.329  -16.712  -32.647 0.1250000000
42264  30.669  -17.993  -32.876 0.1250000000
43575  20.466  -15.337  -32.330 0.2500000000
44172  19.792  -15.082  -32.207 0.2500000000
44752  19.558  -14.769  -31.659 0.2500000000
44767  19.321  -14.467  -32.207 0.3750000000
44768  18.764  -13.797  -32.210 0.2500000000
44783  20.253  -14.387  -32.448 0.7500000000
45467  20.266  -13.750  -32.571 0.8750000000
46080  17.716  -12.679  -31.525 0.1250000000
46081  17.711  -12.143  -31.283 0.2500000000
46101  17.474  -12.561  -32.309 0.3750000000
46123  17.855  -12.605  -32.426 0.3750000000
46793  17.148  -11.712  -31.419 0.1250000000
46804  16.570  -11.499  -31.812 0.2500000000
46814  18.228  -11.085  -32.547 0.8750000000
46836  17.297  -11.428  -32.418 0.2500000000
47578  17.469  -10.803  -31.493 0.2500000000
47597  17.420  -10.590  -32.264 0.2500000000
48285  18.116  -9.888  -31.331 0.3750000000
48294  17.656  -9.715  -32.217 0.3750000000
48902  17.424  -9.073  -31.947 0.3750000000
49528  19.467  -7.689  -32.590 0.6250000000
55371  23.907  2.692  -31.149 0.1250000000
56352  32.066  4.711  -34.408 0.1250000000
77527  17.135  -11.413  -32.330 0.2500000000
81984  22.817  -2.838  -33.891 1.0000000000
85961  20.286  -6.797  -32.720 0.6250000000
87785  28.986  -9.647  -33.259 0.1250000000
