#!ascii label  , from subject sub-01 vox2ras=TkReg
830
19549  42.371  -54.321  -35.471 0.6000000238
19544  42.154  -54.353  -34.644 0.5000000000
20185  43.794  -53.443  -35.675 0.6999999881
20184  44.621  -53.046  -35.932 0.6000000238
20193  44.002  -53.386  -36.235 0.6000000238
20745  45.355  -52.062  -36.130 0.6000000238
20186  42.884  -53.834  -35.239 0.6999999881
19548  43.217  -53.911  -35.924 0.5000000000
19554  43.118  -53.330  -36.552 0.5000000000
20199  43.890  -52.925  -36.789 0.6000000238
20752  44.742  -52.227  -36.923 0.6000000238
18867  41.693  -54.892  -34.956 0.5000000000
19550  41.681  -54.631  -35.764 0.6000000238
21277  44.268  -51.896  -37.336 0.6000000238
18864  41.157  -55.676  -34.595 0.5000000000
18863  41.615  -55.066  -33.965 0.5000000000
22600  43.700  -50.081  -35.010 0.6000000238
72147  44.301  -50.140  -35.672 0.6999999881
20735  43.554  -52.458  -34.530 0.6000000238
20734  44.481  -52.238  -35.104 0.6999999881
21911  44.466  -50.857  -35.314 0.6000000238
21267  45.080  -51.240  -35.828 0.6000000238
72140  45.000  -50.980  -35.983 0.6000000238
20176  43.304  -53.241  -34.915 0.6000000238
72141  44.777  -50.773  -36.158 0.6000000238
20177  42.527  -53.756  -34.345 0.5000000000
72146  44.462  -50.778  -36.528 0.6000000238
88309  43.665  -50.931  -37.190 0.6000000238
22609  43.293  -50.282  -37.092 0.6000000238
23269  42.848  -49.429  -36.956 0.6999999881
22610  42.493  -50.101  -37.284 0.6000000238
23270  42.010  -49.203  -37.246 0.6999999881
22611  41.459  -49.905  -37.490 0.6000000238
82003  40.572  -49.389  -37.759 0.6000000238
23274  38.864  -48.010  -38.030 0.5000000000
24620  38.355  -46.291  -37.794 0.6999999881
24624  38.634  -47.225  -37.944 0.6000000238
78466  37.833  -47.018  -37.835 0.6999999881
75374  43.646  -49.520  -35.417 0.6000000238
21264  43.926  -51.555  -34.693 0.6999999881
21912  43.638  -50.719  -34.649 0.6999999881
72143  44.614  -50.371  -35.985 0.6999999881
72144  43.964  -49.468  -35.925 0.6999999881
21905  43.103  -50.921  -33.930 0.6000000238
85962  43.675  -49.318  -36.214 0.8000000119
79336  42.384  -52.797  -33.145 0.5000000000
20732  42.836  -52.424  -33.718 0.5000000000
20170  42.151  -53.686  -33.319 0.5000000000
20736  42.746  -53.052  -34.024 0.5000000000
72149  43.168  -48.874  -36.468 0.8000000119
72973  43.567  -49.744  -36.638 0.6000000238
23266  42.350  -48.454  -36.786 0.8000000119
87250  41.598  -48.493  -37.167 0.6999999881
76387  40.952  -48.063  -37.414 0.6999999881
23272  40.399  -48.491  -37.822 0.6000000238
23271  41.157  -48.925  -37.492 0.6000000238
23896  40.167  -47.375  -37.819 0.6999999881
23897  39.376  -47.493  -38.023 0.6999999881
23273  39.672  -48.189  -38.066 0.6000000238
24619  39.345  -46.742  -37.885 0.8000000119
24621  37.190  -46.406  -37.705 0.6999999881
25286  38.376  -45.301  -37.638 0.8000000119
88844  43.066  -48.525  -34.721 0.6000000238
72145  43.290  -48.776  -35.391 0.6999999881
72159  43.092  -47.904  -34.993 0.6999999881
22601  43.112  -49.222  -34.617 0.6000000238
21906  42.695  -50.194  -33.280 0.4000000060
21913  43.137  -50.061  -34.151 0.6000000238
73234  43.368  -48.425  -35.945 0.8000000119
20733  42.565  -52.049  -33.057 0.4000000060
21259  43.053  -51.767  -33.821 0.6000000238
23889  42.843  -48.065  -36.267 0.8000000119
19541  41.814  -54.605  -33.135 0.5000000000
23894  41.558  -47.809  -36.918 0.8000000119
24614  41.027  -46.541  -36.843 0.8000000119
23890  42.223  -47.381  -36.417 0.8000000119
23895  40.911  -47.254  -37.179 0.6999999881
24617  40.415  -46.538  -37.365 0.8999999762
24618  39.906  -46.414  -37.738 0.8999999762
82506  39.310  -45.747  -37.673 0.8999999762
25287  36.801  -45.519  -37.682 0.8000000119
77213  37.638  -45.655  -37.692 0.8000000119
83896  43.187  -47.074  -34.964 0.6000000238
23253  42.619  -48.665  -32.943 0.4000000060
22602  42.801  -49.310  -33.577 0.5000000000
23262  42.936  -48.372  -33.949 0.6000000238
23887  42.901  -47.327  -35.762 0.6999999881
21898  42.375  -50.329  -32.461 0.5000000000
21260  42.583  -51.143  -32.987 0.6000000238
21248  42.242  -51.719  -32.407 0.4000000060
80293  42.254  -51.039  -32.240 0.4000000060
24611  42.405  -46.519  -35.947 0.8000000119
20721  42.055  -52.259  -31.989 0.4000000060
23891  41.475  -47.116  -36.739 0.8000000119
25284  40.598  -45.839  -37.011 0.8000000119
25285  40.066  -45.753  -37.483 0.8999999762
25821  39.696  -44.867  -37.372 0.8999999762
25824  36.439  -44.696  -37.701 0.8000000119
75596  39.004  -44.905  -37.521 0.8999999762
25823  37.462  -44.789  -37.656 0.8000000119
73149  43.142  -47.362  -34.027 0.6000000238
83666  43.344  -46.560  -34.607 0.6000000238
72158  42.772  -47.883  -33.077 0.4000000060
22586  42.317  -49.634  -32.040 0.5000000000
22593  42.498  -49.486  -32.728 0.4000000060
25282  41.201  -45.838  -36.492 0.8000000119
24613  41.710  -46.540  -36.405 0.8000000119
25819  40.733  -45.107  -36.669 0.8000000119
78172  40.241  -45.189  -37.133 0.8999999762
25820  40.196  -44.325  -36.885 0.8999999762
76554  36.950  -43.991  -37.664 0.8000000119
76700  39.091  -44.186  -37.278 1.0000000000
77012  37.743  -44.007  -37.552 0.8000000119
25822  38.365  -44.444  -37.512 1.0000000000
72148  43.422  -46.617  -33.829 0.6000000238
23872  42.769  -47.626  -32.432 0.4000000060
24601  43.111  -47.196  -33.124 0.4000000060
23246  42.497  -48.262  -32.336 0.4000000060
24610  42.965  -46.456  -35.353 0.6999999881
23240  42.517  -48.827  -31.732 0.5000000000
25281  41.877  -45.807  -36.009 0.8000000119
80395  42.537  -45.770  -35.540 0.8000000119
25278  41.382  -45.080  -36.134 0.8000000119
85091  39.648  -44.006  -37.089 1.0000000000
26320  39.367  -43.335  -37.168 1.0000000000
26321  38.477  -43.520  -37.272 0.8000000119
25276  43.140  -45.825  -35.046 0.6999999881
24600  43.224  -47.041  -32.445 0.4000000060
23871  42.935  -47.418  -31.928 0.4000000060
25277  42.048  -45.065  -35.634 0.8000000119
25815  40.864  -44.311  -36.268 0.8000000119
26319  40.041  -43.321  -37.143 1.0000000000
26909  39.068  -42.585  -37.131 1.0000000000
26910  38.184  -42.675  -37.022 0.8999999762
26323  36.653  -43.327  -37.401 0.8000000119
26911  37.254  -42.718  -37.062 0.8999999762
80900  39.518  -41.848  -37.237 1.0000000000
27989  40.230  -40.533  -37.475 1.0000000000
27463  39.601  -41.056  -37.314 1.0000000000
27990  39.612  -40.341  -37.440 1.0000000000
73199  43.467  -46.014  -34.439 0.6999999881
75446  43.972  -44.907  -34.218 0.6999999881
72162  43.686  -45.812  -33.887 0.6000000238
73547  43.511  -46.535  -33.107 0.6000000238
25273  42.742  -45.086  -35.260 0.8000000119
72160  43.838  -46.458  -32.363 0.4000000060
25810  41.550  -44.323  -35.731 0.8000000119
25809  42.263  -44.338  -35.350 0.8000000119
26316  40.565  -43.446  -36.630 0.8999999762
26315  41.167  -43.562  -35.982 0.8000000119
84939  41.011  -42.862  -36.420 1.0000000000
26903  41.281  -42.092  -36.460 1.0000000000
26904  40.533  -42.414  -37.023 1.0000000000
27453  41.635  -41.204  -36.317 1.0000000000
27457  40.861  -41.222  -37.009 1.0000000000
27462  40.101  -41.565  -37.373 1.0000000000
27464  38.849  -41.688  -37.005 1.0000000000
27465  37.848  -41.985  -36.752 1.0000000000
27461  40.890  -40.350  -37.156 1.0000000000
27991  39.057  -40.681  -37.132 1.0000000000
28558  40.613  -39.789  -37.252 1.0000000000
28559  39.886  -39.798  -37.457 1.0000000000
72163  43.373  -45.205  -34.725 0.6999999881
79321  44.517  -45.353  -33.693 0.5000000000
72161  44.140  -45.983  -33.080 0.5000000000
25804  42.972  -44.370  -35.053 0.8000000119
26309  41.837  -43.582  -35.493 0.6999999881
26899  41.534  -42.832  -35.840 0.8999999762
26898  42.155  -42.810  -35.265 0.8000000119
27449  42.418  -41.965  -34.852 0.8000000119
79885  41.856  -42.014  -35.680 0.8000000119
85404  42.302  -41.167  -34.736 0.8999999762
75163  42.634  -41.453  -34.044 0.8000000119
85884  41.348  -40.554  -36.739 1.0000000000
28560  39.207  -39.947  -37.253 1.0000000000
27985  41.302  -39.886  -36.814 1.0000000000
28553  40.913  -39.245  -36.688 1.0000000000
28554  40.186  -39.216  -36.974 1.0000000000
72165  45.304  -44.842  -34.378 0.6999999881
25803  43.598  -44.357  -34.664 0.6999999881
26308  42.557  -43.593  -35.137 0.6999999881
26878  43.061  -42.242  -34.158 0.8000000119
27436  43.133  -41.763  -33.240 0.8000000119
27452  42.069  -41.156  -35.495 1.0000000000
27960  42.361  -40.975  -33.191 0.8000000119
27980  41.876  -40.287  -36.128 1.0000000000
28549  41.846  -39.710  -35.436 1.0000000000
28555  39.456  -39.336  -36.965 1.0000000000
28556  38.736  -39.536  -36.731 1.0000000000
78815  41.529  -39.435  -36.195 1.0000000000
81007  41.398  -39.148  -35.532 1.0000000000
29151  41.027  -38.811  -35.969 1.0000000000
29145  40.907  -38.631  -34.974 1.0000000000
25802  44.468  -44.283  -34.505 0.6000000238
26301  43.972  -43.650  -34.491 0.6999999881
26302  43.250  -43.626  -34.800 0.6999999881
26892  42.855  -42.850  -34.812 0.6999999881
26877  43.740  -42.398  -33.672 0.8000000119
27973  42.196  -40.739  -34.196 0.8000000119
27979  42.117  -40.477  -35.125 1.0000000000
79229  41.933  -40.281  -33.638 1.0000000000
28543  41.891  -39.973  -34.487 1.0000000000
28544  41.461  -39.279  -34.725 1.0000000000
29154  39.008  -38.904  -36.364 1.0000000000
29152  40.369  -38.719  -36.317 1.0000000000
29153  39.702  -38.775  -36.466 1.0000000000
26891  43.516  -42.967  -34.350 0.6999999881
89210  43.808  -42.055  -32.939 0.6999999881
26869  43.510  -41.719  -32.367 0.6999999881
27428  42.858  -41.338  -32.518 0.6999999881
27951  42.361  -40.770  -32.180 0.6999999881
75261  41.848  -40.148  -32.739 0.8000000119
84848  41.548  -39.450  -33.629 1.0000000000
78317  39.269  -38.474  -35.883 1.0000000000
29140  41.137  -38.791  -34.134 1.0000000000
29147  39.795  -38.312  -35.752 1.0000000000
29146  40.403  -38.337  -35.492 1.0000000000
26300  44.887  -43.646  -34.641 0.6000000238
26890  44.384  -42.905  -34.119 0.6000000238
26876  44.273  -42.183  -33.330 0.6999999881
27427  44.180  -41.853  -32.450 0.6999999881
27422  43.955  -41.566  -31.668 0.6999999881
27423  43.108  -41.243  -31.776 0.6999999881
30512  48.779  -36.442  -32.104 0.3000000119
27944  42.665  -40.541  -31.362 0.6999999881
31116  48.977  -35.661  -32.082 0.3000000119
28520  41.946  -40.037  -31.798 0.8000000119
28552  36.834  -39.866  -35.093 0.8999999762
28551  37.511  -39.427  -35.602 1.0000000000
28550  38.250  -39.109  -36.049 1.0000000000
29127  41.228  -38.491  -33.287 1.0000000000
29885  40.729  -38.061  -33.959 1.0000000000
29896  40.357  -37.944  -34.602 1.0000000000
26299  45.817  -43.687  -35.110 0.6000000238
26889  45.579  -42.865  -34.647 0.6000000238
27448  45.908  -41.864  -34.334 0.6000000238
26875  45.017  -42.207  -33.819 0.6999999881
27971  47.809  -40.304  -34.652 0.3000000119
27957  47.414  -39.944  -34.032 0.3000000119
77278  48.811  -37.144  -32.405 0.3000000119
30513  48.127  -36.813  -32.043 0.4000000060
30503  48.253  -36.134  -31.658 0.4000000060
27974  36.071  -40.226  -34.745 0.6999999881
28545  36.305  -39.545  -34.442 0.6999999881
31771  47.969  -34.104  -32.138 0.3000000119
28512  43.090  -40.182  -30.788 0.6999999881
29149  37.733  -38.675  -35.156 0.8999999762
31760  48.466  -34.759  -32.066 0.3000000119
31109  48.189  -35.440  -31.653 0.3000000119
29126  41.596  -39.130  -32.402 0.8000000119
29148  38.588  -38.514  -35.542 1.0000000000
86608  40.382  -37.617  -34.043 1.0000000000
27972  47.064  -40.622  -34.374 0.4000000060
27434  45.461  -41.516  -33.438 0.6999999881
27435  44.750  -41.731  -32.925 0.6999999881
27421  44.730  -41.433  -31.967 0.6999999881
28529  47.812  -39.375  -33.639 0.3000000119
28530  47.180  -39.631  -33.406 0.5000000000
27942  44.415  -41.088  -31.233 0.6999999881
29112  47.670  -38.271  -32.706 0.4000000060
29113  46.803  -38.720  -32.261 0.6000000238
29861  47.179  -37.801  -32.129 0.5000000000
27943  43.616  -40.856  -30.979 0.6999999881
29860  47.964  -37.519  -32.408 0.3000000119
75889  46.150  -35.115  -30.444 0.4000000060
89196  47.525  -37.172  -31.960 0.4000000060
28546  35.564  -39.754  -33.969 0.6999999881
31762  47.047  -34.316  -31.242 0.4000000060
30504  47.535  -36.603  -31.528 0.4000000060
27975  35.266  -40.552  -34.414 0.6000000238
32383  47.419  -33.852  -31.780 0.3000000119
31761  47.628  -34.747  -31.557 0.3000000119
28513  42.471  -39.742  -31.113 0.6999999881
28498  43.214  -39.381  -30.506 0.6999999881
31111  46.862  -35.045  -30.997 0.4000000060
31110  47.475  -35.785  -31.179 0.4000000060
30505  46.870  -36.570  -31.006 0.4000000060
76864  41.971  -39.264  -31.554 0.8000000119
29114  41.868  -38.410  -31.656 0.8999999762
29897  39.805  -37.857  -34.824 1.0000000000
29874  40.512  -37.237  -33.550 1.0000000000
29873  41.008  -37.573  -33.107 1.0000000000
29886  39.997  -37.180  -34.002 1.0000000000
27433  46.226  -41.063  -33.919 0.6000000238
27958  46.620  -40.281  -33.421 0.4000000060
85774  45.242  -41.322  -32.657 0.6999999881
27950  45.485  -40.900  -32.119 0.6999999881
28518  47.389  -39.041  -33.024 0.6000000238
28519  46.699  -39.580  -32.733 0.6000000238
27941  45.096  -40.759  -31.357 0.6999999881
88234  46.299  -38.846  -31.653 0.6000000238
27926  44.504  -40.346  -30.622 0.6000000238
77650  45.503  -35.130  -29.977 0.4000000060
29106  45.775  -38.913  -31.110 0.6000000238
29105  46.457  -38.124  -31.501 0.5000000000
27927  43.690  -40.146  -30.424 0.6999999881
31100  45.743  -35.881  -30.098 0.5000000000
29853  46.969  -37.244  -31.516 0.4000000060
29839  46.318  -37.326  -30.968 0.4000000060
29150  36.859  -38.945  -34.683 0.8999999762
85220  42.469  -38.833  -31.020 0.6999999881
30494  46.590  -35.834  -30.642 0.4000000060
29141  38.009  -37.867  -34.688 0.8999999762
29898  39.037  -37.942  -34.945 1.0000000000
29115  41.455  -38.007  -32.442 1.0000000000
29887  39.207  -37.092  -34.074 1.0000000000
31124  40.439  -35.273  -33.187 0.8999999762
30524  40.262  -36.256  -33.340 1.0000000000
30532  39.536  -36.157  -33.696 1.0000000000
31132  39.937  -35.292  -33.658 1.0000000000
27959  45.827  -40.883  -32.993 0.6999999881
27949  46.109  -40.293  -32.406 0.6000000238
27940  45.704  -40.348  -31.672 0.6999999881
28510  46.162  -39.568  -31.782 0.6999999881
28511  45.442  -39.965  -31.048 0.6000000238
31754  45.735  -34.418  -30.141 0.3000000119
31085  45.031  -35.557  -29.563 0.4000000060
29090  45.873  -38.031  -30.891 0.5000000000
28496  44.949  -39.359  -30.470 0.6000000238
28497  44.094  -39.520  -30.136 0.6000000238
30495  46.129  -36.604  -30.509 0.4000000060
89532  45.516  -36.653  -30.067 0.5000000000
29093  43.738  -38.664  -30.086 0.6000000238
29840  45.565  -37.407  -30.368 0.4000000060
29888  38.320  -36.982  -34.202 0.8999999762
30523  40.880  -36.673  -32.955 1.0000000000
31133  39.162  -35.169  -33.985 0.8999999762
31791  39.810  -34.451  -34.187 1.0000000000
32378  46.143  -33.609  -30.448 0.3000000119
31741  44.944  -34.658  -29.462 0.3000000119
31086  44.420  -35.319  -29.174 0.3000000119
79265  44.541  -35.969  -29.240 0.5000000000
29091  45.250  -38.385  -30.437 0.5000000000
29092  44.480  -38.662  -30.046 0.5000000000
30478  45.037  -36.314  -29.618 0.5000000000
29841  44.763  -37.818  -29.973 0.5000000000
29824  44.947  -37.049  -29.788 0.5000000000
28499  43.069  -38.374  -30.471 0.6999999881
29826  43.834  -37.228  -29.643 0.5000000000
29825  44.321  -37.378  -29.599 0.5000000000
29863  41.366  -37.044  -32.441 0.8999999762
88930  40.777  -35.905  -32.890 0.8999999762
30533  38.687  -36.078  -33.896 0.8999999762
31782  40.239  -34.506  -33.709 0.6999999881
32363  45.343  -33.587  -29.597 0.3000000119
31732  44.234  -34.591  -28.990 0.4000000060
32364  44.524  -33.885  -28.962 0.3000000119
31077  44.049  -35.177  -29.027 0.3000000119
30471  44.080  -35.844  -29.094 0.4000000060
30479  44.280  -36.635  -29.341 0.5000000000
30480  43.707  -36.320  -29.514 0.4000000060
29842  43.526  -37.847  -30.024 0.5000000000
30481  43.353  -37.067  -30.000 0.5000000000
29854  42.474  -37.780  -31.024 0.6000000238
76881  42.241  -36.777  -31.275 0.6999999881
29862  41.824  -37.430  -31.782 0.6999999881
30514  41.784  -36.594  -31.935 0.8000000119
30515  41.333  -36.054  -32.405 0.8999999762
32351  44.026  -33.820  -28.571 0.3000000119
31733  43.878  -34.619  -28.976 0.4000000060
31087  43.808  -35.411  -29.220 0.4000000060
31742  43.422  -34.819  -29.353 0.4000000060
31088  43.367  -35.604  -29.675 0.4000000060
78151  43.124  -36.304  -30.088 0.4000000060
76598  42.802  -36.967  -30.558 0.5000000000
31792  39.278  -34.267  -34.658 0.8999999762
32413  39.859  -33.858  -34.843 0.8999999762
32418  39.517  -33.659  -35.490 0.8000000119
32417  40.191  -33.289  -35.390 0.6999999881
32424  39.914  -33.001  -36.343 0.8000000119
32365  43.378  -33.876  -28.896 0.3000000119
81289  43.032  -35.040  -29.904 0.4000000060
31112  42.432  -35.428  -30.879 0.5000000000
30496  42.613  -36.133  -30.798 0.5000000000
30506  41.974  -35.727  -31.582 0.5000000000
31117  41.382  -35.247  -32.175 0.6999999881
31123  40.945  -35.239  -32.692 0.6999999881
31781  40.600  -34.500  -33.097 0.6999999881
32402  40.436  -33.879  -33.649 0.6999999881
32412  40.260  -33.705  -34.429 0.8000000119
82617  44.220  -33.020  -28.416 0.3000000119
33007  43.753  -33.012  -28.387 0.3000000119
32366  42.580  -33.503  -29.319 0.4000000060
31743  42.689  -34.302  -29.727 0.4000000060
79662  42.540  -34.899  -30.438 0.4000000060
84909  42.099  -34.238  -30.568 0.3000000119
31763  42.057  -34.864  -31.099 0.5000000000
31764  41.555  -34.757  -31.724 0.3000000119
31772  41.028  -34.438  -32.398 0.6999999881
32379  42.060  -33.572  -30.075 0.3000000119
88782  41.725  -33.648  -30.789 0.3000000119
32380  41.269  -33.378  -31.421 0.3000000119
31755  41.648  -34.148  -31.240 0.3000000119
83046  41.266  -34.059  -31.802 0.4000000060
32389  40.922  -33.554  -32.268 0.5000000000
32401  40.657  -33.711  -33.040 0.6000000238
33618  43.936  -31.265  -28.156 0.4000000060
32991  43.434  -32.110  -28.308 0.3000000119
78810  42.951  -32.890  -28.787 0.3000000119
33024  42.098  -32.702  -29.633 0.3000000119
81344  41.613  -32.976  -30.596 0.3000000119
79163  40.767  -32.952  -32.942 0.4000000060
33062  40.415  -32.295  -36.719 0.6999999881
33063  39.692  -32.364  -37.150 0.8000000119
33619  43.108  -31.218  -28.624 0.3000000119
33008  42.562  -31.981  -28.943 0.3000000119
33028  41.169  -32.461  -31.275 0.4000000060
33035  40.858  -32.790  -32.088 0.4000000060
32411  40.581  -33.069  -33.906 0.5000000000
33044  40.854  -32.334  -33.533 0.4000000060
33060  40.623  -32.685  -35.918 0.6999999881
33059  40.923  -32.349  -35.455 0.4000000060
33695  40.987  -32.057  -36.124 0.4000000060
33697  40.565  -31.441  -36.778 0.5000000000
33698  40.048  -31.171  -37.297 0.6000000238
33067  40.036  -31.792  -37.372 0.6999999881
33699  39.572  -31.300  -37.456 0.6999999881
34303  44.095  -30.476  -28.478 0.3000000119
33009  41.977  -31.820  -29.674 0.3000000119
33025  41.563  -32.102  -30.411 0.3000000119
81928  40.825  -32.338  -32.729 0.3000000119
75076  40.829  -31.996  -32.026 0.3000000119
33679  40.954  -31.772  -33.918 0.3000000119
86983  40.913  -32.262  -34.583 0.4000000060
33689  41.103  -31.790  -35.353 0.3000000119
34373  41.094  -31.270  -35.991 0.3000000119
81369  40.464  -30.001  -36.678 0.4000000060
35092  40.076  -29.814  -37.016 0.5000000000
34380  39.791  -30.587  -37.265 0.5000000000
35093  39.542  -29.759  -37.110 0.5000000000
34304  43.602  -30.461  -28.586 0.3000000119
34305  42.792  -30.472  -29.069 0.3000000119
33635  42.322  -31.178  -29.323 0.3000000119
33654  41.096  -31.448  -31.162 0.3000000119
33669  40.853  -31.616  -32.982 0.3000000119
85209  40.991  -30.902  -35.035 0.3000000119
88892  41.015  -30.533  -35.826 0.3000000119
35090  40.410  -29.012  -36.493 0.4000000060
35091  39.934  -28.777  -36.881 0.5000000000
35749  39.287  -28.696  -36.954 0.5000000000
35014  43.209  -29.755  -29.009 0.3000000119
86764  42.118  -30.535  -29.641 0.3000000119
33636  41.645  -31.131  -30.166 0.3000000119
33680  40.836  -30.959  -33.826 0.3000000119
35742  40.243  -27.679  -36.417 0.4000000060
36362  40.260  -26.348  -36.309 0.4000000060
37120  40.578  -25.389  -36.036 0.4000000060
35744  38.999  -27.502  -36.731 0.5000000000
36363  39.646  -26.292  -36.453 0.4000000060
35012  44.048  -28.748  -29.043 0.3000000119
77079  43.943  -29.679  -28.728 0.3000000119
82182  42.362  -29.827  -29.480 0.3000000119
33659  40.710  -31.115  -32.046 0.3000000119
34362  40.684  -30.052  -34.285 0.3000000119
79466  40.870  -29.914  -35.320 0.3000000119
35081  40.702  -28.973  -35.753 0.4000000060
36350  40.614  -26.589  -36.042 0.3000000119
35013  43.431  -28.988  -29.058 0.3000000119
35021  42.723  -29.196  -29.300 0.3000000119
34314  41.515  -30.050  -30.151 0.3000000119
35022  41.795  -28.992  -29.717 0.3000000119
80039  41.131  -30.601  -30.784 0.3000000119
35673  43.517  -28.184  -29.150 0.3000000119
35679  42.716  -28.504  -29.267 0.3000000119
34339  40.714  -30.473  -31.431 0.3000000119
33670  40.619  -30.652  -32.764 0.3000000119
36311  42.753  -27.605  -29.189 0.3000000119
85128  42.045  -28.142  -29.415 0.3000000119
35041  40.999  -29.320  -30.307 0.3000000119
37047  42.197  -26.792  -29.091 0.4000000060
36312  41.712  -27.447  -29.358 0.4000000060
26908  39.801  -42.490  -37.272 1.0000000000
33054  40.624  -32.890  -35.004 0.6999999881
21263  44.879  -51.698  -35.420 0.6000000238
20740  45.045  -52.390  -35.693 0.6000000238
73913  44.231  -50.117  -36.289 0.6000000238
86868  42.048  -54.322  -33.857 0.5000000000
79128  42.213  -52.389  -32.542 0.4000000060
20159  42.027  -53.102  -32.364 0.4000000060
81588  42.429  -48.936  -32.313 0.4000000060
26322  37.528  -43.373  -37.358 0.8000000119
23866  42.596  -47.954  -31.786 0.4000000060
29872  48.668  -37.990  -32.743 0.4000000060
29079  44.060  -37.975  -29.771 0.5000000000
29843  43.035  -37.626  -30.374 0.5000000000
31101  42.881  -35.576  -30.302 0.5000000000
78790  39.879  -49.043  -38.024 0.5000000000
21924  40.253  -50.606  -37.788 0.5000000000
22612  40.063  -49.830  -37.954 0.5000000000
87302  40.676  -51.085  -37.648 0.5000000000
84013  40.689  -50.107  -37.729 0.5000000000
21280  41.149  -51.545  -37.491 0.5000000000
21279  42.175  -51.824  -37.418 0.4000000060
80026  42.195  -50.777  -37.472 0.5000000000
80364  42.950  -52.052  -37.481 0.4000000060
78555  42.867  -51.518  -37.502 0.5000000000
20753  44.131  -52.429  -37.192 0.5000000000
75063  34.909  -42.925  -36.528 0.6999999881
26310  34.301  -43.480  -36.218 0.6999999881
26906  35.655  -42.597  -36.808 0.8000000119
26912  36.420  -42.697  -37.058 0.8000000119
26324  35.874  -43.255  -37.301 0.8000000119
26907  35.104  -42.186  -36.192 0.6999999881
26905  36.274  -42.182  -36.717 0.8999999762
27466  36.960  -42.136  -36.720 0.8999999762
27455  35.358  -41.496  -35.757 0.6000000238
27458  37.398  -41.392  -36.535 0.8999999762
27992  38.281  -41.086  -36.752 0.8999999762
72157  46.582  -44.202  -36.002 0.5000000000
25801  45.609  -44.289  -34.899 0.5000000000
27983  35.692  -40.858  -35.271 0.6000000238
27454  36.132  -41.196  -35.974 0.8999999762
27459  36.576  -41.616  -36.438 0.8999999762
27460  35.830  -41.860  -36.370 0.8999999762
27987  37.745  -40.586  -36.470 0.8999999762
27986  38.508  -40.232  -36.875 0.8999999762
26298  46.519  -43.199  -35.593 0.5000000000
26307  47.047  -43.386  -36.725 0.5000000000
27982  36.502  -40.547  -35.541 0.8999999762
27988  36.914  -40.891  -36.231 0.8999999762
26888  46.604  -42.256  -35.211 0.5000000000
26897  47.287  -42.648  -36.273 0.5000000000
27981  37.242  -40.164  -35.951 0.8999999762
28557  37.995  -39.816  -36.365 0.8999999762
27447  46.808  -41.373  -34.808 0.5000000000
26887  47.499  -41.773  -35.635 0.5000000000
88163  36.412  -38.354  -34.107 0.6000000238
75826  35.823  -37.717  -33.681 0.6000000238
29142  36.933  -37.927  -34.311 0.8000000119
29890  36.293  -36.807  -33.835 0.6999999881
31135  36.256  -35.275  -34.410 0.6999999881
29889  37.307  -36.921  -34.103 0.6999999881
30535  36.736  -35.949  -33.998 0.6999999881
82632  37.266  -35.419  -34.407 0.6999999881
31794  36.838  -34.964  -35.027 0.6999999881
30534  37.732  -36.027  -34.000 0.8000000119
31134  38.237  -35.389  -34.232 0.8000000119
31793  37.851  -34.888  -34.823 0.6999999881
86530  38.612  -34.751  -34.534 0.8000000119
32420  38.005  -33.875  -36.229 0.6000000238
31799  38.551  -34.196  -35.351 0.6000000238
32425  38.384  -33.120  -36.826 0.6000000238
33069  37.791  -32.024  -37.680 0.6000000238
32419  38.969  -33.474  -36.218 0.6000000238
33064  38.759  -32.337  -37.372 0.6000000238
85522  39.185  -32.857  -36.830 0.6000000238
33068  39.432  -31.869  -37.528 0.6999999881
33700  38.704  -31.498  -37.580 0.6000000238
34381  39.143  -30.642  -37.342 0.6000000238
19564  42.071  -53.443  -36.582 0.4000000060
21278  43.598  -52.014  -37.533 0.5000000000
79074  43.662  -51.486  -37.417 0.5000000000
21923  41.195  -50.766  -37.615 0.5000000000
27446  47.632  -40.958  -35.106 0.3000000119
21922  41.944  -51.294  -37.517 0.5000000000
80172  37.487  -34.482  -35.567 0.6999999881
72166  44.706  -46.052  -32.369 0.4000000060
72150  45.089  -45.577  -33.089 0.4000000060
72153  45.796  -45.113  -33.852 0.5000000000
72152  46.119  -45.307  -33.408 0.4000000060
25263  45.784  -45.707  -32.487 0.4000000060
75970  46.483  -45.417  -34.802 0.5000000000
72164  46.958  -45.747  -34.591 0.4000000060
25262  46.856  -45.449  -33.353 0.4000000060
73343  46.501  -45.158  -35.357 0.5000000000
25267  47.691  -46.013  -34.556 0.4000000060
74261  48.317  -45.596  -34.119 0.4000000060
25265  49.045  -45.013  -33.522 0.4000000060
73372  47.089  -46.707  -35.883 0.4000000060
26289  52.170  -43.325  -32.789 0.3000000119
25790  51.285  -44.187  -32.880 0.3000000119
25272  48.192  -46.846  -35.590 0.4000000060
25789  52.079  -44.050  -32.699 0.3000000119
25791  50.415  -44.329  -33.279 0.3000000119
25792  49.446  -44.802  -34.040 0.3000000119
25266  48.620  -45.533  -34.535 0.4000000060
25785  50.956  -44.516  -32.555 0.3000000119
25786  49.981  -44.679  -33.004 0.3000000119
72151  47.129  -45.440  -36.745 0.4000000060
77454  47.731  -47.588  -36.311 0.4000000060
26290  51.385  -43.488  -33.137 0.3000000119
26291  50.562  -43.441  -33.767 0.3000000119
79093  50.803  -43.958  -33.439 0.3000000119
25798  50.138  -44.130  -34.035 0.3000000119
25800  48.671  -45.593  -35.187 0.4000000060
26297  49.738  -43.455  -34.614 0.3000000119
26304  48.977  -43.949  -35.891 0.3000000119
26305  48.646  -44.718  -37.219 0.4000000060
82524  48.395  -45.822  -37.391 0.4000000060
73637  47.721  -46.521  -37.174 0.4000000060
26874  50.297  -42.800  -34.067 0.3000000119
25807  48.847  -45.029  -35.931 0.4000000060
25808  48.582  -46.179  -36.444 0.4000000060
72154  48.148  -46.920  -36.838 0.4000000060
25799  49.305  -44.483  -34.887 0.3000000119
26896  47.938  -42.410  -36.651 0.4000000060
26306  47.711  -43.082  -37.686 0.4000000060
26314  47.241  -44.085  -37.534 0.4000000060
80535  48.561  -43.312  -37.082 0.3000000119
88292  47.951  -43.369  -38.193 0.4000000060
26313  47.843  -43.922  -38.541 0.4000000060
26312  48.231  -43.770  -38.310 0.4000000060
25817  48.006  -45.087  -38.467 0.4000000060
25814  47.610  -45.073  -37.987 0.4000000060
82042  36.571  -34.575  -35.662 0.6000000238
33065  37.743  -32.650  -37.237 0.5000000000
32426  37.447  -33.377  -36.720 0.5000000000
33070  36.992  -32.359  -37.494 0.5000000000
81528  37.546  -31.342  -37.636 0.5000000000
87351  37.888  -30.075  -37.346 0.5000000000
35094  38.593  -29.726  -37.174 0.4000000060
34333  40.705  -29.758  -30.922 0.3000000119
35042  40.383  -29.006  -30.722 0.3000000119
35680  41.251  -28.128  -29.684 0.3000000119
35698  40.804  -28.644  -30.134 0.3000000119
36324  40.110  -27.507  -30.099 0.3000000119
35699  40.094  -28.261  -30.491 0.3000000119
35681  40.744  -27.319  -29.672 0.3000000119
84337  40.546  -27.999  -30.006 0.3000000119
37067  40.094  -26.823  -29.942 0.3000000119
83025  39.797  -27.031  -30.090 0.3000000119
81074  39.221  -26.949  -30.032 0.3000000119
37048  41.287  -26.693  -29.317 0.3000000119
37049  40.564  -26.574  -29.572 0.3000000119
37785  40.083  -26.025  -29.740 0.3000000119
37068  39.607  -26.430  -30.021 0.3000000119
37770  41.669  -26.041  -29.090 0.3000000119
38381  41.207  -25.288  -29.163 0.3000000119
37771  40.861  -26.006  -29.345 0.3000000119
76393  40.504  -25.476  -29.415 0.3000000119
37786  39.343  -25.686  -30.058 0.3000000119
38382  40.597  -24.933  -29.330 0.3000000119
38396  39.882  -25.109  -29.678 0.3000000119
76699  40.308  -24.341  -29.395 0.3000000119
79642  41.168  -24.384  -29.133 0.3000000119
38981  40.836  -23.644  -29.105 0.3000000119
25260  48.608  -45.114  -32.961 0.4000000060
25261  47.727  -45.363  -32.929 0.4000000060
26287  52.650  -43.619  -32.435 0.3000000119
25784  51.833  -44.578  -32.365 0.3000000119
26872  51.816  -42.596  -33.079 0.3000000119
26873  50.945  -42.662  -33.529 0.3000000119
26895  48.248  -42.473  -36.382 0.4000000060
26885  48.917  -42.922  -35.531 0.3000000119
37769  42.094  -25.352  -28.970 0.3000000119
87847  41.771  -24.747  -29.048 0.3000000119
87676  41.534  -23.626  -29.006 0.3000000119
26868  52.723  -42.672  -32.593 0.3000000119
73394  47.633  -46.937  -35.689 0.4000000060
39656  41.432  -22.937  -28.926 0.3000000119
24597  43.556  -46.976  -31.678 0.3000000119
75008  44.380  -46.478  -31.661 0.3000000119
24622  36.365  -46.894  -37.571 0.6000000238
75893  36.350  -46.137  -37.627 0.6999999881
75058  35.746  -46.400  -37.354 0.6999999881
24596  45.254  -46.168  -31.695 0.3000000119
21238  42.214  -51.473  -31.847 0.3000000119
77146  35.286  -45.122  -37.215 0.6999999881
23865  43.119  -47.602  -31.352 0.3000000119
25289  35.232  -45.833  -36.994 0.6999999881
24589  44.156  -46.898  -31.121 0.3000000119
25255  45.980  -45.997  -31.715 0.3000000119
25253  47.576  -45.439  -31.739 0.3000000119
25254  46.746  -45.606  -32.040 0.3000000119
21888  42.343  -50.577  -31.787 0.3000000119
25826  35.064  -44.577  -37.144 0.6999999881
25288  35.871  -45.473  -37.567 0.6999999881
24588  45.016  -46.691  -30.967 0.3000000119
75721  45.736  -46.328  -31.222 0.3000000119
24594  47.138  -45.907  -31.142 0.3000000119
23858  42.936  -48.318  -31.127 0.3000000119
23856  44.333  -47.367  -30.517 0.3000000119
23857  43.539  -47.841  -30.685 0.3000000119
25825  35.645  -44.597  -37.511 0.6999999881
26325  35.291  -43.882  -37.283 0.6999999881
23855  45.314  -47.256  -30.232 0.3000000119
74246  36.089  -43.917  -37.668 0.6999999881
25252  48.445  -45.131  -31.817 0.3000000119
78856  44.077  -48.049  -30.156 0.3000000119
26886  48.082  -41.502  -35.585 0.3000000119
23899  37.066  -47.343  -37.772 0.5000000000
24623  35.749  -47.259  -37.218 0.6999999881
23900  36.275  -47.820  -37.589 0.6000000238
23901  35.749  -47.959  -37.152 0.6000000238
25283  34.728  -46.028  -36.311 0.6999999881
25290  34.710  -45.132  -36.661 0.6999999881
21230  42.495  -51.225  -31.415 0.3000000119
22577  42.629  -49.784  -31.485 0.4000000060
26317  34.847  -43.541  -36.801 0.6999999881
23230  42.985  -49.189  -31.003 0.4000000060
23229  43.619  -48.701  -30.416 0.3000000119
22567  43.552  -49.645  -30.405 0.3000000119
86526  35.309  -43.237  -36.987 0.6999999881
22568  43.068  -49.965  -30.908 0.3000000119
22613  39.348  -49.589  -37.970 0.5000000000
22614  38.379  -49.373  -37.892 0.5000000000
21916  35.155  -50.333  -35.906 0.4000000060
80338  35.770  -51.090  -34.653 0.5000000000
77618  39.111  -48.791  -38.058 0.4000000060
88276  38.359  -48.555  -37.964 0.5000000000
21262  36.483  -51.897  -33.810 0.4000000060
20172  36.478  -53.624  -33.063 0.4000000060
21268  35.239  -51.313  -35.540 0.5000000000
81062  36.994  -48.081  -37.832 0.4000000060
20171  36.902  -52.687  -32.844 0.4000000060
21915  35.431  -50.264  -35.336 0.5000000000
22607  35.328  -49.032  -36.433 0.4000000060
23277  35.888  -48.559  -37.356 0.4000000060
23267  35.528  -48.454  -36.803 0.4000000060
20160  36.772  -53.591  -32.267 0.4000000060
21239  35.668  -51.743  -31.017 0.4000000060
21909  36.679  -50.791  -33.838 0.4000000060
22570  35.657  -49.498  -30.884 0.4000000060
21914  35.994  -50.044  -34.576 0.5000000000
23231  36.049  -48.424  -30.754 0.4000000060
23874  35.993  -46.644  -32.018 0.4000000060
22580  35.397  -47.789  -30.926 0.4000000060
22604  35.271  -49.444  -35.752 0.5000000000
82076  35.163  -48.765  -36.001 0.5000000000
23875  35.078  -46.721  -32.676 0.4000000060
23876  33.959  -47.008  -32.816 0.4000000060
22605  35.203  -49.628  -36.154 0.5000000000
21231  36.317  -51.260  -31.104 0.4000000060
21881  35.748  -50.642  -30.953 0.4000000060
21249  37.289  -52.104  -32.323 0.4000000060
22569  36.447  -49.326  -30.953 0.4000000060
22596  36.285  -48.970  -34.419 0.5000000000
87888  36.785  -49.778  -33.915 0.4000000060
23241  37.035  -48.691  -31.215 0.4000000060
22603  35.590  -49.230  -35.115 0.5000000000
23873  36.690  -47.206  -31.727 0.4000000060
23868  36.546  -47.510  -31.361 0.4000000060
23881  34.806  -46.590  -33.611 0.4000000060
23268  35.269  -48.209  -36.273 0.6000000238
23892  35.433  -47.682  -36.679 0.6000000238
21908  37.338  -50.175  -32.985 0.4000000060
22579  37.034  -49.817  -31.298 0.4000000060
22578  37.559  -49.312  -31.733 0.4000000060
23254  37.443  -47.677  -32.402 0.4000000060
23264  35.379  -48.310  -35.452 0.5000000000
23880  36.226  -46.944  -33.057 0.4000000060
24615  35.231  -46.769  -36.673 0.6000000238
23893  35.072  -47.386  -36.181 0.6000000238
20710  37.175  -52.040  -31.858 0.4000000060
21889  37.371  -50.390  -31.762 0.4000000060
22587  37.881  -48.803  -32.085 0.4000000060
88503  37.666  -48.458  -31.757 0.4000000060
22595  37.182  -48.810  -33.472 0.5000000000
23256  36.386  -47.720  -34.063 0.5000000000
23263  35.768  -48.298  -34.801 0.5000000000
23257  35.467  -47.356  -34.611 0.5000000000
74878  35.602  -46.960  -33.670 0.4000000060
23265  35.126  -47.827  -35.855 0.6000000238
23886  34.929  -46.691  -34.709 0.5000000000
24603  34.321  -46.180  -33.989 0.4000000060
76839  35.173  -47.379  -35.312 0.6000000238
23888  34.883  -46.902  -35.574 0.6000000238
24616  34.809  -46.689  -36.068 0.6000000238
76914  33.763  -44.026  -35.604 0.5000000000
25811  34.158  -44.642  -36.102 0.6000000238
25812  33.777  -44.900  -35.346 0.5000000000
25279  34.247  -45.436  -35.861 0.6000000238
25280  33.984  -45.506  -35.116 0.5000000000
24612  34.482  -46.097  -35.474 0.5000000000
87423  34.555  -46.287  -34.870 0.5000000000
24608  33.946  -45.826  -34.393 0.5000000000
89023  34.160  -44.086  -36.198 0.5000000000
25816  34.578  -44.186  -36.716 0.6000000238
23275  37.478  -48.768  -37.845 0.4000000060
23898  37.891  -47.851  -37.908 0.4000000060
22615  37.512  -49.530  -37.789 0.5000000000
21261  37.170  -51.521  -32.961 0.4000000060
87011  35.211  -48.602  -30.867 0.4000000060
23243  35.051  -47.138  -31.566 0.4000000060
21907  37.718  -49.845  -32.156 0.4000000060
84586  36.772  -51.756  -31.451 0.4000000060
21882  35.190  -50.130  -31.086 0.3000000119
22581  34.793  -49.335  -31.086 0.3000000119
22588  34.402  -48.274  -31.226 0.3000000119
23248  34.078  -47.528  -32.238 0.3000000119
23249  33.326  -47.874  -32.652 0.3000000119
20183  45.062  -52.582  -36.132 0.6000000238
20191  45.048  -52.344  -36.455 0.6000000238
20192  44.580  -52.761  -36.530 0.6000000238
20722  37.037  -52.829  -32.060 0.4000000060
20741  44.260  -52.864  -35.344 0.6999999881
20751  45.130  -52.029  -36.568 0.6000000238
20754  43.298  -52.546  -37.169 0.5000000000
21272  45.156  -51.641  -36.332 0.6000000238
21276  44.809  -51.745  -36.864 0.6000000238
21880  36.379  -50.252  -31.009 0.4000000060
21890  36.861  -50.833  -31.380 0.4000000060
21899  37.495  -51.116  -32.191 0.4000000060
21920  44.269  -51.257  -37.008 0.6000000238
21921  43.070  -50.898  -37.370 0.6000000238
22594  37.651  -48.318  -32.608 0.4000000060
22608  43.943  -50.533  -36.798 0.6000000238
23242  36.610  -47.954  -31.056 0.4000000060
23247  37.823  -47.970  -32.028 0.4000000060
23255  37.095  -47.679  -33.089 0.4000000060
23859  36.094  -47.686  -30.943 0.4000000060
23864  43.685  -47.288  -31.022 0.3000000119
23867  37.189  -47.769  -31.561 0.4000000060
23869  35.940  -47.171  -31.326 0.4000000060
23878  37.355  -47.479  -31.999 0.4000000060
23879  36.852  -47.149  -32.383 0.4000000060
24598  36.807  -47.477  -31.580 0.4000000060
25291  47.900  -45.076  -38.465 0.4000000060
25813  48.292  -44.944  -38.208 0.4000000060
25818  47.950  -44.834  -38.606 0.4000000060
26318  48.002  -44.422  -38.686 0.4000000060
26902  48.104  -42.932  -37.690 0.4000000060
34376  40.742  -30.636  -36.442 0.3000000119
34379  40.250  -30.628  -36.976 0.5000000000
34382  38.205  -30.656  -37.441 0.5000000000
35727  40.566  -27.870  -36.048 0.4000000060
35743  39.805  -27.570  -36.672 0.5000000000
37121  40.177  -25.250  -36.218 0.4000000060
72138  45.069  -51.212  -36.098 0.6000000238
72139  45.262  -51.479  -36.012 0.6000000238
72142  44.819  -51.235  -36.489 0.6000000238
72155  48.045  -45.847  -37.738 0.4000000060
72156  47.895  -45.426  -38.155 0.4000000060
76319  44.812  -50.704  -35.842 0.6000000238
79841  40.812  -29.854  -36.148 0.3000000119
84458  40.626  -27.046  -35.760 0.3000000119
85178  37.636  -49.185  -32.601 0.4000000060
85534  45.294  -51.768  -35.854 0.6000000238
86490  37.170  -51.286  -31.739 0.4000000060
88622  41.030  -31.576  -34.567 0.3000000119
