#!ascii label  , from subject sub-01 vox2ras=TkReg
388
17529  34.789  -58.111  -33.441 0.6000000238
16794  31.510  -58.819  -29.656 0.6999999881
16793  32.311  -58.897  -29.875 0.6999999881
84352  33.542  -60.431  -31.304 0.8999999762
88184  33.930  -59.961  -31.702 0.8000000119
16836  34.283  -58.934  -32.258 0.8000000119
17514  34.735  -57.776  -32.410 0.6000000238
18200  35.040  -57.424  -33.233 0.6999999881
16795  30.617  -58.802  -29.599 0.6999999881
16806  32.667  -58.352  -30.301 0.6000000238
81838  32.870  -59.056  -30.287 0.6999999881
16151  33.208  -59.517  -30.498 0.6999999881
16805  33.425  -58.866  -30.839 0.8000000119
16821  34.037  -58.421  -31.477 0.8000000119
76790  33.975  -59.270  -31.633 0.8000000119
17530  34.490  -58.363  -32.429 0.6000000238
18191  34.985  -57.238  -32.202 0.6000000238
79784  35.312  -56.745  -33.127 0.6999999881
87411  35.146  -56.982  -33.984 0.6999999881
16808  30.960  -58.156  -30.075 0.5000000000
82502  31.258  -57.419  -30.569 0.4000000060
16807  31.836  -58.144  -30.060 0.6000000238
17485  32.249  -57.536  -30.424 0.5000000000
16822  33.200  -57.916  -30.717 0.6000000238
17496  33.751  -57.613  -31.091 0.6999999881
18192  34.383  -57.427  -31.525 0.6999999881
85711  35.599  -56.194  -32.585 0.6000000238
18204  35.303  -56.340  -34.361 0.5000000000
17499  30.366  -57.083  -31.238 0.5000000000
17486  30.484  -57.686  -30.571 0.6000000238
16809  30.105  -58.174  -30.149 0.6000000238
17497  32.788  -57.115  -30.768 0.5000000000
18175  33.502  -56.863  -30.985 0.6000000238
18846  34.445  -56.783  -31.367 0.6000000238
18856  35.267  -56.614  -31.998 0.5000000000
84816  35.917  -55.352  -32.742 0.5000000000
18861  35.529  -55.897  -33.627 0.5000000000
80497  35.569  -55.045  -33.994 0.5000000000
17487  29.781  -57.643  -30.815 0.5000000000
17498  31.871  -56.824  -30.771 0.4000000060
18176  32.452  -56.379  -30.977 0.4000000060
19532  35.729  -55.882  -31.832 0.6000000238
20173  35.919  -54.277  -33.639 0.5000000000
82507  31.132  -56.774  -31.196 0.5000000000
18177  31.504  -56.212  -31.424 0.4000000060
18848  31.970  -55.615  -31.286 0.3000000119
18847  33.326  -55.958  -31.070 0.4000000060
18845  34.687  -55.965  -31.420 0.5000000000
19531  36.210  -55.035  -31.780 0.5000000000
19518  36.468  -54.175  -31.798 0.5000000000
20161  36.409  -54.431  -32.431 0.5000000000
88771  35.997  -53.532  -33.777 0.5000000000
20172  36.478  -53.624  -33.063 0.5000000000
18179  29.851  -56.659  -32.030 0.5000000000
18178  30.565  -56.356  -31.891 0.5000000000
87898  31.412  -55.773  -31.685 0.4000000060
74364  32.593  -54.983  -31.269 0.3000000119
19520  33.893  -55.100  -31.176 0.4000000060
19519  35.303  -55.003  -31.469 0.5000000000
75225  36.047  -54.421  -31.489 0.6000000238
20722  37.037  -52.829  -32.060 0.4000000060
86930  30.031  -56.325  -32.413 0.4000000060
18849  30.900  -55.854  -32.006 0.4000000060
18857  31.226  -55.357  -31.796 0.4000000060
19522  31.709  -54.911  -31.562 0.4000000060
75044  34.287  -54.173  -31.237 0.4000000060
20146  35.449  -53.783  -31.271 0.5000000000
20711  35.971  -52.825  -31.164 0.6000000238
20145  36.255  -53.626  -31.476 0.5000000000
20700  36.314  -52.102  -31.185 0.4000000060
20144  36.655  -53.438  -31.818 0.4000000060
18193  30.033  -55.993  -32.738 0.4000000060
18858  30.489  -55.418  -32.216 0.4000000060
19521  33.037  -54.199  -31.427 0.4000000060
20147  33.353  -53.316  -31.538 0.4000000060
20712  35.058  -52.643  -31.147 0.5000000000
84612  29.788  -55.590  -32.798 0.4000000060
19534  30.998  -54.575  -31.853 0.4000000060
19533  31.953  -54.207  -31.687 0.4000000060
20162  32.307  -53.398  -31.972 0.4000000060
20713  33.808  -52.346  -31.561 0.3000000119
87682  34.412  -53.298  -31.251 0.4000000060
21232  35.192  -50.905  -31.105 0.4000000060
21239  35.668  -51.743  -31.017 0.5000000000
18201  29.383  -55.848  -33.833 0.4000000060
21240  34.696  -51.575  -31.251 0.4000000060
19535  30.035  -54.967  -32.252 0.3000000119
20163  31.420  -53.581  -32.013 0.3000000119
20724  31.723  -52.764  -32.272 0.3000000119
20723  32.566  -52.450  -32.167 0.4000000060
21250  32.981  -51.695  -32.188 0.3000000119
21241  33.751  -51.246  -31.770 0.3000000119
21891  34.496  -50.421  -31.349 0.4000000060
22581  34.793  -49.335  -31.086 0.4000000060
21251  32.224  -51.528  -32.492 0.4000000060
77741  32.809  -50.797  -32.433 0.3000000119
21892  33.649  -50.397  -31.954 0.4000000060
21900  33.106  -49.851  -32.377 0.4000000060
22582  33.951  -49.475  -31.585 0.4000000060
22590  32.730  -49.331  -32.646 0.4000000060
22588  34.402  -48.274  -31.226 0.3000000119
22589  33.420  -48.763  -32.333 0.3000000119
16159  33.634  -59.714  -31.049 0.8000000119
87523  34.352  -57.940  -31.731 0.6999999881
14347  31.059  -63.338  -32.627 0.6000000238
13646  30.766  -63.851  -33.060 0.6000000238
13665  31.256  -64.309  -34.769 0.6000000238
13681  31.821  -63.627  -35.734 0.6000000238
76935  30.478  -64.612  -31.737 0.5000000000
13636  30.534  -63.767  -32.247 0.6000000238
14346  31.512  -62.811  -32.269 0.6999999881
12956  30.577  -64.274  -32.538 0.6000000238
14355  32.373  -62.467  -33.340 0.6000000238
85966  31.869  -62.971  -33.614 0.6000000238
78282  32.331  -62.728  -34.154 0.6000000238
13664  31.625  -63.347  -34.184 0.6000000238
13663  32.141  -63.153  -34.968 0.6000000238
14391  32.913  -62.381  -36.662 0.6999999881
12311  30.231  -64.602  -30.984 0.6000000238
14333  31.716  -62.458  -31.581 0.6999999881
12310  30.535  -65.250  -31.085 0.5000000000
14334  30.919  -63.148  -31.720 0.6999999881
83241  30.292  -64.090  -31.867 0.6999999881
14345  32.295  -62.318  -32.389 0.6999999881
81607  31.714  -62.875  -32.951 0.6999999881
14990  32.905  -62.035  -33.916 0.5000000000
14366  32.869  -62.275  -34.927 0.6000000238
14997  33.480  -61.461  -35.192 0.6000000238
77141  33.209  -61.979  -35.931 0.6999999881
15613  33.817  -61.077  -36.038 0.6999999881
15003  33.390  -61.670  -36.941 0.6999999881
15641  34.542  -60.385  -40.670 0.4000000060
16223  33.928  -59.629  -39.650 0.5000000000
16221  34.242  -59.527  -38.999 0.6000000238
15625  33.769  -60.776  -38.212 0.6000000238
76466  33.895  -60.894  -37.092 0.6999999881
85339  29.355  -65.103  -28.836 0.5000000000
13619  29.933  -63.613  -30.391 0.5000000000
12942  29.888  -64.323  -30.429 0.5000000000
14322  31.106  -62.552  -30.812 0.6999999881
78793  30.497  -63.194  -30.939 0.5000000000
13627  30.306  -63.720  -31.426 0.6000000238
14957  32.549  -61.798  -31.416 0.6999999881
14969  32.957  -61.706  -32.225 0.6999999881
87916  33.827  -60.910  -35.295 0.6999999881
15617  34.264  -60.191  -36.531 0.6999999881
16203  34.190  -60.212  -37.455 0.6000000238
16202  34.521  -59.328  -37.242 0.6000000238
13612  28.818  -63.644  -28.819 0.5000000000
12287  28.764  -65.036  -28.179 0.4000000060
85934  29.877  -62.842  -29.687 0.5000000000
13611  29.358  -63.237  -29.335 0.5000000000
12933  29.369  -64.010  -29.661 0.5000000000
14947  30.827  -62.180  -30.085 0.6000000238
14945  32.273  -61.439  -30.457 0.6999999881
15573  32.966  -60.962  -30.872 0.6999999881
14956  33.267  -61.139  -31.747 0.6999999881
14982  32.958  -61.863  -33.016 0.6999999881
14981  33.499  -61.251  -33.636 0.6999999881
14989  33.298  -61.580  -34.447 0.6999999881
15606  34.227  -60.245  -35.396 0.8000000119
16220  34.697  -58.880  -38.422 0.5000000000
14315  28.692  -62.797  -28.619 0.4000000060
78617  30.040  -61.513  -29.167 0.6000000238
14314  30.238  -62.175  -29.613 0.6000000238
14936  30.841  -61.445  -29.556 0.6000000238
14935  31.797  -61.027  -29.674 0.6000000238
15563  32.584  -60.611  -30.018 0.6000000238
15579  33.792  -60.531  -32.139 0.6999999881
14968  33.451  -61.203  -32.628 0.6999999881
84708  34.171  -59.745  -32.491 0.8000000119
77804  33.942  -60.560  -33.033 0.8000000119
15594  33.976  -60.524  -33.827 0.6000000238
74541  33.801  -60.867  -34.592 0.6000000238
16194  34.548  -59.310  -36.043 0.6999999881
84635  35.164  -58.111  -38.682 0.5000000000
78152  35.130  -57.948  -37.930 0.6000000238
16883  34.787  -58.492  -36.577 0.6999999881
15550  29.456  -61.020  -28.738 0.5000000000
14310  28.388  -61.978  -28.328 0.4000000060
87688  28.060  -62.447  -28.095 0.4000000060
15549  30.287  -60.764  -28.988 0.5000000000
14937  29.351  -62.137  -28.974 0.5000000000
15548  31.141  -60.521  -29.207 0.6000000238
15547  32.062  -60.185  -29.311 0.6000000238
16152  32.716  -59.713  -29.856 0.6000000238
15562  33.220  -60.179  -30.502 0.6999999881
16177  34.463  -59.343  -34.034 0.6000000238
16188  34.539  -59.199  -34.918 0.6999999881
16873  34.753  -58.444  -35.606 0.6999999881
76473  34.858  -58.488  -37.436 0.6000000238
79049  35.162  -56.974  -36.636 0.6000000238
17571  35.038  -57.777  -37.034 0.6000000238
16141  30.182  -59.444  -29.094 0.5000000000
14930  28.669  -61.277  -28.440 0.5000000000
14316  27.476  -61.810  -28.196 0.5000000000
16140  31.213  -59.598  -29.186 0.5000000000
80187  30.539  -60.052  -28.874 0.5000000000
16139  32.052  -59.464  -29.438 0.6000000238
16850  34.433  -58.985  -33.207 0.6000000238
16849  34.661  -58.663  -34.142 0.6000000238
84921  34.855  -58.056  -34.360 0.6000000238
17558  34.939  -57.683  -35.116 0.6999999881
16862  34.768  -58.395  -34.839 0.6000000238
17566  34.945  -57.695  -36.118 0.6999999881
16142  29.246  -59.337  -28.991 0.5000000000
16134  28.788  -59.815  -28.643 0.5000000000
16135  28.008  -59.966  -28.538 0.5000000000
14938  27.029  -61.170  -28.687 0.5000000000
13620  25.518  -61.936  -29.298 0.5000000000
79583  34.985  -57.510  -34.188 0.6000000238
79998  35.095  -56.902  -34.833 0.4000000060
77291  35.048  -56.896  -35.740 0.5000000000
18208  35.166  -56.155  -36.269 0.4000000060
16796  29.680  -58.744  -29.580 0.5000000000
16143  28.388  -59.353  -28.983 0.5000000000
81659  27.304  -60.049  -29.068 0.5000000000
85449  26.468  -60.579  -29.597 0.5000000000
14325  25.170  -62.037  -30.504 0.4000000060
12950  24.628  -63.284  -31.355 0.5000000000
12957  24.421  -63.558  -31.872 0.4000000060
71806  24.060  -63.872  -32.169 0.4000000060
13630  21.812  -62.659  -31.578 0.4000000060
80625  35.180  -56.132  -35.376 0.4000000060
18870  35.206  -55.332  -35.927 0.4000000060
16810  29.124  -58.125  -30.286 0.5000000000
16797  28.734  -58.771  -29.518 0.4000000060
16798  28.022  -58.961  -29.448 0.4000000060
86499  27.189  -59.646  -29.573 0.5000000000
16154  26.797  -59.502  -30.133 0.4000000060
14335  25.251  -61.762  -30.866 0.5000000000
78386  25.755  -60.695  -30.934 0.4000000060
14959  25.182  -61.813  -31.727 0.5000000000
87010  25.424  -61.311  -31.195 0.5000000000
14971  25.161  -61.673  -32.635 0.3000000119
73396  24.020  -63.438  -32.957 0.3000000119
83772  23.690  -63.318  -33.393 0.3000000119
17488  29.125  -57.637  -31.064 0.5000000000
16811  28.018  -58.405  -30.095 0.4000000060
17500  29.497  -57.194  -31.523 0.4000000060
16823  28.431  -57.815  -30.929 0.4000000060
17502  28.027  -57.475  -31.601 0.4000000060
17515  29.151  -56.929  -32.292 0.4000000060
17501  28.763  -57.340  -31.650 0.4000000060
18194  29.552  -56.480  -32.768 0.4000000060
17516  28.420  -57.099  -32.447 0.4000000060
17517  27.852  -57.132  -32.408 0.4000000060
17531  28.803  -56.793  -33.179 0.4000000060
75791  28.463  -56.874  -34.277 0.4000000060
17547  28.108  -57.185  -35.073 0.4000000060
80983  27.302  -57.470  -31.336 0.4000000060
17518  27.438  -56.902  -32.120 0.4000000060
18205  28.919  -56.365  -34.610 0.4000000060
18209  28.852  -56.356  -35.510 0.4000000060
17559  28.317  -56.803  -36.187 0.4000000060
17568  27.797  -56.702  -36.617 0.4000000060
17548  27.851  -57.072  -34.806 0.4000000060
18217  27.370  -55.955  -36.649 0.3000000119
18865  35.322  -55.327  -34.888 0.4000000060
12974  31.193  -64.586  -34.058 0.6000000238
16899  34.328  -59.197  -39.807 0.5000000000
16895  34.439  -59.181  -39.316 0.5000000000
15634  33.840  -60.127  -39.112 0.5000000000
16213  34.246  -59.816  -38.250 0.6000000238
12299  29.075  -64.414  -28.889 0.5000000000
14946  31.472  -61.826  -30.214 0.6000000238
16178  34.262  -59.877  -33.497 0.6000000238
16189  34.271  -60.025  -34.376 0.6000000238
18213  35.341  -56.289  -37.142 0.6000000238
15539  29.639  -60.092  -28.673 0.5000000000
15540  28.761  -60.458  -28.498 0.5000000000
15541  28.116  -60.687  -28.348 0.4000000060
71813  22.703  -63.208  -31.380 0.3000000119
81034  26.142  -60.592  -30.090 0.5000000000
14348  24.904  -62.431  -32.220 0.4000000060
72864  23.395  -63.386  -32.874 0.4000000060
18202  29.205  -56.350  -33.610 0.4000000060
7543  39.015  -72.359  -38.953 0.3000000119
7553  39.664  -72.130  -39.772 0.3000000119
12370  34.602  -64.828  -40.410 0.4000000060
82063  36.244  -64.409  -40.971 0.4000000060
12359  36.131  -65.705  -39.980 0.4000000060
11690  37.129  -65.849  -39.983 0.4000000060
81285  33.597  -63.836  -40.592 0.4000000060
13019  33.103  -64.615  -39.913 0.4000000060
13020  32.617  -64.227  -39.867 0.4000000060
13708  32.419  -63.489  -39.990 0.5000000000
79623  32.368  -64.097  -39.325 0.5000000000
77589  32.167  -63.874  -38.555 0.5000000000
13026  35.847  -63.717  -41.202 0.4000000060
13024  35.278  -64.294  -40.959 0.5000000000
12361  33.801  -65.007  -39.896 0.5000000000
13009  31.908  -64.433  -37.744 0.5000000000
12369  35.677  -64.977  -40.551 0.5000000000
13023  36.753  -63.792  -40.965 0.5000000000
12368  36.677  -65.107  -40.514 0.4000000060
12367  37.692  -65.251  -40.371 0.4000000060
11689  38.127  -66.101  -40.075 0.4000000060
10963  38.307  -67.012  -39.977 0.3000000119
71915  38.869  -68.411  -40.678 0.4000000060
14423  34.704  -62.281  -40.837 0.4000000060
14419  33.234  -62.155  -40.330 0.4000000060
14420  32.652  -62.527  -40.102 0.4000000060
84814  34.619  -62.996  -40.894 0.4000000060
13713  34.080  -63.415  -40.762 0.4000000060
14418  33.922  -62.638  -40.647 0.4000000060
13705  32.291  -63.455  -39.207 0.5000000000
13715  35.441  -62.867  -41.062 0.4000000060
13712  34.944  -63.604  -41.024 0.4000000060
81013  34.339  -64.101  -40.795 0.4000000060
14415  32.495  -62.772  -39.375 0.5000000000
13699  32.104  -63.529  -37.619 0.6000000238
87925  32.446  -62.962  -37.668 0.6000000238
13700  31.745  -64.027  -37.074 0.6000000238
14403  32.849  -62.410  -37.609 0.6000000238
13691  32.049  -63.522  -36.623 0.5000000000
14380  32.538  -62.861  -35.961 0.5000000000
12366  38.740  -65.585  -40.257 0.4000000060
11688  39.091  -66.635  -40.559 0.4000000060
85742  38.857  -67.500  -40.560 0.4000000060
15021  32.883  -61.761  -40.071 0.4000000060
15020  33.160  -61.214  -39.755 0.5000000000
14414  32.837  -61.987  -39.564 0.5000000000
15017  33.300  -61.460  -38.949 0.5000000000
14411  32.414  -63.015  -38.432 0.5000000000
15010  33.330  -61.644  -37.965 0.5000000000
89321  33.627  -61.261  -37.516 0.6000000238
7544  38.152  -72.671  -38.792 0.3000000119
8177  40.509  -71.314  -39.488 0.3000000119
71910  41.806  -68.384  -40.535 0.3000000119
15028  34.842  -61.320  -40.821 0.4000000060
73821  34.051  -60.944  -40.493 0.4000000060
15637  33.461  -60.318  -39.856 0.4000000060
76207  33.500  -60.764  -39.274 0.5000000000
14392  32.488  -62.942  -37.005 0.6000000238
15642  33.809  -60.289  -40.249 0.4000000060
13025  32.978  -63.996  -40.318 0.4000000060
71918  41.141  -67.973  -41.058 0.3000000119
15024  33.975  -61.742  -40.540 0.4000000060
14410  32.908  -62.228  -38.669 0.5000000000
8185  40.334  -71.660  -39.769 0.3000000119
8853  40.788  -70.501  -39.440 0.3000000119
13605  28.150  -63.148  -28.113 0.4000000060
13628  30.090  -64.140  -31.196 0.6000000238
13629  24.867  -62.750  -31.019 0.5000000000
13637  24.689  -63.070  -31.845 0.4000000060
13638  24.339  -63.396  -32.386 0.4000000060
13645  31.282  -63.403  -33.420 0.6000000238
13647  24.591  -62.890  -32.526 0.4000000060
13714  33.182  -63.163  -40.463 0.4000000060
14323  30.403  -62.783  -30.260 0.6000000238
14336  24.971  -62.397  -31.393 0.5000000000
14931  27.835  -61.257  -28.299 0.4000000060
14939  26.203  -60.986  -29.414 0.5000000000
14948  25.650  -61.148  -30.388 0.4000000060
14958  31.884  -62.081  -30.867 0.6999999881
15025  33.408  -61.164  -40.148 0.4000000060
15542  27.510  -60.627  -28.634 0.5000000000
15551  26.862  -60.606  -29.176 0.5000000000
15552  26.701  -60.146  -29.730 0.5000000000
15564  26.245  -60.071  -30.522 0.4000000060
15640  35.156  -59.771  -40.759 0.4000000060
16144  27.708  -59.485  -29.179 0.5000000000
16153  27.448  -59.090  -29.779 0.5000000000
17532  28.164  -57.025  -33.432 0.4000000060
17533  27.814  -56.949  -33.585 0.4000000060
17546  28.420  -56.920  -35.264 0.4000000060
17560  27.895  -57.133  -35.712 0.4000000060
17567  28.103  -56.357  -36.987 0.4000000060
18214  28.831  -56.125  -36.232 0.4000000060
18215  28.492  -56.060  -36.875 0.4000000060
18216  27.879  -56.005  -37.298 0.4000000060
18879  27.719  -55.124  -37.213 0.3000000119
20160  36.772  -53.591  -32.267 0.5000000000
71907  42.453  -68.171  -40.085 0.3000000119
71913  41.954  -67.795  -40.420 0.3000000119
71919  40.452  -68.192  -41.442 0.3000000119
73321  23.680  -63.831  -31.212 0.3000000119
73330  22.474  -62.926  -32.418 0.4000000060
73413  23.360  -63.550  -32.036 0.4000000060
73436  23.214  -63.223  -33.755 0.3000000119
73789  36.619  -52.704  -31.565 0.4000000060
78899  31.428  -63.766  -34.889 0.6000000238
81846  27.480  -56.722  -36.041 0.4000000060
82670  28.047  -57.113  -34.335 0.4000000060
85001  29.147  -55.905  -34.872 0.4000000060
85380  33.691  -64.404  -40.376 0.5000000000
88808  28.158  -57.110  -35.568 0.4000000060
