#!ascii label  , from subject sub-01 vox2ras=TkReg
1046
21218  29.964  -51.831  -28.627 0.8999999762
20692  29.783  -52.259  -29.335 0.8000000119
21225  30.376  -51.887  -29.675 0.8000000119
20702  29.640  -52.746  -30.684 0.6999999881
20714  30.289  -52.450  -31.108 0.8000000119
75881  29.299  -52.469  -28.665 0.8999999762
77798  30.618  -51.409  -29.174 1.0000000000
20701  30.023  -52.377  -30.176 0.8000000119
21233  30.648  -51.917  -30.713 0.8000000119
21883  31.034  -51.259  -30.242 0.8999999762
21242  30.811  -51.989  -31.595 0.8000000119
20687  28.751  -52.722  -27.993 0.8000000119
21211  29.771  -51.478  -27.686 0.8999999762
21212  29.074  -51.808  -27.253 0.8999999762
20103  27.998  -52.990  -27.906 0.8999999762
22563  31.465  -50.498  -30.248 1.0000000000
21253  31.130  -51.507  -32.003 0.6999999881
21858  30.255  -50.729  -27.430 0.8999999762
21213  28.457  -51.774  -26.904 0.8999999762
20673  28.082  -52.347  -27.005 0.8999999762
21866  30.663  -51.105  -28.266 0.8999999762
21874  31.121  -50.906  -29.253 1.0000000000
74885  31.288  -50.339  -31.228 0.8000000119
21893  31.097  -51.168  -31.434 0.8000000119
80012  31.090  -50.161  -31.853 0.8000000119
21903  31.248  -50.818  -32.114 0.8000000119
21859  29.195  -51.039  -27.038 0.8999999762
21206  27.877  -51.699  -26.784 0.8999999762
78936  27.347  -51.479  -27.189 0.8999999762
21847  28.275  -51.007  -26.779 0.8999999762
21860  27.523  -50.723  -27.015 0.8000000119
21215  26.898  -51.815  -27.818 0.8000000119
21857  31.254  -50.511  -27.680 0.8999999762
22545  27.434  -49.721  -27.054 0.6999999881
21861  26.630  -50.730  -27.610 0.6999999881
21856  32.134  -50.304  -27.860 0.8999999762
22546  26.110  -49.758  -27.617 0.6999999881
21868  25.672  -50.177  -28.178 0.6999999881
21864  32.234  -50.288  -28.570 1.0000000000
22556  25.248  -49.381  -27.937 0.6000000238
21873  31.802  -50.400  -29.292 1.0000000000
22562  31.875  -49.884  -30.171 1.0000000000
22571  31.673  -49.082  -30.601 0.8999999762
22572  31.313  -49.435  -31.070 0.8000000119
22583  30.898  -49.204  -31.796 0.8000000119
22592  30.949  -49.365  -32.087 0.8000000119
22543  29.738  -50.110  -27.005 0.8999999762
73685  28.021  -50.214  -26.795 0.8999999762
73673  26.890  -50.037  -27.327 0.6999999881
73892  26.632  -49.268  -27.363 0.6000000238
22555  32.822  -49.923  -28.264 1.0000000000
23212  24.795  -48.648  -27.706 0.5000000000
23201  25.078  -48.126  -27.490 0.5000000000
22561  32.570  -49.820  -29.293 1.0000000000
88370  32.316  -49.324  -30.161 1.0000000000
23234  31.193  -48.312  -31.087 0.8999999762
87222  30.830  -48.580  -31.572 0.8000000119
23862  30.863  -47.199  -31.275 0.8999999762
23244  30.514  -48.251  -31.917 0.8000000119
23251  30.638  -48.516  -32.134 0.8000000119
23245  30.309  -47.848  -32.050 0.8000000119
23252  30.517  -47.901  -32.270 0.8000000119
22544  28.761  -50.176  -26.833 0.8999999762
22542  30.778  -50.056  -27.066 0.8999999762
22527  31.232  -49.380  -26.574 0.8999999762
22530  28.201  -49.304  -26.835 0.6999999881
22540  32.634  -49.751  -27.407 0.8999999762
22526  32.224  -49.326  -26.586 0.8999999762
84423  27.248  -48.678  -27.117 0.6999999881
23200  26.374  -48.540  -27.344 0.6000000238
22547  25.701  -48.835  -27.560 0.6000000238
79158  25.818  -48.147  -27.376 0.5000000000
23832  25.534  -47.418  -27.382 0.5000000000
23211  33.375  -49.278  -28.830 1.0000000000
23223  33.168  -48.929  -29.894 1.0000000000
23232  33.269  -48.016  -30.326 1.0000000000
23233  32.199  -48.395  -30.533 1.0000000000
88727  33.665  -48.353  -29.934 1.0000000000
23860  32.463  -47.369  -30.592 0.8999999762
23861  31.632  -47.597  -30.868 0.8999999762
23235  30.575  -47.879  -31.629 0.8999999762
23863  30.260  -47.209  -31.762 0.8999999762
24592  31.683  -46.773  -30.855 0.8999999762
23236  30.282  -47.689  -31.922 0.8999999762
24593  30.282  -46.463  -31.601 0.8999999762
22528  30.209  -49.372  -26.706 0.8999999762
22529  29.231  -49.352  -26.790 0.8999999762
23193  28.813  -48.547  -26.767 1.0000000000
84907  28.065  -48.378  -26.930 0.8000000119
23831  26.534  -47.770  -27.238 0.6999999881
22539  33.418  -49.342  -27.826 1.0000000000
23833  24.610  -47.541  -27.514 0.5000000000
23210  33.988  -48.678  -28.352 1.0000000000
86658  33.888  -48.544  -29.364 1.0000000000
23853  34.097  -46.984  -29.548 1.0000000000
23222  33.999  -47.827  -29.900 1.0000000000
87044  33.418  -47.004  -30.249 1.0000000000
24591  32.539  -46.443  -30.571 0.8999999762
81241  31.840  -45.994  -30.809 0.8999999762
25268  31.641  -45.099  -33.332 0.6999999881
81732  30.893  -44.880  -32.999 0.8000000119
25269  31.079  -45.670  -33.001 0.8000000119
25270  30.369  -45.218  -32.661 0.8000000119
23191  30.581  -48.633  -26.262 1.0000000000
82159  29.212  -48.007  -26.525 1.0000000000
23199  33.080  -49.041  -26.946 0.8999999762
23189  32.624  -48.545  -26.219 0.8999999762
23830  27.563  -47.705  -27.031 0.6999999881
80216  26.241  -46.967  -27.203 0.6000000238
23198  33.777  -48.598  -27.416 0.8999999762
23188  33.396  -48.256  -26.638 0.8999999762
79482  24.947  -46.864  -27.612 0.4000000060
23209  34.312  -47.764  -28.884 1.0000000000
24581  33.745  -46.187  -29.803 1.0000000000
24590  33.173  -46.089  -30.277 1.0000000000
25243  33.415  -45.374  -30.046 1.0000000000
25787  29.456  -44.863  -32.106 0.8999999762
87447  32.816  -44.669  -34.202 0.6000000238
25793  32.173  -44.463  -33.734 0.6000000238
25794  31.260  -44.268  -33.332 0.8000000119
25795  30.171  -44.191  -32.816 0.8000000119
25271  29.920  -45.749  -32.274 0.8999999762
23821  32.870  -47.681  -25.989 0.8999999762
23190  31.676  -48.535  -25.988 0.8999999762
23824  28.494  -47.674  -26.749 0.8000000119
88758  28.582  -47.051  -26.571 0.6999999881
24554  27.978  -46.837  -26.807 0.6999999881
24555  27.331  -46.121  -26.892 0.6000000238
76373  25.677  -46.409  -27.485 0.4000000060
23197  34.250  -47.960  -27.826 1.0000000000
86417  33.950  -47.955  -27.120 0.8999999762
23828  34.329  -47.129  -28.101 1.0000000000
23840  34.317  -46.860  -28.819 1.0000000000
24580  34.222  -46.178  -29.155 1.0000000000
25233  33.972  -45.403  -29.435 1.0000000000
25764  33.737  -44.625  -29.728 1.0000000000
25781  29.526  -45.243  -31.981 0.8999999762
85570  29.117  -43.730  -31.684 0.8999999762
25778  29.224  -44.363  -31.935 0.8999999762
25797  28.771  -43.359  -32.358 0.8999999762
25788  28.877  -43.882  -32.144 0.8999999762
26303  33.306  -43.540  -34.821 0.6000000238
26292  31.983  -43.517  -33.659 0.8000000119
26293  30.904  -43.417  -33.238 0.8000000119
76924  29.414  -43.525  -32.582 0.8999999762
23822  30.849  -47.792  -25.827 0.8999999762
77821  29.920  -47.908  -26.188 0.8999999762
23823  29.200  -47.247  -26.297 0.6999999881
23816  30.979  -46.966  -25.612 0.8999999762
23817  30.141  -47.034  -25.847 0.8999999762
23820  33.613  -47.458  -26.635 1.0000000000
81385  33.242  -46.932  -26.214 1.0000000000
89334  32.279  -48.098  -25.814 1.0000000000
77538  28.049  -46.014  -26.669 0.6000000238
24561  26.531  -46.283  -27.145 0.5000000000
23829  34.096  -47.290  -27.319 1.0000000000
24550  33.810  -46.548  -26.814 1.0000000000
24566  34.443  -46.199  -28.291 1.0000000000
25232  34.354  -45.415  -28.748 1.0000000000
25773  33.102  -44.570  -30.353 1.0000000000
25774  32.128  -44.394  -30.866 1.0000000000
26280  31.435  -43.874  -31.194 1.0000000000
25775  31.119  -44.519  -31.261 0.8999999762
75817  29.706  -44.195  -31.616 0.8999999762
26311  33.855  -43.071  -35.398 0.6000000238
25806  32.745  -43.958  -34.224 0.6000000238
26879  31.528  -42.726  -33.406 0.8000000119
26294  29.999  -43.129  -32.850 0.8000000119
24541  31.669  -46.525  -25.459 0.8999999762
24543  30.129  -46.160  -25.646 0.6999999881
24553  28.712  -46.433  -26.369 0.6000000238
24551  33.185  -46.157  -26.080 0.8999999762
24559  34.246  -46.593  -27.579 1.0000000000
25222  34.537  -45.398  -28.103 1.0000000000
25763  34.194  -44.642  -29.072 1.0000000000
26270  34.024  -43.886  -29.472 1.0000000000
85784  33.533  -43.978  -30.056 1.0000000000
26278  32.932  -43.726  -30.596 1.0000000000
26279  32.083  -43.454  -31.036 1.0000000000
74284  31.189  -43.238  -31.312 1.0000000000
26861  29.687  -42.598  -31.366 0.8999999762
26283  28.891  -43.086  -31.538 0.8999999762
26285  28.554  -43.382  -31.885 0.8999999762
26883  27.633  -41.612  -32.389 0.8999999762
26901  34.050  -42.238  -35.088 0.6000000238
26893  33.451  -42.659  -34.617 0.6000000238
78191  32.804  -43.094  -34.150 0.6000000238
87127  32.259  -42.712  -33.733 0.6999999881
75383  31.250  -42.048  -33.212 0.6999999881
26880  30.663  -42.558  -33.130 0.6999999881
26881  29.906  -42.340  -32.932 0.8000000119
26882  28.472  -41.740  -32.711 0.8999999762
26900  34.421  -42.588  -35.876 0.6000000238
78213  30.461  -41.635  -33.066 0.6999999881
78554  29.406  -41.699  -32.897 0.8999999762
25206  29.304  -45.795  -25.905 0.6999999881
25207  28.504  -45.502  -26.274 0.6000000238
25192  32.327  -45.793  -25.516 0.8999999762
88308  30.649  -45.693  -25.402 0.6999999881
25216  33.714  -45.594  -26.624 0.8999999762
25205  33.111  -45.263  -25.946 0.8000000119
25215  34.258  -45.768  -27.426 1.0000000000
75234  34.448  -44.920  -27.640 0.8999999762
84237  34.100  -45.071  -27.051 0.8000000119
25756  34.542  -44.646  -28.345 1.0000000000
26269  34.470  -43.878  -28.750 1.0000000000
26850  34.515  -43.019  -29.308 1.0000000000
26851  33.669  -43.180  -30.185 1.0000000000
26858  33.305  -42.241  -30.734 1.0000000000
73983  32.758  -42.903  -30.897 1.0000000000
26859  31.791  -42.669  -31.243 1.0000000000
26860  30.802  -42.549  -31.365 0.8999999762
27417  29.329  -41.687  -31.236 0.8999999762
26862  28.626  -42.289  -31.371 0.8999999762
27945  27.011  -40.316  -31.866 0.8999999762
27437  32.030  -42.088  -33.393 0.6999999881
27441  27.942  -40.882  -32.849 0.8999999762
27456  34.661  -41.845  -35.472 0.6000000238
27438  31.563  -41.309  -33.120 0.6999999881
75144  30.756  -40.742  -33.023 0.6999999881
84319  31.359  -45.757  -25.326 0.8000000119
25195  30.020  -45.189  -25.510 0.6999999881
25204  34.227  -44.308  -27.105 0.6999999881
25751  34.600  -44.311  -27.791 0.8000000119
26265  34.754  -43.861  -28.156 0.8000000119
26845  34.952  -43.179  -28.464 0.8000000119
74148  32.382  -42.033  -31.177 1.0000000000
74803  31.921  -41.178  -31.360 1.0000000000
74147  31.379  -41.881  -31.350 1.0000000000
74826  30.919  -41.072  -31.330 1.0000000000
74536  30.358  -41.799  -31.301 0.8999999762
77321  29.044  -40.901  -31.137 0.8999999762
27418  28.340  -41.359  -31.208 0.8999999762
27937  27.276  -40.204  -31.516 0.8999999762
27450  34.286  -41.545  -34.672 0.6000000238
26894  32.865  -42.184  -33.892 0.6000000238
27978  33.105  -41.344  -33.624 0.6999999881
27952  27.026  -40.131  -32.162 0.8999999762
27440  28.817  -40.956  -32.912 0.8999999762
27962  32.406  -40.827  -33.128 0.6999999881
27963  31.627  -40.513  -32.958 0.6999999881
27964  30.093  -40.251  -32.979 0.8999999762
28536  29.402  -39.790  -32.905 0.8999999762
25193  31.738  -45.172  -25.270 0.6999999881
25194  30.965  -45.089  -25.291 0.6000000238
25728  30.544  -44.373  -25.330 0.6000000238
25742  29.074  -44.924  -25.819 0.6000000238
25741  33.068  -44.406  -25.863 0.6999999881
25727  31.580  -44.358  -25.244 0.6000000238
26246  33.663  -43.916  -26.347 0.6999999881
26245  34.234  -43.469  -26.857 0.6999999881
26257  34.661  -43.731  -27.557 0.6999999881
26844  35.479  -42.563  -28.161 0.8000000119
26849  35.249  -42.410  -28.795 0.8000000119
26857  34.118  -42.321  -30.153 1.0000000000
27404  34.877  -42.075  -29.630 0.8000000119
27415  32.944  -41.286  -31.118 1.0000000000
88388  33.056  -40.609  -31.237 1.0000000000
27932  32.370  -40.402  -31.391 1.0000000000
27933  31.382  -40.385  -31.392 1.0000000000
28505  30.878  -39.615  -31.490 1.0000000000
28506  29.842  -39.510  -31.408 1.0000000000
28507  28.755  -39.447  -31.403 0.8999999762
27451  33.647  -41.857  -34.304 0.6000000238
28515  27.153  -39.705  -31.869 0.8999999762
27984  34.938  -41.199  -35.000 0.6000000238
27977  33.812  -41.128  -33.863 0.6999999881
86250  28.282  -39.004  -32.205 0.8999999762
27961  33.176  -40.527  -33.245 0.6999999881
28533  32.346  -39.838  -32.848 0.6999999881
28534  31.453  -39.310  -32.701 0.8999999762
26236  30.178  -43.620  -25.452 0.5000000000
25726  32.407  -44.078  -25.432 0.6000000238
77790  30.980  -43.706  -25.318 0.5000000000
26247  32.957  -43.572  -25.723 0.6999999881
26836  35.383  -42.517  -27.631 0.6999999881
26256  35.105  -43.230  -27.935 0.6999999881
27403  35.623  -41.673  -29.209 0.8000000119
27916  35.987  -40.936  -29.701 0.8000000119
27413  35.169  -41.263  -30.016 0.8000000119
27414  34.369  -41.496  -30.359 0.8999999762
84745  33.698  -41.640  -30.681 1.0000000000
27930  34.576  -40.644  -30.666 0.8999999762
27931  33.689  -40.800  -30.958 1.0000000000
77010  33.104  -39.897  -31.325 1.0000000000
29100  30.388  -38.931  -31.719 1.0000000000
29102  28.443  -38.958  -31.816 0.8999999762
29109  29.121  -38.740  -31.955 0.8999999762
29108  30.056  -38.650  -31.947 0.8999999762
29117  29.857  -38.758  -32.149 0.8999999762
28532  33.304  -39.711  -33.015 0.6999999881
75382  31.115  -40.048  -32.885 0.8000000119
28535  30.416  -39.610  -32.807 0.8999999762
28531  33.926  -39.157  -33.165 0.6999999881
74595  32.350  -38.773  -32.702 0.8000000119
29131  31.653  -38.470  -32.485 0.8999999762
80067  33.112  -38.968  -32.900 0.6999999881
77084  32.272  -37.849  -32.598 0.8999999762
26235  31.893  -43.248  -25.371 0.5000000000
26828  33.620  -42.984  -26.162 0.6999999881
77546  34.323  -42.798  -26.693 0.6999999881
26827  34.870  -42.326  -26.908 0.6999999881
26835  36.042  -41.995  -27.915 0.6999999881
27402  36.352  -41.255  -28.863 0.8000000119
77011  34.002  -39.905  -31.171 0.8999999762
28504  32.308  -39.562  -31.502 1.0000000000
77097  31.715  -39.791  -31.508 1.0000000000
27929  35.448  -40.443  -30.411 0.8000000119
76787  34.861  -39.801  -30.956 0.8000000119
28503  33.498  -39.173  -31.300 0.8999999762
29098  32.664  -38.765  -31.505 1.0000000000
29099  31.559  -38.954  -31.726 1.0000000000
29097  33.462  -38.376  -31.311 0.8999999762
29849  31.969  -37.963  -31.822 1.0000000000
29107  31.079  -38.363  -31.965 1.0000000000
29856  31.799  -37.660  -32.098 1.0000000000
29865  31.844  -37.659  -32.340 0.8999999762
28548  33.907  -40.268  -33.414 0.6999999881
29864  32.101  -36.909  -32.223 0.8999999762
27976  34.499  -40.874  -34.126 0.6000000238
28547  34.681  -40.009  -33.584 0.6000000238
29878  32.612  -37.144  -32.594 0.8999999762
29144  34.834  -38.995  -33.460 0.6999999881
29130  32.926  -38.059  -32.774 0.8000000119
29129  33.680  -38.232  -32.909 0.6999999881
30527  33.164  -36.568  -32.647 0.8999999762
29877  33.429  -37.360  -32.782 0.6999999881
26816  32.790  -42.844  -25.670 0.6000000238
73760  34.030  -42.069  -26.274 0.6999999881
26815  33.142  -42.173  -25.787 0.5000000000
26826  35.642  -41.578  -27.142 0.6999999881
27380  34.737  -41.602  -26.504 0.6999999881
27390  36.526  -41.311  -27.701 0.6999999881
27396  36.559  -41.415  -28.181 0.6999999881
27389  37.082  -40.873  -27.952 0.6999999881
27910  36.976  -40.776  -28.536 0.8000000119
27915  36.706  -40.571  -29.355 0.8000000119
27928  36.378  -40.112  -30.174 0.8000000119
85609  35.638  -39.716  -30.665 0.8000000119
28486  37.033  -39.375  -29.820 0.8000000119
28500  36.172  -39.147  -30.534 0.8000000119
28502  34.228  -38.926  -31.176 0.8000000119
88155  33.980  -38.218  -31.216 0.8999999762
29848  32.751  -37.678  -31.496 0.8999999762
29095  35.732  -38.221  -30.757 0.8000000119
29096  34.619  -38.022  -31.096 0.8000000119
29855  32.224  -37.064  -31.867 1.0000000000
28546  35.564  -39.754  -33.969 0.6000000238
29128  34.342  -38.240  -33.129 0.6999999881
89528  32.162  -37.297  -32.499 0.8999999762
30517  32.577  -36.349  -32.337 1.0000000000
29876  34.155  -37.440  -32.967 0.6999999881
30526  33.952  -36.665  -32.861 0.8000000119
75325  34.970  -40.850  -26.384 0.6999999881
85832  36.325  -40.913  -27.152 0.6999999881
27897  36.888  -40.648  -27.448 0.6999999881
27905  37.366  -40.354  -27.713 0.6999999881
27914  37.308  -40.026  -28.991 0.6999999881
27909  37.539  -40.300  -28.180 0.6999999881
88287  36.945  -40.077  -29.686 0.8000000119
29094  36.723  -38.385  -30.240 0.8000000119
29844  36.307  -37.485  -30.499 0.8000000119
29846  34.267  -36.995  -31.046 0.8999999762
29847  33.616  -37.523  -31.228 0.8999999762
30501  32.846  -36.806  -31.476 0.8999999762
30499  33.905  -36.193  -31.218 0.8999999762
30500  33.110  -36.151  -31.578 0.8999999762
30508  32.482  -36.360  -31.924 1.0000000000
74987  35.888  -38.802  -33.868 0.6000000238
30507  32.984  -35.854  -32.062 0.8999999762
29875  34.844  -37.448  -33.257 0.6999999881
30516  33.071  -36.053  -32.490 0.8999999762
75809  34.525  -35.984  -33.045 0.8999999762
31126  33.715  -36.107  -32.763 0.8000000119
27898  35.841  -40.617  -26.604 0.6999999881
80975  36.548  -40.264  -26.827 0.6999999881
27896  37.184  -39.987  -27.236 0.6999999881
28480  37.773  -39.540  -28.344 0.6999999881
87235  37.969  -39.076  -28.008 0.6999999881
28485  37.521  -39.206  -28.993 0.6999999881
29845  35.278  -37.300  -30.867 0.8000000119
30498  34.871  -36.422  -30.974 0.8000000119
29143  35.066  -38.217  -33.412 0.6000000238
31105  34.539  -35.750  -31.317 0.8000000119
89504  33.671  -35.541  -32.067 0.8999999762
75826  35.823  -37.717  -33.681 0.6000000238
31119  33.603  -35.772  -32.422 0.8999999762
30525  34.670  -36.615  -33.136 0.6999999881
82108  34.409  -35.703  -32.842 0.8000000119
77918  35.198  -35.774  -33.375 0.6999999881
28466  36.720  -39.344  -26.629 0.6999999881
77187  37.335  -39.285  -27.222 0.6999999881
29068  37.715  -38.837  -27.596 0.6999999881
30497  35.871  -36.635  -30.664 0.8000000119
31104  35.502  -35.859  -30.895 0.8000000119
31106  33.668  -35.724  -31.674 0.8999999762
31775  34.819  -35.071  -32.343 0.8999999762
29891  35.406  -36.643  -33.485 0.6999999881
31784  34.974  -35.199  -32.926 0.8999999762
31136  35.529  -35.073  -34.031 0.6999999881
31125  35.182  -35.234  -33.405 0.8000000119
31795  34.974  -34.039  -34.940 0.8000000119
29059  36.541  -38.431  -26.168 0.6999999881
29805  36.885  -37.848  -26.218 0.6000000238
31767  35.296  -34.832  -31.917 0.8000000119
31800  35.029  -34.075  -35.607 0.6999999881
31796  34.370  -33.597  -35.079 0.8000000119
30536  35.856  -35.822  -33.809 0.6999999881
31135  36.256  -35.275  -34.410 0.5000000000
88254  35.732  -34.584  -35.004 0.6000000238
31783  35.341  -34.534  -33.628 0.8000000119
31806  34.456  -33.653  -36.258 0.6000000238
31801  34.286  -33.773  -35.544 0.6999999881
32421  33.652  -33.520  -35.638 0.8000000119
32414  35.062  -33.997  -34.407 0.8000000119
32435  33.699  -33.408  -36.334 0.6000000238
31774  35.371  -34.647  -32.681 0.8000000119
32403  35.331  -33.600  -33.793 0.8000000119
32404  34.795  -33.498  -34.488 0.8999999762
82042  36.571  -34.575  -35.662 0.6000000238
32415  33.400  -33.191  -35.476 0.8000000119
32430  32.561  -33.371  -36.049 0.6000000238
31773  35.847  -33.998  -33.034 0.8000000119
31803  35.906  -34.230  -36.144 0.6000000238
32434  34.812  -33.403  -36.604 0.6000000238
33057  33.058  -32.460  -35.282 0.8000000119
78109  34.439  -32.855  -36.950 0.6000000238
33058  32.045  -32.454  -35.653 0.6999999881
32405  34.186  -32.958  -34.971 0.8000000119
33704  33.144  -31.687  -37.082 0.6000000238
33696  31.739  -31.444  -36.081 0.6000000238
33694  31.892  -31.693  -35.750 0.6999999881
33072  35.068  -32.309  -37.487 0.6000000238
33073  33.929  -32.273  -37.233 0.6000000238
32392  36.121  -33.133  -33.133 0.8000000119
32427  36.530  -33.569  -36.705 0.6000000238
31802  37.005  -34.101  -36.232 0.5000000000
33056  34.176  -32.190  -34.726 0.8000000119
33048  34.885  -32.863  -34.275 0.8000000119
32433  36.205  -33.039  -37.179 0.6000000238
32428  35.664  -33.560  -36.725 0.6000000238
33693  32.473  -31.225  -35.597 0.6000000238
32432  36.919  -32.894  -37.080 0.5000000000
81422  35.412  -32.951  -37.165 0.6000000238
34378  32.325  -31.156  -36.512 0.6000000238
33702  35.774  -31.788  -37.804 0.6000000238
33703  34.527  -31.488  -37.424 0.6000000238
77404  33.436  -30.760  -36.890 0.6000000238
35098  32.770  -29.425  -36.061 0.6000000238
33047  35.629  -32.682  -33.703 0.8000000119
32391  36.618  -33.511  -32.509 0.8000000119
33071  36.121  -32.414  -37.602 0.6000000238
35082  32.889  -29.688  -36.163 0.6000000238
34366  33.139  -30.311  -35.617 0.6000000238
84925  34.026  -30.668  -35.112 0.6999999881
33701  36.791  -31.888  -37.803 0.5000000000
79008  35.945  -30.291  -37.513 0.5000000000
34384  34.662  -30.285  -37.151 0.6000000238
35097  34.266  -29.170  -36.693 0.6000000238
86900  36.475  -31.187  -37.693 0.5000000000
33037  36.985  -32.768  -32.738 0.6999999881
33683  35.865  -31.964  -33.763 0.6000000238
33691  34.550  -31.350  -34.670 0.6000000238
34365  34.215  -29.767  -35.267 0.6000000238
33690  35.631  -31.224  -34.138 0.6000000238
35095  36.433  -29.388  -37.321 0.5000000000
35752  34.882  -28.467  -36.774 0.6000000238
75558  34.538  -27.578  -36.365 0.6000000238
35753  33.932  -28.279  -36.288 0.6000000238
35071  33.630  -28.880  -35.763 0.6000000238
34364  34.943  -30.486  -34.740 0.6000000238
85749  35.798  -28.639  -37.129 0.6000000238
80057  35.512  -27.775  -36.833 0.6000000238
81179  37.157  -30.371  -37.477 0.5000000000
77628  37.521  -29.401  -37.240 0.4000000060
35745  37.895  -27.189  -36.733 0.5000000000
33046  36.520  -32.268  -33.316 0.6000000238
36366  34.606  -26.990  -36.092 0.6000000238
35720  34.202  -27.981  -35.635 0.6000000238
34363  35.920  -30.251  -34.317 0.6000000238
36369  35.234  -26.890  -36.374 0.6000000238
37109  35.672  -25.935  -35.972 0.6000000238
35751  36.772  -28.092  -37.080 0.5000000000
36368  36.004  -27.085  -36.724 0.6000000238
36367  36.816  -26.656  -36.539 0.5000000000
35750  38.221  -28.494  -37.008 0.4000000060
36364  38.739  -26.373  -36.476 0.4000000060
35714  34.994  -28.059  -35.186 0.6000000238
86641  36.373  -31.571  -33.647 0.5000000000
36348  34.822  -27.266  -35.581 0.6000000238
35060  35.316  -28.791  -34.883 0.5000000000
37123  35.928  -25.756  -36.023 0.6000000238
37107  37.895  -25.544  -35.897 0.5000000000
75921  39.225  -25.208  -36.150 0.4000000060
33045  37.297  -32.144  -32.916 0.4000000060
36347  35.526  -26.582  -35.556 0.6000000238
35713  35.752  -28.257  -34.787 0.5000000000
37095  37.724  -25.713  -35.663 0.4000000060
37096  36.400  -26.078  -35.579 0.6000000238
37086  36.189  -26.898  -35.166 0.6000000238
35069  36.125  -29.235  -34.512 0.4000000060
37106  39.130  -25.192  -35.818 0.4000000060
37084  38.171  -26.335  -35.276 0.4000000060
34354  36.961  -30.019  -33.921 0.4000000060
37085  37.109  -26.583  -35.289 0.4000000060
35712  36.541  -28.406  -34.639 0.4000000060
37105  40.183  -24.572  -36.005 0.4000000060
35711  37.364  -28.322  -34.661 0.4000000060
85425  38.216  -31.873  -32.242 0.4000000060
33672  37.875  -31.673  -32.690 0.4000000060
35068  37.150  -29.131  -34.314 0.4000000060
36340  38.649  -27.246  -34.998 0.4000000060
36341  37.673  -27.401  -35.012 0.4000000060
73980  38.016  -28.866  -34.309 0.4000000060
85302  37.331  -30.690  -33.489 0.4000000060
35710  38.745  -28.380  -34.582 0.3000000119
35059  37.889  -29.597  -33.823 0.4000000060
84280  37.768  -30.225  -33.483 0.4000000060
33662  38.606  -31.471  -31.763 0.4000000060
33671  38.547  -31.097  -32.386 0.4000000060
24602  29.958  -46.619  -32.059 0.8999999762
23877  30.267  -47.337  -32.180 0.8999999762
25244  32.554  -45.435  -30.591 1.0000000000
79075  30.989  -46.089  -31.207 0.8999999762
25245  31.541  -45.265  -31.009 0.8999999762
25256  29.824  -45.852  -31.821 0.8999999762
25246  30.654  -45.212  -31.379 0.8999999762
24599  29.939  -46.581  -31.931 0.8999999762
25776  30.325  -44.576  -31.481 0.8999999762
34355  36.577  -30.879  -33.787 0.4000000060
33682  37.175  -31.456  -33.260 0.4000000060
33036  37.734  -32.373  -32.444 0.4000000060
20680  28.636  -52.336  -27.322 0.8999999762
21865  31.560  -50.622  -28.424 1.0000000000
22541  31.777  -49.995  -27.145 0.8999999762
23870  30.089  -47.259  -31.985 0.8999999762
25247  30.270  -45.737  -31.555 0.8999999762
23192  29.657  -48.640  -26.550 1.0000000000
24560  27.010  -46.941  -26.999 0.6000000238
23183  31.867  -47.515  -25.617 0.8999999762
25264  29.636  -45.853  -32.031 0.8999999762
25275  32.521  -45.207  -33.726 0.6000000238
75062  29.746  -44.841  -32.391 0.8999999762
24552  29.483  -46.537  -25.975 0.6999999881
25217  26.173  -45.760  -27.415 0.4000000060
26288  28.252  -43.072  -32.137 0.8999999762
26296  28.225  -42.558  -32.403 0.8999999762
88501  30.518  -46.603  -25.626 0.8000000119
24540  32.561  -46.776  -25.733 0.8999999762
75951  30.365  -43.130  -31.411 0.8999999762
26282  29.666  -43.447  -31.508 0.8999999762
25777  29.851  -45.058  -31.697 0.8999999762
26871  27.456  -41.768  -31.948 0.8999999762
25743  28.301  -44.626  -26.227 0.5000000000
26863  27.778  -41.857  -31.548 0.8999999762
25740  33.661  -44.757  -26.490 0.6999999881
28537  28.443  -39.869  -32.953 0.8999999762
25729  29.644  -44.279  -25.572 0.6000000238
76142  32.414  -44.849  -25.465 0.8000000119
27934  30.410  -40.262  -31.266 1.0000000000
29133  29.667  -39.212  -32.541 0.8999999762
26837  34.792  -43.049  -27.316 0.6999999881
79488  30.750  -42.975  -25.471 0.5000000000
27397  35.930  -41.900  -28.436 0.8000000119
29116  31.026  -38.367  -32.133 0.8999999762
26817  32.240  -42.257  -25.562 0.5000000000
28501  35.224  -38.980  -30.970 0.8000000119
79594  33.503  -36.683  -31.239 0.8999999762
28475  37.704  -39.695  -27.762 0.6999999881
31113  34.413  -35.303  -31.852 0.8999999762
29045  36.047  -38.997  -26.030 0.6000000238
32423  32.052  -33.026  -35.924 0.6999999881
84813  33.508  -32.788  -36.791 0.6000000238
32437  32.131  -32.515  -36.583 0.6000000238
85172  32.398  -31.851  -35.434 0.8000000119
34374  32.333  -30.461  -36.110 0.6000000238
33055  35.142  -32.061  -34.207 0.6999999881
34383  35.511  -31.053  -37.578 0.6000000238
87422  33.650  -27.809  -35.976 0.6000000238
35096  35.356  -29.390  -37.144 0.6000000238
35061  34.546  -28.807  -35.260 0.6000000238
85001  29.147  -55.905  -34.872 0.4000000060
19552  28.855  -54.638  -36.097 0.4000000060
19561  28.154  -54.177  -37.264 0.4000000060
80300  29.054  -55.275  -34.584 0.4000000060
20196  28.294  -52.847  -36.800 0.4000000060
81639  27.816  -53.224  -37.106 0.4000000060
19542  29.180  -55.155  -33.286 0.3000000119
20188  28.702  -53.501  -36.111 0.4000000060
20164  30.473  -53.945  -31.855 0.4000000060
77665  31.009  -53.027  -32.011 0.4000000060
20748  28.052  -51.491  -36.847 0.5000000000
20198  27.507  -52.676  -36.608 0.4000000060
77255  28.672  -54.390  -34.379 0.4000000060
20179  28.524  -53.242  -35.340 0.4000000060
19536  29.463  -54.617  -32.253 0.5000000000
20725  31.254  -52.188  -32.115 0.5000000000
20724  31.723  -52.764  -32.272 0.5000000000
81492  31.835  -52.064  -32.393 0.6000000238
20744  27.561  -50.852  -36.627 0.5000000000
20182  27.508  -53.137  -35.048 0.5000000000
19547  27.356  -54.496  -34.450 0.5000000000
77884  27.299  -54.981  -33.326 0.5000000000
75133  28.335  -53.617  -34.440 0.6000000238
20180  28.257  -52.347  -35.543 0.6000000238
20174  28.746  -54.461  -33.335 0.5000000000
74903  29.003  -54.388  -32.327 0.6000000238
82009  29.749  -53.824  -31.874 0.5000000000
20148  30.267  -53.210  -31.864 0.5000000000
85267  30.584  -52.617  -31.829 0.4000000060
22591  31.286  -50.037  -32.245 0.6000000238
21252  31.561  -51.442  -32.318 0.6000000238
21902  31.821  -50.645  -32.584 0.6000000238
20181  27.817  -52.445  -35.310 0.5000000000
19543  27.644  -54.054  -33.926 0.5000000000
19538  27.123  -55.303  -32.117 0.5000000000
20175  28.378  -54.137  -33.425 0.6000000238
79937  28.098  -53.255  -34.510 0.6000000238
20149  29.060  -53.820  -31.708 0.6000000238
89248  30.054  -52.863  -31.420 0.5000000000
20715  29.492  -53.235  -31.318 0.6000000238
89546  31.275  -49.422  -32.387 0.6999999881
20166  27.970  -54.386  -32.011 0.6000000238
19537  27.599  -54.609  -32.691 0.5000000000
19523  27.248  -54.721  -31.559 0.5000000000
20165  28.547  -54.220  -32.338 0.6000000238
75638  28.071  -54.031  -33.382 0.6000000238
20152  26.767  -54.353  -30.816 0.5000000000
19510  26.094  -54.579  -30.651 0.5000000000
76759  28.652  -53.491  -30.945 0.6000000238
20151  27.602  -54.191  -31.091 0.6000000238
20150  28.358  -54.005  -31.440 0.6000000238
20135  27.317  -53.669  -30.290 0.6000000238
82032  28.011  -53.770  -30.742 0.6000000238
20137  25.514  -54.232  -30.495 0.5000000000
22599  31.070  -48.832  -32.418 0.6999999881
20134  28.159  -53.349  -29.993 0.6000000238
20123  28.167  -53.148  -28.995 0.6000000238
20136  26.351  -53.827  -30.321 0.6000000238
20703  26.250  -53.054  -29.921 0.6000000238
20133  28.937  -53.045  -30.350 0.6000000238
23261  30.915  -48.146  -32.532 0.6999999881
79068  28.611  -53.026  -29.518 0.6000000238
20124  27.675  -53.212  -29.353 0.6999999881
20125  26.994  -53.212  -29.701 0.6999999881
79962  29.268  -52.691  -29.630 0.6000000238
23885  30.737  -47.427  -32.560 0.6999999881
20112  28.697  -52.893  -28.793 0.6999999881
20693  27.465  -52.948  -28.879 0.6999999881
20694  26.714  -52.720  -29.226 0.6999999881
81296  30.563  -46.005  -32.656 0.8000000119
20113  28.233  -52.998  -28.234 0.6999999881
20114  27.917  -53.049  -28.516 0.6999999881
20688  27.723  -52.861  -28.090 0.6999999881
20689  27.097  -52.505  -28.402 0.6999999881
21226  25.561  -51.795  -29.811 0.5000000000
21220  26.227  -51.932  -28.921 0.6000000238
29080  37.437  -38.460  -29.413 0.6999999881
29073  37.869  -38.607  -28.489 0.6000000238
29827  37.816  -37.574  -28.940 0.6000000238
31757  35.308  -35.296  -31.378 0.6999999881
28474  38.007  -38.461  -27.940 0.6000000238
29828  37.195  -37.573  -29.860 0.6999999881
81748  36.392  -35.990  -30.440 0.6999999881
29812  37.787  -37.878  -27.473 0.6000000238
86005  36.158  -34.787  -31.369 0.6999999881
29818  38.103  -37.798  -28.174 0.6000000238
78167  38.174  -37.100  -28.403 0.6000000238
30482  37.564  -36.734  -29.468 0.6000000238
31089  37.200  -35.954  -29.868 0.6999999881
31766  36.178  -34.237  -32.091 0.6999999881
29811  38.150  -37.066  -27.806 0.6000000238
86516  38.024  -35.821  -29.047 0.5000000000
88162  36.859  -35.439  -30.336 0.5000000000
84785  36.910  -34.823  -30.664 0.6999999881
31765  37.053  -34.154  -31.243 0.6999999881
35719  40.446  -28.055  -35.434 0.3000000119
81696  40.333  -27.053  -35.326 0.3000000119
37093  39.776  -25.196  -35.415 0.3000000119
18871  29.015  -55.489  -35.624 0.4000000060
18877  28.731  -55.374  -36.530 0.3000000119
18886  28.044  -55.189  -37.484 0.4000000060
18201  29.383  -55.848  -33.833 0.3000000119
19573  27.935  -54.182  -37.315 0.4000000060
19535  30.035  -54.967  -32.252 0.4000000060
19563  27.209  -53.905  -36.294 0.4000000060
20163  31.420  -53.581  -32.013 0.4000000060
21910  31.709  -49.750  -32.615 0.6000000238
19524  26.473  -55.228  -31.037 0.5000000000
76645  24.751  -54.545  -30.426 0.4000000060
82942  25.532  -53.367  -30.344 0.5000000000
20704  25.551  -52.507  -30.183 0.5000000000
23884  31.354  -47.597  -32.904 0.8000000119
24606  31.135  -46.665  -32.898 0.6999999881
21234  25.008  -51.705  -30.571 0.5000000000
82982  25.400  -51.123  -29.386 0.6000000238
29804  37.316  -37.512  -26.677 0.6000000238
30465  38.106  -36.300  -27.398 0.5000000000
31078  38.382  -35.299  -28.155 0.5000000000
77339  38.267  -34.670  -28.801 0.5000000000
31102  37.625  -35.015  -29.847 0.5000000000
31756  37.659  -34.183  -30.343 0.5000000000
32385  36.956  -33.716  -31.875 0.5000000000
35067  40.477  -29.086  -34.736 0.3000000119
35708  40.066  -28.202  -34.820 0.3000000119
36339  39.526  -26.475  -35.028 0.3000000119
21214  27.616  -52.169  -27.167 0.8000000119
84864  40.206  -26.020  -35.303 0.3000000119
24607  30.385  -46.666  -32.443 0.8000000119
24605  31.922  -46.956  -33.158 0.6999999881
30483  36.798  -36.734  -30.185 0.6999999881
19553  27.262  -54.078  -35.469 0.5000000000
21251  32.224  -51.528  -32.492 0.4000000060
18859  27.047  -55.820  -32.785 0.5000000000
20695  26.081  -52.424  -29.601 0.6000000238
31103  36.198  -35.366  -30.860 0.6999999881
30473  38.034  -36.708  -28.804 0.6000000238
30472  38.348  -36.300  -28.204 0.6000000238
31070  38.266  -35.680  -27.606 0.5000000000
32384  37.485  -33.528  -31.455 0.5000000000
31071  37.789  -35.433  -26.760 0.5000000000
31744  38.176  -34.014  -29.413 0.5000000000
32381  37.841  -33.508  -30.762 0.5000000000
85474  32.588  -46.390  -33.278 0.5000000000
24609  33.036  -45.749  -33.626 0.5000000000
82962  31.960  -46.021  -33.313 0.6000000238
22564  24.946  -49.697  -28.731 0.5000000000
25274  33.374  -45.185  -34.434 0.5000000000
23224  24.528  -49.056  -28.341 0.4000000060
25812  33.777  -44.900  -35.346 0.5000000000
25805  33.266  -44.406  -34.815 0.5000000000
23202  24.277  -48.101  -27.574 0.4000000060
76914  33.763  -44.026  -35.604 0.5000000000
25208  27.613  -45.235  -26.654 0.4000000060
25209  26.757  -45.502  -27.049 0.4000000060
82260  29.936  -42.941  -25.550 0.4000000060
25730  28.857  -44.107  -25.869 0.4000000060
27368  31.051  -41.439  -25.562 0.4000000060
88701  28.702  -43.602  -25.903 0.4000000060
25744  27.535  -44.257  -26.524 0.4000000060
86999  28.489  -43.074  -25.936 0.4000000060
26248  28.194  -43.773  -26.151 0.4000000060
25745  26.776  -44.646  -26.944 0.4000000060
26237  29.291  -43.457  -25.705 0.4000000060
26818  31.313  -42.273  -25.514 0.4000000060
76494  30.206  -42.062  -25.554 0.4000000060
74014  29.270  -42.580  -25.715 0.4000000060
26819  28.422  -42.079  -25.859 0.4000000060
26830  26.944  -43.090  -26.522 0.4000000060
74528  30.380  -41.155  -25.579 0.4000000060
27369  29.676  -41.244  -25.629 0.4000000060
87762  33.385  -41.488  -25.876 0.5000000000
27884  33.110  -40.839  -25.797 0.4000000060
27366  32.544  -41.375  -25.664 0.4000000060
74827  31.719  -40.920  -25.592 0.4000000060
75610  30.017  -40.446  -25.616 0.4000000060
88834  29.288  -41.851  -25.692 0.4000000060
27371  27.998  -41.189  -25.802 0.4000000060
27382  27.438  -41.816  -26.059 0.4000000060
27381  33.972  -40.995  -26.059 0.5000000000
27885  32.408  -40.377  -25.684 0.4000000060
84281  31.600  -40.173  -25.633 0.4000000060
27886  30.932  -40.560  -25.602 0.4000000060
27370  28.865  -41.262  -25.715 0.4000000060
28456  33.245  -40.040  -25.771 0.5000000000
87484  31.123  -40.019  -25.622 0.4000000060
74851  30.598  -39.787  -25.612 0.4000000060
88592  32.592  -39.770  -25.650 0.4000000060
28457  32.052  -39.642  -25.603 0.4000000060
86840  31.323  -39.583  -25.584 0.4000000060
78520  30.818  -38.981  -25.533 0.4000000060
78614  32.689  -39.039  -25.516 0.4000000060
85334  32.713  -37.960  -25.294 0.4000000060
86524  31.964  -38.237  -25.239 0.4000000060
29797  31.132  -37.319  -25.215 0.4000000060
28467  35.244  -40.037  -26.130 0.5000000000
29047  34.366  -38.512  -25.592 0.5000000000
29048  33.495  -38.349  -25.459 0.4000000060
29796  31.975  -37.374  -25.157 0.4000000060
87389  31.542  -37.779  -25.154 0.4000000060
30453  30.537  -36.646  -25.448 0.3000000119
74314  36.035  -39.824  -26.275 0.5000000000
78367  33.781  -39.231  -25.677 0.5000000000
78585  31.666  -38.953  -25.454 0.4000000060
29049  31.093  -38.158  -25.304 0.4000000060
29046  35.317  -38.560  -25.721 0.5000000000
79300  34.076  -37.794  -25.380 0.5000000000
84193  32.721  -37.168  -25.205 0.4000000060
30452  31.377  -36.569  -25.274 0.3000000119
83093  36.017  -38.277  -25.738 0.5000000000
29795  33.416  -37.454  -25.259 0.4000000060
30451  32.249  -36.482  -25.224 0.4000000060
31058  30.749  -35.829  -25.574 0.3000000119
29793  35.706  -37.632  -25.400 0.5000000000
29792  36.371  -37.555  -25.657 0.4000000060
77182  34.317  -36.846  -25.026 0.3000000119
30450  33.215  -36.404  -25.067 0.4000000060
79840  31.598  -35.690  -25.370 0.3000000119
31065  30.136  -35.226  -26.050 0.3000000119
31059  29.962  -36.044  -25.855 0.3000000119
29786  35.391  -36.782  -24.978 0.3000000119
29785  36.057  -36.747  -25.026 0.4000000060
30449  36.528  -36.610  -25.359 0.4000000060
30459  37.342  -36.730  -26.425 0.4000000060
79481  37.731  -36.294  -26.769 0.4000000060
89270  33.289  -35.395  -24.959 0.3000000119
31057  31.771  -34.857  -25.444 0.3000000119
31064  31.010  -34.788  -25.813 0.3000000119
78267  29.483  -35.639  -26.399 0.3000000119
31066  29.120  -35.438  -27.001 0.3000000119
31055  34.105  -35.621  -24.684 0.3000000119
31072  29.181  -34.663  -27.290 0.3000000119
30441  36.855  -35.724  -25.253 0.3000000119
31063  37.340  -35.973  -26.144 0.4000000060
87309  38.091  -34.989  -27.392 0.4000000060
31054  34.989  -34.674  -24.314 0.3000000119
30444  35.147  -35.806  -24.517 0.3000000119
31047  35.912  -35.145  -23.927 0.3000000119
31046  36.495  -35.100  -24.304 0.3000000119
82068  37.288  -35.141  -25.886 0.3000000119
87601  37.519  -34.783  -26.246 0.4000000060
32328  37.350  -33.452  -25.973 0.3000000119
31722  37.733  -34.291  -26.642 0.4000000060
31734  38.190  -34.288  -27.678 0.4000000060
31041  36.113  -35.178  -23.960 0.3000000119
32338  37.788  -33.146  -27.014 0.3000000119
32352  38.228  -33.554  -28.258 0.4000000060
84790  38.219  -33.105  -28.932 0.4000000060
32367  38.206  -33.330  -29.861 0.4000000060
33026  38.293  -32.607  -30.275 0.4000000060
32390  37.474  -33.079  -32.055 0.4000000060
32963  37.283  -32.578  -26.385 0.3000000119
32975  37.439  -32.267  -27.070 0.3000000119
33010  38.128  -32.341  -29.171 0.4000000060
74635  38.014  -32.941  -31.274 0.3000000119
32976  37.018  -31.932  -26.932 0.3000000119
33610  37.143  -31.726  -27.545 0.3000000119
32992  37.848  -32.440  -27.996 0.3000000119
33620  37.515  -31.586  -28.395 0.3000000119
87832  38.292  -32.025  -29.678 0.3000000119
33663  38.325  -32.114  -31.060 0.3000000119
33656  38.393  -31.736  -30.150 0.3000000119
33611  36.586  -31.496  -27.303 0.3000000119
33637  37.960  -31.437  -29.271 0.3000000119
33029  38.120  -32.374  -31.850 0.3000000119
33655  38.620  -31.259  -30.842 0.3000000119
27883  34.298  -40.084  -25.966 0.5000000000
23260  31.489  -48.349  -32.821 0.6000000238
23259  32.133  -48.475  -32.940 0.5000000000
23883  32.039  -47.715  -33.107 0.5000000000
82938  32.712  -46.892  -33.092 0.5000000000
23258  32.868  -47.575  -32.901 0.5000000000
24608  33.946  -45.826  -34.393 0.5000000000
24604  33.434  -46.170  -33.469 0.5000000000
21867  25.973  -51.051  -28.443 0.6000000238
21875  25.212  -50.383  -29.053 0.5000000000
22573  24.669  -49.893  -29.525 0.5000000000
23237  24.363  -49.381  -29.304 0.5000000000
23225  23.942  -48.849  -28.645 0.4000000060
23213  24.167  -48.524  -27.851 0.4000000060
23834  23.830  -47.597  -27.617 0.4000000060
25218  25.592  -45.541  -27.861 0.3000000119
77653  26.176  -45.032  -27.518 0.4000000060
78974  26.804  -43.776  -26.790 0.4000000060
75801  26.789  -42.355  -26.485 0.4000000060
27372  27.281  -41.086  -26.010 0.4000000060
85263  29.271  -40.668  -25.655 0.4000000060
27887  28.527  -40.501  -25.689 0.4000000060
88040  29.961  -39.817  -25.632 0.4000000060
28458  28.267  -39.642  -25.730 0.4000000060
29798  30.356  -37.443  -25.438 0.4000000060
29050  30.204  -38.279  -25.530 0.4000000060
30454  29.807  -36.763  -25.771 0.3000000119
30460  29.389  -36.227  -26.239 0.3000000119
25280  33.984  -45.506  -35.116 0.5000000000
27383  26.639  -41.387  -26.401 0.4000000060
75025  29.274  -39.886  -25.658 0.4000000060
29791  36.903  -37.136  -26.000 0.5000000000
27367  31.768  -41.651  -25.560 0.4000000060
88294  27.953  -43.274  -26.160 0.4000000060
26829  27.625  -42.748  -26.157 0.4000000060
26249  27.509  -43.489  -26.383 0.4000000060
88505  35.478  -39.355  -26.012 0.5000000000
28455  34.731  -39.305  -25.859 0.5000000000
29794  34.874  -37.710  -25.375 0.5000000000
30442  36.313  -36.006  -24.681 0.3000000119
83360  36.967  -36.441  -25.831 0.4000000060
31697  37.100  -34.617  -25.136 0.3000000119
31685  36.158  -35.296  -24.422 0.3000000119
27888  27.541  -40.358  -25.825 0.4000000060
74663  24.755  -53.619  -30.629 0.4000000060
20153  24.115  -52.932  -31.198 0.4000000060
20716  24.204  -52.119  -31.585 0.3000000119
20705  24.815  -52.540  -30.867 0.4000000060
21235  24.408  -51.484  -31.343 0.3000000119
21901  32.367  -49.961  -32.647 0.5000000000
83171  25.025  -51.154  -30.143 0.5000000000
82293  24.519  -50.830  -30.809 0.3000000119
22598  31.613  -49.045  -32.695 0.5000000000
22597  32.198  -49.232  -32.783 0.5000000000
21884  24.720  -50.389  -30.054 0.4000000060
22590  32.730  -49.331  -32.646 0.5000000000
23250  32.737  -48.589  -32.782 0.3000000119
22589  33.420  -48.763  -32.333 0.3000000119
23249  33.326  -47.874  -32.652 0.3000000119
23882  33.710  -46.556  -33.161 0.3000000119
23876  33.959  -47.008  -32.816 0.3000000119
24603  34.321  -46.180  -33.989 0.4000000060
86397  23.397  -48.790  -28.068 0.3000000119
26258  26.099  -44.056  -27.562 0.3000000119
26838  26.259  -43.029  -27.109 0.3000000119
27889  26.885  -40.679  -26.144 0.3000000119
27899  26.342  -40.578  -26.523 0.3000000119
27900  25.911  -40.433  -27.066 0.3000000119
78519  29.919  -39.156  -25.645 0.3000000119
77720  28.961  -38.994  -25.761 0.3000000119
28459  27.365  -39.414  -25.987 0.3000000119
84195  29.482  -38.416  -25.736 0.3000000119
29051  28.758  -38.140  -25.978 0.3000000119
29052  28.061  -38.761  -25.949 0.3000000119
29060  27.922  -37.922  -26.372 0.3000000119
29799  29.496  -37.572  -25.810 0.3000000119
29806  28.624  -37.239  -26.356 0.3000000119
23214  23.539  -48.225  -27.666 0.3000000119
21885  24.147  -49.972  -30.927 0.3000000119
22574  24.285  -49.652  -30.204 0.3000000119
23239  23.902  -49.215  -30.492 0.3000000119
18862  27.136  -55.580  -33.994 0.4000000060
18195  27.042  -56.498  -32.038 0.4000000060
18181  25.286  -56.522  -30.725 0.4000000060
18850  26.625  -55.977  -31.544 0.4000000060
18851  25.830  -55.920  -30.837 0.4000000060
75909  24.805  -55.270  -30.355 0.3000000119
19511  25.537  -55.109  -30.517 0.4000000060
19513  23.296  -54.907  -30.539 0.3000000119
19512  24.114  -55.075  -30.276 0.3000000119
20138  23.795  -54.049  -30.642 0.3000000119
18180  26.057  -56.676  -31.093 0.4000000060
20154  23.294  -53.153  -31.404 0.3000000119
18866  27.141  -55.331  -35.054 0.3000000119
20139  22.900  -54.111  -30.953 0.3000000119
18221  28.128  -55.855  -37.338 0.4000000060
18837  24.412  -55.830  -30.188 0.3000000119
18878  28.335  -55.240  -37.179 0.3000000119
19546  28.811  -54.424  -35.362 0.4000000060
19560  28.539  -54.310  -36.739 0.4000000060
19562  27.567  -54.020  -36.940 0.4000000060
20189  28.398  -52.250  -36.227 0.4000000060
20190  27.254  -52.747  -35.912 0.5000000000
20197  28.087  -52.204  -37.234 0.4000000060
20207  28.023  -53.085  -37.194 0.4000000060
20681  28.218  -52.754  -27.582 0.8999999762
20682  27.871  -52.683  -27.485 0.8999999762
20683  27.466  -52.471  -27.714 0.8000000119
20738  27.574  -51.695  -35.879 0.5000000000
20739  27.395  -52.072  -35.940 0.5000000000
20743  27.995  -51.555  -36.723 0.5000000000
20749  28.001  -50.870  -37.042 0.5000000000
20750  27.763  -51.454  -36.731 0.4000000060
20762  28.100  -52.116  -37.223 0.5000000000
21219  29.292  -52.177  -27.843 0.8999999762
21266  27.877  -50.916  -36.904 0.5000000000
21269  27.961  -50.685  -37.027 0.5000000000
21270  27.842  -50.739  -36.960 0.5000000000
21271  27.854  -50.756  -37.001 0.5000000000
21275  27.971  -50.721  -37.074 0.5000000000
21917  27.595  -50.896  -36.992 0.5000000000
23238  24.082  -49.261  -29.786 0.3000000119
24542  30.868  -46.288  -25.470 0.8000000119
25796  29.313  -44.143  -32.353 0.8999999762
26281  30.535  -43.845  -31.413 0.8999999762
26295  29.109  -42.652  -32.672 0.8999999762
26866  27.888  -42.599  -31.902 0.8999999762
26870  27.784  -42.411  -32.147 0.8999999762
27416  29.940  -40.980  -31.209 0.8999999762
27419  27.620  -40.923  -31.370 0.8999999762
27424  27.267  -40.952  -31.733 0.8999999762
27429  27.085  -40.888  -32.050 0.8999999762
27439  29.767  -40.906  -32.996 0.8999999762
27442  27.362  -40.670  -32.425 0.8999999762
27935  29.362  -40.173  -31.146 0.8999999762
27936  28.181  -40.283  -31.165 0.8999999762
27965  29.114  -40.357  -33.013 0.8999999762
27966  28.330  -40.401  -33.005 0.8999999762
27967  27.594  -40.066  -32.730 0.8999999762
28508  27.737  -39.465  -31.572 0.8999999762
28514  27.747  -39.124  -31.985 0.8999999762
28521  27.901  -39.385  -32.486 0.8999999762
28522  27.301  -39.579  -32.228 0.8999999762
29058  37.194  -38.458  -26.855 0.6999999881
29101  29.375  -38.939  -31.729 0.8999999762
29110  28.444  -38.849  -32.003 0.8999999762
29118  28.951  -38.914  -32.178 0.8999999762
29119  28.731  -39.332  -32.569 0.8999999762
29132  30.685  -38.933  -32.498 0.8999999762
30443  35.911  -35.951  -24.386 0.3000000119
30466  37.742  -36.962  -27.121 0.4000000060
31034  36.215  -34.893  -23.850 0.3000000119
31118  34.261  -35.422  -32.396 0.8999999762
31684  36.338  -34.989  -24.099 0.3000000119
31804  35.037  -33.840  -36.221 0.6000000238
31805  34.269  -33.832  -35.944 0.6000000238
32416  32.499  -33.010  -35.682 0.8000000119
32422  32.776  -33.400  -35.856 0.8000000119
32429  33.421  -33.620  -35.885 0.6999999881
32431  31.921  -32.842  -36.200 0.6999999881
32436  32.646  -32.970  -36.481 0.6000000238
33061  31.633  -32.342  -35.967 0.6000000238
33066  31.719  -32.167  -36.345 0.6000000238
33074  32.862  -32.378  -36.887 0.6000000238
33075  32.180  -31.956  -36.773 0.6000000238
33681  38.062  -30.743  -32.981 0.4000000060
33692  33.344  -31.433  -35.183 0.6000000238
34375  32.208  -30.785  -35.931 0.6999999881
34377  32.755  -30.268  -36.347 0.6000000238
34385  33.473  -29.769  -36.541 0.6000000238
35070  35.188  -29.568  -34.828 0.6000000238
35728  34.133  -27.420  -35.906 0.6000000238
35729  33.701  -27.980  -35.953 0.6000000238
35746  33.686  -27.528  -35.924 0.6000000238
35747  33.536  -28.456  -36.149 0.6000000238
36342  36.803  -27.556  -34.896 0.6000000238
36343  35.529  -27.402  -35.132 0.6000000238
36365  35.913  -26.228  -36.323 0.6000000238
37083  39.045  -26.053  -35.200 0.3000000119
37092  40.658  -26.030  -35.729 0.3000000119
37094  38.832  -25.543  -35.488 0.4000000060
37097  34.956  -26.638  -35.929 0.6000000238
37108  36.629  -25.684  -35.966 0.6000000238
37122  37.844  -25.920  -36.295 0.4000000060
37124  35.361  -26.293  -36.115 0.6000000238
75078  27.172  -51.830  -35.795 0.4000000060
75836  38.078  -28.140  -34.755 0.4000000060
76132  35.409  -34.441  -34.210 0.8000000119
76785  29.126  -35.938  -26.755 0.3000000119
77807  27.871  -53.318  -34.510 0.5000000000
78272  32.433  -41.543  -33.382 0.6999999881
78437  28.255  -42.697  -31.637 0.8999999762
80383  36.721  -25.729  -36.112 0.5000000000
84033  36.111  -34.990  -23.904 0.3000000119
85017  33.405  -28.918  -36.204 0.6000000238
85503  36.126  -27.682  -34.825 0.5000000000
87810  40.477  -25.167  -35.727 0.3000000119
88358  31.842  -31.691  -36.435 0.6000000238
88514  36.559  -32.646  -37.363 0.5000000000
89312  23.334  -54.364  -30.686 0.3000000119
