#!ascii label  , from subject sub-01 vox2ras=TkReg
484
12366  38.740  -65.585  -40.257 0.3000000119
18230  35.693  -57.116  -39.010 0.6000000238
19571  35.862  -54.518  -37.576 0.6999999881
19572  35.573  -54.914  -37.212 0.6999999881
15027  35.770  -61.369  -41.026 0.4000000060
13018  38.832  -63.996  -40.229 0.5000000000
81622  39.442  -65.077  -40.294 0.5000000000
17576  35.793  -57.482  -39.461 0.6999999881
18226  35.706  -56.532  -38.683 0.6999999881
19576  36.077  -54.969  -37.964 0.6000000238
18884  35.844  -55.252  -37.907 0.6000000238
19558  35.515  -53.974  -36.871 0.6999999881
13022  37.720  -63.858  -40.651 0.5000000000
14421  36.066  -62.195  -41.054 0.4000000060
77271  38.257  -64.664  -40.401 0.6000000238
15644  35.435  -60.544  -40.967 0.4000000060
16226  35.707  -59.124  -40.679 0.5000000000
16227  34.930  -59.179  -40.350 0.6000000238
16897  35.454  -58.542  -40.224 0.6000000238
17578  35.850  -57.895  -39.964 0.6000000238
18225  35.937  -56.120  -38.778 0.6000000238
18890  36.072  -55.587  -38.388 0.6000000238
19570  36.208  -54.378  -37.745 0.6999999881
20206  35.928  -53.711  -37.433 0.6999999881
20194  35.571  -53.027  -36.960 0.6999999881
77534  36.136  -52.909  -37.447 0.6999999881
20760  36.609  -52.133  -37.431 0.6999999881
77823  37.220  -64.485  -40.729 0.5000000000
13711  36.362  -63.030  -41.025 0.5000000000
16229  35.972  -59.866  -40.991 0.5000000000
13709  38.082  -63.148  -40.396 0.6000000238
15022  37.761  -61.707  -40.112 0.5000000000
18229  35.973  -56.717  -39.133 0.6999999881
19575  36.312  -55.047  -38.006 0.6000000238
19569  36.701  -54.367  -37.686 0.6000000238
20205  36.501  -53.640  -37.606 0.6000000238
20761  35.720  -52.080  -37.088 0.6999999881
79649  36.969  -52.925  -37.553 0.6000000238
15643  36.195  -60.689  -40.988 0.4000000060
13023  36.753  -63.792  -40.965 0.5000000000
14417  36.793  -62.326  -40.769 0.4000000060
88267  36.533  -60.146  -40.763 0.5000000000
16896  36.124  -58.452  -40.350 0.6000000238
13710  37.206  -63.111  -40.729 0.4000000060
14416  37.559  -62.394  -40.436 0.4000000060
15023  37.154  -61.617  -40.502 0.4000000060
15638  37.398  -60.961  -40.191 0.4000000060
17575  36.106  -57.343  -39.513 0.6999999881
18892  36.034  -56.082  -38.812 0.6000000238
20204  37.246  -53.628  -37.551 0.6000000238
21286  35.682  -51.241  -37.036 0.6999999881
21285  36.229  -51.343  -37.386 0.6999999881
15026  36.479  -61.499  -40.866 0.4000000060
16893  36.340  -57.896  -39.854 0.6999999881
15639  36.832  -60.827  -40.630 0.4000000060
17574  36.476  -57.418  -39.352 0.8000000119
15019  37.758  -61.161  -39.795 0.5000000000
18228  36.268  -56.764  -39.075 0.6999999881
18889  36.378  -55.673  -38.342 0.6000000238
19574  36.762  -55.064  -37.830 0.5000000000
21273  35.328  -51.539  -36.563 0.6999999881
84079  37.725  -52.976  -37.497 0.6000000238
20759  37.579  -52.254  -37.529 0.6000000238
16225  36.551  -59.329  -40.539 0.5000000000
16224  37.065  -60.158  -40.312 0.5000000000
16219  37.274  -59.139  -38.988 0.6999999881
16222  37.217  -59.408  -39.784 0.4000000060
18224  36.428  -56.238  -38.637 0.6999999881
18888  36.675  -55.692  -38.024 0.6000000238
76192  37.348  -54.333  -37.474 0.6000000238
21918  35.450  -50.632  -36.725 0.6000000238
21929  35.911  -50.631  -37.325 0.6999999881
21283  38.244  -51.596  -37.580 0.6999999881
21284  37.251  -51.346  -37.530 0.6999999881
78360  37.029  -58.516  -39.345 0.5000000000
16892  36.760  -58.535  -40.005 0.6000000238
15633  37.540  -60.076  -38.901 0.6999999881
18227  36.551  -56.881  -38.809 0.6999999881
21919  35.223  -50.285  -36.267 0.5000000000
20203  38.097  -53.493  -37.335 0.6000000238
82873  35.718  -49.919  -37.171 0.6000000238
82542  35.390  -49.787  -36.604 0.5000000000
20758  38.505  -52.454  -37.429 0.6000000238
21928  36.652  -50.650  -37.553 0.6000000238
22617  36.036  -49.277  -37.516 0.5000000000
21926  38.086  -50.826  -37.670 0.6999999881
21927  37.391  -50.589  -37.648 0.6999999881
80829  37.060  -50.035  -37.702 0.5000000000
88336  38.775  -51.014  -37.666 0.6999999881
80402  37.887  -50.105  -37.750 0.6000000238
84218  36.735  -57.998  -39.545 0.6000000238
16891  36.862  -57.678  -38.915 0.6000000238
16890  37.159  -58.410  -38.391 0.6999999881
18223  36.629  -56.286  -38.198 0.6999999881
19568  37.337  -55.039  -37.390 0.6000000238
84024  37.969  -54.258  -37.232 0.5000000000
23277  35.888  -48.559  -37.356 0.4000000060
22616  36.766  -49.371  -37.713 0.5000000000
22615  37.512  -49.530  -37.789 0.4000000060
21282  39.123  -51.578  -37.536 0.6000000238
80361  38.826  -50.278  -37.797 0.6000000238
17570  36.999  -57.588  -38.072 0.6000000238
16889  37.338  -57.860  -37.370 0.6999999881
18887  36.982  -55.757  -37.613 0.6000000238
20202  38.688  -53.749  -37.071 0.6000000238
20757  39.519  -52.207  -37.374 0.6000000238
84055  39.032  -52.968  -37.185 0.6000000238
23276  36.514  -48.642  -37.684 0.5000000000
81062  36.994  -48.081  -37.832 0.4000000060
21925  39.473  -50.839  -37.746 0.6000000238
17572  36.903  -57.107  -38.038 0.6999999881
17569  37.311  -56.924  -37.271 0.6999999881
18222  37.073  -56.252  -37.519 0.6000000238
18212  38.166  -56.472  -36.563 0.6999999881
18883  37.714  -55.518  -37.073 0.5000000000
75756  39.544  -53.305  -36.977 0.6000000238
19567  38.383  -54.592  -36.986 0.6000000238
80431  39.625  -50.221  -37.886 0.5000000000
18218  38.395  -55.771  -36.656 0.6999999881
18219  37.683  -56.162  -36.985 0.6999999881
78837  39.174  -53.957  -36.870 0.6000000238
84019  40.444  -52.174  -37.343 0.6000000238
21281  40.104  -51.431  -37.617 0.6000000238
14409  38.797  -62.437  -39.223 0.5000000000
15635  37.864  -61.007  -39.252 0.5000000000
82215  38.449  -61.480  -38.010 0.5000000000
15016  38.379  -61.622  -38.803 0.5000000000
15624  37.695  -60.210  -37.778 0.6999999881
15632  37.971  -60.925  -38.357 0.5000000000
16212  37.418  -59.349  -38.124 0.6999999881
12365  39.558  -65.958  -40.589 0.3000000119
18891  35.773  -55.908  -38.302 0.6000000238
20746  35.235  -52.386  -36.490 0.6999999881
15636  37.511  -60.439  -39.760 0.6000000238
82071  36.272  -49.980  -37.584 0.6000000238
22606  35.596  -49.181  -37.000 0.5000000000
22614  38.379  -49.373  -37.892 0.5000000000
89192  39.828  -52.692  -37.163 0.6000000238
18882  38.590  -55.138  -36.747 0.5000000000
16200  37.807  -59.118  -36.169 0.6000000238
16187  38.861  -59.215  -34.565 0.6000000238
16859  40.155  -58.305  -34.040 0.4000000060
16193  38.254  -59.456  -35.249 0.5000000000
16201  37.602  -59.513  -37.031 0.6000000238
16898  34.827  -58.801  -39.949 0.5000000000
17579  35.377  -58.164  -39.745 0.5000000000
17577  35.449  -57.799  -39.142 0.5000000000
16858  41.112  -58.519  -33.400 0.4000000060
17573  35.412  -57.261  -38.455 0.5000000000
16860  39.281  -58.582  -34.487 0.6000000238
16882  37.437  -58.704  -37.398 0.6000000238
17542  41.487  -58.065  -33.268 0.4000000060
78238  42.176  -58.386  -33.037 0.4000000060
81916  35.263  -57.094  -37.545 0.5000000000
16861  38.710  -58.783  -34.943 0.5000000000
18213  35.341  -56.289  -37.142 0.5000000000
16881  37.787  -58.266  -36.481 0.6000000238
17557  38.463  -57.698  -35.718 0.5000000000
16872  38.270  -58.558  -35.542 0.5000000000
17565  37.955  -57.299  -36.543 0.6000000238
17543  40.821  -57.681  -33.892 0.4000000060
18876  35.346  -55.487  -36.764 0.5000000000
18870  35.206  -55.332  -35.927 0.4000000060
16871  38.944  -58.139  -35.045 0.6000000238
17564  38.763  -56.846  -35.923 0.6000000238
17527  41.849  -57.573  -32.972 0.4000000060
19559  35.292  -54.646  -36.453 0.5000000000
19551  35.182  -54.439  -35.694 0.4000000060
17544  40.161  -57.447  -34.528 0.6000000238
17556  39.361  -57.304  -35.145 0.6000000238
17545  39.575  -57.938  -34.620 0.6000000238
18207  39.616  -56.457  -35.550 0.6000000238
20195  35.140  -53.191  -36.370 0.6000000238
88955  35.136  -53.906  -36.220 0.5000000000
19545  35.379  -54.279  -34.820 0.5000000000
86423  40.785  -56.722  -34.381 0.4000000060
17555  40.141  -56.817  -35.004 0.5000000000
86171  40.500  -56.021  -35.252 0.5000000000
18211  39.035  -56.093  -36.191 0.6000000238
18198  41.475  -56.807  -33.123 0.4000000060
18190  41.856  -56.777  -32.588 0.4000000060
18199  41.295  -56.170  -33.647 0.4000000060
17528  41.228  -57.179  -33.550 0.4000000060
84884  34.946  -52.639  -36.025 0.6000000238
20187  35.070  -53.412  -35.643 0.5000000000
18210  39.836  -55.720  -35.912 0.6000000238
18875  39.212  -55.364  -36.409 0.6000000238
81558  41.588  -56.234  -32.923 0.4000000060
88771  35.997  -53.532  -33.777 0.5000000000
18864  41.157  -55.676  -34.595 0.5000000000
18874  40.037  -55.002  -36.236 0.5000000000
20747  35.010  -51.881  -36.055 0.6000000238
20742  35.149  -52.438  -35.508 0.5000000000
21265  35.590  -52.148  -34.685 0.5000000000
18868  41.092  -55.235  -35.388 0.4000000060
18873  40.861  -54.766  -36.005 0.4000000060
18881  39.378  -54.553  -36.633 0.6000000238
75346  41.781  -54.963  -32.321 0.4000000060
18860  41.616  -55.494  -33.025 0.4000000060
21268  35.239  -51.313  -35.540 0.5000000000
18867  41.693  -54.892  -34.956 0.5000000000
19550  41.681  -54.631  -35.764 0.6000000238
19557  40.466  -54.271  -36.490 0.4000000060
19566  40.040  -53.747  -36.806 0.4000000060
19556  41.437  -54.127  -36.327 0.5000000000
21274  35.130  -51.002  -36.186 0.5000000000
19565  41.065  -53.547  -36.709 0.5000000000
19555  42.380  -54.058  -36.165 0.5000000000
21280  41.149  -51.545  -37.491 0.5000000000
20201  40.582  -52.917  -37.007 0.4000000060
19564  42.071  -53.443  -36.582 0.5000000000
22605  35.203  -49.628  -36.154 0.4000000060
20756  41.433  -52.258  -37.223 0.4000000060
20200  41.711  -52.866  -36.924 0.5000000000
76593  42.566  -52.873  -36.894 0.5000000000
20755  42.414  -52.355  -37.187 0.4000000060
18885  35.562  -55.701  -37.587 0.5000000000
89296  34.330  -59.259  -40.109 0.5000000000
18220  35.496  -56.434  -37.992 0.5000000000
18865  35.322  -55.327  -34.888 0.5000000000
20178  35.503  -53.273  -34.609 0.5000000000
18869  40.487  -55.355  -35.769 0.5000000000
6256  36.685  -74.321  -34.547 0.3000000119
6877  36.973  -74.091  -35.210 0.3000000119
7526  37.453  -72.703  -35.847 0.3000000119
7518  37.150  -73.143  -35.156 0.3000000119
7531  37.779  -72.537  -36.678 0.3000000119
8151  37.841  -71.301  -34.025 0.3000000119
77917  37.369  -72.436  -35.149 0.3000000119
8834  37.956  -71.168  -35.752 0.3000000119
8167  37.870  -71.858  -36.278 0.3000000119
8828  37.847  -71.239  -34.900 0.3000000119
8833  38.072  -70.466  -35.156 0.3000000119
76073  38.610  -70.355  -36.683 0.4000000060
8847  38.936  -71.163  -37.131 0.3000000119
10274  38.320  -68.735  -35.707 0.3000000119
9554  38.229  -69.622  -35.415 0.4000000060
9556  38.337  -69.521  -36.237 0.4000000060
8842  38.347  -71.153  -36.491 0.4000000060
10270  38.489  -68.911  -34.836 0.3000000119
76707  39.155  -70.401  -37.369 0.4000000060
10939  38.993  -67.435  -34.590 0.4000000060
10940  38.603  -68.085  -35.154 0.4000000060
73352  40.048  -69.537  -38.247 0.3000000119
10278  38.441  -68.626  -36.569 0.4000000060
73291  38.912  -68.627  -37.415 0.5000000000
74982  38.764  -69.509  -36.990 0.4000000060
9558  39.355  -69.545  -37.740 0.4000000060
12364  40.245  -65.829  -40.536 0.3000000119
13016  40.643  -64.831  -39.723 0.4000000060
72909  41.570  -67.642  -39.486 0.3000000119
86598  34.328  -59.703  -40.393 0.4000000060
16228  33.837  -59.639  -40.066 0.4000000060
15018  38.155  -61.737  -39.578 0.4000000060
80566  38.264  -62.411  -40.042 0.4000000060
76638  38.755  -67.415  -35.462 0.4000000060
78007  38.402  -67.864  -36.046 0.3000000119
10951  38.728  -67.794  -36.943 0.5000000000
14413  38.848  -63.123  -39.928 0.4000000060
73995  39.135  -66.780  -35.302 0.4000000060
13021  40.306  -65.119  -40.217 0.4000000060
73924  39.214  -67.875  -37.687 0.4000000060
13706  40.400  -64.136  -39.444 0.5000000000
71922  39.780  -68.581  -38.091 0.5000000000
12358  40.905  -65.712  -39.990 0.4000000060
72682  41.133  -68.163  -39.079 0.3000000119
11679  41.414  -66.576  -39.977 0.4000000060
16899  34.328  -59.197  -39.807 0.4000000060
10945  39.000  -67.058  -36.299 0.4000000060
13707  39.602  -63.686  -39.747 0.5000000000
11660  39.467  -66.343  -36.030 0.4000000060
13704  40.077  -63.492  -39.045 0.5000000000
11659  40.149  -65.816  -36.338 0.4000000060
11666  39.681  -66.387  -36.923 0.4000000060
78094  40.409  -65.772  -37.367 0.5000000000
72786  40.058  -66.626  -37.912 0.5000000000
14412  39.367  -63.126  -39.320 0.4000000060
12342  40.793  -65.385  -35.722 0.4000000060
11670  40.472  -66.033  -38.516 0.5000000000
88481  40.944  -64.529  -39.106 0.4000000060
83493  41.043  -66.852  -39.293 0.4000000060
79000  40.970  -65.012  -38.497 0.4000000060
12357  40.933  -66.080  -39.483 0.4000000060
13014  40.910  -65.142  -39.163 0.4000000060
14402  38.943  -62.080  -38.232 0.3000000119
12329  41.516  -64.873  -35.401 0.4000000060
12353  41.071  -65.195  -37.506 0.5000000000
11669  40.764  -65.193  -38.303 0.5000000000
14407  40.470  -63.280  -38.322 0.5000000000
13703  41.032  -63.906  -38.695 0.4000000060
12328  42.903  -64.726  -35.670 0.4000000060
13013  41.498  -64.471  -38.352 0.4000000060
14408  39.585  -62.831  -38.519 0.3000000119
12341  42.113  -65.180  -35.979 0.4000000060
12349  42.290  -64.955  -36.745 0.4000000060
87869  40.026  -62.928  -37.941 0.3000000119
12340  43.413  -64.865  -36.113 0.4000000060
12339  44.726  -64.696  -36.137 0.4000000060
12351  42.683  -64.601  -37.163 0.5000000000
12970  43.508  -64.257  -35.369 0.4000000060
12969  44.772  -64.166  -35.485 0.4000000060
13007  43.647  -64.187  -37.145 0.4000000060
13012  42.492  -64.221  -37.740 0.4000000060
13702  41.962  -63.935  -37.977 0.4000000060
15616  37.819  -60.293  -36.884 0.4000000060
12347  45.098  -64.338  -36.546 0.4000000060
7554  37.917  -72.678  -40.180 0.3000000119
8827  38.087  -70.543  -34.265 0.3000000119
9551  38.353  -69.751  -34.539 0.3000000119
10269  38.903  -68.297  -34.339 0.4000000060
11654  39.304  -66.605  -34.366 0.4000000060
12343  39.665  -65.941  -35.212 0.4000000060
12331  39.468  -65.794  -34.055 0.4000000060
12330  40.126  -65.152  -34.906 0.4000000060
15009  38.813  -61.710  -37.366 0.3000000119
12971  42.298  -64.323  -35.205 0.4000000060
14401  39.548  -62.465  -37.501 0.4000000060
13659  43.907  -63.730  -35.286 0.4000000060
12987  47.209  -64.020  -36.104 0.4000000060
13006  45.273  -63.978  -36.845 0.4000000060
13697  43.035  -63.872  -37.420 0.4000000060
13690  42.082  -63.363  -37.257 0.3000000119
13698  41.307  -63.507  -37.999 0.4000000060
13658  45.236  -63.483  -35.637 0.4000000060
13017  39.934  -64.416  -40.058 0.4000000060
82282  37.277  -74.658  -35.703 0.3000000119
86473  38.686  -72.433  -39.686 0.3000000119
8159  37.606  -71.877  -35.467 0.3000000119
8841  38.185  -70.380  -35.990 0.4000000060
10263  38.831  -69.097  -33.999 0.3000000119
87058  39.299  -67.075  -33.891 0.4000000060
10950  39.368  -67.152  -37.354 0.4000000060
83816  40.503  -68.085  -38.526 0.5000000000
11672  40.791  -66.057  -39.203 0.3000000119
83765  39.931  -67.553  -38.101 0.5000000000
13008  42.133  -64.443  -37.702 0.4000000060
15605  38.278  -60.428  -35.377 0.4000000060
15604  38.759  -60.030  -34.444 0.4000000060
16186  39.540  -59.242  -33.924 0.3000000119
14996  38.181  -60.736  -36.309 0.4000000060
15612  37.763  -59.960  -36.083 0.4000000060
14964  43.786  -61.152  -32.212 0.3000000119
14965  41.474  -61.260  -32.287 0.3000000119
16173  44.379  -59.763  -33.333 0.3000000119
82331  42.587  -59.654  -33.324 0.3000000119
16857  42.164  -58.967  -33.166 0.3000000119
14962  45.361  -60.494  -32.660 0.3000000119
15587  45.906  -60.103  -32.963 0.3000000119
16172  46.178  -59.706  -32.993 0.3000000119
14955  43.094  -61.264  -31.619 0.3000000119
14954  44.774  -60.973  -31.860 0.3000000119
16174  43.276  -59.610  -33.329 0.3000000119
16848  42.786  -58.913  -33.077 0.3000000119
84342  47.747  -60.225  -32.624 0.3000000119
77127  46.362  -58.978  -32.619 0.3000000119
15556  47.163  -60.144  -31.395 0.3000000119
15567  48.981  -59.586  -32.003 0.3000000119
16833  45.416  -58.651  -32.113 0.3000000119
16801  47.169  -58.935  -31.441 0.3000000119
16802  46.044  -58.666  -31.656 0.3000000119
15571  45.509  -60.473  -31.431 0.3000000119
77820  44.810  -59.194  -32.719 0.3000000119
16835  42.691  -58.272  -32.670 0.3000000119
17513  42.268  -57.414  -32.432 0.3000000119
16148  45.927  -59.360  -31.230 0.3000000119
17512  42.774  -57.719  -31.946 0.3000000119
16819  44.168  -58.721  -31.463 0.3000000119
16834  43.718  -58.585  -32.175 0.3000000119
16820  43.357  -58.007  -31.300 0.3000000119
79752  41.801  -55.922  -32.205 0.3000000119
19530  41.895  -54.070  -32.409 0.3000000119
87056  38.723  -60.858  -34.859 0.5000000000
87901  45.134  -60.806  -32.259 0.3000000119
80285  45.383  -59.616  -33.043 0.3000000119
15601  43.869  -59.990  -33.568 0.3000000119
16184  41.683  -59.330  -33.260 0.3000000119
16185  40.621  -59.078  -33.488 0.3000000119
15585  47.968  -59.656  -32.851 0.3000000119
15569  47.626  -60.436  -31.721 0.3000000119
16847  43.590  -59.128  -32.940 0.3000000119
16831  48.805  -57.542  -32.061 0.3000000119
16803  44.368  -59.012  -30.899 0.3000000119
14400  40.675  -62.966  -37.467 0.3000000119
14377  41.464  -62.883  -35.781 0.4000000060
14378  40.213  -62.625  -35.783 0.4000000060
15001  39.153  -61.896  -36.575 0.3000000119
86825  39.471  -62.261  -35.115 0.4000000060
14390  39.967  -62.565  -36.567 0.4000000060
14379  39.374  -62.034  -35.743 0.4000000060
74434  39.106  -60.911  -34.124 0.3000000119
14988  39.057  -61.566  -34.834 0.4000000060
14995  38.711  -61.289  -35.732 0.3000000119
15002  38.606  -61.327  -36.641 0.3000000119
14389  41.218  -62.820  -36.515 0.4000000060
13689  43.553  -63.361  -36.744 0.3000000119
80724  39.937  -68.675  -32.724 0.3000000119
9541  39.302  -69.232  -33.052 0.3000000119
10262  39.209  -68.511  -33.701 0.3000000119
14386  45.529  -63.068  -36.068 0.3000000119
10247  40.312  -68.092  -32.829 0.3000000119
10248  39.650  -68.148  -33.281 0.3000000119
14388  42.625  -62.969  -36.334 0.3000000119
10922  40.388  -67.469  -32.543 0.3000000119
10923  39.895  -67.523  -32.960 0.3000000119
10932  39.537  -67.116  -33.259 0.3000000119
11649  39.401  -66.386  -33.487 0.3000000119
76961  39.727  -66.856  -32.518 0.3000000119
12972  40.717  -64.365  -34.766 0.3000000119
11633  40.254  -66.716  -31.830 0.3000000119
14376  42.871  -63.005  -35.781 0.3000000119
11634  39.422  -66.130  -31.957 0.3000000119
11624  39.853  -65.793  -31.315 0.3000000119
11643  39.354  -66.227  -32.700 0.3000000119
12322  39.167  -65.446  -33.054 0.3000000119
12973  39.456  -64.866  -33.982 0.3000000119
13660  41.863  -63.837  -35.037 0.3000000119
14362  42.922  -63.511  -35.368 0.3000000119
14364  40.061  -62.942  -35.071 0.3000000119
12316  39.073  -65.475  -32.241 0.3000000119
80556  39.275  -67.766  -33.852 0.3000000119
12338  45.778  -64.400  -36.150 0.4000000060
12348  43.740  -64.663  -36.582 0.4000000060
12350  41.189  -65.345  -36.606 0.4000000060
12352  41.640  -64.789  -37.606 0.5000000000
12968  46.135  -64.059  -35.760 0.4000000060
12988  46.612  -64.200  -35.989 0.4000000060
12989  45.462  -64.474  -35.914 0.4000000060
12990  44.190  -64.643  -35.771 0.4000000060
13000  46.467  -64.072  -36.318 0.4000000060
13678  47.217  -63.818  -35.982 0.4000000060
13679  46.550  -63.669  -35.859 0.4000000060
13680  44.070  -63.157  -35.677 0.4000000060
13686  47.074  -63.843  -36.173 0.4000000060
13687  46.193  -63.641  -36.320 0.4000000060
13688  44.913  -63.405  -36.487 0.3000000119
13696  44.185  -63.842  -36.984 0.4000000060
14363  41.599  -63.298  -35.341 0.3000000119
14373  46.581  -63.507  -36.039 0.3000000119
14374  45.823  -63.200  -35.926 0.3000000119
14375  45.010  -63.023  -35.939 0.3000000119
14387  44.175  -62.886  -36.109 0.3000000119
14422  35.399  -62.021  -40.979 0.4000000060
14951  47.853  -60.526  -32.178 0.3000000119
14952  47.032  -60.700  -32.018 0.3000000119
14953  45.924  -60.801  -32.045 0.3000000119
14961  46.768  -60.433  -32.467 0.3000000119
14963  44.499  -60.801  -32.541 0.3000000119
15555  48.040  -59.918  -31.387 0.3000000119
15557  46.242  -60.034  -31.157 0.3000000119
15568  48.528  -60.212  -31.820 0.3000000119
15570  46.638  -60.465  -31.639 0.3000000119
15577  48.570  -59.206  -32.409 0.3000000119
15578  48.489  -60.112  -32.353 0.3000000119
15586  47.034  -59.947  -32.904 0.3000000119
15623  38.199  -60.979  -37.318 0.4000000060
16146  48.645  -58.728  -31.723 0.3000000119
16147  47.158  -59.589  -31.294 0.3000000119
16157  48.776  -58.715  -31.849 0.3000000119
16158  48.677  -59.431  -31.710 0.3000000119
16163  48.788  -58.757  -32.142 0.3000000119
16170  48.083  -58.688  -32.760 0.3000000119
16171  47.286  -59.184  -32.848 0.3000000119
16816  48.667  -58.202  -31.806 0.3000000119
16817  48.539  -57.687  -31.855 0.3000000119
16818  47.823  -58.011  -31.595 0.3000000119
16832  48.474  -57.678  -32.184 0.3000000119
16844  48.545  -58.140  -32.352 0.3000000119
16845  48.543  -57.947  -32.291 0.3000000119
16846  47.754  -58.202  -32.616 0.3000000119
16894  34.931  -58.619  -39.353 0.5000000000
17493  48.431  -57.478  -31.916 0.3000000119
17511  48.712  -57.627  -32.051 0.3000000119
20737  36.159  -52.878  -33.794 0.5000000000
71902  41.800  -68.493  -39.612 0.3000000119
72916  40.684  -67.254  -38.791 0.5000000000
73755  47.246  -58.312  -32.341 0.3000000119
74601  48.726  -58.128  -32.162 0.3000000119
76789  42.712  -61.181  -32.316 0.3000000119
78404  48.730  -57.467  -31.976 0.3000000119
79883  43.523  -60.737  -32.885 0.3000000119
82030  48.383  -58.859  -31.596 0.3000000119
82255  42.931  -63.918  -35.145 0.4000000060
85635  47.090  -64.016  -35.875 0.4000000060
88494  37.641  -58.886  -36.777 0.6000000238
