#!ascii label  , from subject sub-01 vox2ras=TkReg
907
71578  28.235  -80.956  -35.129 0.5000000000
8136  28.509  -71.673  -32.411 0.6000000238
8135  29.065  -71.303  -32.184 0.6000000238
8107  27.989  -72.340  -30.760 0.6000000238
8124  28.597  -71.616  -31.463 0.6999999881
8105  29.177  -71.172  -30.828 0.6999999881
8106  28.566  -71.812  -30.311 0.6000000238
86935  28.642  -77.257  -35.102 0.5000000000
4243  29.835  -78.119  -37.349 0.6000000238
4786  29.837  -77.389  -36.437 0.6000000238
4770  28.777  -77.646  -35.948 0.5000000000
4251  30.268  -78.531  -38.074 0.5000000000
4244  29.149  -78.242  -36.993 0.5000000000
6253  26.716  -74.489  -32.417 0.5000000000
76804  30.301  -80.398  -37.453 0.4000000060
6869  27.156  -73.907  -32.555 0.5000000000
6859  27.289  -73.318  -32.307 0.6000000238
8137  28.018  -72.146  -32.607 0.6000000238
8146  28.557  -71.751  -33.216 0.6000000238
8145  29.217  -71.259  -32.992 0.6999999881
8811  30.269  -70.164  -32.773 0.6000000238
8812  29.699  -70.795  -32.283 0.6999999881
9543  30.690  -69.464  -33.268 0.6000000238
9533  30.780  -69.486  -32.333 0.6999999881
7479  28.158  -72.517  -29.654 0.6000000238
4751  28.849  -76.822  -34.692 0.5000000000
86434  29.434  -76.931  -35.298 0.6000000238
4785  30.547  -77.546  -37.471 0.6000000238
3752  30.214  -79.432  -38.358 0.4000000060
6880  28.153  -73.285  -33.698 0.5000000000
6260  27.349  -74.358  -33.050 0.5000000000
71584  29.226  -81.020  -36.161 0.5000000000
6868  27.657  -73.469  -33.087 0.5000000000
82376  28.492  -71.895  -33.877 0.6999999881
7520  28.071  -72.840  -33.370 0.6000000238
8153  29.046  -71.372  -33.985 0.6999999881
8147  28.203  -72.269  -33.319 0.6000000238
82010  29.597  -70.877  -33.659 0.6999999881
9544  30.152  -70.220  -33.740 0.6000000238
9552  30.635  -69.347  -34.315 0.6000000238
8820  29.826  -70.705  -33.104 0.6000000238
10271  31.122  -68.385  -34.470 0.6000000238
85418  31.102  -68.696  -33.638 0.6999999881
8091  29.063  -71.299  -29.640 0.6999999881
7470  28.397  -72.573  -28.673 0.5000000000
8800  30.277  -70.117  -31.857 0.6999999881
8801  29.747  -70.641  -31.342 0.6999999881
79914  28.628  -72.108  -29.347 0.6000000238
5228  29.857  -76.104  -35.086 0.5000000000
80524  29.285  -76.238  -34.620 0.5000000000
75134  30.766  -76.634  -36.609 0.6999999881
4805  31.077  -77.315  -38.390 0.5000000000
5236  30.311  -76.435  -35.707 0.6000000238
4262  30.928  -78.888  -38.859 0.4000000060
4820  30.790  -78.079  -38.386 0.5000000000
6879  28.438  -73.503  -34.267 0.5000000000
7519  28.362  -72.568  -34.119 0.5000000000
8154  28.562  -71.783  -34.669 0.6000000238
8160  29.214  -71.154  -34.983 0.6999999881
8836  29.828  -70.423  -35.188 0.6000000238
80405  30.542  -69.147  -35.852 0.6000000238
9555  30.327  -69.636  -35.195 0.6000000238
8829  29.675  -70.701  -34.371 0.6999999881
10275  30.924  -68.330  -35.827 0.6999999881
86584  30.129  -70.073  -34.579 0.6000000238
79073  31.244  -67.073  -35.475 0.6000000238
10946  31.152  -67.821  -35.214 0.6999999881
11661  31.344  -66.351  -35.275 0.6000000238
78692  31.300  -66.981  -34.827 0.6000000238
8084  28.856  -71.853  -27.970 0.6000000238
10941  31.307  -67.606  -34.474 0.6999999881
8784  29.656  -70.552  -30.387 0.6999999881
8092  28.829  -72.010  -28.627 0.6000000238
84422  31.385  -65.545  -34.975 0.6999999881
10264  31.406  -67.915  -33.810 0.8000000119
87543  31.441  -68.212  -33.126 0.6999999881
86338  31.208  -68.790  -32.764 0.6999999881
9526  30.761  -69.432  -31.437 0.6999999881
5726  29.511  -75.401  -34.859 0.6000000238
5745  31.124  -75.734  -36.977 0.6999999881
5253  31.256  -76.480  -38.469 0.5000000000
5254  31.081  -76.578  -37.575 0.6999999881
89485  31.329  -78.770  -39.487 0.4000000060
4819  31.222  -78.090  -39.291 0.5000000000
77797  28.589  -74.219  -34.312 0.5000000000
80241  28.548  -73.079  -34.784 0.5000000000
7527  28.396  -72.339  -35.165 0.6000000238
75675  29.458  -70.921  -35.975 0.6000000238
8161  28.676  -71.684  -35.627 0.6999999881
8835  30.124  -69.997  -35.890 0.6000000238
10954  31.397  -67.289  -36.535 0.6999999881
84479  31.125  -68.013  -36.278 0.6999999881
8761  29.056  -69.915  -27.825 0.6000000238
11667  31.480  -66.243  -36.600 0.6000000238
13692  31.584  -64.123  -36.347 0.6000000238
12344  31.393  -65.636  -35.852 0.6000000238
77637  31.520  -65.358  -36.685 0.6000000238
11668  31.281  -66.688  -35.964 0.6000000238
10952  31.129  -67.525  -35.909 0.6999999881
8767  29.409  -70.238  -28.519 0.6000000238
12991  31.409  -64.918  -35.377 0.6000000238
10237  31.143  -68.727  -31.042 0.6999999881
9498  30.372  -69.168  -29.821 0.6000000238
9510  30.116  -69.865  -30.060 0.6999999881
8083  29.116  -71.172  -28.617 0.6000000238
13682  31.417  -64.227  -35.546 0.5000000000
88381  31.343  -64.906  -34.670 0.8000000119
11650  31.274  -65.854  -33.620 0.8000000119
10924  31.548  -67.312  -32.361 0.8000000119
10249  31.720  -68.098  -32.348 0.8000000119
10250  31.327  -68.804  -31.894 0.6999999881
9509  30.618  -69.298  -30.570 0.6999999881
11655  31.359  -66.162  -34.465 0.8000000119
10933  31.488  -67.504  -33.072 0.8000000119
5737  30.751  -75.602  -36.138 0.6999999881
5732  30.122  -75.402  -35.477 0.6999999881
5744  31.271  -75.654  -37.976 0.6999999881
5733  29.529  -74.493  -35.401 0.6000000238
5752  31.402  -75.918  -39.099 0.6000000238
6266  29.017  -74.734  -34.605 0.5000000000
6878  28.880  -73.833  -34.933 0.5000000000
12275  27.527  -65.624  -27.350 0.6000000238
11594  27.029  -66.459  -26.998 0.5000000000
6889  28.762  -73.092  -35.460 0.5000000000
10861  28.395  -67.340  -27.176 0.6000000238
8168  28.998  -71.683  -36.485 0.6999999881
75564  30.174  -70.362  -36.613 0.6999999881
10860  29.023  -67.917  -27.486 0.6000000238
9557  30.605  -69.532  -36.484 0.6999999881
10953  31.671  -67.635  -37.068 0.6999999881
10281  31.343  -68.201  -36.756 0.6999999881
10279  30.921  -68.710  -36.364 0.6999999881
9490  29.618  -69.277  -28.401 0.6000000238
10186  29.113  -68.947  -27.665 0.6000000238
10208  30.248  -68.640  -29.125 0.6000000238
9481  28.505  -69.569  -27.260 0.6000000238
75152  31.724  -65.089  -37.320 0.6000000238
10896  31.053  -67.543  -30.320 0.6999999881
10221  30.861  -68.482  -30.131 0.6000000238
76503  31.612  -64.626  -36.887 0.6000000238
73880  31.038  -65.356  -32.881 0.6000000238
11635  31.302  -66.794  -31.728 0.6000000238
10895  31.394  -67.572  -31.179 0.6999999881
10220  31.305  -68.124  -30.811 0.6000000238
9499  29.943  -69.614  -29.205 0.6000000238
12323  31.117  -64.989  -33.485 0.6000000238
11644  31.312  -66.431  -32.806 0.8000000119
12974  31.193  -64.586  -34.058 0.6000000238
78803  30.753  -74.842  -36.739 0.6999999881
6283  30.179  -74.663  -36.111 0.6999999881
6293  31.198  -74.729  -38.033 0.6999999881
84668  31.114  -75.024  -37.358 0.6999999881
12921  28.256  -64.084  -28.151 0.6000000238
12289  27.092  -64.804  -27.480 0.6000000238
12288  27.981  -64.855  -27.641 0.6000000238
12276  26.549  -65.555  -27.192 0.6000000238
6888  29.169  -73.697  -35.652 0.6000000238
12274  28.374  -65.598  -27.626 0.5000000000
8174  29.600  -71.826  -37.221 0.6999999881
7533  28.563  -72.355  -36.060 0.6999999881
11592  28.850  -66.121  -27.765 0.4000000060
11593  28.119  -66.478  -27.242 0.5000000000
8843  29.753  -71.112  -36.858 0.6999999881
11605  29.320  -66.496  -28.156 0.5000000000
11615  29.798  -66.419  -28.756 0.6000000238
76339  31.178  -69.057  -36.964 0.6999999881
10885  30.246  -67.133  -29.081 0.6999999881
10876  29.644  -67.290  -28.276 0.6000000238
10960  32.029  -67.517  -37.431 0.6999999881
11626  30.727  -66.626  -30.329 0.5000000000
10198  30.176  -67.856  -28.801 0.6000000238
11677  32.075  -66.037  -37.620 0.6000000238
11671  31.807  -66.727  -37.185 0.6000000238
83137  30.612  -67.087  -29.748 0.6999999881
86222  32.072  -65.287  -37.918 0.6000000238
12354  31.730  -65.787  -37.263 0.6000000238
75673  30.962  -65.568  -31.954 0.5000000000
11636  30.809  -66.160  -31.074 0.6000000238
12962  30.880  -64.350  -33.335 0.6000000238
86727  30.843  -64.705  -32.935 0.5000000000
11625  31.098  -66.926  -30.904 0.6999999881
13664  31.625  -63.347  -34.184 0.6000000238
6294  30.800  -74.294  -37.400 0.6999999881
6895  30.215  -74.033  -36.808 0.6999999881
6284  29.625  -73.871  -36.197 0.6000000238
12922  27.493  -64.208  -27.745 0.4000000060
12923  26.730  -63.923  -27.666 0.5000000000
6896  29.096  -73.139  -36.210 0.6000000238
13612  28.818  -63.644  -28.819 0.5000000000
12911  26.160  -64.628  -27.394 0.6000000238
6906  29.911  -72.565  -37.379 0.6999999881
12287  28.764  -65.036  -28.179 0.5000000000
8848  30.384  -70.680  -37.238 0.6999999881
74401  29.691  -64.813  -29.616 0.4000000060
9565  32.015  -68.962  -37.738 0.6999999881
9559  31.516  -69.382  -37.571 0.6999999881
9566  31.336  -70.029  -37.896 0.6999999881
12298  29.775  -65.632  -29.167 0.6000000238
10959  32.544  -67.433  -37.629 0.6999999881
10286  32.155  -68.195  -37.584 0.6999999881
76399  30.872  -69.962  -37.253 0.6999999881
12305  30.174  -65.005  -30.389 0.5000000000
11614  30.281  -66.297  -29.598 0.5000000000
79167  32.313  -66.629  -37.607 0.6000000238
10280  31.721  -68.445  -37.331 0.6999999881
12304  30.444  -65.793  -30.386 0.5000000000
13015  32.335  -64.603  -38.575 0.5000000000
84272  32.502  -65.791  -38.002 0.6000000238
6905  30.434  -73.370  -37.541 0.6999999881
13606  27.316  -63.330  -27.809 0.4000000060
77733  30.486  -72.599  -37.918 0.6999999881
79609  29.707  -73.245  -36.852 0.6999999881
12912  25.126  -64.425  -27.385 0.6000000238
7538  30.283  -71.969  -37.793 0.8000000119
8860  30.902  -70.705  -37.901 0.6000000238
12925  24.117  -63.568  -27.930 0.6000000238
10285  32.490  -68.454  -37.728 0.6000000238
10958  33.158  -66.995  -37.865 0.6000000238
12927  22.223  -63.957  -27.853 0.5000000000
12355  32.933  -65.505  -38.571 0.6000000238
11676  32.853  -66.348  -37.936 0.6999999881
12363  32.770  -64.752  -39.193 0.5000000000
84220  26.778  -62.646  -27.874 0.4000000060
8182  30.705  -71.449  -38.097 0.8000000119
79296  25.816  -63.642  -27.711 0.5000000000
8859  31.570  -70.467  -38.404 0.8000000119
12924  25.425  -62.926  -28.458 0.4000000060
13607  26.259  -62.856  -27.939 0.4000000060
87552  24.405  -63.995  -27.527 0.5000000000
80410  32.921  -67.854  -37.738 0.6000000238
80345  31.826  -69.729  -38.110 0.6999999881
12936  23.760  -63.631  -28.674 0.4000000060
88802  22.177  -63.555  -28.957 0.4000000060
12926  23.231  -63.758  -27.885 0.6000000238
12362  33.329  -65.208  -39.251 0.5000000000
13019  33.103  -64.615  -39.913 0.5000000000
78434  26.213  -62.166  -28.271 0.4000000060
7546  30.941  -72.123  -38.500 0.8000000119
8181  31.259  -71.250  -38.594 0.6999999881
12935  24.697  -63.307  -28.849 0.4000000060
8858  32.189  -70.232  -38.627 0.6000000238
10284  33.095  -68.696  -37.889 0.6000000238
9564  32.449  -69.408  -38.071 0.6000000238
71807  24.675  -63.365  -29.989 0.4000000060
88286  23.230  -63.667  -28.918 0.4000000060
11675  33.445  -66.058  -38.482 0.6000000238
71811  22.109  -63.288  -29.706 0.4000000060
14938  27.029  -61.170  -28.687 0.4000000060
8874  31.911  -70.996  -39.069 0.6999999881
13613  25.504  -62.321  -28.856 0.4000000060
8857  32.942  -70.090  -38.633 0.6999999881
12934  25.061  -62.747  -29.514 0.4000000060
71805  24.310  -63.776  -30.470 0.4000000060
79187  33.694  -66.831  -38.164 0.6000000238
73329  22.881  -63.517  -30.310 0.3000000119
11684  33.953  -65.616  -39.244 0.4000000060
12361  33.801  -65.007  -39.896 0.4000000060
86651  34.423  -65.371  -39.799 0.4000000060
13621  25.102  -62.412  -30.025 0.4000000060
73989  24.616  -63.419  -30.871 0.4000000060
83207  34.292  -67.249  -38.202 0.6000000238
11674  34.988  -66.700  -38.667 0.6000000238
11683  34.717  -65.907  -39.243 0.4000000060
11682  35.608  -66.170  -39.254 0.5000000000
12360  35.177  -65.502  -39.928 0.4000000060
13668  22.399  -63.311  -34.121 0.3000000119
16153  27.448  -59.090  -29.779 0.4000000060
14356  24.776  -62.294  -33.179 0.3000000119
84993  22.163  -63.688  -35.869 0.4000000060
16823  28.431  -57.815  -30.929 0.4000000060
16812  27.041  -58.721  -30.374 0.4000000060
15596  25.382  -60.843  -33.058 0.3000000119
15574  25.836  -60.160  -31.429 0.3000000119
13667  23.283  -63.058  -34.762 0.3000000119
13666  23.919  -63.042  -33.839 0.3000000119
14384  22.882  -63.035  -35.689 0.3000000119
16824  27.543  -58.009  -30.837 0.4000000060
16160  26.268  -59.349  -30.881 0.4000000060
14983  25.087  -61.443  -33.599 0.3000000119
85186  24.467  -62.046  -34.800 0.3000000119
15015  19.972  -61.231  -37.214 0.4000000060
16211  19.039  -60.183  -36.606 0.3000000119
16198  18.672  -59.670  -35.905 0.3000000119
14383  23.616  -62.597  -35.664 0.3000000119
87524  23.142  -62.614  -36.205 0.3000000119
80983  27.302  -57.470  -31.336 0.4000000060
15580  25.630  -60.232  -32.462 0.3000000119
83299  24.988  -61.185  -34.399 0.3000000119
14405  21.274  -62.443  -36.892 0.3000000119
14381  24.745  -61.335  -35.160 0.3000000119
15631  20.089  -60.512  -37.181 0.3000000119
14393  24.123  -61.523  -36.478 0.3000000119
16209  20.842  -59.556  -36.750 0.4000000060
77726  20.182  -59.557  -36.742 0.3000000119
16888  20.326  -58.952  -36.202 0.3000000119
16880  19.764  -58.665  -35.679 0.3000000119
16825  26.556  -58.328  -30.938 0.4000000060
75361  25.729  -59.661  -31.798 0.4000000060
88520  25.571  -59.774  -32.671 0.3000000119
15013  21.481  -61.330  -37.005 0.4000000060
14991  25.085  -60.649  -34.932 0.3000000119
78780  22.288  -60.994  -37.086 0.3000000119
16217  21.317  -60.042  -37.181 0.4000000060
15629  21.855  -60.503  -37.165 0.4000000060
17562  20.422  -58.289  -35.229 0.3000000119
16837  25.851  -58.915  -31.388 0.4000000060
16164  25.444  -59.279  -32.180 0.4000000060
15607  25.243  -59.673  -34.261 0.4000000060
14998  24.940  -60.608  -35.748 0.3000000119
15619  24.583  -60.189  -36.675 0.3000000119
15627  23.550  -60.235  -37.307 0.3000000119
16206  23.568  -59.534  -36.893 0.3000000119
16885  23.101  -59.063  -36.276 0.5000000000
16208  21.743  -59.576  -36.805 0.4000000060
16886  22.138  -59.083  -36.222 0.4000000060
17552  20.385  -58.024  -34.689 0.3000000119
16826  25.747  -58.121  -31.241 0.4000000060
16838  25.298  -58.603  -31.706 0.4000000060
16863  24.947  -59.151  -33.814 0.3000000119
16864  24.406  -58.829  -34.330 0.3000000119
16853  23.773  -58.391  -33.674 0.3000000119
17535  23.043  -58.043  -33.105 0.3000000119
16195  25.021  -59.803  -35.733 0.3000000119
16874  24.849  -59.415  -35.003 0.3000000119
16876  23.444  -58.788  -35.529 0.3000000119
87191  22.999  -58.509  -34.900 0.3000000119
16884  23.998  -59.123  -36.258 0.3000000119
16877  22.490  -58.681  -35.454 0.3000000119
16878  21.546  -58.688  -35.577 0.3000000119
17538  20.373  -57.718  -33.778 0.3000000119
17561  27.517  -56.780  -35.267 0.3000000119
17534  27.424  -56.649  -33.167 0.3000000119
17503  26.458  -57.368  -31.134 0.3000000119
16827  25.131  -57.984  -31.415 0.3000000119
75439  24.601  -57.633  -31.195 0.3000000119
17519  23.874  -57.805  -31.582 0.3000000119
16839  24.638  -58.264  -31.990 0.3000000119
16852  24.502  -58.618  -33.169 0.3000000119
16840  23.837  -58.177  -32.563 0.3000000119
17520  23.119  -57.785  -32.078 0.3000000119
17521  22.207  -57.702  -32.506 0.3000000119
17550  21.583  -58.127  -34.328 0.3000000119
17537  21.299  -57.710  -33.395 0.3000000119
77317  20.903  -57.933  -34.269 0.3000000119
18880  27.352  -54.878  -36.662 0.3000000119
18203  27.166  -56.311  -33.552 0.3000000119
18195  27.042  -56.498  -32.038 0.3000000119
17504  25.375  -57.336  -31.070 0.3000000119
18182  24.667  -56.918  -30.724 0.3000000119
17506  22.601  -57.439  -31.706 0.3000000119
17507  22.036  -57.274  -31.720 0.3000000119
17522  21.264  -57.287  -32.154 0.3000000119
17524  19.978  -57.428  -32.918 0.3000000119
17489  23.932  -57.195  -30.836 0.3000000119
17505  23.193  -57.342  -31.266 0.3000000119
18184  21.709  -56.756  -31.381 0.3000000119
17523  20.635  -57.400  -32.903 0.3000000119
18196  20.371  -57.016  -32.248 0.3000000119
18165  24.084  -56.488  -30.307 0.3000000119
18166  23.197  -56.593  -30.596 0.3000000119
18183  22.507  -56.946  -31.215 0.3000000119
18836  25.113  -55.831  -30.453 0.3000000119
79868  23.631  -55.829  -30.171 0.3000000119
18167  22.293  -56.320  -30.879 0.3000000119
18168  21.350  -56.088  -31.073 0.3000000119
77825  20.831  -56.638  -31.588 0.3000000119
18185  19.994  -56.482  -31.840 0.3000000119
79256  28.643  -81.161  -35.770 0.5000000000
2961  29.970  -80.757  -36.708 0.4000000060
8123  29.280  -71.126  -31.648 0.6999999881
3759  30.939  -79.582  -38.804 0.4000000060
2957  30.003  -80.887  -35.742 0.5000000000
73763  30.818  -68.804  -35.197 0.6000000238
8173  30.252  -71.280  -37.532 0.8000000119
7532  29.166  -72.449  -36.785 0.6999999881
12356  32.537  -65.182  -38.499 0.5000000000
12937  22.760  -63.653  -28.482 0.4000000060
10957  33.536  -67.666  -37.895 0.6000000238
89555  32.928  -69.443  -38.152 0.6000000238
80663  34.223  -68.427  -38.035 0.6000000238
73337  24.330  -63.669  -31.417 0.3000000119
81431  34.170  -66.349  -38.633 0.4000000060
18206  27.196  -56.253  -34.681 0.3000000119
8872  33.295  -70.806  -39.429 0.5000000000
8873  32.622  -70.848  -39.239 0.5000000000
8189  31.651  -71.892  -39.325 0.6999999881
6302  31.031  -73.893  -38.181 0.6000000238
7555  32.235  -72.212  -40.037 0.6999999881
7545  31.444  -72.742  -39.134 0.6000000238
6914  31.418  -73.586  -39.054 0.6000000238
8856  33.827  -70.170  -38.913 0.5000000000
7568  32.223  -73.062  -40.190 0.6999999881
6926  31.794  -73.307  -39.857 0.6999999881
6310  31.758  -74.333  -40.074 0.6000000238
6301  31.403  -74.448  -38.917 0.6000000238
86972  31.832  -72.586  -39.789 0.6999999881
8200  33.402  -72.063  -40.548 0.6000000238
9562  34.567  -69.471  -38.482 0.5000000000
7567  32.963  -72.732  -40.358 0.6999999881
80925  32.122  -74.066  -40.519 0.6000000238
75679  31.375  -75.169  -38.699 0.6000000238
9561  35.641  -69.546  -38.769 0.5000000000
73531  37.367  -68.082  -38.429 0.5000000000
10961  37.011  -67.218  -38.699 0.4000000060
8125  27.865  -72.135  -31.795 0.4000000060
7507  27.501  -72.699  -32.033 0.5000000000
10283  35.440  -68.654  -38.258 0.5000000000
6245  25.461  -74.463  -31.329 0.6000000238
10955  36.341  -67.900  -38.238 0.4000000060
7513  27.748  -72.723  -32.793 0.5000000000
6860  26.713  -73.912  -31.967 0.5000000000
7495  27.301  -72.861  -31.069 0.5000000000
87988  26.772  -73.299  -30.849 0.5000000000
85517  26.897  -73.414  -31.439 0.5000000000
7496  26.058  -73.532  -30.681 0.5000000000
6850  26.158  -73.981  -31.288 0.5000000000
10956  35.231  -67.644  -38.245 0.5000000000
11680  37.570  -66.606  -39.417 0.4000000060
11673  35.987  -66.987  -38.624 0.4000000060
11681  36.595  -66.379  -39.261 0.4000000060
7462  28.140  -72.816  -28.024 0.5000000000
8079  28.456  -71.424  -27.525 0.5000000000
8080  27.764  -71.687  -27.286 0.5000000000
8769  25.942  -71.475  -27.880 0.5000000000
7456  27.816  -72.487  -27.603 0.5000000000
8762  28.069  -70.720  -27.183 0.5000000000
74692  27.430  -70.637  -27.168 0.5000000000
76806  27.751  -69.727  -26.953 0.5000000000
9482  26.628  -69.946  -27.022 0.5000000000
8763  25.811  -70.515  -27.424 0.5000000000
75370  25.188  -70.807  -27.867 0.4000000060
74660  27.016  -69.081  -26.779 0.5000000000
8764  24.945  -70.124  -27.531 0.6000000238
8770  24.474  -70.545  -28.133 0.6000000238
88431  28.155  -69.135  -26.954 0.5000000000
9483  25.539  -69.619  -27.055 0.6000000238
8777  23.359  -70.543  -29.198 0.5000000000
8778  22.773  -70.097  -29.808 0.5000000000
10187  28.276  -67.985  -27.009 0.5000000000
10862  27.573  -67.464  -26.831 0.5000000000
10180  26.792  -68.234  -26.662 0.5000000000
10189  26.150  -68.946  -26.763 0.5000000000
10181  25.794  -68.070  -26.608 0.6000000238
9484  24.623  -69.352  -27.170 0.6000000238
9491  24.111  -69.846  -27.704 0.6000000238
8771  23.690  -70.198  -28.425 0.6000000238
11627  20.475  -67.272  -30.820 0.5000000000
74506  21.702  -69.012  -31.900 0.5000000000
11591  28.909  -66.929  -27.650 0.5000000000
10863  26.430  -67.298  -26.710 0.6000000238
10864  24.841  -67.951  -26.653 0.6000000238
10865  23.947  -67.770  -26.785 0.6000000238
9485  23.750  -69.107  -27.349 0.6000000238
10192  23.378  -68.369  -27.121 0.6000000238
9492  23.301  -69.522  -27.949 0.6000000238
9486  22.924  -68.839  -27.612 0.6000000238
9500  22.911  -69.662  -28.807 0.6000000238
74077  22.358  -69.300  -29.558 0.5000000000
9511  22.281  -69.565  -30.514 0.5000000000
10238  21.880  -68.914  -31.164 0.5000000000
10222  21.938  -68.835  -30.232 0.5000000000
10925  21.581  -68.198  -31.701 0.5000000000
78960  25.398  -67.202  -26.702 0.6000000238
78701  24.548  -67.207  -26.730 0.6000000238
10866  23.043  -67.574  -27.067 0.6000000238
10200  22.108  -68.639  -27.858 0.6000000238
10193  22.473  -68.205  -27.400 0.6000000238
10209  22.089  -68.871  -28.594 0.5000000000
10201  21.328  -68.420  -28.076 0.5000000000
10210  21.302  -68.432  -28.762 0.5000000000
10877  20.745  -68.179  -28.236 0.6000000238
10223  21.367  -68.325  -29.751 0.5000000000
10898  20.916  -67.728  -30.287 0.5000000000
10899  20.213  -67.177  -29.607 0.5000000000
71818  19.756  -66.832  -30.258 0.5000000000
11597  23.763  -66.734  -26.886 0.6000000238
11598  22.721  -66.655  -27.201 0.6000000238
10867  22.079  -67.480  -27.340 0.6000000238
10194  21.573  -68.108  -27.617 0.6000000238
10878  20.349  -67.576  -28.178 0.6000000238
10887  20.038  -66.784  -28.611 0.5000000000
84529  24.036  -65.643  -27.037 0.6000000238
10868  21.197  -67.424  -27.533 0.6000000238
11606  20.282  -66.474  -27.917 0.6000000238
71823  19.628  -66.357  -29.250 0.5000000000
12913  23.694  -64.162  -27.505 0.6000000238
12279  23.411  -65.019  -27.269 0.6000000238
79798  22.425  -65.522  -27.358 0.6000000238
12280  21.325  -65.618  -27.486 0.6000000238
11600  20.903  -66.557  -27.553 0.6000000238
12291  20.118  -65.262  -27.846 0.5000000000
12914  22.787  -64.432  -27.541 0.6000000238
12915  21.735  -64.644  -27.549 0.6000000238
12281  20.620  -65.727  -27.627 0.6000000238
12928  21.157  -64.100  -27.848 0.6000000238
13608  19.571  -64.031  -28.624 0.5000000000
71821  20.719  -63.615  -28.475 0.4000000060
6915  30.956  -73.041  -38.371 0.6000000238
9563  33.541  -69.456  -38.238 0.5000000000
10282  36.548  -68.828  -38.476 0.5000000000
6851  25.473  -73.917  -30.902 0.6000000238
10190  25.192  -68.754  -26.800 0.6000000238
10191  24.275  -68.561  -26.916 0.6000000238
9493  22.666  -69.092  -28.153 0.6000000238
79575  21.829  -68.763  -29.357 0.5000000000
79212  23.287  -65.909  -27.153 0.6000000238
11599  21.738  -66.570  -27.378 0.6000000238
12290  20.775  -64.847  -27.639 0.6000000238
71828  19.635  -64.812  -28.387 0.6000000238
72894  27.643  -79.404  -33.311 0.5000000000
71575  28.989  -79.323  -33.432 0.5000000000
73356  28.551  -80.125  -34.011 0.4000000060
71579  29.014  -80.632  -34.689 0.4000000060
72998  29.646  -80.216  -34.138 0.5000000000
73294  29.921  -80.675  -34.890 0.5000000000
73335  29.203  -80.908  -35.411 0.4000000060
3734  30.379  -79.647  -33.581 0.5000000000
3319  30.650  -80.389  -34.338 0.5000000000
3328  30.776  -80.757  -35.190 0.5000000000
86547  30.805  -80.924  -36.043 0.4000000060
3739  31.423  -80.099  -33.874 0.5000000000
3322  31.499  -80.552  -34.636 0.5000000000
3321  32.268  -80.508  -34.932 0.5000000000
3327  31.621  -80.817  -35.607 0.5000000000
5263  31.370  -76.978  -39.588 0.5000000000
4829  31.536  -77.782  -40.266 0.4000000060
4261  31.558  -78.581  -40.048 0.4000000060
3758  31.505  -79.264  -39.522 0.4000000060
3353  31.528  -79.718  -39.151 0.4000000060
3326  32.490  -80.577  -35.778 0.5000000000
3343  31.505  -80.100  -38.592 0.4000000060
3336  30.911  -80.231  -37.892 0.4000000060
3325  33.199  -80.249  -35.999 0.4000000060
3331  31.908  -80.674  -36.553 0.5000000000
3332  30.978  -80.600  -36.894 0.4000000060
88943  31.347  -80.837  -36.235 0.4000000060
5272  31.638  -76.929  -40.999 0.4000000060
4273  31.845  -78.990  -40.052 0.4000000060
3765  31.808  -79.549  -39.607 0.4000000060
3746  33.613  -79.742  -36.110 0.4000000060
3342  32.099  -80.108  -38.436 0.4000000060
3335  31.643  -80.365  -37.637 0.4000000060
3747  32.996  -80.011  -36.717 0.4000000060
3334  32.332  -80.256  -37.282 0.4000000060
5760  31.504  -76.087  -40.480 0.4000000060
5280  31.870  -76.631  -42.068 0.4000000060
4832  31.954  -77.000  -41.662 0.4000000060
82742  32.258  -77.764  -40.544 0.4000000060
4272  32.139  -79.132  -39.595 0.4000000060
4260  32.416  -78.944  -38.657 0.4000000060
3757  32.119  -79.743  -39.072 0.4000000060
3750  33.181  -79.210  -36.744 0.4000000060
4250  32.857  -78.583  -37.535 0.4000000060
73794  31.546  -75.187  -39.712 0.5000000000
78150  31.743  -75.360  -41.100 0.5000000000
6318  32.032  -74.928  -41.174 0.6000000238
5771  31.929  -75.554  -42.345 0.5000000000
5279  32.307  -76.918  -41.402 0.4000000060
4828  32.686  -77.093  -39.999 0.4000000060
4817  32.988  -77.252  -38.675 0.4000000060
4816  33.819  -76.700  -38.036 0.4000000060
89284  32.082  -75.552  -42.379 0.4000000060
6938  32.600  -73.879  -40.402 0.5000000000
5765  32.401  -75.492  -41.761 0.4000000060
5271  32.928  -76.230  -40.739 0.4000000060
6316  32.894  -74.560  -40.665 0.5000000000
5759  33.394  -74.948  -40.345 0.4000000060
86252  32.840  -75.658  -41.051 0.4000000060
5270  33.700  -75.602  -39.797 0.4000000060
6315  33.929  -74.007  -40.202 0.5000000000
6309  34.500  -74.385  -39.775 0.4000000060
8188  32.355  -71.513  -39.671 0.5000000000
11595  25.969  -66.360  -26.872 0.5000000000
12277  25.565  -65.417  -27.108 0.5000000000
87851  24.749  -65.292  -27.134 0.5000000000
11596  24.855  -66.269  -26.882 0.5000000000
4831  31.901  -77.798  -40.854 0.4000000060
4830  32.013  -77.641  -41.028 0.4000000060
3751  32.532  -79.704  -37.812 0.4000000060
5770  32.090  -75.819  -42.828 0.4000000060
5278  32.478  -76.076  -42.136 0.4000000060
4818  32.397  -78.150  -39.483 0.4000000060
4804  32.745  -78.049  -38.307 0.4000000060
6317  32.219  -75.053  -41.373 0.5000000000
5262  33.398  -76.432  -39.287 0.4000000060
5758  34.263  -74.978  -39.489 0.5000000000
6937  33.556  -73.478  -40.384 0.5000000000
71917  40.276  -68.719  -41.371 0.3000000119
87339  39.114  -69.100  -40.837 0.3000000119
9570  38.552  -69.459  -40.479 0.3000000119
71916  39.628  -68.746  -41.258 0.3000000119
89099  40.373  -67.619  -41.332 0.3000000119
11685  41.769  -67.235  -40.189 0.3000000119
11686  40.942  -66.633  -40.500 0.3000000119
9578  38.693  -70.507  -40.629 0.3000000119
8882  37.859  -71.105  -41.019 0.4000000060
87281  38.054  -70.251  -40.491 0.4000000060
71909  40.053  -69.430  -41.193 0.3000000119
8868  37.248  -70.442  -40.436 0.4000000060
9571  37.722  -69.572  -39.900 0.4000000060
9574  34.834  -70.180  -39.214 0.4000000060
71912  40.976  -68.611  -41.033 0.3000000119
10287  38.143  -68.697  -39.789 0.3000000119
10288  37.505  -68.884  -38.944 0.4000000060
11687  40.057  -66.751  -40.985 0.3000000119
73578  38.365  -67.869  -39.798 0.3000000119
8196  37.151  -71.763  -41.697 0.4000000060
86743  35.872  -72.079  -42.939 0.4000000060
8199  34.605  -72.063  -41.435 0.4000000060
86963  38.686  -71.274  -40.768 0.4000000060
8883  36.822  -71.244  -41.343 0.4000000060
8197  36.222  -71.825  -42.418 0.4000000060
8885  34.820  -71.381  -40.965 0.4000000060
8186  33.761  -71.457  -40.334 0.4000000060
8881  39.452  -70.939  -40.613 0.3000000119
8870  35.248  -70.759  -40.158 0.4000000060
8187  32.950  -71.430  -39.868 0.4000000060
8880  40.320  -70.370  -40.627 0.3000000119
9573  35.715  -70.198  -39.461 0.4000000060
8871  34.218  -70.802  -39.786 0.4000000060
71906  42.167  -68.625  -40.147 0.3000000119
6934  36.126  -73.069  -41.680 0.4000000060
7565  35.102  -72.609  -41.704 0.4000000060
7564  36.419  -72.261  -42.283 0.4000000060
7576  35.790  -72.495  -42.423 0.4000000060
7566  34.083  -72.685  -40.870 0.4000000060
8194  40.124  -71.493  -40.243 0.3000000119
8195  38.210  -71.771  -41.070 0.4000000060
71904  41.267  -69.868  -39.900 0.3000000119
8879  41.125  -69.854  -40.223 0.3000000119
82738  41.734  -69.080  -39.849 0.3000000119
6936  34.584  -73.242  -40.916 0.4000000060
6935  35.499  -73.096  -41.433 0.4000000060
71923  37.902  -67.474  -39.040 0.3000000119
10963  38.307  -67.012  -39.977 0.3000000119
88899  37.989  -68.200  -39.001 0.3000000119
8201  32.719  -71.927  -40.144 0.4000000060
6925  35.035  -73.684  -40.445 0.4000000060
71920  39.590  -67.682  -41.228 0.3000000119
8869  36.253  -70.611  -40.332 0.4000000060
9572  36.685  -69.782  -39.311 0.4000000060
7577  35.559  -72.147  -42.472 0.4000000060
8198  35.561  -71.826  -42.348 0.4000000060
81582  39.176  -71.712  -40.469 0.3000000119
8884  35.852  -71.280  -41.468 0.4000000060
7563  37.552  -72.230  -41.254 0.4000000060
7562  38.579  -72.162  -40.466 0.3000000119
8867  40.700  -70.896  -39.971 0.3000000119
2583  28.280  -82.425  -30.999 0.3000000119
2589  29.135  -83.274  -31.492 0.3000000119
2942  27.653  -81.154  -29.729 0.3000000119
2582  28.989  -83.174  -30.570 0.3000000119
2947  27.262  -81.322  -30.681 0.3000000119
2590  28.274  -82.581  -31.865 0.3000000119
3309  27.400  -80.271  -29.674 0.3000000119
3308  27.952  -80.933  -29.016 0.3000000119
2946  28.283  -82.216  -30.052 0.3000000119
3719  27.547  -79.675  -29.724 0.3000000119
74938  26.782  -80.440  -30.385 0.3000000119
71550  27.072  -81.724  -32.071 0.3000000119
71557  27.606  -80.232  -33.807 0.3000000119
3304  28.747  -80.422  -27.873 0.3000000119
76459  28.456  -81.218  -28.286 0.3000000119
3306  28.115  -80.196  -28.797 0.3000000119
2939  28.317  -82.064  -28.969 0.3000000119
71561  25.835  -79.388  -31.975 0.3000000119
73922  27.962  -78.838  -32.736 0.3000000119
73458  26.816  -79.758  -33.017 0.3000000119
3721  27.980  -79.222  -29.813 0.3000000119
71556  26.057  -79.705  -31.484 0.3000000119
83579  27.277  -79.266  -30.721 0.3000000119
87607  27.624  -78.993  -31.120 0.3000000119
72736  27.503  -78.761  -32.147 0.3000000119
73588  26.669  -79.112  -32.379 0.3000000119
86378  28.372  -78.645  -32.154 0.3000000119
3733  32.229  -79.703  -33.633 0.4000000060
71576  30.472  -78.855  -32.837 0.4000000060
1899  27.476  -84.432  -28.303 0.3000000119
1538  25.759  -85.302  -27.649 0.3000000119
2578  28.827  -83.152  -29.613 0.3000000119
2238  29.336  -83.739  -30.253 0.3000000119
2571  28.812  -83.218  -27.461 0.3000000119
1898  28.391  -83.980  -28.117 0.3000000119
1544  26.046  -85.214  -28.138 0.3000000119
2936  29.641  -81.599  -26.715 0.3000000119
2575  28.753  -83.158  -28.596 0.3000000119
2228  28.823  -83.653  -28.374 0.3000000119
1907  27.235  -84.663  -29.236 0.3000000119
1900  26.676  -84.824  -28.458 0.3000000119
82107  28.693  -82.310  -27.918 0.3000000119
76706  29.000  -84.006  -29.007 0.3000000119
1906  29.111  -84.181  -29.869 0.3000000119
2233  29.190  -83.831  -29.470 0.3000000119
71552  26.388  -80.479  -31.032 0.3000000119
77263  26.189  -80.715  -32.181 0.3000000119
2937  29.001  -81.433  -27.463 0.3000000119
71564  26.336  -79.314  -31.531 0.3000000119
1889  27.619  -84.451  -27.232 0.3000000119
1913  28.094  -84.569  -30.239 0.3000000119
2221  28.765  -83.752  -27.410 0.3000000119
76381  28.390  -84.338  -29.123 0.3000000119
71572  29.250  -78.701  -32.611 0.3000000119
5234  36.982  -76.653  -35.736 0.3000000119
5235  36.334  -77.178  -35.446 0.3000000119
4769  35.046  -77.982  -35.414 0.3000000119
4222  34.337  -78.403  -35.081 0.4000000060
4235  33.879  -79.196  -35.465 0.4000000060
86611  33.545  -79.927  -35.587 0.3000000119
3743  32.984  -80.218  -35.240 0.3000000119
4767  36.409  -77.287  -36.030 0.3000000119
82011  35.524  -77.526  -36.261 0.4000000060
4241  34.433  -78.002  -36.211 0.4000000060
87929  33.939  -77.754  -36.748 0.4000000060
4803  33.360  -77.580  -37.455 0.4000000060
5261  34.359  -76.025  -38.690 0.3000000119
5715  36.230  -75.241  -34.113 0.3000000119
5724  36.720  -75.707  -34.709 0.3000000119
4749  35.591  -77.591  -35.127 0.4000000060
4750  34.872  -77.879  -34.875 0.4000000060
4223  33.670  -78.861  -34.580 0.3000000119
3738  33.365  -79.677  -34.891 0.3000000119
4224  33.019  -79.352  -34.042 0.3000000119
5223  37.149  -75.737  -35.199 0.3000000119
5233  37.324  -76.120  -35.560 0.3000000119
5242  37.543  -76.060  -35.965 0.3000000119
5736  37.157  -75.966  -36.548 0.3000000119
4801  36.164  -76.875  -36.705 0.3000000119
80291  35.406  -76.869  -36.973 0.4000000060
5743  36.717  -75.364  -37.219 0.3000000119
5250  36.510  -76.212  -37.046 0.3000000119
5251  35.793  -76.362  -37.467 0.4000000060
4802  34.436  -77.167  -36.925 0.4000000060
5749  36.169  -75.137  -38.103 0.3000000119
5260  35.320  -75.799  -38.215 0.4000000060
6308  35.476  -74.159  -39.746 0.3000000119
5757  35.140  -74.790  -39.175 0.4000000060
5751  34.751  -75.352  -38.907 0.4000000060
6924  35.866  -73.606  -40.630 0.3000000119
5694  34.560  -75.599  -30.842 0.3000000119
5699  34.186  -75.422  -31.584 0.3000000119
5700  33.519  -75.993  -31.415 0.3000000119
5710  33.676  -75.842  -32.161 0.3000000119
6258  35.744  -74.678  -33.263 0.3000000119
5708  35.067  -75.008  -32.724 0.3000000119
5717  34.687  -75.555  -33.040 0.3000000119
5211  33.531  -76.640  -32.693 0.3000000119
6256  36.685  -74.321  -34.547 0.3000000119
6257  36.350  -74.473  -33.866 0.3000000119
5716  35.403  -75.522  -33.642 0.3000000119
5218  34.761  -76.212  -33.609 0.3000000119
5227  34.102  -76.867  -33.540 0.3000000119
4736  33.452  -77.558  -33.263 0.3000000119
4212  33.271  -78.480  -33.717 0.3000000119
4213  32.623  -78.926  -33.303 0.3000000119
75762  32.008  -79.047  -32.946 0.3000000119
4214  31.372  -78.805  -32.749 0.3000000119
6264  37.143  -75.117  -35.327 0.3000000119
6300  36.011  -74.601  -38.899 0.3000000119
5750  35.588  -75.252  -38.512 0.3000000119
6913  36.684  -73.751  -38.759 0.3000000119
6923  36.526  -73.493  -40.024 0.3000000119
85082  36.326  -73.337  -40.857 0.3000000119
5194  35.245  -75.691  -30.442 0.3000000119
5698  34.856  -74.825  -31.964 0.3000000119
5709  34.355  -75.357  -32.366 0.3000000119
4204  30.083  -78.341  -32.171 0.3000000119
5693  34.955  -75.085  -31.219 0.3000000119
6237  35.614  -74.439  -31.556 0.3000000119
5692  35.765  -75.108  -30.713 0.3000000119
6236  36.406  -74.621  -30.900 0.3000000119
6849  36.000  -73.955  -32.089 0.3000000119
6252  35.505  -74.381  -32.357 0.3000000119
78281  31.367  -79.409  -33.241 0.3000000119
86484  32.071  -80.288  -34.214 0.3000000119
85225  32.714  -80.054  -34.419 0.3000000119
4242  33.900  -78.889  -36.103 0.3000000119
4249  33.561  -78.314  -36.704 0.4000000060
6933  36.910  -72.941  -40.921 0.3000000119
5224  36.768  -76.374  -35.119 0.3000000119
4768  35.789  -77.735  -35.696 0.3000000119
5225  35.983  -76.894  -34.749 0.3000000119
4784  35.104  -77.937  -35.792 0.4000000060
4234  34.405  -78.364  -35.657 0.4000000060
5252  34.832  -76.403  -37.674 0.4000000060
6265  36.741  -75.124  -34.685 0.3000000119
5217  35.478  -76.383  -34.153 0.3000000119
86249  34.069  -77.880  -34.240 0.3000000119
5226  35.024  -77.172  -34.342 0.3000000119
5731  37.415  -75.756  -35.625 0.3000000119
6274  37.482  -75.367  -35.826 0.3000000119
5742  37.339  -75.369  -36.331 0.3000000119
5259  36.092  -75.778  -37.876 0.4000000060
6307  36.102  -73.989  -39.642 0.3000000119
5219  34.111  -75.993  -32.894 0.3000000119
6922  37.274  -73.122  -39.419 0.3000000119
1905  29.510  -84.027  -30.517 0.3000000119
3330  32.629  -80.389  -36.454 0.4000000060
3352  31.869  -79.866  -39.266 0.4000000060
3764  31.899  -79.440  -39.717 0.4000000060
4280  32.015  -78.596  -40.342 0.4000000060
5243  36.865  -76.556  -36.320 0.3000000119
5282  32.009  -76.413  -42.566 0.4000000060
5725  36.163  -76.045  -34.403 0.3000000119
5766  31.624  -76.101  -41.950 0.5000000000
7455  28.348  -72.275  -27.629 0.5000000000
7461  28.567  -72.432  -28.092 0.5000000000
8768  28.945  -70.913  -27.930 0.6000000238
8775  29.557  -70.447  -29.399 0.6000000238
8783  30.239  -70.005  -30.946 0.6999999881
10188  27.752  -68.601  -26.809 0.5000000000
10195  20.800  -68.002  -27.798 0.6000000238
10199  29.700  -68.322  -28.244 0.6000000238
10236  31.586  -68.180  -31.507 0.6999999881
10869  20.613  -67.319  -27.738 0.6000000238
10884  30.638  -67.811  -29.481 0.6999999881
10886  20.646  -67.909  -29.027 0.6000000238
10897  21.492  -68.263  -30.799 0.5000000000
10911  31.675  -67.645  -31.833 0.8000000119
10934  31.374  -66.916  -33.889 0.8000000119
11679  41.414  -66.576  -39.977 0.3000000119
12278  24.221  -64.717  -27.276 0.6000000238
12286  29.278  -65.762  -28.386 0.4000000060
12317  30.768  -64.837  -32.437 0.5000000000
12332  31.320  -65.327  -34.202 0.8000000119
12369  35.677  -64.977  -40.551 0.4000000060
12943  24.849  -62.973  -30.569 0.4000000060
13001  31.481  -64.841  -36.073 0.6000000238
13648  24.302  -62.960  -33.110 0.3000000119
13683  22.483  -63.378  -35.097 0.3000000119
14311  27.218  -62.415  -27.954 0.4000000060
14317  26.354  -61.619  -28.638 0.4000000060
14324  25.541  -61.547  -29.817 0.4000000060
14357  24.405  -62.489  -33.996 0.3000000119
14367  24.775  -61.821  -34.203 0.3000000119
14368  24.052  -62.575  -34.835 0.3000000119
14382  24.252  -61.956  -35.706 0.3000000119
14394  23.656  -62.079  -36.361 0.3000000119
14970  25.445  -60.963  -31.942 0.3000000119
14999  24.582  -61.155  -36.126 0.3000000119
15595  25.507  -60.085  -33.522 0.3000000119
15608  25.308  -60.147  -34.591 0.3000000119
15614  25.157  -60.149  -35.435 0.3000000119
15618  24.988  -60.139  -36.114 0.3000000119
15626  24.048  -60.241  -37.156 0.3000000119
15628  22.870  -60.474  -37.272 0.3000000119
15630  20.787  -60.702  -37.130 0.4000000060
16179  25.326  -59.494  -33.213 0.4000000060
16196  24.658  -59.432  -35.997 0.3000000119
16197  19.542  -59.377  -36.317 0.3000000119
16204  24.789  -59.841  -36.321 0.3000000119
16205  24.294  -59.711  -36.767 0.3000000119
16207  22.707  -59.539  -36.877 0.3000000119
16210  19.799  -60.038  -36.930 0.3000000119
16214  23.783  -59.939  -37.235 0.3000000119
16215  23.197  -59.943  -37.304 0.3000000119
16216  22.300  -59.996  -37.272 0.4000000060
16218  20.477  -60.049  -37.095 0.3000000119
16854  23.020  -58.284  -34.134 0.3000000119
16865  23.668  -58.602  -34.682 0.3000000119
16866  22.355  -58.340  -34.600 0.3000000119
16867  21.792  -58.432  -34.987 0.3000000119
16875  24.246  -58.985  -35.367 0.3000000119
16879  20.750  -58.616  -35.633 0.3000000119
16887  21.200  -59.073  -36.205 0.3000000119
17536  22.243  -58.045  -33.686 0.3000000119
17549  27.504  -56.716  -34.282 0.3000000119
17551  21.025  -58.300  -34.963 0.3000000119
18164  24.718  -56.325  -30.418 0.3000000119
18872  27.083  -55.113  -36.004 0.3000000119
71549  26.532  -80.957  -31.499 0.3000000119
71553  25.845  -80.074  -31.645 0.3000000119
71555  26.216  -80.061  -31.048 0.3000000119
71559  26.678  -79.794  -30.640 0.3000000119
71810  23.608  -63.840  -29.580 0.4000000060
71816  22.783  -63.599  -29.293 0.4000000060
71820  21.746  -63.699  -28.364 0.4000000060
71824  20.160  -64.247  -27.998 0.6000000238
71826  19.795  -65.823  -28.414 0.5000000000
71905  41.527  -69.054  -40.433 0.3000000119
71911  40.718  -69.367  -40.849 0.3000000119
71914  39.379  -69.819  -40.891 0.3000000119
71921  40.017  -68.166  -41.634 0.3000000119
72836  26.952  -78.983  -31.700 0.3000000119
73703  41.767  -69.154  -40.056 0.3000000119
73959  41.167  -67.380  -40.767 0.3000000119
75491  27.422  -81.806  -31.410 0.3000000119
76451  24.936  -63.523  -27.896 0.5000000000
76892  31.082  -63.928  -33.984 0.6000000238
77303  30.114  -65.483  -29.825 0.5000000000
77606  25.167  -59.829  -35.068 0.3000000119
77761  20.225  -58.489  -35.592 0.3000000119
79030  25.248  -60.709  -34.037 0.3000000119
80061  26.777  -71.075  -27.403 0.5000000000
81011  27.157  -56.171  -35.665 0.3000000119
83761  25.812  -79.892  -32.184 0.3000000119
84306  24.368  -63.620  -29.494 0.4000000060
84381  28.495  -68.683  -27.144 0.5000000000
85831  28.533  -70.473  -27.479 0.5000000000
86866  31.814  -76.096  -42.760 0.4000000060
87297  29.771  -79.091  -33.128 0.5000000000
87433  26.194  -79.117  -31.949 0.3000000119
87830  40.606  -67.100  -40.950 0.3000000119
88106  31.445  -65.129  -35.767 0.6000000238
88671  28.853  -65.606  -27.947 0.4000000060
88788  23.677  -63.900  -30.390 0.4000000060
89218  28.228  -70.129  -27.182 0.5000000000
89554  20.264  -67.374  -28.816 0.5000000000
