#!ascii label  , from subject sub-01 vox2ras=TkReg
1114
80799  24.658  -76.874  -36.051 0.6999999881
5238  23.270  -77.136  -35.779 0.8000000119
4771  22.511  -77.510  -35.967 0.6999999881
4789  24.486  -77.379  -36.674 0.6000000238
5244  23.859  -76.870  -36.260 0.6000000238
4806  24.948  -77.919  -37.061 0.6000000238
5230  23.347  -77.386  -35.084 0.8000000119
4754  22.648  -77.687  -35.177 0.6999999881
78065  23.030  -77.934  -34.387 0.6999999881
4755  21.930  -78.316  -34.138 0.6999999881
5237  24.024  -76.846  -35.418 0.6999999881
4772  21.852  -77.967  -35.398 0.6999999881
4254  24.901  -78.483  -37.545 0.6000000238
4263  25.392  -78.984  -37.796 0.6000000238
4255  24.252  -78.622  -37.738 0.6000000238
3761  24.710  -79.701  -38.385 0.6000000238
84311  23.542  -78.028  -33.813 0.8000000119
4739  22.892  -78.314  -33.296 0.8000000119
4740  21.959  -78.484  -32.852 0.6999999881
4741  21.042  -78.510  -32.780 0.6999999881
4753  23.773  -77.512  -34.511 0.8000000119
73399  24.502  -77.186  -34.490 0.6999999881
82871  25.013  -76.924  -35.272 0.6999999881
4788  25.365  -77.526  -36.538 0.6999999881
4245  25.655  -78.378  -37.250 0.6000000238
3760  25.438  -79.580  -38.139 0.6000000238
4264  24.814  -79.106  -38.024 0.6000000238
3347  25.353  -80.042  -38.308 0.6000000238
2968  24.764  -81.231  -37.415 0.6999999881
2972  24.189  -80.839  -38.029 0.6000000238
2963  24.616  -81.904  -36.849 0.5000000000
2969  23.798  -81.687  -37.428 0.6000000238
2964  23.822  -82.394  -36.638 0.5000000000
71570  23.987  -78.738  -32.301 0.8999999762
4216  22.670  -78.615  -32.466 0.8000000119
4730  22.184  -78.486  -31.991 0.6999999881
73618  24.722  -77.348  -33.642 0.6999999881
71571  24.326  -78.118  -32.831 0.8999999762
78168  21.290  -78.245  -31.961 0.6999999881
71582  25.267  -76.855  -34.553 0.8000000119
71567  25.868  -77.041  -35.381 0.8000000119
71591  26.120  -77.408  -36.112 0.6999999881
85151  25.444  -77.098  -35.888 0.6999999881
71594  26.154  -77.932  -36.697 0.8000000119
3754  26.127  -79.302  -37.760 0.6999999881
3346  26.095  -79.900  -38.065 0.6000000238
3340  25.078  -80.552  -37.947 0.6999999881
73323  24.748  -77.540  -32.754 0.8999999762
4206  23.024  -78.795  -31.990 0.8000000119
71586  25.416  -76.735  -33.872 0.8000000119
71587  26.729  -77.318  -35.580 0.6999999881
71590  26.891  -77.897  -36.410 0.8000000119
71565  26.636  -78.600  -37.161 0.8000000119
71588  26.903  -79.397  -37.612 0.6999999881
3338  26.818  -80.181  -37.660 0.8000000119
2967  25.581  -80.937  -37.324 0.6999999881
3339  25.917  -80.310  -37.807 0.6999999881
84687  25.273  -81.493  -36.938 0.6999999881
7528  21.022  -72.095  -35.417 0.6000000238
8155  21.360  -71.574  -33.420 0.6000000238
71778  20.364  -71.591  -36.348 0.6000000238
8163  20.419  -71.259  -35.455 0.6999999881
71569  24.429  -78.451  -32.201 0.8999999762
4723  22.797  -78.195  -31.679 0.6999999881
73392  26.239  -76.813  -34.812 0.6000000238
71589  27.508  -77.648  -35.783 0.6000000238
73341  27.298  -77.132  -34.921 0.6000000238
71592  27.695  -78.289  -36.592 0.6999999881
5696  23.720  -75.804  -31.082 0.6999999881
5704  22.249  -75.771  -31.277 0.6999999881
71563  27.388  -78.956  -37.238 0.8000000119
87446  27.179  -78.401  -36.847 0.8000000119
6239  24.237  -74.903  -30.982 0.6000000238
5703  23.000  -75.489  -31.220 0.6000000238
6248  21.719  -75.217  -31.506 0.6999999881
6247  22.542  -74.869  -31.298 0.5000000000
85442  21.940  -74.229  -31.655 0.6999999881
76059  26.712  -79.807  -37.843 0.8000000119
6240  23.467  -74.663  -30.978 0.5000000000
2966  26.412  -80.794  -37.181 0.6999999881
6843  23.654  -73.693  -30.626 0.5000000000
88437  24.133  -73.584  -30.375 0.6000000238
6852  22.764  -73.753  -31.135 0.6000000238
74890  21.957  -73.082  -31.923 0.6999999881
7515  21.231  -72.557  -33.711 0.6999999881
7497  23.237  -72.981  -30.637 0.5000000000
7514  21.471  -72.118  -33.208 0.6000000238
7484  23.984  -73.065  -30.089 0.6000000238
7498  22.587  -72.678  -31.263 0.6000000238
80050  22.127  -72.136  -31.938 0.6000000238
8148  21.692  -71.581  -32.648 0.6000000238
8830  21.059  -71.336  -34.051 0.6000000238
8821  21.324  -70.951  -33.145 0.6999999881
71785  20.408  -70.215  -34.104 0.6000000238
71798  20.190  -70.531  -34.788 0.6999999881
86635  22.980  -72.259  -30.825 0.6000000238
8126  22.527  -71.845  -31.296 0.6000000238
8138  22.076  -71.327  -31.852 0.6000000238
8813  21.701  -70.726  -32.364 0.6999999881
9534  21.749  -69.875  -32.118 0.5000000000
4194  23.925  -78.565  -31.795 0.8999999762
72938  26.538  -76.620  -34.308 0.6000000238
4722  23.582  -77.929  -31.508 0.8000000119
5208  20.946  -77.205  -31.769 0.6999999881
82489  22.770  -77.281  -31.378 0.6999999881
4715  24.090  -77.361  -31.390 0.8000000119
5206  22.886  -76.315  -31.236 0.6000000238
5702  24.515  -75.667  -31.278 0.6999999881
6246  24.861  -74.922  -31.248 0.6000000238
71560  27.536  -79.820  -37.697 0.8000000119
73397  27.651  -80.399  -37.348 0.8000000119
6238  24.811  -74.237  -30.953 0.5000000000
78776  24.176  -74.087  -30.673 0.5000000000
6851  25.473  -73.917  -30.902 0.5000000000
6842  24.852  -73.558  -30.352 0.6000000238
10252  21.325  -68.406  -32.287 0.5000000000
7485  23.476  -72.276  -30.265 0.5000000000
10251  21.324  -69.296  -32.465 0.5000000000
71792  20.426  -69.456  -33.436 0.6000000238
81554  22.400  -71.158  -31.223 0.6999999881
9545  21.287  -70.147  -32.755 0.6999999881
8802  22.081  -70.545  -31.628 0.6000000238
8111  23.473  -71.644  -29.952 0.6999999881
8786  22.497  -70.517  -30.734 0.5000000000
73510  25.163  -76.762  -33.082 0.6999999881
71573  24.974  -77.257  -32.312 0.6999999881
73555  24.742  -77.693  -31.895 0.6999999881
4721  24.275  -77.951  -31.654 0.8000000119
76828  24.569  -77.168  -31.613 0.6999999881
5199  24.225  -76.569  -31.292 0.6999999881
10912  21.101  -67.661  -31.325 0.5000000000
7481  26.607  -73.177  -30.218 0.5000000000
7482  25.578  -73.194  -29.931 0.6000000238
10935  20.804  -68.047  -32.554 0.5000000000
9527  22.051  -69.719  -31.383 0.5000000000
7472  26.772  -72.892  -29.423 0.5000000000
8108  26.009  -72.982  -29.541 0.6000000238
8110  24.215  -72.167  -29.579 0.6000000238
8109  25.206  -72.669  -29.392 0.6000000238
74922  25.444  -76.331  -32.790 0.6999999881
5213  25.181  -76.657  -31.974 0.6999999881
8095  24.365  -71.533  -29.050 0.5000000000
7480  27.469  -72.845  -30.044 0.5000000000
8785  23.111  -70.949  -29.956 0.5000000000
8094  25.017  -72.002  -29.003 0.5000000000
8096  23.728  -71.308  -29.404 0.5000000000
8086  24.920  -71.315  -28.467 0.5000000000
8776  24.071  -70.911  -28.791 0.5000000000
7463  27.409  -72.713  -28.054 0.5000000000
8769  25.942  -71.475  -27.880 0.5000000000
86780  26.847  -72.678  -28.722 0.5000000000
77910  25.592  -71.952  -28.486 0.5000000000
8093  25.922  -72.570  -28.931 0.5000000000
7457  27.073  -72.102  -27.610 0.5000000000
71799  20.074  -67.049  -31.272 0.6000000238
76520  19.400  -67.382  -32.357 0.6000000238
11627  20.475  -67.272  -30.820 0.5000000000
71815  19.270  -66.718  -30.668 0.6999999881
71809  19.566  -67.060  -31.702 0.6000000238
10253  19.174  -67.985  -32.726 0.6000000238
10255  17.992  -68.701  -31.844 0.6999999881
12312  18.727  -65.920  -30.385 0.6000000238
10913  18.770  -67.060  -31.671 0.6999999881
10914  18.716  -67.510  -32.167 0.6999999881
9535  18.435  -69.089  -32.621 0.6999999881
10240  17.535  -68.315  -30.967 0.8000000119
12944  18.967  -65.156  -29.839 0.5000000000
71819  19.225  -66.072  -29.873 0.5000000000
77553  18.313  -67.214  -31.499 0.8000000119
73048  18.622  -66.679  -30.924 0.6000000238
10224  16.905  -67.970  -30.435 0.6999999881
81060  19.231  -64.523  -29.167 0.5000000000
71827  19.359  -65.426  -29.097 0.5000000000
10915  17.604  -67.322  -30.922 0.6999999881
11638  18.000  -66.544  -31.134 0.6999999881
10211  16.273  -68.434  -30.254 0.6999999881
11639  17.089  -66.401  -31.065 0.6999999881
12313  18.220  -65.781  -30.921 0.8000000119
12980  16.076  -64.299  -34.658 0.6999999881
12333  15.552  -64.776  -34.236 0.8000000119
71802  21.462  -63.354  -29.097 0.4000000060
10901  15.742  -67.315  -30.738 0.6999999881
85080  20.148  -63.347  -28.917 0.5000000000
10916  16.634  -67.154  -30.653 0.6999999881
12938  19.199  -63.826  -29.429 0.6000000238
12945  18.763  -64.288  -29.984 0.6000000238
12306  18.455  -64.995  -30.515 0.8000000119
76680  18.037  -64.985  -31.133 0.8000000119
15554  12.509  -60.984  -28.802 0.5000000000
15566  12.250  -60.923  -29.931 0.5000000000
14949  11.597  -61.488  -30.667 0.5000000000
85824  15.873  -62.764  -35.119 0.5000000000
13685  16.902  -63.731  -35.682 0.6000000238
14385  17.145  -63.006  -36.072 0.6000000238
80161  15.566  -62.083  -34.732 0.6000000238
85696  12.089  -61.952  -32.715 0.6000000238
13673  15.945  -63.627  -35.089 0.6999999881
12981  15.252  -64.223  -34.870 0.6999999881
12982  14.550  -64.153  -35.093 0.6999999881
12314  16.673  -65.766  -31.899 0.6999999881
12319  16.130  -65.579  -32.641 0.6999999881
12324  15.891  -65.219  -33.399 0.8000000119
14318  19.976  -63.026  -29.559 0.5000000000
11640  16.201  -66.509  -31.247 0.6999999881
13623  19.405  -63.250  -29.855 0.6000000238
12951  18.211  -64.077  -30.886 0.6999999881
80517  17.578  -65.630  -31.462 0.8000000119
15544  13.347  -60.460  -28.256 0.5000000000
15553  13.159  -60.427  -29.162 0.6000000238
86861  13.544  -59.665  -29.684 0.5000000000
15565  12.716  -60.197  -30.420 0.6000000238
15575  12.360  -60.094  -31.615 0.6000000238
15576  11.916  -60.736  -31.149 0.6000000238
15583  12.544  -60.448  -32.263 0.5000000000
15008  17.717  -62.371  -36.309 0.5000000000
77747  16.197  -62.086  -35.182 0.5000000000
13695  18.310  -63.946  -36.637 0.6000000238
14360  14.119  -62.518  -33.919 0.6999999881
14973  12.237  -61.215  -32.479 0.6000000238
13005  18.181  -64.299  -36.250 0.6000000238
12998  16.764  -64.051  -35.104 0.6999999881
13674  14.912  -63.674  -35.034 0.6999999881
14371  15.263  -62.941  -34.881 0.6999999881
13675  13.684  -63.289  -34.417 0.8000000119
77256  13.257  -62.670  -33.625 0.6999999881
12997  17.636  -64.185  -35.674 0.6999999881
12979  17.371  -64.182  -34.796 0.6999999881
88993  16.717  -64.306  -34.473 0.8000000119
12964  17.080  -64.385  -33.822 0.8000000119
12965  16.319  -64.665  -33.910 0.8000000119
14326  19.749  -62.679  -30.397 0.5000000000
88238  18.841  -62.602  -31.814 0.6000000238
84655  17.162  -65.151  -32.147 0.8000000119
12318  16.633  -65.043  -32.921 0.8000000119
13624  18.823  -63.560  -30.292 0.6000000238
13632  18.583  -63.077  -31.247 0.6999999881
12952  17.693  -64.536  -31.803 0.6999999881
15532  13.839  -60.153  -28.002 0.4000000060
15543  13.821  -60.049  -28.486 0.5000000000
16155  13.835  -59.090  -30.751 0.4000000060
16156  13.181  -59.589  -31.072 0.5000000000
15582  13.423  -60.334  -32.511 0.5000000000
15007  18.449  -62.235  -36.663 0.5000000000
14992  16.721  -61.258  -35.239 0.6000000238
14984  15.259  -61.255  -34.073 0.6000000238
14972  13.092  -61.123  -32.704 0.6000000238
77935  19.184  -63.838  -36.955 0.6000000238
14985  14.460  -61.604  -33.610 0.6999999881
14986  13.644  -61.832  -33.240 0.6999999881
13004  18.942  -64.490  -36.454 0.6000000238
13641  18.426  -62.952  -32.359 0.6999999881
13642  17.762  -63.798  -32.644 0.6999999881
12958  17.277  -64.556  -32.807 0.8000000119
13654  17.611  -64.131  -33.470 0.8000000119
13633  18.018  -63.593  -31.751 0.6999999881
16128  13.999  -59.838  -28.136 0.4000000060
16786  13.872  -59.540  -27.973 0.4000000060
16787  13.244  -59.298  -27.689 0.4000000060
16815  14.464  -58.652  -30.662 0.5000000000
74247  13.965  -58.919  -29.853 0.4000000060
16788  12.135  -58.861  -27.316 0.5000000000
16168  13.851  -59.654  -32.318 0.5000000000
15597  15.947  -59.925  -34.053 0.5000000000
15599  14.689  -60.699  -33.377 0.5000000000
16181  16.364  -59.346  -33.566 0.5000000000
12996  18.622  -64.583  -35.881 0.6000000238
12963  17.828  -64.146  -34.292 0.8000000119
14359  19.871  -62.347  -32.999 0.6000000238
13640  19.054  -62.794  -33.192 0.6000000238
13670  19.929  -63.604  -34.472 0.6999999881
89328  19.360  -64.221  -34.795 0.6999999881
17465  11.468  -57.297  -26.788 0.3000000119
16799  14.478  -58.242  -29.958 0.4000000060
16800  14.066  -58.624  -29.207 0.3000000119
17476  13.736  -58.059  -28.764 0.4000000060
16791  13.517  -58.698  -28.113 0.4000000060
17471  12.695  -58.183  -27.714 0.4000000060
17472  11.906  -57.717  -27.329 0.5000000000
16830  14.303  -58.895  -31.343 0.4000000060
81236  11.819  -56.905  -27.357 0.3000000119
16161  14.461  -59.035  -32.062 0.4000000060
16192  16.687  -59.742  -34.352 0.5000000000
16166  15.096  -59.254  -32.653 0.4000000060
15609  17.007  -60.200  -35.107 0.6000000238
16843  15.313  -58.642  -32.050 0.4000000060
16191  17.471  -59.550  -34.700 0.4000000060
16182  15.581  -59.577  -33.325 0.5000000000
12978  18.190  -64.320  -35.169 0.6999999881
13653  18.271  -63.535  -33.552 0.6999999881
16780  11.166  -58.793  -26.956 0.4000000060
17478  12.222  -57.018  -27.854 0.4000000060
76566  11.757  -55.833  -27.100 0.3000000119
78443  14.961  -58.543  -31.283 0.3000000119
16165  15.950  -58.878  -32.734 0.4000000060
16180  17.194  -59.221  -33.855 0.4000000060
17482  14.180  -57.593  -29.397 0.3000000119
17477  12.990  -57.450  -28.325 0.4000000060
18162  12.543  -56.391  -28.332 0.3000000119
18157  11.906  -56.198  -27.800 0.3000000119
17481  14.724  -57.494  -29.913 0.3000000119
16829  15.616  -58.193  -31.340 0.3000000119
16842  16.527  -58.438  -32.438 0.3000000119
16828  16.027  -58.312  -31.986 0.3000000119
16855  17.827  -58.646  -33.367 0.3000000119
17483  13.458  -56.741  -28.865 0.3000000119
18825  12.407  -55.802  -28.154 0.3000000119
81066  13.001  -55.960  -28.610 0.3000000119
17510  16.290  -57.757  -31.300 0.3000000119
17526  16.612  -58.067  -31.979 0.3000000119
16841  17.269  -58.200  -32.454 0.3000000119
18154  11.635  -56.475  -26.938 0.3000000119
18161  14.338  -56.704  -29.381 0.3000000119
18832  14.451  -55.964  -29.184 0.3000000119
76467  17.075  -57.654  -31.685 0.3000000119
6862  21.416  -73.708  -32.428 0.6999999881
6870  21.098  -73.326  -33.330 0.6999999881
16183  14.874  -59.908  -33.109 0.4000000060
15611  15.759  -60.607  -34.245 0.6000000238
18819  12.089  -55.659  -27.637 0.3000000119
5245  23.179  -77.399  -36.427 0.6999999881
3348  24.516  -80.195  -38.451 0.6000000238
4724  21.873  -77.552  -31.611 0.6999999881
74328  27.137  -80.727  -37.087 0.8000000119
8822  20.865  -70.376  -33.574 0.6999999881
78708  21.752  -72.341  -32.531 0.6000000238
73587  19.575  -70.373  -34.778 0.6000000238
8112  22.926  -71.523  -30.617 0.6999999881
5200  23.565  -76.896  -31.265 0.8000000119
7483  24.726  -72.932  -29.778 0.6000000238
1574  23.748  -85.521  -32.646 0.4000000060
1272  23.961  -85.815  -31.961 0.4000000060
1934  24.041  -84.436  -34.030 0.3000000119
1580  23.426  -85.133  -33.246 0.4000000060
1277  22.856  -85.597  -32.917 0.4000000060
1273  23.178  -85.981  -32.320 0.4000000060
2250  26.732  -83.750  -33.622 0.4000000060
1932  25.889  -84.294  -33.450 0.5000000000
87732  25.277  -84.814  -32.996 0.5000000000
1933  25.008  -84.101  -34.118 0.3000000119
1579  24.424  -85.086  -32.956 0.4000000060
1583  23.940  -84.797  -33.530 0.3000000119
86192  25.901  -83.598  -34.102 0.4000000060
85871  26.354  -83.172  -33.988 0.4000000060
2619  25.912  -82.832  -34.567 0.3000000119
2256  25.131  -83.334  -34.669 0.3000000119
2266  23.302  -83.730  -35.175 0.4000000060
2630  23.641  -82.964  -35.889 0.4000000060
2635  23.196  -82.869  -36.454 0.4000000060
2618  26.349  -82.450  -34.233 0.4000000060
2627  26.237  -82.090  -35.125 0.4000000060
72817  27.335  -81.538  -35.512 0.5000000000
2265  24.334  -83.107  -35.268 0.4000000060
2629  24.543  -82.481  -36.099 0.5000000000
2633  26.194  -81.896  -36.021 0.4000000060
74472  23.292  -81.152  -38.266 0.6000000238
71562  27.953  -81.345  -35.668 0.6000000238
79849  27.618  -81.465  -36.121 0.6000000238
2958  26.917  -81.716  -35.727 0.6000000238
2962  26.910  -81.338  -36.513 0.6000000238
2634  25.354  -81.952  -36.363 0.5000000000
74945  25.974  -81.393  -36.704 0.6000000238
71566  28.399  -81.118  -36.373 0.6999999881
71558  28.375  -80.590  -37.177 0.6999999881
71554  27.720  -80.975  -36.761 0.6999999881
73079  28.159  -80.152  -37.583 0.6999999881
77239  28.059  -79.145  -37.280 0.6999999881
3337  29.520  -80.253  -37.646 0.5000000000
73499  28.754  -80.170  -37.676 0.6000000238
74320  28.426  -79.843  -37.772 0.6999999881
3753  29.337  -79.779  -37.991 0.6000000238
4253  28.797  -79.174  -37.553 0.6000000238
74313  28.089  -77.541  -35.286 0.5000000000
4773  21.127  -78.389  -34.851 0.6000000238
4787  28.407  -78.359  -36.736 0.6000000238
4770  28.777  -77.646  -35.948 0.5000000000
4757  20.068  -78.487  -32.972 0.6000000238
4756  20.812  -78.550  -33.582 0.6000000238
71593  28.098  -77.845  -36.044 0.5000000000
5221  19.424  -76.614  -32.640 0.6000000238
4731  20.552  -77.857  -31.970 0.6000000238
4742  20.098  -77.975  -32.338 0.6000000238
4743  19.566  -77.590  -32.641 0.6000000238
71580  25.881  -76.286  -33.661 0.6000000238
4244  29.149  -78.242  -36.993 0.6000000238
5713  20.261  -75.792  -32.062 0.6000000238
5214  20.136  -76.785  -32.032 0.6000000238
5209  20.765  -76.314  -31.615 0.6000000238
5705  21.443  -76.029  -31.321 0.5000000000
86703  21.370  -76.724  -31.466 0.6000000238
5207  22.049  -76.614  -31.301 0.5000000000
4744  18.857  -76.753  -33.043 0.6999999881
5723  18.907  -75.938  -33.278 0.6000000238
5215  19.693  -75.969  -32.409 0.6000000238
5712  20.947  -75.514  -31.711 0.6000000238
6285  19.160  -74.126  -36.121 0.6000000238
5722  19.372  -75.629  -33.054 0.6000000238
6255  20.595  -74.978  -32.417 0.5000000000
6263  19.737  -74.930  -33.587 0.6000000238
6269  20.205  -74.227  -34.143 0.6000000238
6276  19.336  -74.401  -35.293 0.6000000238
6892  19.874  -73.694  -35.812 0.6000000238
5728  19.098  -75.336  -33.841 0.6000000238
6254  21.235  -74.643  -32.031 0.6000000238
6262  20.367  -74.532  -33.275 0.5000000000
6261  20.929  -74.163  -32.897 0.6000000238
6275  20.027  -73.942  -34.978 0.5000000000
6871  20.707  -73.774  -33.775 0.6000000238
6891  20.455  -73.201  -35.469 0.6000000238
6898  20.366  -73.017  -36.310 0.6999999881
7541  19.693  -72.555  -37.617 0.6999999881
7548  19.160  -72.219  -38.163 0.6999999881
7556  18.718  -71.777  -38.968 0.6999999881
6881  20.925  -72.989  -34.193 0.6999999881
7534  20.577  -72.347  -36.680 0.6999999881
7540  20.258  -72.250  -37.300 0.6999999881
7547  19.836  -72.068  -37.653 0.6999999881
71786  19.091  -71.711  -38.078 0.6000000238
7522  21.122  -72.303  -34.540 0.6000000238
4752  28.124  -77.044  -34.513 0.5000000000
5229  28.567  -76.369  -34.200 0.5000000000
4738  27.387  -76.734  -34.319 0.6000000238
5727  28.882  -75.583  -34.274 0.6000000238
5220  27.799  -76.378  -34.007 0.6000000238
73358  26.895  -76.217  -33.964 0.6000000238
71581  26.295  -75.792  -33.345 0.6000000238
6267  28.421  -74.919  -34.033 0.5000000000
5719  27.286  -75.692  -33.679 0.6000000238
6259  27.675  -74.993  -33.583 0.6000000238
5720  26.747  -75.130  -32.989 0.5000000000
5711  25.827  -75.693  -32.497 0.6000000238
6260  27.349  -74.358  -33.050 0.5000000000
6244  26.100  -74.538  -31.807 0.5000000000
5205  24.752  -76.337  -31.589 0.6000000238
76070  26.166  -75.056  -32.247 0.6000000238
6897  20.778  -72.517  -35.904 0.6999999881
5701  25.375  -75.423  -31.723 0.6000000238
1584  23.096  -84.736  -33.910 0.3000000119
2257  24.178  -83.893  -34.625 0.3000000119
2626  26.713  -81.731  -34.881 0.4000000060
2628  25.401  -82.498  -35.439 0.5000000000
5721  19.972  -75.297  -32.783 0.6000000238
82758  18.194  -70.230  -39.838 0.6000000238
5718  28.156  -75.715  -33.882 0.6000000238
6268  28.063  -74.105  -33.717 0.5000000000
411  21.045  -89.150  -21.339 0.4000000060
674  21.676  -88.589  -21.699 0.4000000060
417  21.099  -89.039  -22.309 0.5000000000
265  20.023  -90.286  -20.249 0.5000000000
80072  19.017  -90.855  -19.994 0.5000000000
142  18.057  -91.615  -20.417 0.5000000000
269  19.948  -90.223  -21.110 0.5000000000
673  22.262  -88.056  -21.970 0.4000000060
89002  22.499  -87.555  -22.105 0.4000000060
82404  22.346  -87.893  -22.769 0.5000000000
76036  22.716  -86.560  -30.188 0.3000000119
983  21.740  -86.721  -31.186 0.3000000119
994  21.971  -86.725  -31.595 0.3000000119
257  20.099  -90.195  -19.387 0.4000000060
258  19.494  -90.534  -19.757 0.5000000000
259  19.063  -90.499  -19.548 0.5000000000
408  20.604  -89.684  -20.089 0.4000000060
85977  20.989  -89.256  -20.637 0.4000000060
76926  22.171  -88.221  -21.100 0.3000000119
668  22.059  -88.425  -20.145 0.3000000119
1217  22.124  -87.043  -23.434 0.4000000060
1203  22.861  -86.902  -21.694 0.3000000119
1211  22.451  -87.165  -22.679 0.4000000060
1250  21.133  -86.121  -30.386 0.3000000119
88785  22.501  -86.559  -30.868 0.3000000119
993  22.900  -86.484  -31.137 0.3000000119
1269  22.616  -86.394  -31.931 0.3000000119
403  20.791  -89.487  -19.358 0.3000000119
407  21.255  -89.053  -20.071 0.3000000119
934  23.085  -87.172  -20.846 0.3000000119
78782  22.264  -86.278  -23.053 0.4000000060
1210  22.773  -86.189  -22.323 0.4000000060
88964  23.352  -86.538  -21.054 0.3000000119
86716  23.447  -88.161  -28.436 0.4000000060
975  23.132  -87.136  -28.939 0.4000000060
73404  22.801  -86.807  -28.475 0.4000000060
1244  22.062  -85.629  -29.038 0.4000000060
84974  21.356  -84.834  -29.011 0.4000000060
71466  21.019  -83.948  -28.733 0.5000000000
981  23.917  -87.279  -29.752 0.3000000119
982  23.299  -86.792  -30.279 0.3000000119
1268  23.425  -86.219  -31.557 0.3000000119
1573  24.564  -85.474  -32.266 0.3000000119
1515  22.464  -85.430  -22.751 0.3000000119
1519  21.496  -85.387  -23.912 0.4000000060
1201  23.895  -85.864  -20.822 0.3000000119
1514  23.033  -85.301  -22.111 0.3000000119
1202  23.291  -86.003  -21.598 0.3000000119
84556  20.844  -83.310  -26.660 0.5000000000
1876  20.762  -83.677  -25.903 0.5000000000
1539  25.040  -86.089  -27.594 0.3000000119
953  24.397  -87.602  -26.937 0.3000000119
1236  24.901  -87.210  -27.479 0.3000000119
71452  23.127  -87.981  -26.972 0.3000000119
71450  22.985  -87.698  -27.537 0.4000000060
72978  22.342  -84.064  -28.011 0.5000000000
73348  21.456  -83.567  -28.143 0.5000000000
968  24.363  -88.287  -27.542 0.3000000119
73379  22.951  -86.707  -27.669 0.4000000060
73115  22.579  -85.822  -28.348 0.4000000060
73351  21.932  -84.655  -28.489 0.5000000000
1258  24.317  -86.497  -30.225 0.3000000119
1259  23.685  -86.570  -30.657 0.3000000119
1267  24.161  -86.079  -31.171 0.3000000119
89089  24.582  -85.667  -31.636 0.3000000119
1578  25.287  -85.151  -32.434 0.4000000060
82863  22.106  -84.829  -23.064 0.3000000119
76166  21.580  -84.621  -23.621 0.4000000060
1510  23.699  -85.178  -21.503 0.3000000119
1859  23.353  -84.495  -21.922 0.3000000119
80936  21.171  -84.788  -24.368 0.4000000060
1870  20.995  -83.952  -24.884 0.4000000060
2209  21.216  -83.094  -25.427 0.4000000060
75711  26.120  -84.629  -27.161 0.3000000119
71468  21.418  -82.982  -26.543 0.5000000000
1237  24.415  -86.760  -27.132 0.3000000119
73783  22.101  -83.327  -27.452 0.4000000060
1545  25.330  -86.122  -28.140 0.3000000119
71459  23.810  -86.677  -26.988 0.4000000060
80049  23.602  -85.581  -27.384 0.4000000060
2223  23.017  -83.299  -27.384 0.5000000000
972  24.614  -88.092  -28.381 0.3000000119
71449  23.336  -87.452  -26.987 0.4000000060
71463  22.814  -85.356  -27.814 0.5000000000
1562  24.984  -86.053  -29.956 0.3000000119
75148  25.795  -85.180  -31.269 0.3000000119
1266  24.906  -85.632  -30.903 0.4000000060
1568  25.237  -85.378  -31.769 0.4000000060
4281  21.522  -79.562  -39.840 0.5000000000
1508  24.974  -84.810  -20.595 0.3000000119
1855  24.145  -84.390  -21.451 0.3000000119
1865  21.507  -83.700  -23.620 0.3000000119
1509  24.408  -85.001  -20.978 0.3000000119
2204  21.305  -83.247  -24.407 0.3000000119
2208  21.745  -82.447  -26.084 0.4000000060
2562  21.468  -82.505  -25.119 0.3000000119
1891  25.408  -85.172  -27.484 0.3000000119
2217  22.395  -82.663  -26.995 0.4000000060
1540  24.282  -85.793  -27.182 0.4000000060
1892  24.074  -84.759  -27.395 0.4000000060
2222  23.823  -83.773  -27.406 0.4000000060
1243  24.925  -87.298  -28.256 0.3000000119
1552  25.130  -86.180  -29.048 0.3000000119
73282  23.145  -84.214  -27.651 0.5000000000
77421  25.716  -85.367  -29.921 0.3000000119
1561  26.274  -85.019  -30.763 0.4000000060
1567  26.690  -85.001  -31.508 0.4000000060
74671  22.146  -79.173  -38.452 0.5000000000
1572  26.060  -85.138  -31.975 0.4000000060
1571  26.984  -84.880  -32.206 0.5000000000
3767  21.988  -79.863  -39.852 0.5000000000
1854  24.929  -84.311  -21.040 0.3000000119
2561  21.992  -81.989  -25.800 0.3000000119
4758  19.300  -77.989  -32.647 0.6000000238
1880  27.292  -84.563  -25.980 0.3000000119
1881  26.456  -84.217  -26.495 0.3000000119
74299  26.896  -84.491  -26.781 0.3000000119
1882  25.697  -84.444  -27.154 0.3000000119
84904  25.108  -84.142  -27.220 0.3000000119
2569  22.623  -82.201  -26.641 0.4000000060
85106  18.150  -76.908  -33.368 0.5000000000
1883  24.882  -84.948  -27.356 0.3000000119
87999  24.500  -84.209  -27.338 0.3000000119
88688  24.160  -82.756  -27.015 0.3000000119
4791  21.791  -77.964  -36.352 0.5000000000
1551  26.056  -85.244  -29.024 0.3000000119
74400  22.550  -77.780  -36.592 0.5000000000
1550  26.751  -84.897  -30.085 0.3000000119
4822  22.858  -78.648  -37.749 0.5000000000
1560  27.304  -84.856  -30.981 0.4000000060
1919  28.335  -84.643  -31.290 0.4000000060
1566  27.645  -84.844  -31.720 0.5000000000
4266  23.104  -79.341  -38.475 0.5000000000
1921  28.713  -84.342  -32.275 0.4000000060
1922  27.914  -84.610  -32.318 0.3000000119
1923  26.117  -84.772  -32.636 0.4000000060
3766  22.806  -79.866  -39.231 0.6000000238
71551  26.868  -81.602  -32.803 0.3000000119
2246  27.990  -83.319  -32.859 0.4000000060
2249  27.667  -83.763  -33.153 0.4000000060
1927  27.150  -84.312  -32.914 0.3000000119
3354  23.167  -80.156  -39.175 0.6000000238
3355  22.377  -80.252  -39.718 0.5000000000
72856  26.423  -80.398  -32.854 0.3000000119
2607  27.133  -82.406  -33.250 0.5000000000
80041  27.205  -83.081  -33.205 0.4000000060
2255  26.807  -83.139  -33.575 0.4000000060
3350  22.876  -80.693  -39.059 0.6000000238
72981  27.047  -80.511  -33.529 0.3000000119
73476  26.981  -81.332  -33.562 0.5000000000
77045  26.709  -81.672  -34.023 0.4000000060
2617  26.612  -82.206  -33.841 0.4000000060
71574  27.433  -81.009  -34.330 0.4000000060
73109  27.149  -81.374  -34.897 0.5000000000
77153  27.833  -84.936  -25.359 0.3000000119
2213  26.299  -83.599  -25.991 0.3000000119
88694  27.446  -84.602  -26.548 0.3000000119
2214  25.572  -83.600  -26.771 0.3000000119
2567  24.725  -82.607  -26.740 0.3000000119
5730  17.710  -75.862  -34.667 0.6000000238
1888  28.397  -84.231  -27.119 0.3000000119
2215  24.526  -83.411  -27.158 0.3000000119
1907  27.235  -84.663  -29.236 0.3000000119
5735  17.803  -75.361  -35.600 0.6000000238
5738  17.304  -75.396  -36.339 0.6000000238
5746  16.817  -75.381  -37.202 0.5000000000
1917  29.347  -84.034  -32.094 0.4000000060
73745  28.225  -80.664  -34.443 0.4000000060
1873  27.972  -85.181  -24.448 0.3000000119
1874  27.542  -84.845  -25.044 0.3000000119
1875  26.919  -84.316  -25.641 0.3000000119
2566  25.641  -82.775  -26.227 0.3000000119
1879  28.011  -84.704  -26.309 0.3000000119
5729  18.421  -75.776  -33.949 0.5000000000
2212  28.856  -84.185  -26.439 0.3000000119
2220  29.089  -83.634  -26.779 0.3000000119
5734  18.251  -75.372  -34.941 0.6000000238
2237  29.475  -83.810  -31.061 0.3000000119
1912  29.095  -84.292  -30.890 0.3000000119
6287  17.462  -74.887  -36.918 0.6000000238
6303  17.232  -74.443  -38.639 0.6000000238
6271  18.858  -75.079  -34.708 0.5000000000
6278  17.957  -74.881  -36.352 0.6000000238
6286  18.113  -74.363  -37.163 0.6000000238
6296  17.360  -74.686  -37.699 0.6000000238
6918  17.755  -73.811  -39.069 0.6000000238
6295  17.971  -74.113  -38.174 0.6000000238
6928  17.560  -73.491  -39.837 0.5000000000
6270  19.539  -74.659  -34.433 0.5000000000
84709  18.569  -74.461  -36.457 0.5000000000
82151  16.732  -71.293  -40.707 0.5000000000
8202  17.755  -70.068  -40.184 0.6000000238
8886  17.341  -69.633  -40.471 0.6000000238
8888  16.398  -68.931  -40.457 0.5000000000
8887  17.281  -68.154  -40.915 0.6000000238
9581  15.941  -68.234  -40.193 0.6000000238
6917  18.365  -73.357  -38.537 0.5000000000
6927  18.116  -73.017  -39.350 0.5000000000
7549  18.645  -72.555  -38.794 0.6000000238
7569  18.092  -71.626  -40.143 0.5000000000
7570  17.432  -72.038  -40.496 0.5000000000
8190  18.404  -71.226  -39.712 0.6000000238
86984  19.993  -71.906  -37.450 0.6000000238
8203  18.137  -70.605  -40.116 0.6000000238
10291  16.612  -67.725  -40.234 0.5000000000
8815  13.823  -70.281  -31.968 0.5000000000
6900  18.972  -73.933  -36.930 0.5000000000
6916  19.037  -72.929  -38.065 0.6000000238
9550  12.258  -69.443  -33.674 0.5000000000
73554  11.828  -69.260  -33.858 0.6000000238
81231  13.570  -69.067  -32.887 0.6000000238
9537  14.017  -69.440  -32.094 0.6000000238
8816  13.030  -70.503  -32.581 0.5000000000
76378  14.368  -69.901  -31.442 0.5000000000
8789  15.054  -71.082  -30.889 0.5000000000
8851  15.940  -69.893  -38.345 0.5000000000
9569  16.682  -67.741  -39.830 0.5000000000
12325  14.464  -65.606  -34.165 0.6999999881
86370  14.794  -66.193  -33.243 0.6000000238
11651  13.802  -66.314  -34.205 0.6999999881
10276  12.049  -67.868  -35.325 0.6000000238
71680  11.095  -68.184  -34.969 0.6000000238
10936  14.356  -67.035  -33.078 0.6000000238
10942  13.035  -67.178  -34.546 0.6000000238
11646  15.506  -65.777  -32.903 0.6000000238
11647  14.991  -66.922  -32.311 0.6000000238
10257  13.611  -68.277  -33.252 0.6000000238
10272  12.329  -68.340  -34.737 0.5000000000
71677  10.871  -68.361  -34.386 0.6000000238
11645  15.894  -66.111  -32.100 0.6000000238
10928  14.088  -67.744  -32.884 0.6000000238
85848  13.116  -68.791  -33.541 0.5000000000
9553  12.050  -68.833  -34.374 0.6000000238
10917  15.108  -67.423  -31.390 0.6000000238
10256  14.199  -68.479  -32.282 0.6000000238
10902  15.273  -67.911  -30.741 0.6000000238
10241  14.770  -68.159  -31.304 0.6000000238
78905  14.598  -69.104  -31.357 0.6000000238
9515  14.991  -69.963  -30.808 0.5000000000
8113  15.933  -72.156  -30.789 0.5000000000
8128  16.277  -72.004  -30.942 0.5000000000
8139  16.858  -72.274  -31.955 0.5000000000
8150  16.650  -71.923  -33.528 0.5000000000
10943  12.365  -67.171  -35.195 0.6000000238
10947  11.846  -67.326  -35.363 0.6999999881
11641  15.522  -66.739  -31.628 0.5000000000
10226  15.281  -68.763  -30.656 0.6000000238
9514  15.681  -69.611  -30.403 0.6000000238
8788  15.627  -70.664  -30.524 0.5000000000
8787  16.148  -70.309  -30.451 0.6000000238
8804  16.580  -71.033  -30.979 0.5000000000
8803  17.255  -70.275  -31.495 0.6000000238
8149  17.164  -71.529  -32.783 0.6000000238
12975  21.039  -64.600  -35.592 0.4000000060
76832  13.902  -64.378  -35.167 0.6999999881
12985  11.758  -64.621  -34.884 0.5000000000
12327  10.898  -65.633  -34.031 0.5000000000
77868  20.857  -63.875  -34.832 0.6000000238
12976  20.121  -64.711  -35.324 0.5000000000
12336  11.697  -65.256  -34.895 0.6000000238
11657  10.911  -66.554  -34.310 0.5000000000
79545  21.546  -63.314  -34.303 0.5000000000
12334  14.672  -64.825  -34.668 0.6000000238
12335  12.427  -65.419  -35.260 0.8000000119
11662  12.141  -66.423  -35.365 0.8000000119
11658  10.777  -67.413  -34.564 0.6999999881
9512  16.801  -68.828  -30.595 0.6000000238
9529  16.675  -69.821  -30.796 0.6000000238
12967  10.941  -64.790  -33.699 0.5000000000
12994  20.612  -64.925  -36.101 0.5000000000
74875  14.111  -63.764  -35.047 0.6999999881
12320  10.540  -65.457  -33.188 0.5000000000
89197  22.076  -63.462  -34.668 0.4000000060
13669  21.742  -63.889  -35.264 0.4000000060
14358  20.774  -62.383  -32.727 0.5000000000
14350  20.061  -62.008  -32.079 0.4000000060
13677  11.821  -63.938  -34.671 0.5000000000
12959  10.634  -64.580  -32.764 0.5000000000
13002  21.035  -64.363  -36.486 0.3000000119
13010  20.502  -64.119  -36.886 0.3000000119
12983  13.157  -63.920  -35.040 0.6000000238
13649  22.596  -63.083  -33.299 0.4000000060
13639  21.549  -62.513  -32.365 0.4000000060
14338  20.293  -62.283  -31.089 0.4000000060
13655  12.812  -63.345  -34.221 0.6000000238
14349  20.951  -62.241  -31.788 0.4000000060
75723  12.060  -63.418  -34.085 0.5000000000
13657  11.083  -64.000  -33.310 0.5000000000
14395  22.858  -62.128  -36.644 0.3000000119
13694  21.162  -63.549  -36.790 0.3000000119
13701  20.415  -63.111  -37.072 0.3000000119
14397  19.136  -62.752  -37.010 0.4000000060
71812  21.996  -63.007  -30.643 0.3000000119
13622  20.514  -62.716  -30.178 0.4000000060
71817  21.323  -62.995  -29.969 0.4000000060
15014  20.595  -61.828  -37.054 0.4000000060
14353  11.282  -63.184  -32.875 0.4000000060
15006  19.259  -61.687  -37.005 0.4000000060
15004  24.224  -60.823  -36.812 0.3000000119
15011  23.577  -60.684  -37.182 0.3000000119
14351  12.317  -62.706  -33.350 0.5000000000
15622  17.951  -61.440  -36.281 0.4000000060
15000  17.290  -61.859  -35.867 0.4000000060
15610  16.328  -60.453  -34.635 0.5000000000
15621  18.232  -60.469  -36.188 0.4000000060
15615  17.488  -60.819  -35.709 0.4000000060
17563  19.979  -58.184  -35.165 0.3000000119
16868  19.319  -58.552  -34.887 0.3000000119
74187  19.141  -59.053  -35.583 0.3000000119
16190  18.405  -59.196  -35.005 0.3000000119
16869  18.615  -58.700  -34.120 0.3000000119
16130  12.751  -59.883  -27.426 0.4000000060
17553  19.836  -58.022  -34.416 0.3000000119
2934  24.175  -81.804  -26.638 0.3000000119
1918  29.075  -84.354  -31.723 0.4000000060
9528  17.364  -69.252  -31.238 0.6000000238
15528  10.830  -59.570  -26.976 0.4000000060
13651  20.592  -62.888  -33.803 0.5000000000
16199  17.810  -59.914  -35.509 0.3000000119
669  21.538  -88.766  -20.832 0.4000000060
75180  20.506  -89.708  -20.853 0.5000000000
134  18.490  -91.158  -19.987 0.5000000000
945  22.198  -87.739  -23.458 0.5000000000
1249  22.199  -86.306  -29.724 0.4000000060
80794  21.757  -86.309  -23.841 0.4000000060
974  23.608  -87.470  -29.365 0.4000000060
1553  21.292  -85.525  -29.574 0.4000000060
250  19.924  -90.298  -18.552 0.3000000119
1518  21.941  -85.473  -23.368 0.4000000060
973  24.041  -88.102  -29.012 0.3000000119
85430  24.525  -87.208  -29.187 0.4000000060
84922  21.227  -84.067  -24.132 0.4000000060
2216  23.511  -82.868  -27.145 0.3000000119
87046  23.057  -77.976  -37.035 0.5000000000
2929  22.202  -81.392  -25.621 0.3000000119
2568  23.659  -82.190  -26.813 0.3000000119
2599  27.782  -82.604  -32.551 0.4000000060
2245  28.672  -83.938  -32.644 0.4000000060
1926  28.152  -84.231  -32.745 0.4000000060
83762  26.112  -79.602  -32.388 0.3000000119
2598  28.937  -83.467  -32.273 0.3000000119
87909  26.126  -82.918  -25.837 0.3000000119
2560  26.012  -82.169  -25.717 0.3000000119
7558  17.895  -72.622  -40.059 0.5000000000
8204  17.525  -70.948  -40.455 0.6000000238
12345  12.010  -65.859  -35.326 0.6999999881
12326  13.875  -65.238  -34.837 0.6999999881
12984  12.325  -64.460  -35.133 0.6000000238
13693  22.457  -63.049  -36.276 0.3000000119
14404  22.136  -61.796  -36.859 0.3000000119
4807  24.345  -78.010  -37.213 0.5000000000
4808  23.674  -78.255  -37.407 0.5000000000
71585  29.043  -80.709  -36.905 0.6000000238
6899  19.708  -73.488  -36.625 0.4000000060
72822  17.241  -68.360  -40.691 0.5000000000
74308  19.425  -71.559  -37.445 0.5000000000
71783  18.510  -71.116  -38.242 0.5000000000
71788  17.883  -70.124  -39.179 0.5000000000
9568  17.248  -68.127  -39.537 0.5000000000
9567  17.375  -69.158  -39.208 0.5000000000
71791  20.749  -71.846  -36.023 0.5000000000
8863  16.455  -68.875  -39.236 0.4000000060
73280  19.691  -71.365  -36.734 0.5000000000
8861  17.938  -70.487  -38.322 0.5000000000
8862  17.219  -69.582  -38.818 0.5000000000
8850  16.679  -70.034  -38.046 0.5000000000
71779  18.838  -71.162  -37.410 0.6000000238
8849  17.433  -70.523  -37.662 0.5000000000
73511  19.039  -71.112  -36.692 0.6000000238
8165  16.455  -71.097  -35.421 0.5000000000
8164  17.089  -71.150  -34.818 0.5000000000
71794  18.296  -70.945  -37.108 0.6000000238
85731  16.917  -70.567  -37.078 0.6000000238
8840  16.751  -70.779  -36.287 0.5000000000
71781  19.820  -70.844  -35.428 0.6000000238
73170  19.083  -70.776  -35.388 0.6000000238
8845  17.661  -70.850  -36.420 0.6000000238
8838  18.248  -70.854  -35.398 0.6000000238
8824  17.797  -70.755  -33.475 0.5000000000
8814  17.631  -70.563  -32.460 0.5000000000
8839  17.368  -70.952  -35.493 0.6000000238
73482  10.137  -68.052  -34.021 0.5000000000
10938  10.057  -67.675  -33.734 0.5000000000
71681  10.626  -67.965  -34.799 0.5000000000
9536  17.860  -69.620  -32.127 0.6000000238
8831  18.789  -70.470  -34.563 0.6000000238
9548  18.270  -69.937  -33.109 0.6000000238
8832  17.859  -70.849  -34.543 0.6000000238
8823  18.372  -70.439  -33.888 0.6000000238
9547  18.871  -69.910  -33.741 0.6000000238
15620  19.475  -60.746  -37.028 0.3000000119
88361  12.471  -60.437  -27.535 0.3000000119
79256  28.643  -81.161  -35.770 0.5000000000
3349  23.667  -80.407  -38.679 0.5000000000
71584  29.226  -81.020  -36.161 0.4000000060
4265  24.077  -79.251  -38.220 0.4000000060
4821  23.616  -78.813  -37.907 0.4000000060
3762  23.770  -79.853  -38.709 0.4000000060
3344  30.884  -79.853  -38.551 0.4000000060
3345  30.213  -79.765  -38.210 0.4000000060
4790  23.773  -77.566  -36.854 0.4000000060
75137  30.292  -80.099  -38.036 0.4000000060
4252  29.585  -78.987  -37.803 0.4000000060
87720  19.680  -69.487  -33.810 0.5000000000
71803  20.336  -68.460  -32.938 0.5000000000
74195  19.343  -69.260  -33.500 0.5000000000
71808  20.580  -67.548  -32.372 0.5000000000
77142  19.472  -68.539  -33.107 0.5000000000
71814  20.413  -67.209  -32.010 0.5000000000
11653  10.099  -66.979  -33.344 0.4000000060
12321  10.130  -66.209  -32.788 0.4000000060
71804  19.848  -67.952  -32.864 0.5000000000
82704  18.803  -69.367  -33.211 0.5000000000
88999  28.887  -80.425  -37.385 0.5000000000
3752  30.214  -79.432  -38.358 0.4000000060
267  18.691  -91.066  -20.498 0.4000000060
283  16.656  -91.360  -26.916 0.4000000060
266  19.370  -90.622  -20.431 0.4000000060
279  17.003  -91.445  -25.443 0.4000000060
146  18.204  -91.278  -21.342 0.4000000060
429  17.590  -89.877  -25.726 0.4000000060
282  17.326  -90.647  -25.747 0.4000000060
155  17.218  -91.459  -24.196 0.4000000060
270  19.123  -90.562  -21.425 0.5000000000
413  19.936  -90.059  -22.020 0.4000000060
278  17.606  -90.814  -24.745 0.4000000060
412  20.499  -89.634  -21.680 0.5000000000
418  20.444  -89.564  -22.411 0.5000000000
272  19.315  -90.206  -22.535 0.4000000060
273  18.577  -90.692  -22.330 0.4000000060
419  20.668  -89.265  -23.130 0.4000000060
420  20.018  -89.805  -22.897 0.4000000060
427  19.127  -89.006  -25.187 0.4000000060
424  18.787  -89.720  -24.772 0.4000000060
277  18.329  -90.354  -24.138 0.4000000060
276  18.146  -90.796  -23.157 0.4000000060
428  18.267  -89.386  -25.420 0.4000000060
425  18.029  -90.152  -25.120 0.4000000060
80560  20.319  -89.092  -24.508 0.5000000000
422  20.097  -89.571  -23.833 0.4000000060
85785  19.499  -89.963  -23.321 0.4000000060
275  18.825  -90.291  -23.246 0.4000000060
688  20.027  -88.785  -25.079 0.5000000000
423  19.628  -89.389  -24.606 0.4000000060
421  19.219  -89.919  -24.016 0.4000000060
696  19.934  -87.459  -25.579 0.3000000119
72991  19.438  -86.571  -25.875 0.3000000119
72806  20.216  -86.730  -25.548 0.4000000060
691  20.504  -88.117  -25.281 0.3000000119
71460  20.504  -85.968  -25.454 0.4000000060
83696  20.535  -87.436  -25.310 0.4000000060
1884  18.694  -84.541  -27.373 0.3000000119
73389  18.979  -85.040  -26.669 0.4000000060
73599  19.352  -85.680  -26.200 0.4000000060
71458  19.967  -85.875  -25.934 0.4000000060
71461  19.637  -84.960  -26.238 0.4000000060
71462  20.228  -85.215  -25.821 0.4000000060
1529  20.730  -84.954  -25.249 0.3000000119
71457  20.926  -86.055  -24.952 0.3000000119
79272  20.850  -86.888  -25.055 0.4000000060
71465  19.432  -83.953  -26.948 0.4000000060
71464  20.165  -84.335  -26.131 0.4000000060
71448  21.029  -87.734  -24.961 0.4000000060
1525  21.224  -85.712  -24.481 0.3000000119
2572  19.787  -83.007  -28.144 0.4000000060
1893  19.132  -83.702  -27.732 0.4000000060
71470  20.520  -83.309  -28.314 0.4000000060
71469  19.903  -83.235  -27.538 0.4000000060
687  20.748  -88.584  -24.746 0.4000000060
686  21.375  -88.328  -24.399 0.4000000060
71456  21.352  -86.667  -24.523 0.3000000119
73722  21.579  -87.920  -24.588 0.4000000060
2229  19.943  -83.149  -28.359 0.4000000060
1901  20.272  -83.717  -28.812 0.4000000060
71467  20.842  -83.211  -27.493 0.4000000060
71447  20.318  -83.564  -26.760 0.4000000060
80795  21.392  -88.700  -23.250 0.4000000060
1222  21.851  -87.424  -24.128 0.3000000119
680  21.847  -88.396  -22.597 0.4000000060
683  20.924  -88.887  -24.005 0.4000000060
682  22.003  -88.204  -23.405 0.4000000060
81717  21.596  -88.428  -23.869 0.4000000060
685  21.962  -88.072  -24.089 0.4000000060
961  24.639  -87.875  -27.155 0.3000000119
967  24.871  -87.902  -27.714 0.3000000119
1911  29.531  -84.038  -31.421 0.3000000119
1928  24.757  -84.625  -33.523 0.4000000060
2206  27.597  -84.881  -24.219 0.3000000119
2224  19.573  -83.095  -27.991 0.4000000060
2242  29.495  -83.836  -31.738 0.4000000060
4195  23.439  -78.603  -31.805 0.8999999762
4205  23.682  -78.893  -31.995 0.8000000119
4215  23.390  -78.720  -32.405 0.8000000119
4274  22.154  -79.545  -39.213 0.5000000000
6277  18.576  -74.850  -35.660 0.6000000238
6844  15.862  -72.675  -31.174 0.5000000000
6861  21.447  -72.834  -32.854 0.6999999881
6882  20.554  -73.457  -34.622 0.6000000238
6890  20.828  -72.703  -35.049 0.6999999881
6907  20.125  -72.829  -37.051 0.6999999881
6908  19.401  -73.236  -37.354 0.6000000238
6909  18.665  -73.673  -37.718 0.5000000000
7471  27.696  -72.866  -28.888 0.5000000000
7487  15.487  -72.286  -30.981 0.5000000000
7499  16.399  -72.555  -31.453 0.5000000000
7521  21.297  -71.932  -33.974 0.6000000238
7539  20.461  -72.009  -37.088 0.6000000238
7557  18.397  -72.133  -39.579 0.5000000000
8085  26.449  -72.308  -28.225 0.5000000000
8114  15.600  -71.610  -30.683 0.5000000000
8127  16.675  -71.898  -31.371 0.5000000000
8140  16.627  -72.546  -32.630 0.5000000000
8156  17.184  -71.241  -33.960 0.5000000000
8162  20.863  -71.616  -35.044 0.5000000000
8837  20.628  -70.916  -34.498 0.6999999881
8844  18.640  -70.984  -36.134 0.6000000238
8846  16.276  -70.462  -37.185 0.5000000000
9513  16.217  -69.285  -30.370 0.6000000238
9538  13.460  -69.774  -32.602 0.6000000238
9546  20.924  -69.634  -32.979 0.6000000238
9549  12.887  -69.508  -33.234 0.5000000000
9575  16.821  -67.872  -39.802 0.5000000000
9576  17.190  -67.560  -40.123 0.5000000000
9577  15.828  -68.265  -39.869 0.5000000000
9579  17.247  -68.671  -40.605 0.6000000238
9580  16.661  -67.927  -40.546 0.5000000000
10225  15.824  -68.807  -30.301 0.6000000238
10239  18.176  -67.844  -31.644 0.6999999881
10254  18.566  -68.262  -32.383 0.6999999881
10265  20.856  -68.859  -32.768 0.5000000000
10266  18.972  -68.707  -32.979 0.5000000000
10267  12.576  -68.861  -33.998 0.5000000000
10273  11.752  -68.308  -34.999 0.6000000238
10277  11.474  -67.895  -35.278 0.5000000000
10289  17.218  -67.622  -40.754 0.5000000000
10290  17.247  -67.507  -40.815 0.5000000000
10292  17.512  -68.040  -41.328 0.5000000000
10900  16.254  -67.766  -30.272 0.6999999881
10926  21.084  -67.603  -32.088 0.5000000000
10927  14.582  -67.610  -32.158 0.6000000238
10937  13.654  -67.433  -33.675 0.6000000238
10944  10.355  -67.837  -34.353 0.5000000000
10948  11.320  -67.546  -35.127 0.6999999881
10949  10.895  -67.862  -35.013 0.5000000000
10962  17.382  -67.678  -41.122 0.5000000000
11637  20.676  -67.308  -31.603 0.5000000000
11652  10.525  -66.342  -33.629 0.4000000060
11656  12.833  -66.310  -35.034 0.8000000119
11663  11.771  -66.652  -35.243 0.6999999881
11664  11.291  -66.819  -34.865 0.6999999881
11665  10.962  -67.610  -34.895 0.6999999881
12337  11.360  -65.836  -34.627 0.6000000238
12346  11.725  -65.891  -35.100 0.6999999881
12966  11.380  -64.273  -34.219 0.5000000000
12977  19.103  -64.585  -35.373 0.5000000000
12986  11.350  -65.023  -34.439 0.5000000000
12992  21.727  -63.787  -36.361 0.3000000119
12993  21.497  -64.457  -36.007 0.4000000060
12995  19.566  -65.006  -35.991 0.5000000000
12999  12.000  -65.183  -35.187 0.6000000238
13003  19.898  -64.597  -36.669 0.3000000119
13011  19.922  -63.892  -37.077 0.3000000119
13614  19.678  -63.513  -29.075 0.5000000000
13631  19.146  -62.970  -30.607 0.6999999881
13650  21.681  -62.825  -33.298 0.4000000060
13652  19.684  -62.867  -33.738 0.6999999881
13656  11.520  -63.598  -33.821 0.5000000000
13671  19.101  -63.416  -34.096 0.6999999881
13672  18.602  -64.094  -34.604 0.6999999881
13676  12.390  -63.793  -34.763 0.6000000238
13684  17.566  -63.894  -36.264 0.6000000238
14337  21.160  -62.568  -30.867 0.4000000060
14339  19.366  -62.426  -31.348 0.6999999881
14361  11.729  -63.056  -33.376 0.5000000000
14369  16.755  -62.250  -35.576 0.5000000000
14370  16.465  -62.980  -35.481 0.5000000000
14372  14.507  -63.113  -34.633 0.8000000119
14396  21.919  -62.825  -36.619 0.3000000119
14398  18.569  -63.227  -36.784 0.6000000238
14399  17.916  -63.182  -36.481 0.5000000000
14406  19.687  -63.216  -37.099 0.4000000060
14974  11.658  -61.558  -32.255 0.6000000238
14987  12.783  -61.939  -32.949 0.6999999881
14993  15.977  -61.272  -34.679 0.6000000238
14994  14.874  -62.257  -34.312 0.6999999881
15005  23.600  -61.407  -36.853 0.3000000119
15012  22.935  -61.212  -37.044 0.3000000119
15533  13.275  -60.314  -27.800 0.4000000060
15581  14.209  -60.190  -32.800 0.5000000000
15584  11.787  -60.711  -32.022 0.5000000000
15598  15.334  -60.300  -33.721 0.5000000000
15600  13.940  -60.972  -33.001 0.6000000238
16129  13.721  -59.942  -27.815 0.4000000060
16145  13.930  -59.478  -28.815 0.4000000060
16162  13.757  -59.294  -31.680 0.4000000060
16167  14.469  -59.584  -32.602 0.4000000060
16169  13.069  -59.766  -32.029 0.6000000238
16790  13.930  -59.194  -28.427 0.4000000060
16856  16.851  -58.784  -33.065 0.3000000119
16870  17.921  -59.113  -34.182 0.4000000060
18818  12.716  -55.458  -27.580 0.3000000119
71451  23.948  -87.534  -26.673 0.4000000060
71453  23.569  -87.914  -26.666 0.3000000119
71454  23.604  -88.224  -27.058 0.3000000119
71455  22.909  -87.765  -28.098 0.4000000060
71471  19.949  -83.006  -28.105 0.4000000060
71568  24.706  -78.005  -32.116 0.6999999881
71577  23.755  -78.338  -33.004 0.8999999762
71583  24.127  -77.779  -33.698 0.8000000119
71675  11.492  -68.638  -34.473 0.6000000238
71679  10.397  -68.153  -34.233 0.5000000000
71780  20.568  -71.871  -36.620 0.5000000000
71782  20.257  -71.764  -36.968 0.5000000000
71784  20.540  -71.934  -36.852 0.5000000000
71787  18.284  -71.024  -39.242 0.6000000238
71789  20.662  -72.046  -36.624 0.6000000238
71790  17.405  -69.381  -39.907 0.5000000000
71793  19.392  -71.086  -36.047 0.6000000238
71795  17.454  -67.856  -41.381 0.5000000000
71796  20.079  -67.361  -32.416 0.5000000000
71797  19.872  -68.974  -33.405 0.5000000000
71800  19.414  -69.916  -34.092 0.5000000000
71801  19.944  -69.846  -34.101 0.6000000238
71822  20.681  -63.130  -29.328 0.5000000000
71825  19.961  -63.684  -28.499 0.5000000000
73072  11.285  -68.954  -33.800 0.6000000238
73200  10.924  -67.966  -35.057 0.5000000000
73238  10.618  -68.062  -34.750 0.5000000000
73370  17.509  -68.049  -41.276 0.5000000000
73380  24.179  -88.016  -26.673 0.3000000119
73468  17.490  -67.863  -41.230 0.5000000000
73529  21.109  -88.149  -24.854 0.4000000060
73776  24.386  -78.386  -31.892 0.6999999881
73881  23.688  -88.453  -27.808 0.4000000060
74506  21.702  -69.012  -31.900 0.5000000000
74694  15.149  -65.417  -33.781 0.6999999881
74696  13.097  -64.738  -35.193 0.6999999881
74884  10.424  -68.046  -34.493 0.5000000000
75575  21.113  -71.862  -34.645 0.6000000238
75793  19.956  -71.228  -35.971 0.6999999881
75884  18.715  -61.081  -36.684 0.3000000119
76058  10.486  -67.192  -34.009 0.4000000060
76327  12.988  -68.138  -34.152 0.5000000000
76356  16.053  -71.354  -30.563 0.5000000000
76475  19.818  -62.292  -37.129 0.4000000060
76552  28.423  -84.647  -31.897 0.5000000000
76599  21.361  -87.399  -24.651 0.4000000060
77795  16.779  -70.242  -40.579 0.5000000000
79404  24.785  -85.798  -27.395 0.3000000119
79505  23.106  -88.154  -27.586 0.4000000060
79704  17.130  -71.321  -31.779 0.5000000000
79974  20.823  -72.135  -36.176 0.6999999881
81323  11.434  -58.118  -26.973 0.5000000000
83799  24.073  -88.444  -28.306 0.3000000119
84069  15.728  -68.120  -30.305 0.6000000238
85400  25.499  -85.344  -30.548 0.3000000119
85447  24.058  -78.780  -31.974 0.8999999762
85631  17.392  -69.015  -39.725 0.5000000000
85633  26.692  -83.889  -25.467 0.3000000119
86364  23.315  -86.441  -27.330 0.4000000060
86474  19.230  -62.374  -32.311 0.6000000238
87156  18.278  -70.588  -39.899 0.6000000238
87399  20.348  -67.806  -32.651 0.5000000000
87459  13.233  -65.585  -35.064 0.6999999881
88154  12.539  -67.802  -34.934 0.6000000238
88344  24.709  -60.552  -36.352 0.3000000119
88621  20.510  -64.572  -36.548 0.3000000119
88973  15.351  -66.346  -32.425 0.6000000238
89169  19.500  -83.408  -27.591 0.4000000060
89518  20.221  -72.057  -37.372 0.6000000238
