#!ascii label  , from subject sub-01 vox2ras=TkReg
990
8782  41.265  -70.723  -30.769 0.2000000030
8797  40.649  -70.245  -31.319 0.2000000030
8103  40.799  -71.550  -30.503 0.2000000030
9532  39.950  -69.338  -32.244 0.1000000015
8101  42.167  -70.882  -30.220 0.3000000119
8120  40.150  -70.898  -31.112 0.1000000015
9525  39.967  -70.065  -31.641 0.1000000015
10247  40.312  -68.092  -32.829 0.1000000015
80724  39.937  -68.675  -32.724 0.1000000015
10923  39.895  -67.523  -32.960 0.2000000030
10248  39.650  -68.148  -33.281 0.1000000015
10235  42.070  -68.613  -32.049 0.1000000015
10245  42.437  -68.076  -32.215 0.1000000015
8796  41.374  -69.904  -31.332 0.2000000030
9531  40.821  -68.710  -32.333 0.1000000015
75963  41.425  -69.250  -31.835 0.1000000015
9524  40.663  -69.580  -31.781 0.1000000015
10922  40.388  -67.469  -32.543 0.1000000015
11634  39.422  -66.130  -31.957 0.2000000030
76961  39.727  -66.856  -32.518 0.2000000030
12308  39.269  -65.308  -31.622 0.1000000015
12948  39.171  -64.596  -31.367 0.2000000030
12309  38.883  -64.767  -31.918 0.1000000015
12949  38.843  -64.212  -31.685 0.1000000015
10246  41.371  -68.003  -32.513 0.1000000015
13626  39.101  -63.983  -31.176 0.2000000030
85828  39.332  -63.445  -31.130 0.1000000015
13635  38.907  -63.587  -31.781 0.2000000030
10910  41.081  -67.414  -32.195 0.1000000015
11633  40.254  -66.716  -31.830 0.2000000030
11624  39.853  -65.793  -31.315 0.2000000030
12303  39.612  -65.019  -30.976 0.3000000119
14321  39.809  -62.927  -30.667 0.3000000119
14332  39.428  -62.816  -31.508 0.2000000030
78779  38.844  -63.648  -32.487 0.2000000030
76172  40.367  -62.287  -30.586 0.3000000119
14944  41.621  -61.551  -30.564 0.3000000119
14330  40.926  -61.834  -30.976 0.3000000119
14331  40.040  -62.141  -31.158 0.2000000030
14344  39.188  -62.825  -32.415 0.2000000030
14934  41.284  -61.546  -29.594 0.4000000060
14320  40.304  -62.652  -30.011 0.3000000119
14319  40.882  -62.046  -30.229 0.3000000119
12941  39.470  -64.359  -30.719 0.2000000030
13618  39.553  -63.754  -30.454 0.2000000030
14342  40.700  -61.649  -31.693 0.2000000030
14329  41.890  -61.443  -31.532 0.2000000030
14343  39.724  -62.028  -31.918 0.2000000030
15561  42.031  -61.053  -29.994 0.3000000119
14964  43.786  -61.152  -32.212 0.2000000030
14955  43.094  -61.264  -31.619 0.2000000030
14965  41.474  -61.260  -32.287 0.1000000015
14966  40.245  -61.388  -32.298 0.2000000030
15560  42.849  -60.596  -30.243 0.3000000119
15559  43.697  -60.200  -30.503 0.2000000030
14942  43.469  -60.830  -30.979 0.3000000119
15572  44.395  -60.563  -31.186 0.2000000030
14943  42.537  -61.176  -30.840 0.3000000119
82952  43.937  -61.043  -31.580 0.1000000015
14954  44.774  -60.973  -31.860 0.1000000015
14962  45.361  -60.494  -32.660 0.1000000015
87901  45.134  -60.806  -32.259 0.1000000015
15569  47.626  -60.436  -31.721 0.1000000015
14977  42.261  -60.780  -32.774 0.1000000015
15545  42.157  -60.304  -29.453 0.3000000119
16149  43.576  -59.367  -30.281 0.2000000030
16804  43.568  -58.562  -30.064 0.1000000015
15558  44.816  -59.897  -30.885 0.1000000015
15571  45.509  -60.473  -31.431 0.1000000015
84342  47.747  -60.225  -32.624 0.1000000015
15587  45.906  -60.103  -32.963 0.1000000015
16150  42.947  -59.811  -29.759 0.2000000030
16803  44.368  -59.012  -30.899 0.1000000015
16802  46.044  -58.666  -31.656 0.1000000015
16148  45.927  -59.360  -31.230 0.1000000015
16801  47.169  -58.935  -31.441 0.1000000015
15556  47.163  -60.144  -31.395 0.1000000015
16831  48.805  -57.542  -32.061 0.1000000015
15585  47.968  -59.656  -32.851 0.1000000015
15567  48.981  -59.586  -32.003 0.1000000015
16819  44.168  -58.721  -31.463 0.1000000015
77127  46.362  -58.978  -32.619 0.1000000015
16172  46.178  -59.706  -32.993 0.1000000015
76237  43.666  -58.365  -30.743 0.1000000015
12316  39.073  -65.475  -32.241 0.1000000015
13568  44.190  -63.026  -22.812 0.5000000000
88428  43.430  -62.589  -22.334 0.5000000000
14272  44.868  -62.448  -22.502 0.5000000000
88235  41.324  -62.327  -21.163 0.2000000030
13544  41.689  -62.822  -21.865 0.2000000030
14243  42.175  -62.134  -21.408 0.3000000119
14273  42.646  -62.658  -22.120 0.3000000119
87028  44.064  -62.231  -22.137 0.5000000000
13567  45.281  -63.255  -22.925 0.5000000000
14271  45.721  -62.546  -22.653 0.5000000000
12871  44.805  -63.926  -23.204 0.5000000000
81543  45.251  -64.618  -23.496 0.5000000000
14242  43.174  -61.993  -21.622 0.5000000000
14241  44.736  -61.873  -21.886 0.5000000000
12882  45.909  -64.278  -23.251 0.5000000000
11579  42.536  -65.455  -25.106 0.4000000060
12253  44.492  -65.022  -24.210 0.5000000000
78147  45.026  -64.997  -23.788 0.5000000000
80375  43.450  -64.877  -24.665 0.4000000060
14228  42.585  -61.670  -20.906 0.4000000060
14877  44.058  -61.670  -21.430 0.5000000000
14876  44.714  -61.447  -21.348 0.5000000000
14875  45.434  -61.430  -21.695 0.5000000000
14240  45.335  -61.998  -22.247 0.5000000000
76074  46.139  -65.326  -23.592 0.5000000000
79018  46.773  -65.061  -23.377 0.5000000000
73604  42.541  -66.177  -26.047 0.4000000060
12830  40.788  -64.114  -18.543 0.1000000015
14213  41.202  -62.591  -18.752 0.1000000015
14214  40.291  -62.673  -19.511 0.1000000015
14212  42.048  -62.115  -18.057 0.1000000015
14218  41.896  -61.881  -18.941 0.1000000015
78747  41.669  -61.776  -20.482 0.2000000030
14219  40.971  -62.068  -19.675 0.1000000015
14870  43.404  -61.395  -20.701 0.5000000000
14871  42.534  -61.372  -20.165 0.4000000060
14869  44.327  -61.246  -20.772 0.4000000060
14868  45.091  -61.046  -20.938 0.5000000000
13566  46.290  -63.358  -22.953 0.5000000000
10853  43.684  -67.768  -26.493 0.5000000000
12190  42.667  -65.111  -17.345 0.1000000015
12191  41.945  -64.780  -17.725 0.1000000015
12827  41.538  -64.176  -17.865 0.1000000015
13514  41.249  -63.439  -18.227 0.1000000015
14204  41.807  -62.836  -17.784 0.1000000015
15456  43.354  -60.601  -18.371 0.2000000030
15448  43.685  -60.068  -18.181 0.2000000030
14860  42.613  -61.298  -19.255 0.1000000015
14853  42.937  -61.040  -18.606 0.2000000030
14861  41.914  -61.605  -19.693 0.2000000030
15464  43.497  -60.896  -19.206 0.2000000030
15455  43.995  -60.347  -18.793 0.2000000030
86580  43.212  -61.153  -19.867 0.3000000119
14859  43.977  -61.107  -19.997 0.3000000119
15468  44.728  -60.837  -20.225 0.4000000060
13578  46.993  -64.249  -23.187 0.5000000000
79397  48.058  -66.428  -23.454 0.5000000000
12881  47.647  -65.264  -23.308 0.5000000000
12239  47.712  -67.331  -23.610 0.5000000000
83001  47.241  -66.032  -23.493 0.5000000000
14900  46.039  -61.842  -22.331 0.5000000000
12252  45.425  -65.353  -24.452 0.5000000000
11558  47.258  -66.963  -23.858 0.5000000000
12240  46.963  -66.292  -23.663 0.5000000000
12241  45.966  -65.738  -23.986 0.5000000000
12826  42.161  -64.297  -17.261 0.1000000015
13506  42.458  -63.651  -16.726 0.1000000015
84508  42.805  -63.359  -16.058 0.1000000015
13507  41.885  -63.571  -17.462 0.1000000015
14203  42.304  -62.386  -17.272 0.1000000015
14847  42.929  -60.954  -17.873 0.1000000015
14854  42.502  -61.489  -18.341 0.1000000015
15463  44.367  -60.641  -19.497 0.3000000119
16063  44.249  -59.672  -18.434 0.2000000030
15454  44.739  -60.008  -19.094 0.2000000030
15462  45.093  -60.295  -19.780 0.3000000119
15467  45.467  -60.501  -20.457 0.4000000060
13576  49.052  -64.227  -23.586 0.5000000000
14281  48.448  -63.353  -23.161 0.5000000000
13577  48.060  -64.306  -23.202 0.5000000000
14267  49.753  -62.630  -23.399 0.5000000000
14268  48.901  -62.536  -23.097 0.5000000000
13565  47.342  -63.334  -23.011 0.6000000238
14874  46.351  -61.151  -21.902 0.5000000000
15479  45.894  -60.772  -21.170 0.5000000000
14898  48.564  -61.673  -22.747 0.5000000000
89058  47.745  -61.431  -22.590 0.5000000000
14269  47.762  -62.344  -22.842 0.6000000238
14270  46.654  -62.503  -22.724 0.5000000000
10175  44.450  -68.347  -26.799 0.4000000060
11586  42.829  -67.112  -26.212 0.4000000060
14828  42.859  -62.008  -15.034 0.1000000015
14189  42.882  -62.734  -15.655 0.1000000015
14836  42.717  -61.974  -16.009 0.1000000015
89204  42.169  -63.031  -17.114 0.1000000015
13502  42.546  -62.740  -16.494 0.1000000015
78830  42.622  -61.998  -16.758 0.1000000015
14848  42.672  -61.587  -17.417 0.1000000015
15450  42.930  -60.734  -17.050 0.1000000015
15443  42.997  -60.062  -16.852 0.2000000030
15449  43.270  -60.221  -17.556 0.2000000030
16058  43.710  -59.508  -17.740 0.2000000030
18102  48.620  -56.054  -18.979 0.2000000030
17412  49.043  -57.261  -19.524 0.2000000030
16721  48.306  -57.769  -19.852 0.2000000030
16722  47.394  -58.073  -19.715 0.2000000030
16726  49.157  -58.018  -20.130 0.2000000030
16727  48.050  -58.300  -20.355 0.2000000030
16071  47.655  -58.899  -20.869 0.2000000030
88410  47.302  -58.642  -20.257 0.3000000119
16072  46.851  -59.219  -20.478 0.4000000060
80098  49.663  -59.130  -20.903 0.2000000030
16078  49.006  -59.379  -21.236 0.3000000119
16079  48.130  -59.347  -21.425 0.3000000119
16080  47.177  -59.638  -21.174 0.4000000060
75469  46.297  -60.037  -20.638 0.5000000000
15461  45.708  -60.010  -20.029 0.4000000060
76151  50.356  -61.282  -22.571 0.5000000000
15505  49.767  -60.546  -21.941 0.4000000060
16101  48.779  -59.914  -21.757 0.4000000060
15477  47.694  -60.038  -21.904 0.4000000060
15478  46.734  -60.404  -21.508 0.5000000000
77140  49.291  -61.218  -22.522 0.5000000000
15506  48.412  -60.743  -22.353 0.5000000000
14899  46.938  -61.689  -22.438 0.5000000000
14824  42.929  -61.744  -14.025 0.1000000015
14829  42.562  -61.106  -14.694 0.1000000015
76281  42.654  -61.160  -15.635 0.1000000015
14841  42.763  -61.275  -16.517 0.1000000015
15444  42.728  -60.355  -16.222 0.1000000015
16054  42.936  -59.552  -16.416 0.2000000030
17404  48.355  -56.671  -19.177 0.2000000030
17413  47.938  -57.333  -19.445 0.2000000030
16062  45.027  -59.097  -18.776 0.2000000030
18757  47.745  -55.577  -18.933 0.1000000015
18103  47.579  -56.317  -18.788 0.1000000015
17405  47.577  -56.925  -19.042 0.1000000015
16716  47.114  -57.487  -19.141 0.1000000015
16068  45.465  -59.665  -19.460 0.3000000119
16717  46.515  -58.160  -19.239 0.1000000015
16723  46.684  -58.764  -19.803 0.1000000015
15507  47.258  -60.856  -22.219 0.5000000000
14825  42.440  -60.993  -13.794 0.1000000015
15436  42.289  -60.331  -14.411 0.1000000015
15440  42.495  -60.334  -15.279 0.1000000015
16055  42.649  -59.563  -15.697 0.1000000015
16052  42.399  -59.583  -14.870 0.1000000015
16059  43.308  -59.514  -17.038 0.2000000030
16714  43.675  -58.704  -17.209 0.2000000030
79844  44.319  -58.898  -18.003 0.2000000030
18758  46.807  -55.344  -18.668 0.1000000015
82192  47.076  -55.864  -18.527 0.1000000015
17406  46.953  -56.906  -18.695 0.1000000015
17407  46.391  -57.513  -18.737 0.1000000015
16067  46.166  -59.468  -19.920 0.2000000030
15432  42.250  -60.731  -12.964 0.1000000015
15419  41.995  -60.250  -12.116 0.1000000015
77574  42.130  -60.325  -13.674 0.1000000015
16046  41.947  -59.812  -13.127 0.1000000015
16050  42.167  -59.614  -14.042 0.1000000015
16710  42.916  -58.881  -16.036 0.1000000015
79927  43.232  -58.983  -16.611 0.1000000015
16713  44.422  -57.997  -17.572 0.2000000030
77064  44.944  -58.386  -18.210 0.1000000015
20040  46.049  -53.865  -19.100 0.1000000015
18759  45.971  -55.147  -18.325 0.1000000015
18751  46.388  -55.788  -18.200 0.1000000015
18104  46.725  -56.330  -18.389 0.1000000015
18097  46.012  -56.348  -17.945 0.1000000015
16718  45.689  -58.176  -18.680 0.2000000030
16695  41.901  -59.046  -12.336 0.1000000015
79525  42.228  -58.746  -13.594 0.1000000015
16704  42.693  -58.762  -15.208 0.1000000015
16703  43.046  -58.277  -15.713 0.1000000015
16709  43.356  -58.242  -16.392 0.1000000015
17396  43.747  -57.388  -16.358 0.1000000015
16708  43.820  -57.901  -16.938 0.1000000015
17395  44.313  -57.277  -16.948 0.1000000015
19420  45.131  -54.854  -17.888 0.1000000015
18752  45.525  -55.718  -17.656 0.1000000015
18098  45.319  -56.475  -17.479 0.1000000015
17401  44.944  -57.180  -17.507 0.1000000015
19427  45.588  -54.369  -18.560 0.1000000015
17400  45.620  -57.003  -17.924 0.1000000015
86965  45.843  -57.458  -18.342 0.1000000015
16712  45.250  -57.709  -18.032 0.1000000015
75360  42.193  -58.119  -12.908 0.1000000015
16701  42.653  -58.239  -14.420 0.1000000015
17391  42.980  -57.894  -15.105 0.1000000015
17390  43.341  -57.609  -15.721 0.1000000015
19418  43.831  -54.913  -16.566 0.1000000015
18747  44.239  -55.709  -16.344 0.1000000015
18094  44.242  -56.526  -16.383 0.1000000015
19422  43.388  -53.977  -16.758 0.1000000015
19421  44.244  -54.472  -17.388 0.1000000015
18753  44.636  -55.339  -17.132 0.1000000015
18093  44.867  -56.064  -16.917 0.1000000015
18099  44.743  -56.661  -17.045 0.1000000015
17385  43.305  -57.016  -14.959 0.1000000015
18090  43.668  -56.330  -15.120 0.1000000015
18095  43.671  -56.797  -15.699 0.1000000015
84773  43.377  -54.505  -16.041 0.1000000015
18748  43.666  -55.243  -15.787 0.1000000015
18089  44.018  -56.028  -15.608 0.1000000015
13515  40.278  -63.356  -19.062 0.1000000015
12825  42.791  -64.498  -16.737 0.1000000015
14280  49.441  -63.334  -23.519 0.5000000000
18106  49.392  -56.457  -19.243 0.2000000030
16733  48.759  -58.795  -20.798 0.2000000030
16100  49.867  -59.749  -21.259 0.5000000000
87668  50.678  -60.717  -21.967 0.5000000000
19426  46.410  -54.642  -18.879 0.1000000015
16061  45.931  -58.915  -19.303 0.2000000030
80378  42.406  -58.973  -14.443 0.1000000015
17399  46.277  -56.909  -18.305 0.1000000015
17378  42.613  -57.614  -13.638 0.1000000015
17386  42.953  -57.511  -14.447 0.1000000015
18744  43.669  -55.589  -15.055 0.1000000015
74479  43.075  -53.779  -15.904 0.1000000015
12874  41.105  -64.912  -22.219 0.1000000015
84088  41.321  -64.551  -22.480 0.1000000015
13545  41.332  -63.690  -22.192 0.1000000015
12854  40.629  -64.140  -21.759 0.1000000015
14244  40.651  -63.041  -21.348 0.1000000015
12235  41.379  -65.341  -22.805 0.2000000030
12886  41.832  -64.983  -23.111 0.2000000030
85073  42.009  -64.239  -22.794 0.1000000015
11559  41.470  -65.640  -23.630 0.2000000030
13570  42.255  -63.421  -22.520 0.2000000030
13569  43.185  -63.245  -22.715 0.3000000119
12873  42.886  -64.041  -22.996 0.2000000030
10847  39.973  -67.586  -25.439 0.1000000015
11582  40.260  -66.925  -24.919 0.1000000015
11571  41.264  -66.022  -24.377 0.1000000015
12885  42.557  -64.678  -23.346 0.2000000030
10168  40.994  -67.349  -25.651 0.1000000015
11581  41.089  -66.502  -25.055 0.1000000015
12256  41.838  -65.634  -24.272 0.2000000030
12872  43.810  -63.858  -23.173 0.4000000060
12884  43.450  -64.465  -23.490 0.4000000060
11570  41.838  -66.011  -25.015 0.4000000060
12244  42.188  -65.228  -23.783 0.3000000119
12255  42.415  -65.403  -24.503 0.4000000060
19424  48.009  -55.004  -19.314 0.1000000015
12243  42.995  -64.921  -23.896 0.4000000060
12883  44.405  -64.445  -23.536 0.5000000000
18756  48.863  -55.448  -19.303 0.1000000015
19431  48.520  -54.680  -19.670 0.1000000015
18101  49.524  -55.938  -19.161 0.1000000015
18105  50.449  -56.183  -19.390 0.1000000015
17417  49.890  -57.503  -19.802 0.1000000015
13546  40.013  -63.524  -21.091 0.1000000015
12236  41.262  -65.690  -22.506 0.1000000015
17411  50.159  -56.887  -19.553 0.1000000015
7432  33.332  -72.263  -24.414 0.1000000015
7439  35.004  -72.613  -25.271 0.1000000015
7433  32.736  -72.442  -24.029 0.1000000015
8060  32.634  -71.863  -24.025 0.1000000015
7425  32.271  -72.279  -23.758 0.1000000015
7426  31.720  -72.527  -23.230 0.1000000015
5596  37.448  -75.731  -16.713 0.1000000015
8018  31.101  -70.873  -19.474 0.1000000015
8025  30.309  -71.421  -20.523 0.1000000015
8066  34.650  -71.700  -25.142 0.1000000015
8038  30.798  -71.393  -21.365 0.1000000015
8058  33.849  -71.759  -24.672 0.1000000015
8042  31.576  -71.783  -22.921 0.1000000015
7420  31.166  -72.237  -22.518 0.1000000015
7438  35.488  -72.146  -25.761 0.1000000015
6134  37.528  -74.957  -16.322 0.1000000015
5116  37.109  -76.377  -16.997 0.1000000015
5604  36.816  -76.204  -17.638 0.1000000015
7364  37.584  -72.354  -16.813 0.1000000015
7355  37.371  -73.161  -16.279 0.1000000015
76118  37.533  -74.901  -17.252 0.1000000015
5619  35.991  -75.859  -18.516 0.1000000015
7386  33.957  -73.185  -18.870 0.1000000015
8011  32.205  -71.280  -18.755 0.1000000015
8059  33.264  -71.432  -24.268 0.1000000015
75385  34.748  -70.703  -25.081 0.1000000015
8064  36.134  -71.755  -26.172 0.1000000015
88071  35.630  -72.884  -25.739 0.1000000015
5603  37.274  -75.570  -17.686 0.1000000015
8002  38.040  -72.109  -17.381 0.1000000015
79037  37.712  -73.339  -16.971 0.1000000015
6725  37.556  -74.075  -16.707 0.1000000015
5618  36.683  -75.735  -18.245 0.1000000015
6154  35.696  -75.102  -18.987 0.1000000015
6155  34.880  -74.594  -18.836 0.1000000015
86206  34.076  -74.023  -18.616 0.1000000015
6751  34.712  -73.578  -19.285 0.1000000015
7395  34.206  -72.481  -19.434 0.1000000015
8010  32.955  -71.558  -18.880 0.1000000015
8017  33.282  -71.019  -19.348 0.1000000015
8691  31.926  -70.573  -19.333 0.1000000015
8041  31.930  -71.145  -22.802 0.1000000015
74489  33.990  -71.024  -24.592 0.1000000015
8740  33.414  -70.560  -23.983 0.1000000015
8065  35.410  -71.301  -25.656 0.1000000015
6153  37.186  -75.021  -18.661 0.1000000015
71696  38.258  -71.313  -17.702 0.1000000015
7376  38.071  -73.114  -17.612 0.1000000015
6732  37.816  -74.082  -17.554 0.1000000015
6152  37.655  -74.692  -18.329 0.1000000015
5631  36.445  -75.259  -18.903 0.1000000015
80547  36.214  -74.746  -19.505 0.1000000015
6750  35.350  -73.634  -19.897 0.1000000015
6764  34.976  -72.895  -20.011 0.1000000015
6739  38.184  -74.066  -18.409 0.1000000015
7396  33.595  -71.776  -19.221 0.1000000015
8023  33.280  -70.264  -20.014 0.1000000015
8696  32.668  -70.481  -19.543 0.1000000015
8036  32.444  -70.201  -21.084 0.1000000015
8731  33.165  -70.166  -22.969 0.1000000015
8040  32.588  -70.363  -22.254 0.1000000015
8725  31.636  -70.389  -20.896 0.1000000015
8745  34.101  -69.951  -24.416 0.1000000015
8049  32.671  -71.072  -23.543 0.1000000015
8750  35.533  -70.413  -25.562 0.1000000015
88252  36.015  -71.048  -26.020 0.1000000015
8063  36.773  -71.259  -26.273 0.1000000015
76129  37.564  -74.770  -19.433 0.1000000015
6170  36.876  -74.888  -19.302 0.1000000015
77361  38.840  -71.767  -18.126 0.1000000015
7375  38.506  -72.403  -17.944 0.1000000015
77472  38.612  -73.387  -18.474 0.1000000015
76495  38.621  -73.989  -18.935 0.1000000015
88174  37.855  -74.678  -19.110 0.1000000015
6182  36.903  -74.455  -19.937 0.1000000015
6171  35.970  -74.083  -20.098 0.1000000015
6763  35.662  -73.235  -20.469 0.1000000015
7404  35.218  -72.287  -20.645 0.1000000015
81897  34.624  -72.144  -20.169 0.1000000015
8016  34.063  -71.391  -19.783 0.1000000015
82088  34.638  -71.584  -20.326 0.1000000015
7414  34.916  -71.218  -20.474 0.1000000015
8022  34.167  -70.644  -20.239 0.1000000015
8039  33.357  -69.934  -21.831 0.1000000015
8035  33.304  -70.032  -21.006 0.1000000015
9469  34.067  -69.088  -23.857 0.1000000015
8739  33.644  -69.720  -23.501 0.1000000015
9471  34.559  -69.049  -24.460 0.1000000015
8751  34.915  -69.817  -25.019 0.1000000015
8748  37.348  -70.619  -26.202 0.1000000015
87951  39.762  -70.694  -18.379 0.1000000015
71700  39.201  -70.300  -18.141 0.1000000015
71695  38.794  -71.016  -18.072 0.1000000015
73491  39.243  -72.652  -18.596 0.1000000015
71692  39.466  -71.396  -18.413 0.1000000015
6151  38.425  -74.533  -19.283 0.1000000015
6169  38.341  -74.701  -19.615 0.1000000015
6762  36.454  -73.629  -20.527 0.1000000015
6181  37.890  -74.605  -19.957 0.1000000015
6773  36.907  -73.127  -20.767 0.1000000015
7403  36.066  -72.759  -20.874 0.1000000015
7413  35.730  -71.861  -20.912 0.1000000015
8033  35.211  -70.763  -20.576 0.1000000015
8034  34.100  -70.061  -20.772 0.1000000015
8730  33.869  -69.668  -22.101 0.1000000015
10165  34.461  -68.499  -23.954 0.1000000015
82424  35.434  -69.764  -25.335 0.1000000015
8749  36.409  -70.479  -25.958 0.1000000015
71684  39.975  -74.599  -19.674 0.1000000015
71682  39.923  -74.939  -19.919 0.1000000015
8690  40.746  -70.138  -17.948 0.1000000015
80759  40.198  -72.310  -18.732 0.1000000015
71690  39.272  -73.884  -19.164 0.1000000015
71686  39.254  -74.633  -19.674 0.1000000015
75672  38.808  -74.681  -20.062 0.1000000015
76825  39.489  -74.862  -20.018 0.1000000015
71685  39.180  -74.721  -19.842 0.1000000015
6760  38.224  -74.199  -20.288 0.1000000015
6772  37.743  -73.402  -20.605 0.1000000015
78217  37.359  -72.705  -20.846 0.1000000015
6761  37.344  -73.940  -20.392 0.1000000015
9465  34.589  -68.933  -21.723 0.1000000015
8724  34.513  -69.694  -20.805 0.1000000015
9468  34.478  -68.596  -23.116 0.1000000015
9466  34.074  -69.206  -22.961 0.1000000015
9470  35.374  -69.061  -25.096 0.1000000015
7385  40.922  -73.207  -19.080 0.1000000015
8689  41.424  -71.009  -17.964 0.1000000015
84675  40.622  -74.123  -19.575 0.1000000015
8685  41.355  -70.119  -17.548 0.1000000015
71689  40.012  -73.495  -19.205 0.1000000015
71687  38.933  -74.426  -20.196 0.1000000015
71691  38.578  -73.690  -20.508 0.1000000015
7412  36.638  -72.305  -20.979 0.1000000015
8032  36.390  -71.274  -20.900 0.1000000015
8723  35.611  -70.095  -20.585 0.1000000015
9460  35.154  -69.169  -20.582 0.1000000015
89465  35.256  -67.423  -23.898 0.1000000015
10844  35.696  -67.536  -24.517 0.1000000015
77888  41.141  -72.081  -18.501 0.1000000015
6749  40.681  -74.662  -19.945 0.1000000015
71688  39.447  -74.175  -20.335 0.1000000015
71693  38.987  -73.110  -20.724 0.1000000015
71699  37.502  -71.949  -20.986 0.1000000015
74905  36.038  -68.855  -19.942 0.1000000015
71710  35.744  -67.589  -20.541 0.1000000015
10833  35.761  -67.353  -21.776 0.1000000015
10163  35.140  -67.950  -21.985 0.1000000015
10838  35.439  -67.384  -22.999 0.1000000015
10850  36.971  -67.656  -24.951 0.1000000015
7384  41.947  -72.902  -18.823 0.1000000015
6748  41.413  -74.418  -19.945 0.1000000015
6168  40.445  -74.772  -20.049 0.1000000015
6759  40.242  -74.205  -20.332 0.1000000015
8008  41.888  -71.956  -18.171 0.1000000015
71698  38.555  -72.177  -20.888 0.1000000015
71703  37.345  -70.874  -20.869 0.1000000015
72969  36.119  -67.547  -19.517 0.1000000015
73434  35.455  -68.160  -20.257 0.1000000015
79195  35.929  -67.055  -22.692 0.1000000015
10837  35.926  -66.963  -23.717 0.1000000015
10842  37.331  -67.291  -24.585 0.1000000015
10841  38.308  -67.380  -24.785 0.1000000015
8007  42.637  -72.400  -18.040 0.1000000015
6737  42.366  -73.577  -19.342 0.1000000015
6167  41.108  -74.519  -19.982 0.1000000015
6758  40.956  -74.293  -20.204 0.1000000015
6771  40.776  -73.715  -20.505 0.1000000015
82389  39.704  -73.433  -20.626 0.1000000015
71707  37.148  -69.659  -20.603 0.1000000015
10829  40.071  -66.939  -22.658 0.1000000015
10830  38.561  -67.177  -22.454 0.1000000015
73733  37.959  -67.449  -21.644 0.1000000015
71709  37.043  -67.407  -21.260 0.1000000015
72815  36.730  -68.394  -20.074 0.1000000015
77692  38.953  -66.874  -23.197 0.1000000015
11553  37.821  -66.973  -23.042 0.1000000015
82919  37.381  -67.132  -22.179 0.1000000015
83811  36.890  -67.737  -20.361 0.1000000015
11554  36.701  -66.929  -22.896 0.1000000015
11552  40.365  -66.511  -23.189 0.1000000015
11562  38.286  -66.846  -23.715 0.1000000015
11564  36.890  -66.874  -23.976 0.1000000015
11573  39.686  -66.699  -24.321 0.1000000015
11574  37.804  -66.977  -24.191 0.1000000015
10840  39.325  -67.183  -24.823 0.1000000015
7383  42.931  -73.101  -18.676 0.1000000015
6747  42.169  -74.057  -19.840 0.1000000015
83165  42.193  -74.089  -19.987 0.1000000015
6166  41.681  -74.333  -20.007 0.1000000015
80978  41.757  -74.149  -20.153 0.1000000015
7411  40.277  -73.174  -20.724 0.1000000015
81075  39.538  -72.418  -20.862 0.1000000015
77757  38.218  -71.285  -20.846 0.1000000015
71706  38.068  -70.268  -20.844 0.1000000015
73258  37.879  -68.799  -20.814 0.1000000015
87463  39.491  -67.313  -22.269 0.1000000015
7382  43.712  -73.284  -18.560 0.1000000015
82992  42.892  -73.789  -19.908 0.1000000015
6736  43.134  -73.585  -19.404 0.1000000015
82944  42.640  -73.769  -20.158 0.1000000015
6769  42.274  -73.444  -20.494 0.1000000015
6770  41.433  -73.638  -20.502 0.1000000015
7410  41.001  -72.941  -20.818 0.1000000015
8031  40.434  -72.201  -20.966 0.1000000015
71697  39.038  -71.451  -20.877 0.1000000015
76023  38.721  -70.730  -20.855 0.1000000015
75071  38.984  -68.906  -21.206 0.1000000015
71705  38.799  -69.876  -20.976 0.1000000015
10824  38.879  -67.598  -21.853 0.1000000015
10159  38.476  -68.033  -21.271 0.1000000015
74715  37.681  -67.749  -20.970 0.1000000015
6746  43.764  -73.623  -19.781 0.1000000015
7402  43.187  -73.215  -20.493 0.1000000015
7409  41.835  -72.809  -20.896 0.1000000015
8030  41.314  -72.041  -21.119 0.1000000015
77104  39.847  -71.393  -20.970 0.1000000015
9459  39.558  -69.706  -21.163 0.1000000015
11544  41.188  -66.082  -22.238 0.1000000015
6757  43.537  -73.541  -20.162 0.1000000015
7407  43.644  -72.500  -20.843 0.1000000015
7408  42.738  -72.671  -20.885 0.1000000015
8028  43.158  -71.918  -21.115 0.1000000015
77000  40.705  -71.218  -21.082 0.1000000015
8722  39.352  -70.614  -20.962 0.1000000015
10158  39.729  -68.776  -21.454 0.1000000015
87179  39.183  -68.202  -21.553 0.1000000015
10828  40.426  -67.086  -22.095 0.1000000015
12875  40.922  -65.004  -21.768 0.1000000015
80382  42.642  -71.315  -21.134 0.1000000015
8029  42.239  -71.988  -21.212 0.1000000015
77395  41.734  -71.031  -21.114 0.1000000015
8720  40.941  -70.216  -21.180 0.1000000015
8721  40.103  -70.441  -21.120 0.1000000015
12223  40.866  -65.262  -21.299 0.1000000015
11543  41.090  -66.340  -21.983 0.1000000015
10823  39.821  -67.826  -21.844 0.1000000015
74804  41.830  -69.932  -21.085 0.1000000015
74854  41.137  -69.196  -21.247 0.1000000015
10157  40.497  -68.468  -21.498 0.1000000015
9458  40.307  -69.480  -21.295 0.1000000015
10821  41.416  -68.091  -21.275 0.1000000015
78341  41.077  -66.630  -21.604 0.1000000015
10822  40.741  -67.485  -21.643 0.1000000015
7389  31.627  -71.900  -18.449 0.1000000015
86099  32.622  -70.934  -19.134 0.1000000015
8707  32.176  -70.135  -20.113 0.1000000015
8708  31.350  -70.390  -20.067 0.1000000015
8024  30.974  -70.811  -20.752 0.1000000015
7431  34.200  -72.420  -24.837 0.1000000015
83203  31.276  -70.885  -21.437 0.1000000015
8050  32.049  -71.763  -23.503 0.1000000015
8037  31.300  -71.404  -22.161 0.1000000015
76155  37.504  -75.790  -15.944 0.1000000015
8709  30.731  -70.835  -20.089 0.1000000015
8012  31.545  -71.160  -18.932 0.1000000015
7387  33.359  -72.465  -18.743 0.1000000015
6172  35.455  -74.310  -19.459 0.1000000015
77523  31.803  -70.652  -21.843 0.1000000015
10167  35.016  -68.162  -24.400 0.1000000015
76844  35.984  -69.716  -25.588 0.1000000015
8009  40.404  -71.079  -18.384 0.1000000015
71694  38.113  -72.816  -20.786 0.1000000015
10164  34.877  -67.927  -23.484 0.1000000015
10173  35.704  -68.233  -25.002 0.1000000015
71683  39.965  -74.899  -20.113 0.1000000015
10166  36.354  -67.888  -25.053 0.1000000015
6738  41.487  -73.983  -19.582 0.1000000015
78469  36.541  -70.266  -20.685 0.1000000015
10843  36.484  -67.270  -24.520 0.1000000015
78875  38.740  -66.919  -24.283 0.1000000015
10831  36.627  -67.148  -21.781 0.1000000015
10832  36.194  -67.130  -21.956 0.1000000015
71714  36.259  -67.280  -20.771 0.1000000015
11563  37.448  -66.895  -23.616 0.1000000015
12242  44.001  -64.771  -23.916 0.4000000060
88112  42.233  -65.791  -25.129 0.3000000119
12254  43.326  -64.951  -24.348 0.3000000119
7460  43.000  -72.576  -28.287 0.1000000015
7459  43.725  -72.076  -28.367 0.1000000015
8076  44.277  -71.401  -27.920 0.2000000030
78748  44.277  -69.192  -26.952 0.3000000119
11569  46.656  -66.254  -24.379 0.4000000060
11585  43.438  -66.883  -26.629 0.4000000060
9477  44.109  -70.084  -27.213 0.2000000030
12263  42.771  -65.106  -25.551 0.4000000060
6825  42.451  -73.457  -28.115 0.1000000015
8759  44.621  -70.422  -27.774 0.3000000119
12262  44.245  -64.822  -24.903 0.4000000060
6830  42.380  -73.073  -28.515 0.1000000015
11557  47.798  -68.058  -23.729 0.5000000000
8766  44.483  -70.838  -28.405 0.2000000030
9480  44.664  -69.608  -27.444 0.3000000119
10852  44.493  -67.615  -26.873 0.3000000119
12238  48.166  -67.732  -23.738 0.4000000060
12880  48.512  -65.274  -23.584 0.4000000060
79372  42.889  -65.962  -26.289 0.4000000060
12261  45.954  -65.429  -25.221 0.4000000060
7467  42.521  -72.324  -28.994 0.2000000030
7466  43.278  -72.037  -28.761 0.2000000030
8082  44.125  -71.572  -28.444 0.2000000030
8758  45.159  -69.480  -27.857 0.2000000030
7452  44.008  -71.976  -28.042 0.2000000030
10174  45.061  -68.088  -27.136 0.3000000119
11584  44.448  -66.979  -27.127 0.3000000119
10185  45.055  -68.805  -27.336 0.3000000119
11590  43.486  -66.209  -26.872 0.4000000060
11578  47.220  -66.569  -24.946 0.5000000000
11577  48.167  -67.531  -24.441 0.5000000000
75420  48.577  -66.159  -23.840 0.4000000060
12259  47.751  -66.337  -25.445 0.5000000000
12251  48.405  -67.042  -24.230 0.4000000060
8088  43.735  -71.572  -28.972 0.2000000030
9489  44.938  -69.924  -28.495 0.2000000030
76538  45.599  -68.690  -27.961 0.4000000060
9488  45.393  -69.125  -28.384 0.2000000030
10184  45.579  -68.144  -27.581 0.3000000119
10183  45.906  -68.107  -28.187 0.4000000060
12258  48.294  -66.212  -25.187 0.5000000000
12879  49.331  -64.839  -24.026 0.4000000060
11589  45.178  -67.070  -27.724 0.4000000060
12897  43.460  -64.596  -25.653 0.4000000060
12260  46.986  -65.651  -26.055 0.5000000000
8773  44.228  -70.843  -29.136 0.2000000030
8089  43.071  -71.574  -29.303 0.2000000030
88790  44.578  -70.420  -28.851 0.2000000030
9495  45.259  -69.068  -29.115 0.2000000030
12269  42.875  -65.300  -26.440 0.4000000060
12896  44.855  -64.567  -25.582 0.4000000060
9497  44.153  -70.235  -29.900 0.2000000030
10197  45.718  -68.498  -28.687 0.3000000119
11588  45.631  -67.485  -28.204 0.4000000060
86057  44.309  -66.511  -27.462 0.3000000119
12265  48.081  -65.366  -26.396 0.5000000000
14897  49.541  -61.904  -22.993 0.4000000060
8090  42.215  -71.673  -29.713 0.2000000030
8774  43.575  -70.820  -29.732 0.2000000030
78690  48.540  -65.174  -25.857 0.5000000000
12894  49.360  -64.458  -24.802 0.4000000060
9496  44.656  -69.866  -29.417 0.2000000030
10206  45.582  -68.261  -29.613 0.2000000030
12268  46.127  -64.935  -26.333 0.5000000000
12266  47.627  -65.248  -26.761 0.5000000000
7476  41.362  -72.031  -29.982 0.2000000030
12891  48.815  -65.438  -24.688 0.5000000000
8102  41.576  -71.382  -30.217 0.2000000030
15476  51.052  -60.161  -21.409 0.2000000030
13575  49.801  -63.851  -23.920 0.4000000060
84929  42.824  -71.066  -29.817 0.2000000030
10883  45.684  -67.924  -29.384 0.4000000060
13583  49.764  -63.912  -24.470 0.4000000060
76521  44.417  -69.523  -30.262 0.2000000030
10207  44.967  -68.908  -30.059 0.2000000030
8781  42.947  -70.403  -30.367 0.2000000030
14904  50.580  -62.200  -23.390 0.4000000060
13574  50.197  -63.152  -24.166 0.4000000060
12267  47.043  -64.960  -26.925 0.5000000000
12899  48.495  -64.517  -27.020 0.5000000000
11603  45.236  -67.133  -28.441 0.4000000060
12273  43.517  -65.820  -27.424 0.4000000060
12272  44.614  -66.442  -27.981 0.4000000060
12901  46.620  -64.312  -27.248 0.5000000000
9506  43.771  -69.781  -30.597 0.2000000030
14278  50.873  -62.541  -23.917 0.4000000060
12895  49.006  -64.492  -25.781 0.5000000000
12903  44.093  -63.990  -25.817 0.4000000060
12902  45.401  -64.184  -26.365 0.5000000000
12906  48.190  -64.256  -27.911 0.5000000000
14279  50.161  -63.021  -23.830 0.4000000060
12907  47.467  -63.989  -27.936 0.5000000000
10845  42.356  -67.200  -25.972 0.3000000119
11580  42.235  -66.365  -25.705 0.3000000119
88114  42.141  -68.343  -26.196 0.2000000030
10177  42.692  -68.900  -26.475 0.2000000030
10176  43.601  -68.623  -26.569 0.2000000030
8760  43.985  -71.000  -27.463 0.2000000030
7478  39.766  -72.708  -30.547 0.1000000015
8104  39.912  -71.822  -30.737 0.1000000015
11631  42.512  -67.193  -31.419 0.1000000015
10846  41.777  -66.818  -25.627 0.1000000015
10855  41.942  -67.641  -25.975 0.2000000030
10178  41.423  -68.212  -26.070 0.1000000015
10179  41.071  -68.834  -26.190 0.1000000015
84766  41.806  -72.360  -29.485 0.1000000015
7477  40.555  -72.361  -30.244 0.1000000015
9521  43.554  -68.911  -31.385 0.1000000015
10233  43.965  -68.226  -31.681 0.1000000015
10894  44.482  -67.711  -31.040 0.1000000015
73768  43.980  -67.025  -30.326 0.1000000015
9522  42.804  -68.976  -31.635 0.1000000015
10907  44.111  -67.908  -31.546 0.1000000015
11621  43.613  -67.416  -31.234 0.1000000015
11611  43.904  -66.491  -29.306 0.1000000015
10908  43.200  -67.880  -31.838 0.1000000015
11612  43.084  -66.252  -29.725 0.1000000015
12284  42.522  -65.011  -28.467 0.1000000015
12295  42.369  -65.453  -29.243 0.1000000015
11610  45.212  -67.478  -29.356 0.1000000015
78730  42.806  -65.094  -27.039 0.3000000119
9505  44.424  -68.748  -30.971 0.1000000015
11620  44.850  -67.586  -30.280 0.1000000015
12293  43.822  -66.077  -28.574 0.2000000030
12904  42.954  -64.326  -26.273 0.3000000119
13595  44.860  -63.427  -26.174 0.3000000119
9508  42.148  -70.160  -30.852 0.1000000015
10893  44.983  -67.947  -30.774 0.1000000015
79328  43.153  -65.341  -27.962 0.2000000030
12294  43.152  -65.808  -28.852 0.1000000015
12908  42.608  -64.528  -27.173 0.2000000030
13596  43.558  -63.406  -26.049 0.3000000119
12917  42.514  -64.631  -27.821 0.1000000015
12909  42.190  -64.020  -27.432 0.2000000030
88053  43.014  -63.123  -26.291 0.4000000060
12245  41.003  -66.024  -23.306 0.1000000015
11560  40.889  -66.090  -23.894 0.1000000015
87174  48.017  -64.033  -28.249 0.4000000060
13594  46.836  -63.658  -27.290 0.4000000060
86548  45.938  -63.745  -26.782 0.4000000060
88353  44.912  -62.749  -26.128 0.4000000060
14301  44.179  -62.880  -26.026 0.5000000000
13597  42.626  -63.631  -26.640 0.3000000119
14302  43.367  -62.627  -26.172 0.5000000000
12285  41.759  -64.681  -28.839 0.2000000030
12918  41.991  -64.309  -28.122 0.1000000015
13598  42.586  -62.800  -26.620 0.4000000060
12296  41.488  -65.135  -29.603 0.1000000015
12910  41.713  -63.692  -27.852 0.2000000030
13599  41.935  -63.119  -27.315 0.2000000030
12301  41.156  -65.613  -30.353 0.1000000015
12919  41.232  -63.901  -28.487 0.2000000030
11623  40.743  -66.121  -31.084 0.1000000015
12297  40.657  -64.856  -29.989 0.1000000015
13589  48.930  -63.832  -26.639 0.4000000060
13588  49.441  -63.826  -25.451 0.3000000119
13592  48.410  -63.931  -27.763 0.4000000060
13593  47.758  -63.619  -27.675 0.4000000060
14300  45.898  -63.060  -26.565 0.4000000060
14293  44.255  -62.168  -25.987 0.4000000060
81036  43.394  -61.894  -26.092 0.4000000060
14303  42.708  -62.031  -26.474 0.4000000060
12920  40.559  -63.818  -29.140 0.2000000030
12930  40.926  -64.409  -29.249 0.2000000030
13600  41.295  -63.118  -28.028 0.2000000030
10932  39.537  -67.116  -33.259 0.1000000015
14290  49.221  -63.172  -25.952 0.4000000060
14289  49.904  -63.081  -24.893 0.4000000060
83218  47.502  -62.638  -26.595 0.4000000060
14291  46.356  -62.406  -26.398 0.4000000060
14292  45.348  -62.254  -26.133 0.4000000060
14306  41.384  -62.231  -27.757 0.3000000119
85712  42.007  -62.149  -27.089 0.3000000119
86754  40.226  -64.261  -29.713 0.2000000030
13603  40.870  -63.217  -28.666 0.2000000030
12931  39.950  -64.653  -30.335 0.2000000030
87058  39.299  -67.075  -33.891 0.1000000015
77655  49.588  -62.390  -25.459 0.4000000060
77390  48.597  -62.321  -26.029 0.4000000060
89339  47.599  -61.807  -25.907 0.4000000060
14913  46.733  -61.754  -26.005 0.4000000060
14915  44.830  -61.476  -25.868 0.4000000060
14914  45.796  -61.644  -25.964 0.4000000060
14916  43.825  -61.295  -25.897 0.4000000060
14925  41.424  -61.292  -27.512 0.3000000119
14924  42.108  -61.298  -26.817 0.3000000119
14920  42.912  -61.238  -26.245 0.3000000119
13604  40.438  -63.161  -29.362 0.2000000030
14309  41.014  -62.418  -28.356 0.3000000119
12932  40.006  -63.797  -29.730 0.2000000030
89378  39.768  -64.168  -30.139 0.2000000030
14277  51.573  -62.113  -24.099 0.3000000119
14284  50.776  -62.408  -24.369 0.3000000119
14911  49.176  -61.558  -25.464 0.3000000119
14910  50.084  -61.641  -25.149 0.4000000060
14912  48.143  -61.283  -25.521 0.4000000060
15520  47.027  -60.925  -25.565 0.4000000060
15521  45.350  -60.842  -25.666 0.3000000119
85262  46.173  -61.079  -25.705 0.4000000060
15527  41.906  -59.779  -27.038 0.3000000119
84455  42.561  -59.747  -26.403 0.2000000030
15525  43.266  -60.321  -25.985 0.2000000030
15522  44.356  -60.609  -25.699 0.2000000030
15531  41.011  -60.433  -27.836 0.3000000119
15526  42.320  -60.470  -26.540 0.3000000119
14313  40.710  -62.318  -29.479 0.2000000030
77564  41.017  -61.897  -28.839 0.3000000119
14929  41.006  -61.302  -28.145 0.3000000119
14895  51.928  -61.414  -22.899 0.3000000119
14896  51.211  -61.578  -22.901 0.3000000119
78716  51.472  -62.002  -23.498 0.3000000119
87033  46.860  -60.037  -25.297 0.3000000119
16773  44.550  -58.979  -25.563 0.2000000030
87271  45.397  -59.334  -25.427 0.2000000030
16113  45.995  -60.206  -25.428 0.2000000030
16119  43.776  -58.816  -25.876 0.2000000030
16115  43.967  -59.639  -25.696 0.2000000030
16114  44.930  -59.946  -25.515 0.2000000030
12302  40.280  -65.337  -30.650 0.1000000015
13617  39.966  -63.324  -29.984 0.2000000030
10218  45.380  -67.929  -30.106 0.1000000015
15504  51.441  -60.902  -22.124 0.3000000119
10219  45.107  -68.189  -30.591 0.1000000015
11604  44.551  -66.673  -28.751 0.3000000119
12283  44.013  -66.034  -28.152 0.2000000030
10854  42.792  -67.947  -26.233 0.1000000015
76967  42.871  -66.712  -30.615 0.1000000015
9507  42.924  -69.598  -31.038 0.1000000015
10234  43.085  -68.383  -31.924 0.1000000015
10232  44.629  -68.059  -31.260 0.1000000015
86500  44.552  -67.079  -29.619 0.1000000015
14298  48.500  -63.314  -26.935 0.4000000060
14299  46.886  -63.060  -27.018 0.4000000060
83233  40.770  -62.641  -28.899 0.2000000030
14288  50.218  -62.274  -24.859 0.4000000060
15530  41.555  -60.495  -27.229 0.3000000119
14907  50.920  -61.749  -24.939 0.4000000060
16779  42.574  -59.183  -26.887 0.2000000030
16120  43.150  -59.284  -26.104 0.2000000030
85205  51.501  -61.842  -24.639 0.2000000030
15516  50.799  -60.920  -25.376 0.3000000119
14903  52.168  -61.671  -23.711 0.2000000030
85311  52.705  -61.174  -24.116 0.2000000030
79750  43.422  -69.551  -26.803 0.1000000015
8069  43.370  -71.274  -27.306 0.1000000015
85502  50.865  -59.054  -20.951 0.1000000015
16731  51.830  -58.441  -21.043 0.1000000015
16077  52.035  -59.478  -21.175 0.1000000015
15503  52.355  -60.677  -22.335 0.1000000015
84878  52.402  -59.818  -21.502 0.1000000015
14902  52.649  -60.963  -23.326 0.1000000015
16099  52.721  -60.009  -21.964 0.1000000015
15502  53.104  -60.222  -22.956 0.1000000015
14906  52.141  -61.578  -24.494 0.1000000015
14909  51.767  -61.180  -25.196 0.2000000030
15510  53.236  -60.421  -24.104 0.1000000015
16105  53.203  -59.682  -24.409 0.2000000030
15517  49.784  -60.871  -25.357 0.2000000030
16108  52.650  -59.307  -24.898 0.2000000030
77465  51.632  -60.449  -25.562 0.2000000030
16766  51.994  -58.993  -25.188 0.2000000030
16109  52.019  -59.717  -25.563 0.2000000030
89514  50.255  -60.427  -25.457 0.2000000030
15518  48.771  -60.639  -25.298 0.2000000030
15519  47.725  -60.363  -25.233 0.2000000030
16762  52.314  -58.632  -24.533 0.2000000030
16111  49.576  -59.965  -25.332 0.2000000030
15512  48.342  -59.728  -25.121 0.1000000015
15475  52.104  -60.240  -21.535 0.1000000015
17424  51.114  -57.870  -20.526 0.1000000015
82804  52.632  -59.363  -21.794 0.1000000015
15515  52.215  -60.441  -25.405 0.2000000030
16110  50.845  -59.949  -25.548 0.2000000030
73808  41.210  -60.954  -28.679 0.2000000030
15537  40.968  -60.298  -28.102 0.2000000030
15546  41.593  -60.794  -29.231 0.2000000030
15538  40.919  -60.029  -27.891 0.2000000030
16138  41.424  -60.056  -28.647 0.2000000030
16133  41.125  -59.784  -28.014 0.2000000030
16132  41.884  -59.390  -28.286 0.1000000015
16126  41.886  -59.351  -27.677 0.2000000030
16137  42.294  -59.511  -28.981 0.1000000015
16789  42.396  -58.848  -28.002 0.1000000015
16136  43.136  -59.007  -29.408 0.1000000015
16759  52.594  -58.469  -23.672 0.1000000015
16785  42.817  -58.706  -27.448 0.1000000015
16131  42.830  -58.838  -28.590 0.1000000015
84289  43.502  -58.254  -28.647 0.1000000015
17451  51.626  -57.888  -23.994 0.1000000015
17449  51.382  -57.404  -22.999 0.1000000015
16778  43.359  -58.624  -26.578 0.1000000015
16792  43.692  -58.286  -29.383 0.1000000015
17475  43.904  -57.705  -29.060 0.1000000015
16767  51.165  -59.094  -25.306 0.1000000015
16777  44.333  -58.187  -26.115 0.1000000015
86542  43.825  -58.092  -27.293 0.1000000015
17469  44.599  -57.497  -27.859 0.1000000015
17470  43.900  -57.909  -28.289 0.1000000015
16784  43.136  -58.383  -28.044 0.1000000015
17474  44.403  -57.339  -28.709 0.1000000015
18141  50.602  -57.120  -23.828 0.1000000015
16763  51.358  -58.408  -24.828 0.1000000015
17473  45.075  -56.884  -28.392 0.1000000015
77943  45.297  -58.468  -25.549 0.1000000015
12973  39.456  -64.866  -33.982 0.1000000015
12960  39.529  -63.949  -34.000 0.1000000015
12972  40.717  -64.365  -34.766 0.1000000015
12330  40.126  -65.152  -34.906 0.1000000015
12342  40.793  -65.385  -35.722 0.1000000015
11659  40.149  -65.816  -36.338 0.1000000015
72786  40.058  -66.626  -37.912 0.1000000015
12329  41.516  -64.873  -35.401 0.1000000015
13644  39.126  -63.362  -33.190 0.1000000015
12961  38.989  -64.341  -33.008 0.1000000015
12955  38.707  -64.215  -32.190 0.1000000015
14967  39.531  -61.917  -32.732 0.1000000015
13662  39.480  -63.070  -34.072 0.1000000015
14354  39.320  -62.497  -33.343 0.1000000015
11670  40.472  -66.033  -38.516 0.1000000015
8019  30.399  -71.318  -19.689 0.1000000015
10205  45.910  -68.029  -28.857 0.3000000119
10835  48.109  -68.467  -23.796 0.5000000000
10836  47.933  -68.524  -23.852 0.5000000000
10839  48.146  -68.389  -24.016 0.5000000000
10851  45.182  -67.609  -27.370 0.3000000119
10858  45.850  -67.824  -28.364 0.4000000060
10859  45.696  -67.705  -27.868 0.4000000060
11556  47.966  -68.386  -23.665 0.5000000000
11566  48.277  -68.105  -23.975 0.5000000000
11567  47.864  -67.768  -24.425 0.5000000000
11568  47.548  -67.585  -24.138 0.5000000000
11602  45.671  -67.694  -28.763 0.4000000060
12271  48.058  -64.751  -27.323 0.5000000000
12900  47.669  -64.458  -27.714 0.5000000000
14951  47.853  -60.526  -32.178 0.1000000015
14952  47.032  -60.700  -32.018 0.1000000015
14953  45.924  -60.801  -32.045 0.1000000015
14961  46.768  -60.433  -32.467 0.1000000015
14963  44.499  -60.801  -32.541 0.1000000015
15511  52.551  -60.826  -24.803 0.2000000030
15514  52.812  -60.066  -25.028 0.2000000030
15555  48.040  -59.918  -31.387 0.1000000015
15557  46.242  -60.034  -31.157 0.1000000015
15568  48.528  -60.212  -31.820 0.1000000015
15570  46.638  -60.465  -31.639 0.1000000015
15577  48.570  -59.206  -32.409 0.1000000015
15578  48.489  -60.112  -32.353 0.1000000015
15586  47.034  -59.947  -32.904 0.1000000015
16127  41.203  -59.915  -27.691 0.2000000030
16146  48.645  -58.728  -31.723 0.1000000015
16147  47.158  -59.589  -31.294 0.1000000015
16157  48.776  -58.715  -31.849 0.1000000015
16158  48.677  -59.431  -31.710 0.1000000015
16163  48.788  -58.757  -32.142 0.1000000015
16170  48.083  -58.688  -32.760 0.1000000015
16171  47.286  -59.184  -32.848 0.1000000015
16758  53.044  -59.039  -24.150 0.1000000015
16816  48.667  -58.202  -31.806 0.1000000015
16817  48.539  -57.687  -31.855 0.1000000015
16818  47.823  -58.011  -31.595 0.1000000015
16832  48.474  -57.678  -32.184 0.1000000015
16844  48.545  -58.140  -32.352 0.1000000015
16845  48.543  -57.947  -32.291 0.1000000015
16846  47.754  -58.202  -32.616 0.1000000015
17493  48.431  -57.478  -31.916 0.1000000015
17511  48.712  -57.627  -32.051 0.1000000015
73313  39.977  -70.089  -18.250 0.1000000015
73755  47.246  -58.312  -32.341 0.1000000015
74601  48.726  -58.128  -32.162 0.1000000015
76789  42.712  -61.181  -32.316 0.2000000030
78404  48.730  -57.467  -31.976 0.1000000015
79883  43.523  -60.737  -32.885 0.1000000015
82030  48.383  -58.859  -31.596 0.1000000015
