#!ascii label  , from subject sub-01 vox2ras=TkReg
133
87028  44.064  -62.231  -22.137 0.0000000000
12269  42.875  -65.300  -26.440 0.0000000000
12886  41.832  -64.983  -23.111 0.0000000000
76074  46.139  -65.326  -23.592 0.0000000000
10855  41.942  -67.641  -25.975 0.0000000000
11570  41.838  -66.011  -25.015 0.0000000000
10169  40.577  -68.194  -25.949 0.0000000000
12262  44.245  -64.822  -24.903 0.0000000000
12251  48.405  -67.042  -24.230 0.0000000000
13569  43.185  -63.245  -22.715 0.0000000000
12243  42.995  -64.921  -23.896 0.0000000000
11579  42.536  -65.455  -25.106 0.0000000000
73604  42.541  -66.177  -26.047 0.0000000000
79750  43.422  -69.551  -26.803 0.0000000000
14859  43.977  -61.107  -19.997 0.0000000000
14243  42.175  -62.134  -21.408 0.0000000000
13545  41.332  -63.690  -22.192 0.0000000000
13577  48.060  -64.306  -23.202 0.0000000000
11582  40.260  -66.925  -24.919 0.0000000000
12263  42.771  -65.106  -25.551 0.0000000000
12261  45.954  -65.429  -25.221 0.0000000000
85073  42.009  -64.239  -22.794 0.0000000000
12885  42.557  -64.678  -23.346 0.0000000000
10846  41.777  -66.818  -25.627 0.0000000000
88112  42.233  -65.791  -25.129 0.0000000000
11580  42.235  -66.365  -25.705 0.0000000000
11586  42.829  -67.112  -26.212 0.0000000000
78748  44.277  -69.192  -26.952 0.0000000000
88235  41.324  -62.327  -21.163 0.0000000000
13544  41.689  -62.822  -21.865 0.0000000000
13546  40.013  -63.524  -21.091 0.0000000000
81543  45.251  -64.618  -23.496 0.0000000000
79018  46.773  -65.061  -23.377 0.0000000000
12894  49.360  -64.458  -24.802 0.0000000000
12879  49.331  -64.839  -24.026 0.0000000000
11559  41.470  -65.640  -23.630 0.0000000000
12256  41.838  -65.634  -24.272 0.0000000000
11571  41.264  -66.022  -24.377 0.0000000000
11581  41.089  -66.502  -25.055 0.0000000000
10178  41.423  -68.212  -26.070 0.0000000000
12252  45.425  -65.353  -24.452 0.0000000000
12239  47.712  -67.331  -23.610 0.0000000000
11578  47.220  -66.569  -24.946 0.0000000000
12265  48.081  -65.366  -26.396 0.0000000000
12273  43.517  -65.820  -27.424 0.0000000000
88428  43.430  -62.589  -22.334 0.0000000000
12883  44.405  -64.445  -23.536 0.0000000000
12242  44.001  -64.771  -23.916 0.0000000000
12254  43.326  -64.951  -24.348 0.0000000000
12253  44.492  -65.022  -24.210 0.0000000000
80375  43.450  -64.877  -24.665 0.0000000000
79372  42.889  -65.962  -26.289 0.0000000000
10177  42.692  -68.900  -26.475 0.0000000000
10853  43.684  -67.768  -26.493 0.0000000000
10852  44.493  -67.615  -26.873 0.0000000000
11590  43.486  -66.209  -26.872 0.0000000000
15468  44.728  -60.837  -20.225 0.0000000000
14877  44.058  -61.670  -21.430 0.0000000000
14228  42.585  -61.670  -20.906 0.0000000000
14242  43.174  -61.993  -21.622 0.0000000000
14273  42.646  -62.658  -22.120 0.0000000000
13570  42.255  -63.421  -22.520 0.0000000000
84088  41.321  -64.551  -22.480 0.0000000000
12874  41.105  -64.912  -22.219 0.0000000000
12235  41.379  -65.341  -22.805 0.0000000000
12880  48.512  -65.274  -23.584 0.0000000000
14241  44.736  -61.873  -21.886 0.0000000000
14875  45.434  -61.430  -21.695 0.0000000000
12897  43.460  -64.596  -25.653 0.0000000000
12896  44.855  -64.567  -25.582 0.0000000000
10845  42.356  -67.200  -25.972 0.0000000000
8759  44.621  -70.422  -27.774 0.0000000000
14244  40.651  -63.041  -21.348 0.0000000000
13583  49.764  -63.912  -24.470 0.0000000000
11572  40.542  -66.398  -24.377 0.0000000000
10847  39.973  -67.586  -25.439 0.0000000000
10168  40.994  -67.349  -25.651 0.0000000000
11569  46.656  -66.254  -24.379 0.0000000000
12260  46.986  -65.651  -26.055 0.0000000000
12266  47.627  -65.248  -26.761 0.0000000000
12899  48.495  -64.517  -27.020 0.0000000000
13568  44.190  -63.026  -22.812 0.0000000000
12255  42.415  -65.403  -24.503 0.0000000000
11585  43.438  -66.883  -26.629 0.0000000000
8071  42.091  -71.660  -27.020 0.0000000000
74598  43.329  -70.493  -27.065 0.0000000000
8753  42.646  -70.997  -27.021 0.0000000000
10176  43.601  -68.623  -26.569 0.0000000000
10185  45.055  -68.805  -27.336 0.0000000000
10175  44.450  -68.347  -26.799 0.0000000000
10174  45.061  -68.088  -27.136 0.0000000000
11584  44.448  -66.979  -27.127 0.0000000000
14869  44.327  -61.246  -20.772 0.0000000000
12236  41.262  -65.690  -22.506 0.0000000000
12238  48.166  -67.732  -23.738 0.0000000000
79397  48.058  -66.428  -23.454 0.0000000000
75420  48.577  -66.159  -23.840 0.0000000000
13576  49.052  -64.227  -23.586 0.0000000000
12873  42.886  -64.041  -22.996 0.0000000000
12884  43.450  -64.465  -23.490 0.0000000000
9477  44.109  -70.084  -27.213 0.0000000000
9480  44.664  -69.608  -27.444 0.0000000000
12854  40.629  -64.140  -21.759 0.0000000000
13578  46.993  -64.249  -23.187 0.0000000000
12891  48.815  -65.438  -24.688 0.0000000000
12241  45.966  -65.738  -23.986 0.0000000000
12240  46.963  -66.292  -23.663 0.0000000000
11558  47.258  -66.963  -23.858 0.0000000000
11557  47.798  -68.058  -23.729 0.0000000000
11577  48.167  -67.531  -24.441 0.0000000000
12259  47.751  -66.337  -25.445 0.0000000000
12258  48.294  -66.212  -25.187 0.0000000000
78690  48.540  -65.174  -25.857 0.0000000000
12895  49.006  -64.492  -25.781 0.0000000000
14272  44.868  -62.448  -22.502 0.0000000000
78147  45.026  -64.997  -23.788 0.0000000000
88114  42.141  -68.343  -26.196 0.0000000000
10854  42.792  -67.947  -26.233 0.0000000000
86057  44.309  -66.511  -27.462 0.0000000000
15467  45.467  -60.501  -20.457 0.0000000000
14868  45.091  -61.046  -20.938 0.0000000000
14876  44.714  -61.447  -21.348 0.0000000000
14871  42.534  -61.372  -20.165 0.0000000000
14870  43.404  -61.395  -20.701 0.0000000000
83001  47.241  -66.032  -23.493 0.0000000000
12881  47.647  -65.264  -23.308 0.0000000000
10835  48.109  -68.467  -23.796 0.0000000000
10836  47.933  -68.524  -23.852 0.0000000000
10839  48.146  -68.389  -24.016 0.0000000000
11556  47.966  -68.386  -23.665 0.0000000000
11566  48.277  -68.105  -23.975 0.0000000000
11567  47.864  -67.768  -24.425 0.0000000000
11568  47.548  -67.585  -24.138 0.0000000000
