#!ascii label  , from subject sub-01 vox2ras=TkReg
189
76983  28.054  -12.211  -32.926 0.0000000000
40961  28.157  -20.701  -33.109 0.0000000000
49552  26.068  -7.406  -34.194 0.0000000000
55394  27.273  2.037  -32.989 0.0000000000
40338  26.181  -21.085  -32.774 0.0000000000
50810  28.348  -5.747  -33.306 0.0000000000
78390  28.033  -2.924  -32.659 0.0000000000
45462  26.701  -14.062  -32.845 0.0000000000
43569  27.787  -16.646  -32.951 0.0000000000
44777  29.149  -14.631  -32.698 0.0000000000
47607  29.421  -9.807  -33.059 0.0000000000
82501  31.082  -12.900  -31.973 0.0000000000
48315  26.738  -9.641  -33.734 0.0000000000
48938  29.387  -7.982  -33.864 0.0000000000
80438  26.381  0.065  -33.438 0.0000000000
80440  28.645  -0.148  -33.142 0.0000000000
41578  29.446  -19.676  -33.145 0.0000000000
78395  27.066  -4.361  -33.092 0.0000000000
52570  26.773  -2.026  -33.224 0.0000000000
46113  27.496  -12.990  -32.915 0.0000000000
45461  27.711  -13.845  -32.796 0.0000000000
89501  28.740  -13.220  -32.688 0.0000000000
40337  27.296  -21.118  -32.872 0.0000000000
48941  26.648  -8.137  -34.142 0.0000000000
48922  28.078  -8.695  -33.757 0.0000000000
49550  27.973  -7.670  -34.046 0.0000000000
51381  29.890  -4.470  -33.506 0.0000000000
50828  30.093  -5.923  -34.073 0.0000000000
55386  25.805  2.778  -32.778 0.0000000000
79590  24.733  0.156  -33.962 0.0000000000
54873  26.706  1.328  -33.147 0.0000000000
84807  30.298  3.104  -33.226 0.0000000000
82378  29.875  1.839  -33.320 0.0000000000
54872  28.296  0.809  -33.152 0.0000000000
80680  30.023  1.173  -33.330 0.0000000000
53724  29.238  -0.775  -33.167 0.0000000000
43554  29.461  -16.752  -32.892 0.0000000000
42277  28.552  -18.257  -33.185 0.0000000000
40327  25.743  -21.781  -32.447 0.0000000000
50236  27.435  -7.073  -33.891 0.0000000000
50811  27.233  -5.489  -33.304 0.0000000000
51918  28.147  -3.891  -32.675 0.0000000000
52567  29.465  -2.928  -33.075 0.0000000000
80878  26.661  -15.709  -32.820 0.0000000000
44778  27.328  -14.890  -32.790 0.0000000000
78942  28.722  -15.295  -32.749 0.0000000000
44167  29.910  -16.059  -32.817 0.0000000000
74474  29.085  -10.826  -32.961 0.0000000000
83126  29.397  -12.458  -32.503 0.0000000000
46824  30.320  -11.110  -32.237 0.0000000000
76991  26.212  -12.162  -33.272 0.0000000000
47610  26.310  -10.497  -33.631 0.0000000000
83275  27.609  -10.935  -33.355 0.0000000000
47608  28.717  -10.199  -33.206 0.0000000000
83229  29.295  -9.110  -33.360 0.0000000000
48937  30.311  -7.853  -34.033 0.0000000000
50235  28.358  -7.199  -33.871 0.0000000000
88409  29.957  -7.275  -34.176 0.0000000000
78596  25.463  -1.264  -33.882 0.0000000000
83142  28.362  1.965  -33.062 0.0000000000
83141  27.566  1.316  -33.115 0.0000000000
80439  27.785  0.036  -33.176 0.0000000000
78598  27.167  -1.145  -33.144 0.0000000000
85258  27.941  -1.509  -32.856 0.0000000000
80250  29.612  -2.124  -33.139 0.0000000000
41580  27.611  -19.643  -33.487 0.0000000000
42961  27.290  -17.436  -33.145 0.0000000000
82117  29.638  -14.003  -32.587 0.0000000000
75154  30.991  -15.176  -32.495 0.0000000000
51920  25.741  -2.907  -33.676 0.0000000000
80853  28.253  -13.125  -32.785 0.0000000000
46112  28.749  -12.688  -32.696 0.0000000000
39681  26.021  -22.980  -31.484 0.0000000000
39697  25.383  -22.491  -32.010 0.0000000000
83074  27.410  -20.490  -33.232 0.0000000000
48940  27.587  -8.130  -34.059 0.0000000000
49551  27.045  -7.575  -34.071 0.0000000000
51916  30.105  -3.593  -33.400 0.0000000000
55385  26.862  2.793  -32.833 0.0000000000
83196  25.355  2.066  -33.091 0.0000000000
54874  25.782  1.394  -33.231 0.0000000000
54274  30.240  0.267  -33.294 0.0000000000
42945  29.781  -17.504  -32.922 0.0000000000
40977  26.122  -20.006  -33.138 0.0000000000
50812  26.395  -5.587  -33.583 0.0000000000
51383  26.313  -4.811  -33.494 0.0000000000
51919  27.011  -3.176  -33.071 0.0000000000
51917  29.252  -3.807  -33.058 0.0000000000
81804  28.750  -3.137  -32.829 0.0000000000
55862  26.513  3.500  -32.552 0.0000000000
44779  26.447  -14.938  -32.850 0.0000000000
81500  28.277  -14.613  -32.746 0.0000000000
44168  29.090  -16.009  -32.812 0.0000000000
44182  29.529  -15.363  -32.754 0.0000000000
40326  26.716  -21.761  -32.419 0.0000000000
39695  27.125  -22.362  -31.835 0.0000000000
46825  29.531  -11.465  -32.548 0.0000000000
46811  29.792  -10.484  -32.723 0.0000000000
47609  27.207  -10.366  -33.531 0.0000000000
78347  28.012  -10.282  -33.398 0.0000000000
48314  27.648  -9.506  -33.611 0.0000000000
48939  28.485  -8.091  -33.945 0.0000000000
89536  28.947  -8.558  -33.638 0.0000000000
48921  29.888  -8.396  -33.651 0.0000000000
50217  27.835  -6.470  -33.559 0.0000000000
50216  28.790  -6.603  -33.714 0.0000000000
50234  29.657  -6.683  -34.031 0.0000000000
49547  30.555  -7.530  -34.330 0.0000000000
80437  25.596  0.093  -33.679 0.0000000000
53728  25.122  -0.562  -34.045 0.0000000000
53727  25.965  -0.560  -33.583 0.0000000000
55382  29.712  2.931  -33.128 0.0000000000
53725  27.843  -0.649  -33.043 0.0000000000
89228  28.549  -0.895  -33.012 0.0000000000
53723  30.001  -0.602  -33.298 0.0000000000
78599  29.799  -1.357  -33.264 0.0000000000
41581  26.641  -19.442  -33.274 0.0000000000
43570  26.944  -16.580  -32.961 0.0000000000
77231  28.976  -19.042  -33.236 0.0000000000
85568  27.708  -18.254  -33.276 0.0000000000
80339  28.128  -19.027  -33.415 0.0000000000
41579  28.512  -19.708  -33.417 0.0000000000
45459  30.148  -13.291  -32.380 0.0000000000
78600  26.099  -3.900  -33.505 0.0000000000
52569  27.651  -2.334  -32.830 0.0000000000
87570  27.136  -13.483  -32.860 0.0000000000
81731  28.720  -13.804  -32.701 0.0000000000
39703  27.672  -21.850  -32.250 0.0000000000
39694  28.527  -21.888  -31.862 0.0000000000
47606  30.288  -9.566  -32.927 0.0000000000
46810  30.541  -10.206  -32.543 0.0000000000
48924  26.231  -8.898  -33.969 0.0000000000
48923  27.170  -8.787  -33.842 0.0000000000
82902  28.966  -4.853  -33.251 0.0000000000
50809  29.284  -5.874  -33.637 0.0000000000
51399  29.741  -5.244  -33.684 0.0000000000
51398  30.426  -5.085  -33.972 0.0000000000
54277  26.145  0.688  -33.359 0.0000000000
55392  30.149  2.434  -33.294 0.0000000000
54871  29.222  1.445  -33.194 0.0000000000
54275  29.312  0.568  -33.214 0.0000000000
80441  29.470  -0.147  -33.219 0.0000000000
43555  28.623  -16.702  -32.916 0.0000000000
42960  28.156  -17.447  -33.100 0.0000000000
42946  28.985  -17.478  -32.980 0.0000000000
42266  29.373  -18.249  -33.016 0.0000000000
40339  25.207  -21.121  -32.716 0.0000000000
40962  26.606  -20.498  -33.079 0.0000000000
40976  27.048  -20.066  -33.377 0.0000000000
81037  25.828  -6.784  -34.056 0.0000000000
50237  26.527  -6.922  -33.963 0.0000000000
50218  26.887  -6.316  -33.670 0.0000000000
51382  27.940  -4.914  -32.899 0.0000000000
44184  27.493  -15.842  -32.790 0.0000000000
87710  28.014  -15.303  -32.751 0.0000000000
44183  28.274  -15.952  -32.775 0.0000000000
43568  30.363  -16.849  -32.839 0.0000000000
81403  28.828  -11.787  -32.755 0.0000000000
46111  30.209  -12.159  -32.041 0.0000000000
46110  31.070  -11.867  -32.036 0.0000000000
46114  26.611  -13.078  -33.037 0.0000000000
76992  27.144  -12.218  -33.105 0.0000000000
46827  26.830  -11.293  -33.364 0.0000000000
84705  27.602  -11.558  -33.180 0.0000000000
46826  28.285  -11.129  -33.158 0.0000000000
48313  28.529  -9.425  -33.440 0.0000000000
48312  30.012  -8.983  -33.297 0.0000000000
48920  30.818  -8.237  -33.899 0.0000000000
49549  28.877  -7.695  -33.962 0.0000000000
84292  29.235  -7.274  -33.991 0.0000000000
49548  29.752  -7.633  -34.013 0.0000000000
84394  25.712  -1.964  -33.690 0.0000000000
55384  27.840  2.838  -32.876 0.0000000000
54276  27.140  0.538  -33.249 0.0000000000
53726  26.961  -0.412  -33.297 0.0000000000
78597  26.339  -1.228  -33.438 0.0000000000
53162  28.986  -1.481  -33.012 0.0000000000
52568  28.668  -2.304  -32.831 0.0000000000
52566  30.273  -2.755  -33.393 0.0000000000
40975  27.949  -20.173  -33.431 0.0000000000
42962  26.423  -17.400  -33.035 0.0000000000
42279  26.741  -18.386  -33.215 0.0000000000
42278  27.365  -18.988  -33.389 0.0000000000
45460  29.237  -13.249  -32.611 0.0000000000
81708  30.580  -14.259  -32.394 0.0000000000
83111  30.027  -14.804  -32.634 0.0000000000
84059  30.243  -15.469  -32.707 0.0000000000
87785  28.986  -9.647  -33.259 0.0000000000
87878  30.388  -8.537  -33.569 0.0000000000
