#!ascii label  , from subject sub-01 vox2ras=TkReg
460
36320  25.823  -27.418  -29.357 0.1428571492
73701  25.814  -28.298  -29.362 0.1428571492
37075  25.698  -26.310  -29.581 0.1428571492
36319  26.631  -27.887  -29.432 0.1428571492
36329  26.620  -27.022  -29.529 0.1428571492
84996  25.470  -24.814  -30.420 0.5714285970
37074  26.774  -26.085  -29.818 0.1428571492
37791  28.002  -25.534  -29.900 0.2857142985
37792  27.339  -25.554  -30.034 0.2857142985
38391  28.509  -24.789  -29.839 0.1428571492
38402  27.444  -24.648  -30.304 0.2857142985
84288  27.928  -22.404  -31.484 0.2857142985
39014  28.094  -23.003  -30.727 0.1428571492
39015  27.350  -22.908  -31.188 0.2857142985
40325  29.163  -21.386  -32.227 0.2857142985
84520  28.661  -22.349  -30.939 0.2857142985
40960  28.990  -20.817  -32.793 0.2857142985
41578  29.446  -19.676  -33.145 0.2857142985
42945  29.781  -17.504  -32.922 0.8571428657
42276  29.846  -18.959  -32.988 0.4285714328
83215  30.000  -20.144  -32.864 0.2857142985
44167  29.910  -16.059  -32.817 0.7142857313
43568  30.363  -16.849  -32.839 0.7142857313
42266  29.373  -18.249  -33.016 0.7142857313
75154  30.991  -15.176  -32.495 0.8571428657
84059  30.243  -15.469  -32.707 0.5714285970
44182  29.529  -15.363  -32.754 0.8571428657
43554  29.461  -16.752  -32.892 0.7142857313
84338  31.108  -13.756  -32.120 0.4285714328
83111  30.027  -14.804  -32.634 0.7142857313
84743  32.073  -12.185  -31.954 0.2857142985
46110  31.070  -11.867  -32.036 0.5714285970
45459  30.148  -13.291  -32.380 0.8571428657
82501  31.082  -12.900  -31.973 0.7142857313
82117  29.638  -14.003  -32.587 0.8571428657
86234  32.423  -10.240  -32.046 0.1428571492
88173  32.031  -11.162  -32.067 0.1428571492
46111  30.209  -12.159  -32.041 0.5714285970
48310  31.755  -8.701  -33.349 0.1428571492
47605  31.376  -9.500  -32.702 0.1428571492
46823  31.292  -10.609  -32.051 0.4285714328
48935  32.203  -8.014  -34.604 0.1428571492
48918  32.650  -8.322  -34.058 0.1428571492
48919  31.784  -8.270  -34.021 0.1428571492
48311  30.830  -8.797  -33.386 0.4285714328
46810  30.541  -10.206  -32.543 0.5714285970
46811  29.792  -10.484  -32.723 0.7142857313
81403  28.828  -11.787  -32.755 0.8571428657
48936  31.277  -7.820  -34.460 0.1428571492
82633  31.317  -7.378  -34.755 0.1428571492
48920  30.818  -8.237  -33.899 0.1428571492
47607  29.421  -9.807  -33.059 0.8571428657
46825  29.531  -11.465  -32.548 0.8571428657
74474  29.085  -10.826  -32.961 0.8571428657
49547  30.555  -7.530  -34.330 0.8571428657
48312  30.012  -8.983  -33.297 0.8571428657
47606  30.288  -9.566  -32.927 0.7142857313
83229  29.295  -9.110  -33.360 0.8571428657
50827  30.901  -5.805  -34.385 0.1428571492
51397  31.209  -4.895  -34.272 0.1428571492
50233  30.558  -6.796  -34.401 0.4285714328
84292  29.235  -7.274  -33.991 0.8571428657
49548  29.752  -7.633  -34.013 0.8571428657
48938  29.387  -7.982  -33.864 0.8571428657
89536  28.947  -8.558  -33.638 0.8571428657
50828  30.093  -5.923  -34.073 0.4285714328
49549  28.877  -7.695  -33.962 0.8571428657
48939  28.485  -8.091  -33.945 0.8571428657
51398  30.426  -5.085  -33.972 0.1428571492
51933  30.681  -4.233  -33.843 0.2857142985
51399  29.741  -5.244  -33.684 0.8571428657
50216  28.790  -6.603  -33.714 0.8571428657
50235  28.358  -7.199  -33.871 0.8571428657
51916  30.105  -3.593  -33.400 0.2857142985
51381  29.890  -4.470  -33.506 0.5714285970
50810  28.348  -5.747  -33.306 0.8571428657
50811  27.233  -5.489  -33.304 0.8571428657
51917  29.252  -3.807  -33.058 0.8571428657
51382  27.940  -4.914  -32.899 0.8571428657
78395  27.066  -4.361  -33.092 0.7142857313
52567  29.465  -2.928  -33.075 0.8571428657
81804  28.750  -3.137  -32.829 0.8571428657
51918  28.147  -3.891  -32.675 0.8571428657
78390  28.033  -2.924  -32.659 0.8571428657
52569  27.651  -2.334  -32.830 0.8571428657
51919  27.011  -3.176  -33.071 0.7142857313
78599  29.799  -1.357  -33.264 0.7142857313
53162  28.986  -1.481  -33.012 0.8571428657
53724  29.238  -0.775  -33.167 0.8571428657
89228  28.549  -0.895  -33.012 0.8571428657
80440  28.645  -0.148  -33.142 0.7142857313
85258  27.941  -1.509  -32.856 0.8571428657
54869  31.493  1.727  -33.432 0.1428571492
80441  29.470  -0.147  -33.219 0.7142857313
54275  29.312  0.568  -33.214 0.7142857313
55857  31.630  3.437  -33.400 0.1428571492
80680  30.023  1.173  -33.330 0.5714285970
82378  29.875  1.839  -33.320 0.5714285970
55382  29.712  2.931  -33.128 0.5714285970
55381  31.046  2.663  -33.338 0.1428571492
56345  31.959  4.215  -33.755 0.1428571492
56346  31.481  4.837  -33.945 0.1428571492
56897  31.626  5.900  -35.037 0.1428571492
55858  30.797  3.652  -33.265 0.1428571492
57507  31.413  7.141  -36.140 0.1428571492
84807  30.298  3.104  -33.226 0.5714285970
57502  31.281  6.771  -35.366 0.1428571492
57498  31.083  6.376  -34.488 0.1428571492
58005  31.187  7.793  -36.260 0.1428571492
58001  30.930  7.599  -35.607 0.1428571492
36328  27.296  -26.784  -29.656 0.1428571492
37073  27.624  -26.215  -29.801 0.2857142985
80090  26.777  -25.258  -30.203 0.2857142985
39005  28.874  -23.058  -30.179 0.2857142985
39006  28.284  -23.853  -30.220 0.2857142985
40974  28.929  -20.243  -33.169 0.2857142985
42946  28.985  -17.478  -32.980 0.7142857313
45458  32.164  -13.501  -31.935 0.1428571492
46824  30.320  -11.110  -32.237 0.7142857313
49546  31.892  -7.700  -34.878 0.1428571492
48937  30.311  -7.853  -34.033 0.8571428657
48921  29.888  -8.396  -33.651 0.8571428657
80250  29.612  -2.124  -33.139 0.8571428657
54870  30.592  1.813  -33.362 0.2857142985
57506  31.820  6.862  -36.391 0.1428571492
85201  25.691  -28.998  -29.427 0.1428571492
37793  25.990  -25.377  -30.071 0.4285714328
38403  26.262  -24.572  -30.505 0.2857142985
79845  27.451  -23.595  -30.661 0.1428571492
39693  29.250  -21.761  -31.332 0.2857142985
39694  28.527  -21.888  -31.862 0.2857142985
77231  28.976  -19.042  -33.236 0.7142857313
48309  32.681  -8.709  -33.527 0.1428571492
49545  32.608  -7.774  -34.866 0.1428571492
50232  31.444  -6.530  -34.754 0.1428571492
50826  31.696  -5.612  -34.601 0.1428571492
88409  29.957  -7.275  -34.176 0.8571428657
47608  28.717  -10.199  -33.206 1.0000000000
51915  30.901  -3.383  -33.753 0.1428571492
52566  30.273  -2.755  -33.393 0.2857142985
53723  30.001  -0.602  -33.298 0.5714285970
54273  31.262  0.226  -33.385 0.2857142985
78319  30.922  1.028  -33.357 0.2857142985
75367  30.440  4.480  -33.251 0.2857142985
55856  31.845  3.868  -33.473 0.1428571492
56888  31.198  5.563  -34.214 0.1428571492
56335  30.864  5.051  -33.595 0.1428571492
79146  31.668  5.266  -34.534 0.1428571492
58454  30.810  8.331  -35.941 0.1428571492
89153  30.691  8.050  -35.477 0.1428571492
83277  31.338  9.933  -37.025 0.1428571492
53161  30.433  -1.951  -33.427 0.4285714328
78631  30.624  -1.132  -33.446 0.4285714328
83303  30.735  -0.396  -33.380 0.4285714328
54274  30.240  0.267  -33.294 0.5714285970
73972  25.071  -27.876  -29.281 0.1428571492
37794  24.963  -25.309  -30.025 0.4285714328
37076  24.675  -26.072  -29.556 0.2857142985
44168  29.090  -16.009  -32.812 0.7142857313
81708  30.580  -14.259  -32.394 0.8571428657
84227  31.276  -8.432  -33.708 0.2857142985
47604  32.644  -9.316  -32.901 0.1428571492
50234  29.657  -6.683  -34.031 0.8571428657
82902  28.966  -4.853  -33.251 0.8571428657
50809  29.284  -5.874  -33.637 0.8571428657
50217  27.835  -6.470  -33.559 0.8571428657
52568  28.668  -2.304  -32.831 0.8571428657
55392  30.149  2.434  -33.294 0.5714285970
56896  32.171  5.199  -35.026 0.1428571492
56334  31.328  4.223  -33.467 0.1428571492
57501  31.846  6.306  -35.887 0.1428571492
56889  30.664  5.873  -33.795 0.1428571492
39703  27.672  -21.850  -32.250 0.5714285970
40326  26.716  -21.761  -32.419 0.5714285970
40328  24.794  -21.884  -32.447 0.2857142985
40337  27.296  -21.118  -32.872 0.5714285970
40338  26.181  -21.085  -32.774 0.5714285970
39697  25.383  -22.491  -32.010 0.4285714328
40340  24.345  -21.232  -32.733 0.2857142985
40339  25.207  -21.121  -32.716 0.4285714328
40975  27.949  -20.173  -33.431 0.4285714328
40976  27.048  -20.066  -33.377 0.5714285970
40977  26.122  -20.006  -33.138 0.5714285970
40978  25.156  -19.972  -32.991 0.4285714328
41580  27.611  -19.643  -33.487 0.5714285970
42278  27.365  -18.988  -33.389 0.7142857313
42279  26.741  -18.386  -33.215 0.4285714328
80339  28.128  -19.027  -33.415 0.4285714328
40963  25.638  -20.474  -32.922 0.4285714328
40964  24.766  -20.536  -32.873 0.2857142985
41579  28.512  -19.708  -33.417 0.7142857313
42960  28.156  -17.447  -33.100 0.7142857313
42962  26.423  -17.400  -33.035 0.4285714328
43570  26.944  -16.580  -32.961 0.7142857313
80878  26.661  -15.709  -32.820 0.5714285970
80877  25.703  -15.526  -32.869 0.2857142985
42277  28.552  -18.257  -33.185 0.5714285970
43569  27.787  -16.646  -32.951 0.7142857313
87710  28.014  -15.303  -32.751 0.7142857313
45462  26.701  -14.062  -32.845 0.7142857313
44780  25.841  -14.539  -32.954 0.4285714328
45463  25.871  -13.719  -33.060 0.4285714328
44183  28.274  -15.952  -32.775 0.5714285970
78942  28.722  -15.295  -32.749 0.5714285970
45461  27.711  -13.845  -32.796 0.5714285970
46113  27.496  -12.990  -32.915 0.7142857313
76992  27.144  -12.218  -33.105 0.7142857313
46114  26.611  -13.078  -33.037 0.7142857313
76991  26.212  -12.162  -33.272 0.5714285970
46827  26.830  -11.293  -33.364 0.5714285970
89501  28.740  -13.220  -32.688 0.5714285970
81731  28.720  -13.804  -32.701 0.5714285970
46112  28.749  -12.688  -32.696 0.7142857313
80853  28.253  -13.125  -32.785 0.7142857313
84705  27.602  -11.558  -33.180 0.8571428657
46115  25.656  -12.915  -33.239 0.4285714328
83275  27.609  -10.935  -33.355 0.7142857313
47609  27.207  -10.366  -33.531 0.7142857313
47610  26.310  -10.497  -33.631 0.5714285970
45460  29.237  -13.249  -32.611 0.5714285970
46826  28.285  -11.129  -33.158 0.8571428657
78347  28.012  -10.282  -33.398 0.8571428657
48315  26.738  -9.641  -33.734 0.7142857313
48942  25.702  -8.179  -34.272 0.2857142985
48314  27.648  -9.506  -33.611 0.7142857313
49552  26.068  -7.406  -34.194 0.7142857313
48923  27.170  -8.787  -33.842 0.8571428657
50236  27.435  -7.073  -33.891 0.8571428657
48941  26.648  -8.137  -34.142 0.5714285970
49551  27.045  -7.575  -34.071 0.8571428657
50237  26.527  -6.922  -33.963 0.8571428657
81037  25.828  -6.784  -34.056 0.7142857313
48922  28.078  -8.695  -33.757 0.8571428657
49550  27.973  -7.670  -34.046 0.8571428657
50218  26.887  -6.316  -33.670 0.8571428657
50812  26.395  -5.587  -33.583 0.7142857313
52570  26.773  -2.026  -33.224 0.7142857313
51920  25.741  -2.907  -33.676 0.7142857313
53725  27.843  -0.649  -33.043 0.8571428657
80439  27.785  0.036  -33.176 0.7142857313
78597  26.339  -1.228  -33.438 0.7142857313
54276  27.140  0.538  -33.249 0.7142857313
83141  27.566  1.316  -33.115 0.7142857313
54277  26.145  0.688  -33.359 0.5714285970
54873  26.706  1.328  -33.147 0.5714285970
55394  27.273  2.037  -32.989 0.5714285970
54872  28.296  0.809  -33.152 0.5714285970
54874  25.782  1.394  -33.231 0.5714285970
83142  28.362  1.965  -33.062 0.5714285970
55395  26.290  2.054  -33.010 0.4285714328
83196  25.355  2.066  -33.091 0.5714285970
55385  26.862  2.793  -32.833 0.5714285970
55384  27.840  2.838  -32.876 0.5714285970
55386  25.805  2.778  -32.778 0.4285714328
54279  24.366  0.955  -33.509 0.4285714328
85676  26.258  4.056  -32.236 0.4285714328
42265  30.131  -18.173  -32.909 0.2857142985
56338  27.098  4.375  -32.401 0.2857142985
79222  25.575  3.508  -32.377 0.4285714328
39695  27.125  -22.362  -31.835 0.5714285970
40961  28.157  -20.701  -33.109 0.2857142985
40336  28.323  -21.335  -32.616 0.4285714328
40327  25.743  -21.781  -32.447 0.5714285970
41582  25.766  -19.601  -33.049 0.4285714328
41581  26.641  -19.442  -33.274 0.5714285970
40965  24.073  -20.583  -32.874 0.2857142985
42959  30.931  -17.454  -32.806 0.2857142985
43572  25.166  -16.509  -32.859 0.2857142985
44779  26.447  -14.938  -32.850 0.7142857313
48313  28.529  -9.425  -33.440 0.8571428657
78600  26.099  -3.900  -33.505 0.7142857313
53726  26.961  -0.412  -33.297 0.7142857313
54871  29.222  1.445  -33.194 0.5714285970
55861  27.441  3.583  -32.697 0.2857142985
81186  25.881  -18.947  -33.044 0.4285714328
44777  29.149  -14.631  -32.698 0.7142857313
43555  28.623  -16.702  -32.916 0.5714285970
83126  29.397  -12.458  -32.503 0.7142857313
48940  27.587  -8.130  -34.059 0.7142857313
85568  27.708  -18.254  -33.276 0.5714285970
51383  26.313  -4.811  -33.494 0.7142857313
83074  27.410  -20.490  -33.232 0.5714285970
40962  26.606  -20.498  -33.079 0.5714285970
39681  26.021  -22.980  -31.484 0.5714285970
42961  27.290  -17.436  -33.145 0.7142857313
43571  26.076  -16.515  -32.872 0.4285714328
78504  25.561  -17.396  -32.904 0.4285714328
44184  27.493  -15.842  -32.790 0.7142857313
44778  27.328  -14.890  -32.790 0.7142857313
81500  28.277  -14.613  -32.746 0.7142857313
87570  27.136  -13.483  -32.860 0.7142857313
76983  28.054  -12.211  -32.926 0.5714285970
46828  25.719  -11.304  -33.547 0.2857142985
48924  26.231  -8.898  -33.969 0.5714285970
48330  25.266  -9.087  -34.054 0.2857142985
78598  27.167  -1.145  -33.144 0.7142857313
55862  26.513  3.500  -32.552 0.5714285970
87366  25.211  3.032  -32.643 0.4285714328
41583  24.540  -19.699  -32.911 0.1428571492
80523  25.120  -18.411  -32.878 0.4285714328
39702  29.789  -21.366  -31.811 0.1428571492
40959  29.914  -20.822  -32.459 0.1428571492
41577  30.420  -19.546  -32.899 0.1428571492
40335  30.436  -21.098  -31.801 0.1428571492
40973  31.067  -19.987  -32.796 0.1428571492
87430  30.607  -20.813  -32.274 0.1428571492
42275  30.749  -18.705  -32.857 0.1428571492
43567  31.329  -16.712  -32.647 0.2857142985
44181  31.487  -15.904  -32.557 0.1428571492
60348  31.080  12.293  -37.163 0.1428571492
50813  25.663  -5.158  -33.811 0.4285714328
60346  30.442  12.256  -36.095 0.1428571492
57999  30.841  7.191  -34.754 0.1428571492
51384  25.181  -3.766  -33.986 0.4285714328
84394  25.712  -1.964  -33.690 0.4285714328
57996  30.148  7.089  -33.360 0.2857142985
56337  28.805  5.004  -32.684 0.2857142985
55860  28.228  3.598  -32.811 0.2857142985
56336  29.622  4.695  -33.005 0.2857142985
52572  24.367  -2.637  -34.755 0.1428571492
56875  29.168  5.788  -32.654 0.2857142985
55383  28.901  3.074  -32.947 0.4285714328
78525  24.673  -1.327  -34.357 0.4285714328
53728  25.122  -0.562  -34.045 0.5714285970
84890  24.413  -0.505  -34.315 0.4285714328
79590  24.733  0.156  -33.962 0.2857142985
77639  27.859  5.040  -32.372 0.1428571492
76750  28.060  4.305  -32.668 0.1428571492
79577  23.942  0.041  -34.137 0.1428571492
56877  27.153  5.154  -32.101 0.1428571492
89010  27.738  5.501  -32.095 0.1428571492
56876  28.414  5.640  -32.299 0.1428571492
56339  26.449  4.665  -31.996 0.2857142985
78224  25.378  4.101  -31.436 0.1428571492
56878  26.750  5.107  -31.649 0.1428571492
56865  27.427  5.548  -31.595 0.1428571492
57491  28.134  5.945  -31.856 0.1428571492
57482  28.007  6.096  -31.136 0.1428571492
38404  24.763  -24.486  -30.555 0.4285714328
39010  23.975  -23.976  -30.752 0.2857142985
81478  30.764  -20.461  -32.539 0.1428571492
87583  25.574  -4.423  -33.778 0.2857142985
55859  29.830  3.751  -33.025 0.2857142985
80516  29.492  5.343  -32.966 0.2857142985
57490  28.850  6.380  -32.130 0.2857142985
39679  29.377  -22.190  -30.291 0.1428571492
78433  30.731  -16.007  -32.715 0.1428571492
42944  30.377  -17.583  -32.881 0.1428571492
53730  23.386  -0.582  -33.972 0.1428571492
53164  24.195  -1.811  -34.717 0.2857142985
80437  25.596  0.093  -33.679 0.5714285970
57489  29.576  6.522  -32.787 0.2857142985
88646  29.697  5.826  -33.038 0.2857142985
85862  30.139  5.349  -33.271 0.2857142985
58449  30.273  8.715  -34.461 0.1428571492
75683  30.184  9.891  -35.010 0.1428571492
75049  30.585  8.404  -35.277 0.1428571492
57991  29.626  7.453  -32.751 0.2857142985
57995  30.423  7.611  -34.151 0.1428571492
76676  30.538  9.804  -35.907 0.1428571492
57495  30.626  6.738  -33.928 0.1428571492
80988  32.177  -15.358  -32.387 0.2857142985
58450  29.963  8.042  -33.473 0.2857142985
87239  25.442  -24.276  -30.714 0.4285714328
55393  29.378  2.287  -33.164 0.4285714328
78596  25.463  -1.264  -33.882 0.5714285970
80438  26.381  0.065  -33.438 0.5714285970
56331  25.734  4.167  -31.911 0.2857142985
53727  25.965  -0.560  -33.583 0.5714285970
41576  31.353  -19.379  -32.767 0.1428571492
86925  28.913  4.095  -32.852 0.2857142985
53163  24.663  -2.211  -34.455 0.2857142985
87486  25.077  -1.862  -34.102 0.4285714328
53729  23.984  -0.902  -34.546 0.2857142985
81230  24.937  -4.565  -34.180 0.2857142985
57496  30.149  6.209  -33.344 0.2857142985
48316  25.825  -9.797  -33.833 0.2857142985
58960  29.228  9.473  -32.436 0.1428571492
59904  29.322  11.305  -33.302 0.1428571492
57468  28.300  6.726  -30.821 0.1428571492
59453  29.188  10.543  -32.656 0.1428571492
58447  29.486  8.406  -32.638 0.1428571492
77793  29.745  9.040  -33.372 0.1428571492
57989  28.750  7.152  -31.516 0.1428571492
58445  28.778  8.087  -31.172 0.1428571492
57988  29.155  7.794  -32.032 0.1428571492
85915  28.913  10.193  -31.873 0.1428571492
60339  29.100  12.147  -33.051 0.1428571492
57992  29.206  7.041  -32.264 0.1428571492
58444  29.004  8.704  -31.790 0.1428571492
59899  28.899  11.861  -31.448 0.1428571492
59901  28.966  11.480  -32.412 0.1428571492
58957  28.867  9.579  -31.434 0.1428571492
59902  28.801  12.135  -32.255 0.1428571492
60342  29.296  12.590  -33.671 0.1428571492
86563  29.513  9.866  -33.212 0.1428571492
59455  29.547  10.510  -33.613 0.1428571492
82136  28.886  10.967  -31.694 0.1428571492
58958  28.768  8.951  -30.876 0.1428571492
39007  26.713  -23.329  -31.068 0.2857142985
39008  25.885  -23.701  -30.960 0.2857142985
54278  25.257  0.793  -33.536 0.4285714328
39696  26.289  -22.385  -31.998 0.4285714328
39680  26.717  -22.816  -31.526 0.2857142985
52571  25.122  -2.418  -34.060 0.2857142985
39009  24.858  -23.830  -31.028 0.2857142985
39682  25.106  -23.177  -31.502 0.2857142985
80473  25.939  -18.133  -32.989 0.2857142985
84472  25.294  -14.173  -33.096 0.1428571492
76990  25.304  -12.161  -33.434 0.1428571492
48317  24.319  -9.323  -34.088 0.1428571492
86801  25.450  -6.944  -34.233 0.1428571492
49553  25.225  -7.442  -34.343 0.1428571492
78869  25.283  -6.345  -34.202 0.1428571492
51385  24.590  -3.823  -34.475 0.1428571492
51921  24.798  -3.026  -34.370 0.1428571492
51923  23.956  -3.085  -34.831 0.1428571492
51922  24.393  -3.305  -34.689 0.1428571492
54875  25.014  1.454  -33.305 0.1428571492
54876  24.445  2.009  -33.103 0.1428571492
77504  23.725  1.563  -33.049 0.1428571492
55396  24.922  2.635  -32.840 0.1428571492
55387  24.282  2.661  -32.720 0.1428571492
38405  24.144  -24.802  -30.259 0.2857142985
50219  25.919  -6.122  -33.840 0.2857142985
50238  24.601  -5.860  -34.423 0.1428571492
42280  25.132  -19.358  -32.913 0.2857142985
42963  24.693  -17.410  -32.840 0.2857142985
45464  25.085  -13.543  -33.220 0.1428571492
46829  24.814  -11.555  -33.611 0.1428571492
75662  25.029  -10.887  -33.712 0.1428571492
47611  25.549  -10.526  -33.726 0.1428571492
48943  24.688  -8.289  -34.304 0.1428571492
49554  24.448  -7.389  -34.424 0.1428571492
50829  25.117  -5.508  -34.169 0.1428571492
51386  24.105  -3.877  -34.692 0.1428571492
54280  23.623  0.701  -33.398 0.1428571492
39683  24.142  -23.303  -31.411 0.2857142985
82371  24.877  -6.744  -34.398 0.1428571492
48925  23.799  -8.710  -34.144 0.1428571492
38406  23.459  -24.330  -30.161 0.1428571492
38392  22.750  -24.558  -29.517 0.1428571492
88691  23.390  -23.799  -30.468 0.1428571492
39698  24.410  -22.634  -32.009 0.1428571492
80945  31.642  -14.452  -32.170 0.1428571492
53160  31.303  -1.693  -33.652 0.1428571492
86030  24.244  -25.469  -29.862 0.1428571492
39684  23.342  -23.241  -30.809 0.1428571492
77082  23.889  -22.000  -32.394 0.1428571492
52565  31.090  -2.553  -33.687 0.1428571492
40341  23.601  -21.195  -32.486 0.1428571492
40979  24.463  -20.120  -32.944 0.1428571492
42264  30.669  -17.993  -32.876 0.1428571492
56352  32.066  4.711  -34.408 0.1428571492
58452  30.590  7.923  -34.972 0.1428571492
58965  30.557  9.060  -35.511 0.1428571492
60799  29.028  12.828  -33.222 0.1428571492
60802  29.321  13.213  -33.719 0.1428571492
87785  28.986  -9.647  -33.259 0.8571428657
87878  30.388  -8.537  -33.569 0.5714285970
